origin_date,target,target_end_date,horizon,location,team_id,model_id,metric,value_absolute,value_relative,n_models,rank,rank_score
2025-07-16,ILI incidence,2025-08-03,4,LT,ECDC,SARIMA,WIS,7.35031182953744,-0.4635861341646242,12,11,0.4443732587784022
2025-07-16,ILI incidence,2025-08-03,4,LT,ECDC,soca_simplex,WIS,1.18674521026316,2.1672090949375398,12,3,0.9612508942683137
2025-07-16,ILI incidence,2025-08-03,4,LT,ISI,FluBcast,WIS,0.724677056766482,2.878809197441987,12,1,1.0
2025-07-16,ILI incidence,2025-08-03,4,LT,ItaLuxColab,EpiEKF,WIS,4.45082746915177,0.2601457443824703,12,9,0.687524458872445
2025-07-16,ILI incidence,2025-08-03,4,LT,ItaLuxColab,EpiNetEKF,WIS,2.22006452187506,1.263617715637576,12,8,0.874596579407528
2025-07-16,ILI incidence,2025-08-03,4,LT,NotreDame,Rt_cocirc,WIS,0.751793478260869,2.82581101665778,12,2,0.9977260127632699
2025-07-16,ILI incidence,2025-08-03,4,LT,QMUL,ARIMA,WIS,12.6492916968104,-1.2467653757048607,12,12,0.0
2025-07-16,ILI incidence,2025-08-03,4,LT,QMUL,SEIR,WIS,1.34894891636781,1.982383606362535,12,5,0.9476484667684801
2025-07-16,ILI incidence,2025-08-03,4,LT,QMUL,SEIR_agumented,WIS,1.71324793363005,1.6374853750115557,12,7,0.9170982956930231
2025-07-16,ILI incidence,2025-08-03,4,LT,respicast,hubEnsemble,WIS,1.25261141952395,2.0892803854086144,12,4,0.9557273439273571
2025-07-16,ILI incidence,2025-08-03,4,LT,respicast,quantileBaseline,WIS,5.33030956521739,0.0,12,10,0.6137709563389341
2025-07-16,ILI incidence,2025-08-03,4,LT,safinea,PRFM,WIS,1.69398036721175,1.6538021676493326,12,6,0.9187140767475822
2025-07-16,ILI incidence,2025-08-03,4,LU,ECDC,SARIMA,WIS,894.64455611188,-0.05769838438093877,9,7,0.36388147251218095
2025-07-16,ILI incidence,2025-08-03,4,LU,ECDC,soca_simplex,WIS,446.295098433827,0.945618264642628,9,3,0.8498750059026331
2025-07-16,ILI incidence,2025-08-03,4,LU,ItaLuxColab,EpiEKF,WIS,621.380191377172,0.46813997515524414,9,4,0.6600895126755334
2025-07-16,ILI incidence,2025-08-03,4,LU,ItaLuxColab,EpiNetEKF,WIS,1172.8964879562,-0.4483875647019069,9,8,0.06226710181555314
2025-07-16,ILI incidence,2025-08-03,4,LU,NotreDame,Rt_cocirc,WIS,307.798482608696,1.4816301070441535,9,1,1.0
2025-07-16,ILI incidence,2025-08-03,4,LU,QMUL,ARIMA,WIS,1230.34050605954,-0.5173695159998981,9,9,0.0
2025-07-16,ILI incidence,2025-08-03,4,LU,respicast,hubEnsemble,WIS,675.984239600934,0.3466266156651307,9,5,0.6009008287611561
2025-07-16,ILI incidence,2025-08-03,4,LU,respicast,quantileBaseline,WIS,859.570652173913,0.0,9,6,0.40190023268396174
2025-07-16,ILI incidence,2025-08-03,4,LU,safinea,PRFM,WIS,406.200963952169,1.0814225632141856,9,2,0.8933355025114299
2025-07-16,ILI incidence,2025-08-03,4,MT,ECDC,SARIMA,WIS,630.536931699307,0.3074560643553717,9,4,0.6407444163061663
2025-07-16,ILI incidence,2025-08-03,4,MT,ECDC,soca_simplex,WIS,1060.1850628274,-0.44220727565068707,9,8,0.28398493057888524
2025-07-16,ILI incidence,2025-08-03,4,MT,ItaLuxColab,EpiEKF,WIS,1004.32623556453,-0.36411913266197676,9,7,0.330367458614808
2025-07-16,ILI incidence,2025-08-03,4,MT,ItaLuxColab,EpiNetEKF,WIS,901.148582624882,-0.20772806053924434,9,6,0.41604130131173445
2025-07-16,ILI incidence,2025-08-03,4,MT,NotreDame,Rt_cocirc,WIS,1402.19025,-0.8455732645642209,9,9,0.0
2025-07-16,ILI incidence,2025-08-03,4,MT,QMUL,ARIMA,WIS,197.882731021989,1.9793912229761512,9,1,1.0
2025-07-16,ILI incidence,2025-08-03,4,MT,respicast,hubEnsemble,WIS,584.104593971824,0.41781020707245176,9,3,0.6792996333049658
2025-07-16,ILI incidence,2025-08-03,4,MT,respicast,quantileBaseline,WIS,780.304347826087,0.0,9,5,0.5163846379549739
2025-07-16,ILI incidence,2025-08-03,4,MT,safinea,PRFM,WIS,413.440131206465,0.9163585056780953,9,2,0.8210113307542907
2025-07-16,ILI incidence,2025-08-03,4,NL,ECDC,SARIMA,WIS,6.05517658764931,-0.5414492039049724,12,10,0.28252290993543827
2025-07-16,ILI incidence,2025-08-03,4,NL,ECDC,soca_simplex,WIS,8.00310178264352,-0.9438394273223282,12,12,0.0
2025-07-16,ILI incidence,2025-08-03,4,NL,ISI,FluBcast,WIS,1.10835050233373,1.9083056418114819,12,1,1.0
2025-07-16,ILI incidence,2025-08-03,4,NL,ItaLuxColab,EpiEKF,WIS,5.24420572186466,-0.3340044512347951,12,8,0.4001443922506368
2025-07-16,ILI incidence,2025-08-03,4,NL,ItaLuxColab,EpiNetEKF,WIS,3.23808582888984,0.36157860376566914,12,3,0.6911077368899059
2025-07-16,ILI incidence,2025-08-03,4,NL,NotreDame,Rt_cocirc,WIS,1.32660217391304,1.648984034925791,12,2,0.9683452436924594
2025-07-16,ILI incidence,2025-08-03,4,NL,QMUL,ARIMA,WIS,5.85383769840397,-0.49266291653772787,12,9,0.3117246724153016
2025-07-16,ILI incidence,2025-08-03,4,NL,QMUL,SEIR,WIS,4.02923228088972,0.04621485237593027,12,5,0.5763615452093943
2025-07-16,ILI incidence,2025-08-03,4,NL,QMUL,SEIR_agumented,WIS,4.49262645819561,-0.11083928313426021,12,7,0.5091518434425933
2025-07-16,ILI incidence,2025-08-03,4,NL,respicast,hubEnsemble,WIS,3.35926601734305,0.3085737842140818,12,4,0.6735320211713014
2025-07-16,ILI incidence,2025-08-03,4,NL,respicast,quantileBaseline,WIS,4.16039304347826,0.0,12,6,0.5573382683345471
2025-07-16,ILI incidence,2025-08-03,4,NL,safinea,PRFM,WIS,6.54399276100712,-0.6534513222941358,12,11,0.211626056157147
2025-07-16,ILI incidence,2025-08-03,4,NO,ECDC,soca_simplex,WIS,3.35430635099425,0.3056829651916852,8,6,0.38672064980234333
2025-07-16,ILI incidence,2025-08-03,4,NO,ISI,FluBcast,WIS,2.60330737893398,0.6713517580265186,8,3,0.5599043233488272
2025-07-16,ILI incidence,2025-08-03,4,NO,ItaLuxColab,EpiEKF,WIS,5.03129358962149,-0.27923195485318036,8,8,0.0
2025-07-16,ILI incidence,2025-08-03,4,NO,ItaLuxColab,EpiNetEKF,WIS,3.27236964482328,0.34136169898167135,8,5,0.405615615442654
2025-07-16,ILI incidence,2025-08-03,4,NO,NotreDame,Rt_cocirc,WIS,0.694863043478261,2.576896864574905,8,1,1.0
2025-07-16,ILI incidence,2025-08-03,4,NO,respicast,hubEnsemble,WIS,1.69714454589308,1.288587977865116,8,2,0.768869467238156
2025-07-16,ILI incidence,2025-08-03,4,NO,respicast,quantileBaseline,WIS,4.14593478260869,0.0,8,7,0.2041676437779518
2025-07-16,ILI incidence,2025-08-03,4,NO,safinea,PRFM,WIS,2.81752755784902,0.5572677011255144,8,4,0.5105042057554381
2025-07-16,ILI incidence,2025-08-03,4,PL,ECDC,SARIMA,WIS,29.4428945567726,-0.09213390628516818,11,7,0.5240518106582552
2025-07-16,ILI incidence,2025-08-03,4,PL,ECDC,soca_simplex,WIS,40.6163970447023,-0.5562766635868209,11,10,0.31775653260254444
2025-07-16,ILI incidence,2025-08-03,4,PL,ItaLuxColab,EpiEKF,WIS,22.6423697126178,0.2867606485698943,11,5,0.6496092323499048
2025-07-16,ILI incidence,2025-08-03,4,PL,ItaLuxColab,EpiNetEKF,WIS,15.2617950212647,0.8558609494713778,11,3,0.7858760573502491
2025-07-16,ILI incidence,2025-08-03,4,PL,NotreDame,Rt_cocirc,WIS,15.9615543478261,0.7911844555975907,11,4,0.7729564696917683
2025-07-16,ILI incidence,2025-08-03,4,PL,QMUL,ARIMA,WIS,57.826938367086,-1.0659561163159907,11,11,0.0
2025-07-16,ILI incidence,2025-08-03,4,PL,QMUL,SEIR,WIS,30.6941947769234,-0.15218021837501594,11,8,0.5009491776990702
2025-07-16,ILI incidence,2025-08-03,4,PL,QMUL,SEIR_agumented,WIS,36.1012651290415,-0.3862637909595898,11,9,0.40111896931436947
2025-07-16,ILI incidence,2025-08-03,4,PL,respicast,hubEnsemble,WIS,14.3929645183234,0.940421830171969,11,2,0.8019171895181777
2025-07-16,ILI incidence,2025-08-03,4,PL,respicast,quantileBaseline,WIS,27.6213839130435,0.0,11,6,0.5576821826150755
2025-07-16,ILI incidence,2025-08-03,4,PL,safinea,PRFM,WIS,3.66427117839613,2.9141874239733507,11,1,1.0
2025-07-16,ILI incidence,2025-08-03,4,RO,ItaLuxColab,EpiEKF,WIS,0.822572379660479,0.7749936956658985,6,5,0.41560882203403293
2025-07-16,ILI incidence,2025-08-03,4,RO,ItaLuxColab,EpiNetEKF,WIS,0.550424016881372,1.3545929043665008,6,4,0.6089548499807004
2025-07-16,ILI incidence,2025-08-03,4,RO,NotreDame,Rt_cocirc,WIS,0.0,10.0,6,1,1.0
2025-07-16,ILI incidence,2025-08-03,4,RO,respicast,hubEnsemble,WIS,0.194378172629842,2.8562701024715924,6,3,0.8619052960167329
2025-07-16,ILI incidence,2025-08-03,4,RO,respicast,quantileBaseline,WIS,1.40757152173913,0.0,6,6,0.0
2025-07-16,ILI incidence,2025-08-03,4,RO,safinea,PRFM,WIS,0.001,10.458992515270833,6,2,0.9992895565272845
2025-07-16,ILI incidence,2025-08-03,4,SI,ECDC,SARIMA,WIS,4.03338772530826,-0.15526365400449854,9,9,0.0
2025-07-16,ILI incidence,2025-08-03,4,SI,ECDC,soca_simplex,WIS,0.0007764722953659,12.187506372726544,9,3,0.9998074888038923
2025-07-16,ILI incidence,2025-08-03,4,SI,ItaLuxColab,EpiEKF,WIS,2.66494994769652,0.442620006191891,9,7,0.3392775182572249
2025-07-16,ILI incidence,2025-08-03,4,SI,ItaLuxColab,EpiNetEKF,WIS,1.55957754357708,1.2155731565873666,9,6,0.6133330961982123
2025-07-16,ILI incidence,2025-08-03,4,SI,NotreDame,Rt_cocirc,WIS,0.0,10.0,9,1,1.0
2025-07-16,ILI incidence,2025-08-03,4,SI,QMUL,SEIR,WIS,0.0005889823590134,12.586216399084973,9,2,0.999853973285207
2025-07-16,ILI incidence,2025-08-03,4,SI,respicast,hubEnsemble,WIS,0.0008137691114239,12.119821302238716,9,4,0.9997982417841166
2025-07-16,ILI incidence,2025-08-03,4,SI,respicast,quantileBaseline,WIS,3.62185413043478,0.0,9,8,0.1020317467351908
2025-07-16,ILI incidence,2025-08-03,4,SI,safinea,PRFM,WIS,0.001,11.82251272782037,9,5,0.9997520694591979
2025-07-23,ILI incidence,2025-07-20,1,BE,ECDC,soca_simplex,WIS,56.0835107756537,-0.8579143284190468,7,7,0.0
2025-07-23,ILI incidence,2025-07-20,1,BE,ItaLuxColab,EpiEKF,WIS,33.8608829030337,-0.12995725604175362,7,3,0.8517035704683559
2025-07-23,ILI incidence,2025-07-20,1,BE,ItaLuxColab,EpiNetEKF,WIS,36.4164609411657,-0.23492838865259705,7,5,0.7537585860964006
2025-07-23,ILI incidence,2025-07-20,1,BE,NotreDame,Rt_cocirc,WIS,42.7738652173913,-0.46706724566886565,7,6,0.5101049573712682
2025-07-23,ILI incidence,2025-07-20,1,BE,respicast,hubEnsemble,WIS,36.2497921694377,-0.22831038863746494,7,4,0.760146326951352
2025-07-23,ILI incidence,2025-07-20,1,BE,respicast,quantileBaseline,WIS,30.9440565217391,0.0,7,2,0.9634937447728862
2025-07-23,ILI incidence,2025-07-20,1,BE,safinea,PRFM,WIS,29.9915362399597,0.04510691265144601,7,1,1.0
2025-07-23,ILI incidence,2025-07-20,1,CZ,ECDC,soca_simplex,WIS,1.94167831580685,1.1638121310630487,7,4,0.6618316386691131
2025-07-23,ILI incidence,2025-07-20,1,CZ,ItaLuxColab,EpiEKF,WIS,3.43228893201699,0.34194533078300005,7,6,0.25224822736765584
2025-07-23,ILI incidence,2025-07-20,1,CZ,ItaLuxColab,EpiNetEKF,WIS,2.21028362640085,0.9768848256594298,7,5,0.5880254560145892
2025-07-23,ILI incidence,2025-07-20,1,CZ,NotreDame,Rt_cocirc,WIS,1.69761739130435,1.3576049944303363,7,3,0.7288936231579106
2025-07-23,ILI incidence,2025-07-20,1,CZ,respicast,hubEnsemble,WIS,1.69612006779774,1.3588780341771003,7,2,0.7293050511076313
2025-07-23,ILI incidence,2025-07-20,1,CZ,respicast,quantileBaseline,WIS,4.35030434782609,0.0,7,7,0.0
2025-07-23,ILI incidence,2025-07-20,1,CZ,safinea,PRFM,WIS,0.710970880990353,2.6132539574516898,7,1,1.0
2025-07-23,ILI incidence,2025-07-20,1,DK,ECDC,soca_simplex,WIS,33.0228349039646,0.5895394265774231,8,1,1.0
2025-07-23,ILI incidence,2025-07-20,1,DK,ISI,FluBcast,WIS,81.9424647682481,-0.7216078857967555,8,8,0.0
2025-07-23,ILI incidence,2025-07-20,1,DK,ItaLuxColab,EpiEKF,WIS,46.1007219130119,0.10821406018974863,8,2,0.7326658634718015
2025-07-23,ILI incidence,2025-07-20,1,DK,ItaLuxColab,EpiNetEKF,WIS,63.8932474801201,-0.36266006599540734,8,7,0.36895653826902386
2025-07-23,ILI incidence,2025-07-20,1,DK,NotreDame,Rt_cocirc,WIS,57.31215,-0.20583761546404633,8,6,0.5034853051132921
2025-07-23,ILI incidence,2025-07-20,1,DK,respicast,hubEnsemble,WIS,52.2799459906076,-0.07325424784866214,8,5,0.6063520688920272
2025-07-23,ILI incidence,2025-07-20,1,DK,respicast,quantileBaseline,WIS,49.6916484782609,0.0,8,3,0.6592612491030662
2025-07-23,ILI incidence,2025-07-20,1,DK,safinea,PRFM,WIS,50.8328458885036,-0.03275759979388377,8,4,0.6359332432819124
2025-07-23,ILI incidence,2025-07-20,1,EE,ECDC,SARIMA,WIS,31.124312009936,0.105291303725793,11,2,0.9711302605013364
2025-07-23,ILI incidence,2025-07-20,1,EE,ECDC,soca_simplex,WIS,36.880093327611,-0.13950905552997317,11,5,0.8437157190872865
2025-07-23,ILI incidence,2025-07-20,1,EE,ItaLuxColab,EpiEKF,WIS,31.2263397036028,0.10056978197677346,11,3,0.9688716945339032
2025-07-23,ILI incidence,2025-07-20,1,EE,ItaLuxColab,EpiNetEKF,WIS,29.8201601807302,0.16704524391810524,11,1,1.0
2025-07-23,ILI incidence,2025-07-20,1,EE,NotreDame,Rt_cocirc,WIS,72.3889456521739,-1.1124361524372637,11,10,0.05766359421243517
2025-07-23,ILI incidence,2025-07-20,1,EE,QMUL,ARIMA,WIS,74.9938213170274,-1.1634384868945862,11,11,0.0
2025-07-23,ILI incidence,2025-07-20,1,EE,QMUL,SEIR,WIS,46.4952996593831,-0.4737516264118527,11,7,0.6308658838091303
2025-07-23,ILI incidence,2025-07-20,1,EE,QMUL,SEIR_agumented,WIS,68.865214108337,-1.040442167170224,11,9,0.13566771110712653
2025-07-23,ILI incidence,2025-07-20,1,EE,respicast,hubEnsemble,WIS,45.4050971574357,-0.43952101187544684,11,6,0.6549994712697097
2025-07-23,ILI incidence,2025-07-20,1,EE,respicast,quantileBaseline,WIS,33.4807826086957,0.0,11,4,0.91896555789621
2025-07-23,ILI incidence,2025-07-20,1,EE,safinea,PRFM,WIS,46.536645937486,-0.4750339832178488,11,8,0.6299506097962903
2025-07-23,ILI incidence,2025-07-20,1,ES,ECDC,SARIMA,WIS,1.30842665149818,-0.6732960370894638,10,7,0.816699016947685
2025-07-23,ILI incidence,2025-07-20,1,ES,ECDC,soca_simplex,WIS,0.229003609366482,1.841094771983806,10,1,1.0
2025-07-23,ILI incidence,2025-07-20,1,ES,ItaLuxColab,EpiEKF,WIS,1.17592887007577,-0.5192637824901067,10,6,0.8391989753875339
2025-07-23,ILI incidence,2025-07-20,1,ES,ItaLuxColab,EpiNetEKF,WIS,0.576622272844728,0.5088385450272528,10,2,0.9409695362653561
2025-07-23,ILI incidence,2025-07-20,1,ES,QMUL,ARIMA,WIS,2.83645842643565,-1.7895537046193495,10,8,0.5572180576306807
2025-07-23,ILI incidence,2025-07-20,1,ES,QMUL,SEIR,WIS,6.11679302063964,-2.898238444977484,10,9,0.00017180941399071577
2025-07-23,ILI incidence,2025-07-20,1,ES,QMUL,SEIR_agumented,WIS,6.11780477211652,-2.898477055002326,10,10,0.0
2025-07-23,ILI incidence,2025-07-20,1,ES,respicast,hubEnsemble,WIS,0.664334801336768,0.3045546167380048,10,4,0.9260747340691347
2025-07-23,ILI incidence,2025-07-20,1,ES,respicast,quantileBaseline,WIS,0.820478260869565,0.0,10,5,0.8995594119827834
2025-07-23,ILI incidence,2025-07-20,1,ES,safinea,PRFM,WIS,0.59864837005025,0.4547562575312982,10,3,0.9372291998884293
2025-07-23,ILI incidence,2025-07-20,1,FI,ECDC,soca_simplex,WIS,0.128003617443346,3.7531941481158615,7,1,1.0
2025-07-23,ILI incidence,2025-07-20,1,FI,ISI,FluBcast,WIS,1.44471095648073,0.25666975387909846,7,5,0.17603729196307152
2025-07-23,ILI incidence,2025-07-20,1,FI,ItaLuxColab,EpiEKF,WIS,1.61972571865239,0.09170110478922162,7,6,0.06651740617673908
2025-07-23,ILI incidence,2025-07-20,1,FI,ItaLuxColab,EpiNetEKF,WIS,1.04714694934534,0.7209867209817122,7,4,0.4248229607486452
2025-07-23,ILI incidence,2025-07-20,1,FI,respicast,hubEnsemble,WIS,0.897322838748843,0.9437515989066333,7,3,0.518579163236713
2025-07-23,ILI incidence,2025-07-20,1,FI,respicast,quantileBaseline,WIS,1.72602173913044,0.0,7,7,0.0
2025-07-23,ILI incidence,2025-07-20,1,FI,safinea,PRFM,WIS,0.878162703231176,0.9748904676302202,7,2,0.5305690995569838
2025-07-23,ILI incidence,2025-07-20,1,GR,ECDC,SARIMA,WIS,37.6636781688422,-0.6008559805984498,12,7,0.6479413874338644
2025-07-23,ILI incidence,2025-07-20,1,GR,ECDC,soca_simplex,WIS,15.390301969843,0.6902963785480353,12,2,0.866125938123858
2025-07-23,ILI incidence,2025-07-20,1,GR,ISI,FluBcast,WIS,1.72376447199731,3.848683348144542,12,1,1.0
2025-07-23,ILI incidence,2025-07-20,1,GR,ItaLuxColab,EpiEKF,WIS,22.5608313814143,0.1384976843309895,12,5,0.7958851841449723
2025-07-23,ILI incidence,2025-07-20,1,GR,ItaLuxColab,EpiNetEKF,WIS,17.5206285299737,0.5032633866113968,12,3,0.8452577796914618
2025-07-23,ILI incidence,2025-07-20,1,GR,NotreDame,Rt_cocirc,WIS,78.1215456521739,-1.6534025762451265,12,11,0.25162600354865633
2025-07-23,ILI incidence,2025-07-20,1,GR,QMUL,ARIMA,WIS,46.5983941830585,-0.9079623220373415,12,8,0.5604190925788947
2025-07-23,ILI incidence,2025-07-20,1,GR,QMUL,SEIR,WIS,71.2360444910079,-1.5202894931321986,12,10,0.31907469043394016
2025-07-23,ILI incidence,2025-07-20,1,GR,QMUL,SEIR_agumented,WIS,103.808793538268,-2.0635388356977824,12,12,0.0
2025-07-23,ILI incidence,2025-07-20,1,GR,respicast,hubEnsemble,WIS,18.7403427921565,0.40617057476522717,12,4,0.8333097568193618
2025-07-23,ILI incidence,2025-07-20,1,GR,respicast,quantileBaseline,WIS,24.8340217391304,0.0,12,6,0.7736175668605574
2025-07-23,ILI incidence,2025-07-20,1,GR,safinea,PRFM,WIS,51.5843118092443,-1.0546144522906526,12,9,0.5115782618342701
2025-07-23,ILI incidence,2025-07-20,1,HR,ECDC,soca_simplex,WIS,0.0406491807510192,5.124067148012921,7,2,0.989438533205014
2025-07-23,ILI incidence,2025-07-20,1,HR,ItaLuxColab,EpiEKF,WIS,0.590268474493333,1.2639940381602632,7,6,0.5944936654043043
2025-07-23,ILI incidence,2025-07-20,1,HR,ItaLuxColab,EpiNetEKF,WIS,0.22154927286299,2.6777377376252085,7,5,0.8594475307461458
2025-07-23,ILI incidence,2025-07-20,1,HR,NotreDame,Rt_cocirc,WIS,0.146521739130435,3.2742505992141546,7,4,0.9133607389045731
2025-07-23,ILI incidence,2025-07-20,1,HR,respicast,hubEnsemble,WIS,0.0611363613009777,4.535262735530081,7,3,0.9747168760397068
2025-07-23,ILI incidence,2025-07-20,1,HR,respicast,quantileBaseline,WIS,1.41758695652174,0.0,7,7,0.0
2025-07-23,ILI incidence,2025-07-20,1,HR,safinea,PRFM,WIS,0.0259514687562598,5.77147723229117,7,1,1.0
2025-07-23,ILI incidence,2025-07-20,1,IE,ECDC,SARIMA,WIS,1.96207965298345,-1.4989241980357801,12,12,0.0
2025-07-23,ILI incidence,2025-07-20,1,IE,ECDC,soca_simplex,WIS,0.2434110425501,1.51199288890748,12,2,0.9235321031539824
2025-07-23,ILI incidence,2025-07-20,1,IE,ISI,FluBcast,WIS,0.101106326161488,2.779514238919491,12,1,1.0
2025-07-23,ILI incidence,2025-07-20,1,IE,ItaLuxColab,EpiEKF,WIS,1.17593772844239,-0.7603522519062796,12,8,0.42243589051519476
2025-07-23,ILI incidence,2025-07-20,1,IE,ItaLuxColab,EpiNetEKF,WIS,0.871177591130562,-0.32757933726451977,12,6,0.586199730071281
2025-07-23,ILI incidence,2025-07-20,1,IE,NotreDame,Rt_cocirc,WIS,1.04199130434783,-0.5858838254008952,12,7,0.49441243212597874
2025-07-23,ILI incidence,2025-07-20,1,IE,QMUL,ARIMA,WIS,1.75219533459139,-1.335704202778027,12,10,0.11278201324383597
2025-07-23,ILI incidence,2025-07-20,1,IE,QMUL,SEIR,WIS,1.74564478100122,-1.3303006040339873,12,9,0.11630197427485019
2025-07-23,ILI incidence,2025-07-20,1,IE,QMUL,SEIR_agumented,WIS,1.80273472235179,-1.3767277029743306,12,11,0.0856245107520042
2025-07-23,ILI incidence,2025-07-20,1,IE,respicast,hubEnsemble,WIS,0.63676192274021,0.12463343974110348,12,4,0.7121637431023923
2025-07-23,ILI incidence,2025-07-20,1,IE,respicast,quantileBaseline,WIS,0.694217391304348,0.0,12,5,0.6812898623562041
2025-07-23,ILI incidence,2025-07-20,1,IE,safinea,PRFM,WIS,0.59562593472143,0.22098093447863393,12,3,0.7342682985121299
2025-07-23,ILI incidence,2025-07-20,1,IS,ECDC,SARIMA,WIS,0.490267113061001,-0.9191635138200878,9,6,0.4201484149998524
2025-07-23,ILI incidence,2025-07-20,1,IS,ECDC,soca_simplex,WIS,0.725068616605871,-1.4837130549182993,9,9,0.0
2025-07-23,ILI incidence,2025-07-20,1,IS,ISI,FluBcast,WIS,0.318618432463736,-0.2974252553473976,9,5,0.7272926197897305
2025-07-23,ILI incidence,2025-07-20,1,IS,ItaLuxColab,EpiEKF,WIS,0.526847836639248,-1.0229818695254873,9,8,0.35469170880797257
2025-07-23,ILI incidence,2025-07-20,1,IS,ItaLuxColab,EpiNetEKF,WIS,0.22173015866999,0.22559946359873143,9,2,0.9006622705455444
2025-07-23,ILI incidence,2025-07-20,1,IS,QMUL,ARIMA,WIS,0.525907780362151,-1.0204053648406688,9,7,0.3563738239088985
2025-07-23,ILI incidence,2025-07-20,1,IS,respicast,hubEnsemble,WIS,0.249341665011959,0.05628049816346986,9,3,0.8512548755749252
2025-07-23,ILI incidence,2025-07-20,1,IS,respicast,quantileBaseline,WIS,0.259260869565217,0.0,9,4,0.8335056788781746
2025-07-23,ILI incidence,2025-07-20,1,IS,safinea,PRFM,WIS,0.166214899295162,0.6413547663132011,9,1,1.0
2025-07-23,ILI incidence,2025-07-20,1,LT,ECDC,soca_simplex,WIS,0.992125033035252,1.5540814110234111,8,5,0.8059580348468918
2025-07-23,ILI incidence,2025-07-20,1,LT,ISI,FluBcast,WIS,0.66217502371707,2.137390764037313,8,4,0.9443733265697289
2025-07-23,ILI incidence,2025-07-20,1,LT,ItaLuxColab,EpiEKF,WIS,2.12325366695351,0.4563985229780011,8,7,0.33144524376262663
2025-07-23,ILI incidence,2025-07-20,1,LT,ItaLuxColab,EpiNetEKF,WIS,1.23458018283799,1.238654725651988,8,6,0.7042471715588488
2025-07-23,ILI incidence,2025-07-20,1,LT,NotreDame,Rt_cocirc,WIS,0.529573913043478,2.459771303089622,8,1,1.0
2025-07-23,ILI incidence,2025-07-20,1,LT,respicast,hubEnsemble,WIS,0.640473063194301,2.185465463982098,8,3,0.9534773820686934
2025-07-23,ILI incidence,2025-07-20,1,LT,respicast,quantileBaseline,WIS,2.91334239130435,0.0,8,8,0.0
2025-07-23,ILI incidence,2025-07-20,1,LT,safinea,PRFM,WIS,0.54562817194021,2.4166852237396372,8,2,0.9932651769485414
2025-07-23,ILI incidence,2025-07-20,1,LU,ECDC,SARIMA,WIS,927.890715273098,-0.016622802672579196,9,2,0.9867802614991739
2025-07-23,ILI incidence,2025-07-20,1,LU,ECDC,soca_simplex,WIS,1577.40472443545,-0.7821488681053268,9,7,0.17901638705426617
2025-07-23,ILI incidence,2025-07-20,1,LU,ItaLuxColab,EpiEKF,WIS,1323.05191596498,-0.5284656727733619,9,5,0.4953406035419423
2025-07-23,ILI incidence,2025-07-20,1,LU,ItaLuxColab,EpiNetEKF,WIS,1310.84840441372,-0.5150968513005056,9,4,0.5105174213371303
2025-07-23,ILI incidence,2025-07-20,1,LU,NotreDame,Rt_cocirc,WIS,1721.34982391304,-0.9081363203876066,9,9,0.0
2025-07-23,ILI incidence,2025-07-20,1,LU,QMUL,ARIMA,WIS,1643.68318925687,-0.8415282537514384,9,8,0.0965896052124773
2025-07-23,ILI incidence,2025-07-20,1,LU,respicast,hubEnsemble,WIS,1440.13269428524,-0.6507977475111645,9,6,0.3497338548269058
2025-07-23,ILI incidence,2025-07-20,1,LU,respicast,quantileBaseline,WIS,917.260869565217,0.0,9,1,1.0
2025-07-23,ILI incidence,2025-07-20,1,LU,safinea,PRFM,WIS,932.80368422986,-0.0242413911130063,9,3,0.9806702795995385
2025-07-23,ILI incidence,2025-07-20,1,MT,ECDC,soca_simplex,WIS,1446.47947680733,-0.9023835264530027,7,6,0.34074857503232353
2025-07-23,ILI incidence,2025-07-20,1,MT,ItaLuxColab,EpiEKF,WIS,1135.88473960441,-0.5536541217841549,7,5,0.6264444425203346
2025-07-23,ILI incidence,2025-07-20,1,MT,ItaLuxColab,EpiNetEKF,WIS,990.601036882133,-0.35621370872177505,7,4,0.7600814572840252
2025-07-23,ILI incidence,2025-07-20,1,MT,NotreDame,Rt_cocirc,WIS,1816.92485652174,-1.2313364270768634,7,7,0.0
2025-07-23,ILI incidence,2025-07-20,1,MT,respicast,hubEnsemble,WIS,960.554144428157,-0.3117765155355561,7,3,0.7877196364826293
2025-07-23,ILI incidence,2025-07-20,1,MT,respicast,quantileBaseline,WIS,773.869565217391,0.0,7,2,0.9594386207917835
2025-07-23,ILI incidence,2025-07-20,1,MT,safinea,PRFM,WIS,729.773194392942,0.08464226269394688,7,1,1.0
2025-07-23,ILI incidence,2025-07-20,1,NL,ECDC,SARIMA,WIS,4.96019038379327,-0.12355048297123061,12,8,0.43298687677333164
2025-07-23,ILI incidence,2025-07-20,1,NL,ECDC,soca_simplex,WIS,2.13295270915646,1.0939930334741939,12,3,0.7889597773638103
2025-07-23,ILI incidence,2025-07-20,1,NL,ISI,FluBcast,WIS,2.86941960497659,0.6660860590079785,12,5,0.69623242746825
2025-07-23,ILI incidence,2025-07-20,1,NL,ItaLuxColab,EpiEKF,WIS,5.99261326812811,-0.3963402601927859,12,9,0.30299618937211314
2025-07-23,ILI incidence,2025-07-20,1,NL,ItaLuxColab,EpiNetEKF,WIS,6.22195876122027,-0.4505238200670705,12,10,0.2741196710851045
2025-07-23,ILI incidence,2025-07-20,1,NL,NotreDame,Rt_cocirc,WIS,2.72223695652174,0.742052361355651,12,4,0.714763955523737
2025-07-23,ILI incidence,2025-07-20,1,NL,QMUL,ARIMA,WIS,6.71381332997392,-0.5602874123422891,12,11,0.21219106172954058
2025-07-23,ILI incidence,2025-07-20,1,NL,QMUL,SEIR,WIS,0.456811443034657,3.3171743172520465,12,1,1.0
2025-07-23,ILI incidence,2025-07-20,1,NL,QMUL,SEIR_agumented,WIS,1.50071691890459,1.6011931465115345,12,2,0.8685635581609032
2025-07-23,ILI incidence,2025-07-20,1,NL,respicast,hubEnsemble,WIS,3.83701664484972,0.2468599894212789,12,6,0.5744038567837404
2025-07-23,ILI incidence,2025-07-20,1,NL,respicast,quantileBaseline,WIS,4.55308695652174,0.0,12,7,0.48424460764832356
2025-07-23,ILI incidence,2025-07-20,1,NL,safinea,PRFM,WIS,8.39909488637279,-0.883388854046196,12,12,0.0
2025-07-23,ILI incidence,2025-07-20,1,NO,ECDC,soca_simplex,WIS,4.0041219945289,-0.31117534096861194,7,7,0.0
2025-07-23,ILI incidence,2025-07-20,1,NO,ItaLuxColab,EpiEKF,WIS,3.64818631299999,-0.17686882106439397,7,6,0.13849870343942125
2025-07-23,ILI incidence,2025-07-20,1,NO,ItaLuxColab,EpiNetEKF,WIS,2.73112300706395,0.24081629568858196,7,3,0.49533867603906245
2025-07-23,ILI incidence,2025-07-20,1,NO,NotreDame,Rt_cocirc,WIS,1.43416521739131,1.17009935515486,7,1,1.0
2025-07-23,ILI incidence,2025-07-20,1,NO,respicast,hubEnsemble,WIS,2.32826197787408,0.47105718824118686,7,2,0.6520965767063942
2025-07-23,ILI incidence,2025-07-20,1,NO,respicast,quantileBaseline,WIS,3.22726173913043,0.0,7,4,0.30228533892454573
2025-07-23,ILI incidence,2025-07-20,1,NO,safinea,PRFM,WIS,3.46714400376415,-0.10343716962856421,7,5,0.2089443665129785
2025-07-23,ILI incidence,2025-07-20,1,PL,ECDC,SARIMA,WIS,16.7865862335498,0.04864234166513217,11,8,0.5071500252169431
2025-07-23,ILI incidence,2025-07-20,1,PL,ECDC,soca_simplex,WIS,8.62316092546072,1.0096625023792847,11,2,0.7848479831628362
2025-07-23,ILI incidence,2025-07-20,1,PL,ItaLuxColab,EpiEKF,WIS,14.3065691052788,0.27927347415203213,11,7,0.591513593964154
2025-07-23,ILI incidence,2025-07-20,1,PL,ItaLuxColab,EpiNetEKF,WIS,13.8766131969158,0.3232957125928036,11,5,0.6061395473174439
2025-07-23,ILI incidence,2025-07-20,1,PL,NotreDame,Rt_cocirc,WIS,2.29838478260869,2.9172589601499355,11,1,1.0
2025-07-23,ILI incidence,2025-07-20,1,PL,QMUL,ARIMA,WIS,31.6951630969802,-0.8683114805057631,11,11,0.0
2025-07-23,ILI incidence,2025-07-20,1,PL,QMUL,SEIR,WIS,13.9116223931659,0.31966053249118387,11,6,0.6049486278270253
2025-07-23,ILI incidence,2025-07-20,1,PL,QMUL,SEIR_agumented,WIS,20.2932864985963,-0.22505131721019145,11,10,0.38786143421742736
2025-07-23,ILI incidence,2025-07-20,1,PL,respicast,hubEnsemble,WIS,11.5768954540182,0.5847027899168299,11,3,0.6843698118146019
2025-07-23,ILI incidence,2025-07-20,1,PL,respicast,quantileBaseline,WIS,17.3622173913044,0.0,11,9,0.4875685883806084
2025-07-23,ILI incidence,2025-07-20,1,PL,safinea,PRFM,WIS,11.8741348274008,0.5481288116266457,11,4,0.6742585210396776
2025-07-23,ILI incidence,2025-07-20,1,RO,ItaLuxColab,EpiEKF,WIS,0.52822430307407,1.1145365445078463,6,5,0.5386314445332534
2025-07-23,ILI incidence,2025-07-20,1,RO,ItaLuxColab,EpiNetEKF,WIS,0.447644166164665,1.3533348397439908,6,4,0.6091462921008584
2025-07-23,ILI incidence,2025-07-20,1,RO,NotreDame,Rt_cocirc,WIS,0.0473913043478261,4.592992950669215,6,2,0.959403447549026
2025-07-23,ILI incidence,2025-07-20,1,RO,respicast,hubEnsemble,WIS,0.189047924159885,2.59693521659784,6,3,0.8354411990830065
2025-07-23,ILI incidence,2025-07-20,1,RO,respicast,quantileBaseline,WIS,1.14374,0.0,6,6,0.0
2025-07-23,ILI incidence,2025-07-20,1,RO,safinea,PRFM,WIS,0.001,10.159543414276492,6,1,1.0
2025-07-23,ILI incidence,2025-07-20,1,SI,ECDC,SARIMA,WIS,1.84563310252522,-1.1300648702578204,11,10,0.5124565054059578
2025-07-23,ILI incidence,2025-07-20,1,SI,ECDC,soca_simplex,WIS,0.0007198040874062,10.194158999622058,11,2,0.9998721348933133
2025-07-23,ILI incidence,2025-07-20,1,SI,ItaLuxColab,EpiEKF,WIS,0.690329636780376,0.2886935871345887,11,8,0.8176811284176538
2025-07-23,ILI incidence,2025-07-20,1,SI,ItaLuxColab,EpiNetEKF,WIS,0.437941558044386,0.9452406501373226,11,7,0.884360627327642
2025-07-23,ILI incidence,2025-07-20,1,SI,NotreDame,Rt_cocirc,WIS,0.007391304347826,6.834006219281087,11,5,0.9981095623638555
2025-07-23,ILI incidence,2025-07-20,1,SI,QMUL,ARIMA,WIS,3.78532843541554,-2.166367566908573,11,11,0.0
2025-07-23,ILI incidence,2025-07-20,1,SI,QMUL,SEIR,WIS,0.0029973857654021,8.136130427816784,11,4,0.9992704107319507
2025-07-23,ILI incidence,2025-07-20,1,SI,QMUL,SEIR_agumented,WIS,0.0002358228166769,11.804059983420334,11,1,1.0
2025-07-23,ILI incidence,2025-07-20,1,SI,respicast,hubEnsemble,WIS,0.0087979154368747,6.582673464832047,11,6,0.997737943692131
2025-07-23,ILI incidence,2025-07-20,1,SI,respicast,quantileBaseline,WIS,0.843260869565217,0.0,11,9,0.7772775641096625
2025-07-23,ILI incidence,2025-07-20,1,SI,safinea,PRFM,WIS,0.001,9.719835199361759,11,3,0.9997981087224183
2025-07-23,ILI incidence,2025-07-27,2,BE,ECDC,soca_simplex,WIS,3.91266089071956,2.131358796012671,7,2,0.9086243171584433
2025-07-23,ILI incidence,2025-07-27,2,BE,ItaLuxColab,EpiEKF,WIS,9.80699960787951,0.8056970535314684,7,6,0.5038027782941014
2025-07-23,ILI incidence,2025-07-27,2,BE,ItaLuxColab,EpiNetEKF,WIS,5.49119416134647,1.6423889497051902,7,4,0.8002110924648262
2025-07-23,ILI incidence,2025-07-27,2,BE,NotreDame,Rt_cocirc,WIS,2.5822,2.7309081271593714,7,1,1.0
2025-07-23,ILI incidence,2025-07-27,2,BE,respicast,hubEnsemble,WIS,5.17954672289325,1.7266830246510845,7,3,0.8216149516035068
2025-07-23,ILI incidence,2025-07-27,2,BE,respicast,quantileBaseline,WIS,17.1425386956522,0.0,7,7,0.0
2025-07-23,ILI incidence,2025-07-27,2,BE,safinea,PRFM,WIS,7.99605398204451,1.100220661800402,7,5,0.6281780187118094
2025-07-23,ILI incidence,2025-07-27,2,CZ,ECDC,soca_simplex,WIS,2.64664289445773,0.9093352040648054,7,4,0.5495285840296876
2025-07-23,ILI incidence,2025-07-27,2,CZ,ItaLuxColab,EpiEKF,WIS,3.95043364589344,0.33148772335156357,7,6,0.24126701969344153
2025-07-23,ILI incidence,2025-07-27,2,CZ,ItaLuxColab,EpiNetEKF,WIS,2.39099984568682,1.0558847155099915,7,3,0.6099715086623632
2025-07-23,ILI incidence,2025-07-27,2,CZ,NotreDame,Rt_cocirc,WIS,3.93326086956522,0.33777287769972736,7,5,0.24532726240424785
2025-07-23,ILI incidence,2025-07-27,2,CZ,respicast,hubEnsemble,WIS,2.04604858210292,1.2806583510967045,7,2,0.6915300072289801
2025-07-23,ILI incidence,2025-07-27,2,CZ,respicast,quantileBaseline,WIS,4.97087130434783,0.0,7,7,0.0
2025-07-23,ILI incidence,2025-07-27,2,CZ,safinea,PRFM,WIS,0.74137628364016,2.7452208827351647,7,1,1.0
2025-07-23,ILI incidence,2025-07-27,2,DK,ECDC,soca_simplex,WIS,37.9728567294908,-1.51656336956621,8,8,0.0
2025-07-23,ILI incidence,2025-07-27,2,DK,ISI,FluBcast,WIS,15.2496396834295,-0.2003699866435663,8,6,0.7598827788565697
2025-07-23,ILI incidence,2025-07-27,2,DK,ItaLuxColab,EpiEKF,WIS,14.1034270881073,-0.08764060693215832,8,5,0.7982130562256717
2025-07-23,ILI incidence,2025-07-27,2,DK,ItaLuxColab,EpiNetEKF,WIS,8.06927465298426,0.7178942680159295,8,1,1.0
2025-07-23,ILI incidence,2025-07-27,2,DK,NotreDame,Rt_cocirc,WIS,27.3031695652174,-1.0406632715603201,8,7,0.3568029788864639
2025-07-23,ILI incidence,2025-07-27,2,DK,respicast,hubEnsemble,WIS,12.4041210865363,0.09758565418663452,8,3,0.855039224984432
2025-07-23,ILI incidence,2025-07-27,2,DK,respicast,quantileBaseline,WIS,13.2721782608696,0.0,8,4,0.8260106901382577
2025-07-23,ILI incidence,2025-07-27,2,DK,safinea,PRFM,WIS,11.9795955484027,0.14782596751613605,8,2,0.8692357027524624
2025-07-23,ILI incidence,2025-07-27,2,EE,ECDC,SARIMA,WIS,15.1618991093495,-0.3044002350623152,11,7,0.7275749240785457
2025-07-23,ILI incidence,2025-07-27,2,EE,ECDC,soca_simplex,WIS,9.46746090328034,0.3750007715747954,11,2,0.8567570378778809
2025-07-23,ILI incidence,2025-07-27,2,EE,ItaLuxColab,EpiEKF,WIS,18.0399506192873,-0.5551451544408164,11,8,0.6622844135447981
2025-07-23,ILI incidence,2025-07-27,2,EE,ItaLuxColab,EpiNetEKF,WIS,13.6317313336203,-0.15091857195730796,11,5,0.7622877966364825
2025-07-23,ILI incidence,2025-07-27,2,EE,NotreDame,Rt_cocirc,WIS,32.2856586956522,-1.3948432263402835,11,10,0.33911106170972327
2025-07-23,ILI incidence,2025-07-27,2,EE,QMUL,ARIMA,WIS,47.2339122046489,-1.9437727982882977,11,11,0.0
2025-07-23,ILI incidence,2025-07-27,2,EE,QMUL,SEIR,WIS,3.15321063852806,1.961156782834173,11,1,1.0
2025-07-23,ILI incidence,2025-07-27,2,EE,QMUL,SEIR_agumented,WIS,24.3983370285418,-0.9907325831078331,11,9,0.5180401936628402
2025-07-23,ILI incidence,2025-07-27,2,EE,respicast,hubEnsemble,WIS,12.8280250335876,-0.06324883920793546,11,4,0.7805204079942474
2025-07-23,ILI incidence,2025-07-27,2,EE,respicast,quantileBaseline,WIS,12.2777843478261,0.0,11,3,0.7930029835026282
2025-07-23,ILI incidence,2025-07-27,2,EE,safinea,PRFM,WIS,15.0372548265207,-0.2924909802378871,11,6,0.7304025624418288
2025-07-23,ILI incidence,2025-07-27,2,ES,ECDC,SARIMA,WIS,2.33056370031095,-0.5236981189079064,10,7,0.6780199232226263
2025-07-23,ILI incidence,2025-07-27,2,ES,ECDC,soca_simplex,WIS,0.188151563466386,3.1070136442771576,10,1,1.0
2025-07-23,ILI incidence,2025-07-27,2,ES,ItaLuxColab,EpiEKF,WIS,1.82680949325904,-0.17234536492484323,10,6,0.7537284274240599
2025-07-23,ILI incidence,2025-07-27,2,ES,ItaLuxColab,EpiNetEKF,WIS,0.839496023560643,0.9493854304005961,10,3,0.9021103663188959
2025-07-23,ILI incidence,2025-07-27,2,ES,QMUL,ARIMA,WIS,4.33985470129201,-1.420665914843849,10,8,0.3760464328573102
2025-07-23,ILI incidence,2025-07-27,2,ES,QMUL,SEIR,WIS,6.84141666893534,-2.077314271367306,10,9,9.02381769238076e-05
2025-07-23,ILI incidence,2025-07-27,2,ES,QMUL,SEIR_agumented,WIS,6.842017101631,-2.0774408830478968,10,10,0.0
2025-07-23,ILI incidence,2025-07-27,2,ES,respicast,hubEnsemble,WIS,0.859771594990043,0.9149554744101349,10,4,0.8990631794899607
2025-07-23,ILI incidence,2025-07-27,2,ES,respicast,quantileBaseline,WIS,1.62110869565217,0.0,10,5,0.7846429081010483
2025-07-23,ILI incidence,2025-07-27,2,ES,safinea,PRFM,WIS,0.579908176242302,1.4830844427060221,10,2,0.9411234551511576
2025-07-23,ILI incidence,2025-07-27,2,FI,ECDC,soca_simplex,WIS,0.205505713538426,3.52689645292327,7,1,1.0
2025-07-23,ILI incidence,2025-07-27,2,FI,ISI,FluBcast,WIS,1.93096596165758,0.2948241295628037,7,6,0.20238649761946967
2025-07-23,ILI incidence,2025-07-27,2,FI,ItaLuxColab,EpiEKF,WIS,1.92722060756974,0.29762513742972485,7,5,0.20411782987989915
2025-07-23,ILI incidence,2025-07-27,2,FI,ItaLuxColab,EpiNetEKF,WIS,1.18531650351425,0.9988745234280156,7,4,0.5470713876400571
2025-07-23,ILI incidence,2025-07-27,2,FI,respicast,hubEnsemble,WIS,0.984609935295854,1.2665226603853894,7,2,0.6398502673632814
2025-07-23,ILI incidence,2025-07-27,2,FI,respicast,quantileBaseline,WIS,2.36878434782609,0.0,7,7,0.0
2025-07-23,ILI incidence,2025-07-27,2,FI,safinea,PRFM,WIS,1.00459222735622,1.2375368449186948,7,3,0.6306132270007273
2025-07-23,ILI incidence,2025-07-27,2,GR,ECDC,SARIMA,WIS,51.4908528800392,-0.3742284384168321,12,8,0.5523167923327543
2025-07-23,ILI incidence,2025-07-27,2,GR,ECDC,soca_simplex,WIS,9.62711267789398,2.044912647132435,12,1,1.0
2025-07-23,ILI incidence,2025-07-27,2,GR,ISI,FluBcast,WIS,10.1922827366139,1.9626105243090326,12,2,0.9939561743995282
2025-07-23,ILI incidence,2025-07-27,2,GR,ItaLuxColab,EpiEKF,WIS,31.8834117387353,0.3172817126854145,12,6,0.7619951942600585
2025-07-23,ILI incidence,2025-07-27,2,GR,ItaLuxColab,EpiNetEKF,WIS,22.6647562749833,0.8096370809981042,12,4,0.8605778156040585
2025-07-23,ILI incidence,2025-07-27,2,GR,NotreDame,Rt_cocirc,WIS,99.3106760869565,-1.3218610902448604,12,11,0.04094031856378327
2025-07-23,ILI incidence,2025-07-27,2,GR,QMUL,ARIMA,WIS,82.4220544479463,-1.0529426962976725,12,10,0.22154416026360138
2025-07-23,ILI incidence,2025-07-27,2,GR,QMUL,SEIR,WIS,72.0155115309815,-0.8582199560008587,12,9,0.33282983352876566
2025-07-23,ILI incidence,2025-07-27,2,GR,QMUL,SEIR_agumented,WIS,103.139086067036,-1.376431533315617,12,12,0.0
2025-07-23,ILI incidence,2025-07-27,2,GR,respicast,hubEnsemble,WIS,20.0164547438642,0.9889012574536499,12,3,0.8888982695003572
2025-07-23,ILI incidence,2025-07-27,2,GR,respicast,quantileBaseline,WIS,39.7261154347826,0.0,12,7,0.6781267503399354
2025-07-23,ILI incidence,2025-07-27,2,GR,safinea,PRFM,WIS,30.3591768913008,0.38795505188487805,12,5,0.7782950839126009
2025-07-23,ILI incidence,2025-07-27,2,HR,ECDC,soca_simplex,WIS,0.0336497526571231,5.8442966139245485,7,2,0.997810746202862
2025-07-23,ILI incidence,2025-07-27,2,HR,ItaLuxColab,EpiEKF,WIS,0.984118490796061,0.9741323885654535,7,6,0.49855702400494695
2025-07-23,ILI incidence,2025-07-27,2,HR,ItaLuxColab,EpiNetEKF,WIS,0.318353963858083,2.6023326918874576,7,5,0.8482638632135102
2025-07-23,ILI incidence,2025-07-27,2,HR,NotreDame,Rt_cocirc,WIS,0.147391304347825,3.7133130071740332,7,4,0.9380656007061896
2025-07-23,ILI incidence,2025-07-27,2,HR,respicast,hubEnsemble,WIS,0.0471859377819674,5.356535538457115,7,3,0.9907005798851659
2025-07-23,ILI incidence,2025-07-27,2,HR,respicast,quantileBaseline,WIS,1.93326086956522,0.0,7,7,0.0
2025-07-23,ILI incidence,2025-07-27,2,HR,safinea,PRFM,WIS,0.0294818973132089,6.0350631419140734,7,1,1.0
2025-07-23,ILI incidence,2025-07-27,2,IE,ECDC,SARIMA,WIS,2.53376444750798,-1.3361167844757156,12,10,0.3441618604921207
2025-07-23,ILI incidence,2025-07-27,2,IE,ECDC,soca_simplex,WIS,0.37362499597693,1.4255027439958665,12,1,1.0
2025-07-23,ILI incidence,2025-07-27,2,IE,ISI,FluBcast,WIS,1.60014110573606,-0.6730335068661882,12,8,0.6276184655899253
2025-07-23,ILI incidence,2025-07-27,2,IE,ItaLuxColab,EpiEKF,WIS,1.1014914192848,-0.13429263088368565,12,6,0.7790130815239054
2025-07-23,ILI incidence,2025-07-27,2,IE,ItaLuxColab,EpiNetEKF,WIS,0.624300150412493,0.6848539069821414,12,4,0.923892725171356
2025-07-23,ILI incidence,2025-07-27,2,IE,NotreDame,Rt_cocirc,WIS,0.376576086956522,1.4141523304088808,12,2,0.9991040217259112
2025-07-23,ILI incidence,2025-07-27,2,IE,QMUL,ARIMA,WIS,1.81146032821005,-0.8519875849942475,12,9,0.5634600124810931
2025-07-23,ILI incidence,2025-07-27,2,IE,QMUL,SEIR,WIS,3.61840115686551,-1.8501867368592109,12,11,0.014856212654057609
2025-07-23,ILI incidence,2025-07-27,2,IE,QMUL,SEIR_agumented,WIS,3.66733318615927,-1.8695657188877546,12,12,0.0
2025-07-23,ILI incidence,2025-07-27,2,IE,respicast,hubEnsemble,WIS,0.575445223939809,0.8024151141817963,12,3,0.9387255287021324
2025-07-23,ILI incidence,2025-07-27,2,IE,respicast,quantileBaseline,WIS,1.00358695652174,0.0,12,5,0.8087377739101
2025-07-23,ILI incidence,2025-07-27,2,IE,safinea,PRFM,WIS,1.51711379938724,-0.5961636813692002,12,7,0.6528263169096938
2025-07-23,ILI incidence,2025-07-27,2,IS,ECDC,SARIMA,WIS,0.873684056536738,-0.9489859553455142,8,7,0.11837695572644255
2025-07-23,ILI incidence,2025-07-27,2,IS,ISI,FluBcast,WIS,0.824734773891011,-0.8658045299745455,8,6,0.1859558116465664
2025-07-23,ILI incidence,2025-07-27,2,IS,ItaLuxColab,EpiEKF,WIS,0.959427844082405,-1.08404860111383,8,8,0.0
2025-07-23,ILI incidence,2025-07-27,2,IS,ItaLuxColab,EpiNetEKF,WIS,0.362805718127511,0.31892851412851553,8,2,0.8236901239283726
2025-07-23,ILI incidence,2025-07-27,2,IS,QMUL,ARIMA,WIS,0.44529248517223,0.023372443446128627,8,4,0.7098097758591959
2025-07-23,ILI incidence,2025-07-27,2,IS,respicast,hubEnsemble,WIS,0.375807478400701,0.26813193224874626,8,3,0.8057400327989656
2025-07-23,ILI incidence,2025-07-27,2,IS,respicast,quantileBaseline,WIS,0.452565217391304,0.0,8,5,0.6997691195673442
2025-07-23,ILI incidence,2025-07-27,2,IS,safinea,PRFM,WIS,0.235099472741175,0.9448544048234838,8,1,1.0
2025-07-23,ILI incidence,2025-07-27,2,LT,ECDC,soca_simplex,WIS,1.02199173324957,2.006665147121209,8,5,0.9078281473528061
2025-07-23,ILI incidence,2025-07-27,2,LT,ISI,FluBcast,WIS,0.922350159487718,2.1546622115672647,8,4,0.9371507440405805
2025-07-23,ILI incidence,2025-07-27,2,LT,ItaLuxColab,EpiEKF,WIS,3.18195784883005,0.3681339491657186,8,7,0.2721917069067712
2025-07-23,ILI incidence,2025-07-27,2,LT,ItaLuxColab,EpiNetEKF,WIS,1.45162889313818,1.5003759961474143,8,6,0.7813942033084815
2025-07-23,ILI incidence,2025-07-27,2,LT,NotreDame,Rt_cocirc,WIS,0.752617391304348,2.4480601413235967,8,2,0.9870998297308136
2025-07-23,ILI incidence,2025-07-27,2,LT,respicast,hubEnsemble,WIS,0.708781121239169,2.534636591112122,8,1,1.0
2025-07-23,ILI incidence,2025-07-27,2,LT,respicast,quantileBaseline,WIS,4.10689673913043,0.0,8,8,0.0
2025-07-23,ILI incidence,2025-07-27,2,LT,safinea,PRFM,WIS,0.794192559228118,2.3704879242208046,8,3,0.9748650582872305
2025-07-23,ILI incidence,2025-07-27,2,LU,ECDC,SARIMA,WIS,1084.01980605982,-0.20352335171026376,8,3,0.8448301340562637
2025-07-23,ILI incidence,2025-07-27,2,LU,ItaLuxColab,EpiEKF,WIS,1684.20552007291,-0.8392004335859784,8,5,0.19186594063182758
2025-07-23,ILI incidence,2025-07-27,2,LU,ItaLuxColab,EpiNetEKF,WIS,1704.10811153665,-0.8561491008954956,8,6,0.17021317669767363
2025-07-23,ILI incidence,2025-07-27,2,LU,NotreDame,Rt_cocirc,WIS,1718.06948478261,-0.8679206207107658,8,7,0.15502408337572407
2025-07-23,ILI incidence,2025-07-27,2,LU,QMUL,ARIMA,WIS,1860.56311782874,-0.9828715687312404,8,8,0.0
2025-07-23,ILI incidence,2025-07-27,2,LU,respicast,hubEnsemble,WIS,1594.48063406267,-0.7602188106721154,8,4,0.2894809562109855
2025-07-23,ILI incidence,2025-07-27,2,LU,respicast,quantileBaseline,WIS,941.392173913044,0.0,8,1,1.0
2025-07-23,ILI incidence,2025-07-27,2,LU,safinea,PRFM,WIS,1052.35363844224,-0.16075183230882523,8,2,0.8792809267267556
2025-07-23,ILI incidence,2025-07-27,2,MT,ECDC,soca_simplex,WIS,414.24656094681,0.615179872272277,7,3,0.8595062958280307
2025-07-23,ILI incidence,2025-07-27,2,MT,ItaLuxColab,EpiEKF,WIS,996.147612972777,-0.6506899496271459,7,7,0.0
2025-07-23,ILI incidence,2025-07-27,2,MT,ItaLuxColab,EpiNetEKF,WIS,830.585350847214,-0.3884588343777697,7,5,0.24454639865834432
2025-07-23,ILI incidence,2025-07-27,2,MT,NotreDame,Rt_cocirc,WIS,936.231284782609,-0.5611953818663667,7,6,0.08850037497448933
2025-07-23,ILI incidence,2025-07-27,2,MT,respicast,hubEnsemble,WIS,392.463338923515,0.6931116983910941,7,2,0.8916815538160615
2025-07-23,ILI incidence,2025-07-27,2,MT,respicast,quantileBaseline,WIS,634.521739130435,0.0,7,4,0.53414530566605
2025-07-23,ILI incidence,2025-07-27,2,MT,safinea,PRFM,WIS,319.129823981045,0.9915261519486949,7,1,1.0
2025-07-23,ILI incidence,2025-07-27,2,NL,ECDC,SARIMA,WIS,7.03477784210544,-0.39503045841974727,12,8,0.36093458925376853
2025-07-23,ILI incidence,2025-07-27,2,NL,ECDC,soca_simplex,WIS,10.8537416220892,-1.0206461595913667,12,12,0.0
2025-07-23,ILI incidence,2025-07-27,2,NL,ISI,FluBcast,WIS,3.03374303887706,0.8183755125104218,12,3,0.7390769169873427
2025-07-23,ILI incidence,2025-07-27,2,NL,ItaLuxColab,EpiEKF,WIS,8.11605709116366,-0.6013046080161525,12,10,0.258741663603892
2025-07-23,ILI incidence,2025-07-27,2,NL,ItaLuxColab,EpiNetEKF,WIS,7.11874639615003,-0.41214880092772194,12,9,0.3529986261731116
2025-07-23,ILI incidence,2025-07-27,2,NL,NotreDame,Rt_cocirc,WIS,4.37588695652174,0.2898989364536028,12,5,0.6122293762556035
2025-07-23,ILI incidence,2025-07-27,2,NL,QMUL,ARIMA,WIS,8.56342580708047,-0.6787136581679553,12,11,0.2164603399184637
2025-07-23,ILI incidence,2025-07-27,2,NL,QMUL,SEIR,WIS,0.272977423569299,4.292620861550592,12,1,1.0
2025-07-23,ILI incidence,2025-07-27,2,NL,QMUL,SEIR_agumented,WIS,0.783587853913193,2.7713074652883214,12,2,0.9517416303053686
2025-07-23,ILI incidence,2025-07-27,2,NL,respicast,hubEnsemble,WIS,5.38546218533958,-0.009595757971812507,12,7,0.5168132787152137
2025-07-23,ILI incidence,2025-07-27,2,NL,respicast,quantileBaseline,WIS,5.34976086956522,0.0,12,6,0.5201874504767726
2025-07-23,ILI incidence,2025-07-27,2,NL,safinea,PRFM,WIS,3.44653360879141,0.634328321740633,12,4,0.700063613017097
2025-07-23,ILI incidence,2025-07-27,2,NO,ECDC,soca_simplex,WIS,4.37047781890646,-0.24221453004914792,7,7,0.0
2025-07-23,ILI incidence,2025-07-27,2,NO,ItaLuxColab,EpiEKF,WIS,4.32083404821704,-0.22573333554450498,7,6,0.017075139572915444
2025-07-23,ILI incidence,2025-07-27,2,NO,ItaLuxColab,EpiNetEKF,WIS,3.04930071806156,0.27709805228684736,7,3,0.4544232455387212
2025-07-23,ILI incidence,2025-07-27,2,NO,NotreDame,Rt_cocirc,WIS,1.46310652173913,1.3365416773770156,7,1,1.0
2025-07-23,ILI incidence,2025-07-27,2,NO,respicast,hubEnsemble,WIS,2.38387076627343,0.6322704594095194,7,2,0.6833000843643857
2025-07-23,ILI incidence,2025-07-27,2,NO,respicast,quantileBaseline,WIS,3.69500543478261,0.0,7,4,0.23233096673340864
2025-07-23,ILI incidence,2025-07-27,2,NO,safinea,PRFM,WIS,3.82242666960633,-0.048912338472707206,7,5,0.18850401042140702
2025-07-23,ILI incidence,2025-07-27,2,PL,ECDC,SARIMA,WIS,20.8626170141124,-0.07739788200198959,11,8,0.5822062235062985
2025-07-23,ILI incidence,2025-07-27,2,PL,ECDC,soca_simplex,WIS,7.85680968030905,1.3315067406130638,11,1,1.0
2025-07-23,ILI incidence,2025-07-27,2,PL,ItaLuxColab,EpiEKF,WIS,16.5724987211083,0.2547311178554335,11,6,0.7200204073732479
2025-07-23,ILI incidence,2025-07-27,2,PL,ItaLuxColab,EpiNetEKF,WIS,14.1539213627292,0.48232045037214816,11,4,0.7977138978552316
2025-07-23,ILI incidence,2025-07-27,2,PL,NotreDame,Rt_cocirc,WIS,8.78744565217391,1.1700064927160971,11,2,0.9701045919528778
2025-07-23,ILI incidence,2025-07-27,2,PL,QMUL,ARIMA,WIS,38.9865393832105,-0.9794538410713618,11,11,0.0
2025-07-23,ILI incidence,2025-07-27,2,PL,QMUL,SEIR,WIS,20.9462981048944,-0.08317303572488163,11,9,0.5795180828902172
2025-07-23,ILI incidence,2025-07-27,2,PL,QMUL,SEIR_agumented,WIS,28.7240213479843,-0.538735480465439,11,10,0.32966935894305816
2025-07-23,ILI incidence,2025-07-27,2,PL,respicast,hubEnsemble,WIS,13.2891858718341,0.573269535107593,11,3,0.8254923430633345
2025-07-23,ILI incidence,2025-07-27,2,PL,respicast,quantileBaseline,WIS,19.7728695652174,0.0,11,7,0.6172128701844234
2025-07-23,ILI incidence,2025-07-27,2,PL,safinea,PRFM,WIS,15.6008677014609,0.3418959871086254,11,5,0.7512327252738701
2025-07-23,ILI incidence,2025-07-27,2,RO,ItaLuxColab,EpiEKF,WIS,0.49802896091924,1.3403164736553883,6,4,0.6772467989640033
2025-07-23,ILI incidence,2025-07-27,2,RO,ItaLuxColab,EpiNetEKF,WIS,0.209398076542644,2.5902979224165272,6,2,0.9334337234372606
2025-07-23,ILI incidence,2025-07-27,2,RO,NotreDame,Rt_cocirc,WIS,0.342182608695652,1.8817796754054967,6,3,0.8155750230997239
2025-07-23,ILI incidence,2025-07-27,2,RO,respicast,hubEnsemble,WIS,0.134401730365085,3.2299944003340353,6,1,1.0
2025-07-23,ILI incidence,2025-07-27,2,RO,respicast,quantileBaseline,WIS,1.26104347826087,0.0,6,6,0.0
2025-07-23,ILI incidence,2025-07-27,2,RO,safinea,PRFM,WIS,0.499,1.3375062970924658,6,5,0.6763849108948158
2025-07-23,ILI incidence,2025-07-27,2,SI,ECDC,SARIMA,WIS,2.50356674750765,-0.4143134825062999,10,9,0.585795614072532
2025-07-23,ILI incidence,2025-07-27,2,SI,ItaLuxColab,EpiEKF,WIS,1.28572625088039,0.5470879316824157,10,7,0.7872821035241402
2025-07-23,ILI incidence,2025-07-27,2,SI,ItaLuxColab,EpiNetEKF,WIS,0.733718714467319,1.3563724484823865,10,6,0.8786093840429959
2025-07-23,ILI incidence,2025-07-27,2,SI,NotreDame,Rt_cocirc,WIS,0.0,10.0,10,1,1.0
2025-07-23,ILI incidence,2025-07-27,2,SI,QMUL,ARIMA,WIS,6.04427870048207,-1.6858987473448774,10,10,0.0
2025-07-23,ILI incidence,2025-07-27,2,SI,QMUL,SEIR,WIS,0.0015781849991778,10.217189389796204,10,4,0.9997388960573489
2025-07-23,ILI incidence,2025-07-27,2,SI,QMUL,SEIR_agumented,WIS,8.18354592661825e-05,14.486585813784426,10,2,0.9999864606740818
2025-07-23,ILI incidence,2025-07-27,2,SI,respicast,hubEnsemble,WIS,0.33658331493352,2.48063587061855,10,5,0.9443137334308103
2025-07-23,ILI incidence,2025-07-27,2,SI,respicast,quantileBaseline,WIS,1.87861760869565,0.0,10,8,0.6891907700176337
2025-07-23,ILI incidence,2025-07-27,2,SI,safinea,PRFM,WIS,0.001,10.875455721733474,10,3,0.999834554286863
2025-07-23,ILI incidence,2025-08-03,3,BE,ECDC,soca_simplex,WIS,8.92754324585506,1.1899777786008063,7,4,0.6806338031591287
2025-07-23,ILI incidence,2025-08-03,3,BE,ItaLuxColab,EpiEKF,WIS,12.6187022292168,0.6907493571535902,7,6,0.46103584125508124
2025-07-23,ILI incidence,2025-08-03,3,BE,ItaLuxColab,EpiNetEKF,WIS,7.13846216759271,1.5126276867313055,7,3,0.7870715264429121
2025-07-23,ILI incidence,2025-08-03,3,BE,NotreDame,Rt_cocirc,WIS,3.55940869565217,2.5166034016142698,7,1,1.0
2025-07-23,ILI incidence,2025-08-03,3,BE,respicast,hubEnsemble,WIS,7.05039888442486,1.5305361140273896,7,2,0.7923106715432475
2025-07-23,ILI incidence,2025-08-03,3,BE,respicast,quantileBaseline,WIS,20.3681210869565,0.0,7,7,0.0
2025-07-23,ILI incidence,2025-08-03,3,BE,safinea,PRFM,WIS,10.2408384325734,0.9919790653436025,7,5,0.6025019893625081
2025-07-23,ILI incidence,2025-08-03,3,CZ,ECDC,soca_simplex,WIS,2.60492183661484,1.0692656880182452,7,4,0.774049484009603
2025-07-23,ILI incidence,2025-08-03,3,CZ,ItaLuxColab,EpiEKF,WIS,4.76200837525031,0.19893561363740905,7,5,0.5048920601277541
2025-07-23,ILI incidence,2025-08-03,3,CZ,ItaLuxColab,EpiNetEKF,WIS,2.57734214488352,1.084621702411815,7,3,0.7774908289185345
2025-07-23,ILI incidence,2025-08-03,3,CZ,NotreDame,Rt_cocirc,WIS,8.80832391304348,-0.6883617512390441,7,7,0.0
2025-07-23,ILI incidence,2025-08-03,3,CZ,respicast,hubEnsemble,WIS,2.49367049091632,1.1322349289458724,7,2,0.7879312291669137
2025-07-23,ILI incidence,2025-08-03,3,CZ,respicast,quantileBaseline,WIS,5.46607695652174,0.0,7,6,0.4170396340998935
2025-07-23,ILI incidence,2025-08-03,3,CZ,safinea,PRFM,WIS,0.794104919840613,2.7831042327626587,7,1,1.0
2025-07-23,ILI incidence,2025-08-03,3,DK,ECDC,soca_simplex,WIS,42.3810867087973,-1.5038823854858985,8,8,0.0
2025-07-23,ILI incidence,2025-08-03,3,DK,ISI,FluBcast,WIS,16.5486295058599,-0.1471735481349539,8,6,0.7677706615509265
2025-07-23,ILI incidence,2025-08-03,3,DK,ItaLuxColab,EpiEKF,WIS,15.6299014106953,-0.0647704828610029,8,5,0.7950763286761484
2025-07-23,ILI incidence,2025-08-03,3,DK,ItaLuxColab,EpiNetEKF,WIS,8.73502741453509,0.7746540592620258,8,1,1.0
2025-07-23,ILI incidence,2025-08-03,3,DK,NotreDame,Rt_cocirc,WIS,32.4575413043478,-1.1190155228708658,8,7,0.2949393067895413
2025-07-23,ILI incidence,2025-08-03,3,DK,respicast,hubEnsemble,WIS,14.4380113774339,0.049666149364259685,8,3,0.830500686186707
2025-07-23,ILI incidence,2025-08-03,3,DK,respicast,quantileBaseline,WIS,14.9437082608696,0.0,8,4,0.8154707868747857
2025-07-23,ILI incidence,2025-08-03,3,DK,safinea,PRFM,WIS,12.6507486365984,0.24031543318418447,8,2,0.8836202127620016
2025-07-23,ILI incidence,2025-08-03,3,EE,ECDC,SARIMA,WIS,16.8354691523968,-0.3743414422778722,11,7,0.7345673192436851
2025-07-23,ILI incidence,2025-08-03,3,EE,ECDC,soca_simplex,WIS,13.3068355442926,-0.0350050464838441,11,4,0.8134674488621346
2025-07-23,ILI incidence,2025-08-03,3,EE,ItaLuxColab,EpiEKF,WIS,20.8825901984004,-0.6851381866131652,11,9,0.6440738278316378
2025-07-23,ILI incidence,2025-08-03,3,EE,ItaLuxColab,EpiNetEKF,WIS,15.2416828266313,-0.23085971597669014,11,6,0.7702043282542554
2025-07-23,ILI incidence,2025-08-03,3,EE,NotreDame,Rt_cocirc,WIS,23.4339543478261,-0.8514379385154163,11,10,0.5870254106677756
2025-07-23,ILI incidence,2025-08-03,3,EE,QMUL,ARIMA,WIS,49.6873661344795,-1.935716585552375,11,11,0.0
2025-07-23,ILI incidence,2025-08-03,3,EE,QMUL,SEIR,WIS,4.96458018763503,1.3874188513292411,11,1,1.0
2025-07-23,ILI incidence,2025-08-03,3,EE,QMUL,SEIR_agumented,WIS,12.8544649343814,0.014892923484700001,11,2,0.8235824405902632
2025-07-23,ILI incidence,2025-08-03,3,EE,respicast,hubEnsemble,WIS,13.3890535747702,-0.04389150232313434,11,5,0.8116290564467936
2025-07-23,ILI incidence,2025-08-03,3,EE,respicast,quantileBaseline,WIS,12.9878486956522,0.0,11,3,0.8205999841433566
2025-07-23,ILI incidence,2025-08-03,3,EE,safinea,PRFM,WIS,16.8519182971282,-0.3757503435441068,11,8,0.7341995169169037
2025-07-23,ILI incidence,2025-08-03,3,ES,ECDC,SARIMA,WIS,3.64614903115827,-0.6688909984159037,10,7,0.5096705962426844
2025-07-23,ILI incidence,2025-08-03,3,ES,ECDC,soca_simplex,WIS,0.690996973447318,1.7307312355100612,10,2,0.964260715809886
2025-07-23,ILI incidence,2025-08-03,3,ES,ItaLuxColab,EpiEKF,WIS,2.74027276611747,-0.2568369735891128,10,6,0.6490212596251188
2025-07-23,ILI incidence,2025-08-03,3,ES,ItaLuxColab,EpiNetEKF,WIS,1.17356467087582,0.9665851865529114,10,4,0.8900274773878959
2025-07-23,ILI incidence,2025-08-03,3,ES,QMUL,ARIMA,WIS,6.05968505378562,-1.4017602807053886,10,8,0.1383971024666051
2025-07-23,ILI incidence,2025-08-03,3,ES,QMUL,SEIR,WIS,6.95902716132113,-1.6014031060352067,10,9,5.1586495739747765e-05
2025-07-23,ILI incidence,2025-08-03,3,ES,QMUL,SEIR_agumented,WIS,6.95936250943468,-1.6014726262989625,10,10,0.0
2025-07-23,ILI incidence,2025-08-03,3,ES,respicast,hubEnsemble,WIS,1.05070222060844,1.1261286790767362,10,3,0.9089273698017671
2025-07-23,ILI incidence,2025-08-03,3,ES,respicast,quantileBaseline,WIS,2.29339130434783,0.0,10,5,0.7177648955433273
2025-07-23,ILI incidence,2025-08-03,3,ES,safinea,PRFM,WIS,0.458666760647963,2.3219642673465515,10,1,1.0
2025-07-23,ILI incidence,2025-08-03,3,FI,ECDC,soca_simplex,WIS,0.469408814451739,2.5929939066413628,7,1,1.0
2025-07-23,ILI incidence,2025-08-03,3,FI,ISI,FluBcast,WIS,2.4326204898192,0.21939947974556456,7,6,0.16910477833686788
2025-07-23,ILI incidence,2025-08-03,3,FI,ItaLuxColab,EpiEKF,WIS,2.33852014883206,0.27631488530936105,7,5,0.20893111222847502
2025-07-23,ILI incidence,2025-08-03,3,FI,ItaLuxColab,EpiNetEKF,WIS,1.31595856565775,1.1057966794535934,7,4,0.641712530542316
2025-07-23,ILI incidence,2025-08-03,3,FI,respicast,hubEnsemble,WIS,0.970526823634081,1.5450707523422698,7,2,0.7879105118702929
2025-07-23,ILI incidence,2025-08-03,3,FI,respicast,quantileBaseline,WIS,2.83217565217391,0.0,7,7,0.0
2025-07-23,ILI incidence,2025-08-03,3,FI,safinea,PRFM,WIS,0.97450535738527,1.5391687225722532,7,3,0.786226666605635
2025-07-23,ILI incidence,2025-08-03,3,FR,NotreDame,Rt_cocirc,WIS,21.210652173913,0.5268394397434785,3,1,1.0
2025-07-23,ILI incidence,2025-08-03,3,FR,respicast,hubEnsemble,WIS,21.210652173913,0.5268394397434785,3,1,1.0
2025-07-23,ILI incidence,2025-08-03,3,FR,respicast,quantileBaseline,WIS,30.5596584782609,0.0,3,3,0.0
2025-07-23,ILI incidence,2025-08-03,3,GR,ECDC,SARIMA,WIS,61.9938415290012,-0.17839065030755388,12,9,0.6823287006672188
2025-07-23,ILI incidence,2025-08-03,3,GR,ECDC,soca_simplex,WIS,18.2478640976715,1.5860066476961698,12,1,1.0
2025-07-23,ILI incidence,2025-08-03,3,GR,ISI,FluBcast,WIS,26.7920028233968,1.0319318217285094,12,2,0.9379548061318016
2025-07-23,ILI incidence,2025-08-03,3,GR,ItaLuxColab,EpiEKF,WIS,45.3579529901652,0.2723787221701648,12,6,0.8031339640993387
2025-07-23,ILI incidence,2025-08-03,3,GR,ItaLuxColab,EpiNetEKF,WIS,35.1777279203224,0.6390719507325927,12,4,0.8770599686220091
2025-07-23,ILI incidence,2025-08-03,3,GR,NotreDame,Rt_cocirc,WIS,56.9101913043478,-0.054952774196850074,12,8,0.7192447754024118
2025-07-23,ILI incidence,2025-08-03,3,GR,QMUL,ARIMA,WIS,77.2832154415614,-0.49642086519949735,12,10,0.5713014574329809
2025-07-23,ILI incidence,2025-08-03,3,GR,QMUL,SEIR,WIS,117.252074839764,-1.0978072922138222,12,11,0.281058554121303
2025-07-23,ILI incidence,2025-08-03,3,GR,QMUL,SEIR_agumented,WIS,155.956173042204,-1.509334498425637,12,12,0.0
2025-07-23,ILI incidence,2025-08-03,3,GR,respicast,hubEnsemble,WIS,30.1298778017513,0.8625394331381134,12,3,0.9137160727980057
2025-07-23,ILI incidence,2025-08-03,3,GR,respicast,quantileBaseline,WIS,54.7832271739131,0.0,12,7,0.7346902060139474
2025-07-23,ILI incidence,2025-08-03,3,GR,safinea,PRFM,WIS,37.5091500555638,0.5464916825235223,12,5,0.860129820012164
2025-07-23,ILI incidence,2025-08-03,3,HR,ECDC,soca_simplex,WIS,0.0360731185395232,6.05030072816084,7,2,0.9997332575920194
2025-07-23,ILI incidence,2025-08-03,3,HR,ItaLuxColab,EpiEKF,WIS,1.29830190950962,0.8807427793222621,7,6,0.46378876583065326
2025-07-23,ILI incidence,2025-08-03,3,HR,ItaLuxColab,EpiNetEKF,WIS,0.420340785004605,2.507737337803613,7,5,0.8365725527520729
2025-07-23,ILI incidence,2025-08-03,3,HR,NotreDame,Rt_cocirc,WIS,0.2,3.579296783513586,7,4,0.9301296248759261
2025-07-23,ILI incidence,2025-08-03,3,HR,respicast,hubEnsemble,WIS,0.0525537008595708,5.507432515283897,7,3,0.9927355743046171
2025-07-23,ILI incidence,2025-08-03,3,HR,respicast,quantileBaseline,WIS,2.39059326086956,0.0,7,7,0.0
2025-07-23,ILI incidence,2025-08-03,3,HR,safinea,PRFM,WIS,0.0354449005947517,6.075646794401601,7,1,1.0
2025-07-23,ILI incidence,2025-08-03,3,IE,ECDC,SARIMA,WIS,3.45974023711721,-1.520089279760015,12,12,0.0
2025-07-23,ILI incidence,2025-08-03,3,IE,ECDC,soca_simplex,WIS,0.542472657115117,1.1529521156413145,12,1,1.0
2025-07-23,ILI incidence,2025-08-03,3,IE,ISI,FluBcast,WIS,0.658430856502938,0.8734705898182331,12,2,0.960251092432276
2025-07-23,ILI incidence,2025-08-03,3,IE,ItaLuxColab,EpiEKF,WIS,1.6785161808375,-0.4766120023371447,12,8,0.6105795945802243
2025-07-23,ILI incidence,2025-08-03,3,IE,ItaLuxColab,EpiNetEKF,WIS,1.04927731360685,0.20117842396803085,12,6,0.8262741957693954
2025-07-23,ILI incidence,2025-08-03,3,IE,NotreDame,Rt_cocirc,WIS,0.701584782608696,0.7818850811517926,12,3,0.9454585083026683
2025-07-23,ILI incidence,2025-08-03,3,IE,QMUL,ARIMA,WIS,3.37410273382615,-1.4839294588124479,12,11,0.029355381685967488
2025-07-23,ILI incidence,2025-08-03,3,IE,QMUL,SEIR,WIS,2.38159554135303,-0.9813539834889168,12,9,0.36957346770480565
2025-07-23,ILI incidence,2025-08-03,3,IE,QMUL,SEIR_agumented,WIS,2.41695134875868,-1.0026139908367615,12,10,0.3574539735425237
2025-07-23,ILI incidence,2025-08-03,3,IE,respicast,hubEnsemble,WIS,0.777403489882625,0.6338389530133082,12,4,0.9194688775284235
2025-07-23,ILI incidence,2025-08-03,3,IE,respicast,quantileBaseline,WIS,1.20628804347826,0.0,12,7,0.7724530341633363
2025-07-23,ILI incidence,2025-08-03,3,IE,safinea,PRFM,WIS,0.954849545865593,0.3372291093049873,12,5,0.8586427616111306
2025-07-23,ILI incidence,2025-08-03,3,IS,ECDC,SARIMA,WIS,1.38735929812859,-1.7267206252246579,8,7,0.05309385666642676
2025-07-23,ILI incidence,2025-08-03,3,IS,ISI,FluBcast,WIS,0.100322944591521,2.0628973360858587,8,1,1.0
2025-07-23,ILI incidence,2025-08-03,3,IS,ItaLuxColab,EpiEKF,WIS,1.45952455353459,-1.7998776416581965,8,8,0.0
2025-07-23,ILI incidence,2025-08-03,3,IS,ItaLuxColab,EpiNetEKF,WIS,0.441316033426748,-0.074263228048647,8,4,0.7491225094264071
2025-07-23,ILI incidence,2025-08-03,3,IS,QMUL,ARIMA,WIS,1.20778170937447,-1.5267388903111012,8,6,0.18521376262633923
2025-07-23,ILI incidence,2025-08-03,3,IS,respicast,hubEnsemble,WIS,0.533982333361806,-0.3492430769032487,8,5,0.6809455007138319
2025-07-23,ILI incidence,2025-08-03,3,IS,respicast,quantileBaseline,WIS,0.419173913043478,0.0,8,3,0.7654130436912158
2025-07-23,ILI incidence,2025-08-03,3,IS,safinea,PRFM,WIS,0.328225086356275,0.3528634259417472,8,2,0.8323264626342126
2025-07-23,ILI incidence,2025-08-03,3,LT,ECDC,soca_simplex,WIS,1.18886219109987,2.1018107350719353,8,4,0.8735791279875939
2025-07-23,ILI incidence,2025-08-03,3,LT,ISI,FluBcast,WIS,0.732091478452389,2.8012963907291177,8,2,0.975519474068771
2025-07-23,ILI incidence,2025-08-03,3,LT,ItaLuxColab,EpiEKF,WIS,4.35874410831842,0.2274797185750221,8,7,0.1661369677738073
2025-07-23,ILI incidence,2025-08-03,3,LT,ItaLuxColab,EpiNetEKF,WIS,1.93301624588855,1.4005384648770587,8,6,0.7075016633375893
2025-07-23,ILI incidence,2025-08-03,3,LT,NotreDame,Rt_cocirc,WIS,0.6224,3.0354782620615572,8,1,1.0
2025-07-23,ILI incidence,2025-08-03,3,LT,respicast,hubEnsemble,WIS,1.15529847512839,2.1431266027329845,8,3,0.8810697501469519
2025-07-23,ILI incidence,2025-08-03,3,LT,respicast,quantileBaseline,WIS,5.10316478260869,0.0,8,8,0.0
2025-07-23,ILI incidence,2025-08-03,3,LT,safinea,PRFM,WIS,1.69398036721175,1.5909750731885077,8,5,0.7608487793488061
2025-07-23,ILI incidence,2025-08-03,3,LU,ECDC,SARIMA,WIS,768.093419964664,-0.0009908195693355405,9,6,0.3434127292925019
2025-07-23,ILI incidence,2025-08-03,3,LU,ECDC,soca_simplex,WIS,563.514211499205,0.4458389761822791,9,2,0.6373807450512722
2025-07-23,ILI incidence,2025-08-03,3,LU,ItaLuxColab,EpiEKF,WIS,631.352830222525,0.28184449325030125,9,4,0.539900730891978
2025-07-23,ILI incidence,2025-08-03,3,LU,ItaLuxColab,EpiNetEKF,WIS,1007.08235947322,-0.39181879609052805,9,9,0.0
2025-07-23,ILI incidence,2025-08-03,3,LU,NotreDame,Rt_cocirc,WIS,311.159002173913,1.3026389853731954,9,1,1.0
2025-07-23,ILI incidence,2025-08-03,3,LU,QMUL,ARIMA,WIS,917.935002812791,-0.25810103186890476,9,7,0.1280993887119784
2025-07-23,ILI incidence,2025-08-03,3,LU,respicast,hubEnsemble,WIS,618.919521709558,0.3105391433972123,9,3,0.557766647278543
2025-07-23,ILI incidence,2025-08-03,3,LU,respicast,quantileBaseline,WIS,767.566086956522,0.0,9,5,0.3441704751025986
2025-07-23,ILI incidence,2025-08-03,3,LU,safinea,PRFM,WIS,999.300495367346,-0.3806275989331995,9,8,0.011182070589027674
2025-07-23,ILI incidence,2025-08-03,3,MT,ECDC,soca_simplex,WIS,1079.33950440363,-0.4775450747403268,7,6,0.23593934547423512
2025-07-23,ILI incidence,2025-08-03,3,MT,ItaLuxColab,EpiEKF,WIS,1028.52809504555,-0.4079775439989628,7,5,0.2942409451665601
2025-07-23,ILI incidence,2025-08-03,3,MT,ItaLuxColab,EpiNetEKF,WIS,945.272945220173,-0.28619921047765834,7,4,0.38976886849647635
2025-07-23,ILI incidence,2025-08-03,3,MT,NotreDame,Rt_cocirc,WIS,1284.96697826087,-0.729127626039712,7,7,0.0
2025-07-23,ILI incidence,2025-08-03,3,MT,respicast,hubEnsemble,WIS,637.398497268575,0.2823361358072652,7,2,0.7430275764664661
2025-07-23,ILI incidence,2025-08-03,3,MT,respicast,quantileBaseline,WIS,775.180217391304,0.0,7,3,0.584935234746409
2025-07-23,ILI incidence,2025-08-03,3,MT,safinea,PRFM,WIS,413.440131206465,0.9068533206394209,7,1,1.0
2025-07-23,ILI incidence,2025-08-03,3,NL,ECDC,SARIMA,WIS,6.12051460540633,-0.451554756384791,12,9,0.3140323195376448
2025-07-23,ILI incidence,2025-08-03,3,NL,ECDC,soca_simplex,WIS,8.7464677877979,-0.9666023085444998,12,12,0.0
2025-07-23,ILI incidence,2025-08-03,3,NL,ISI,FluBcast,WIS,0.384420256327872,3.541341938248373,12,1,1.0
2025-07-23,ILI incidence,2025-08-03,3,NL,ItaLuxColab,EpiEKF,WIS,6.78644050951632,-0.6005568771038943,12,11,0.23439561553616434
2025-07-23,ILI incidence,2025-08-03,3,NL,ItaLuxColab,EpiNetEKF,WIS,4.704402475494,-0.0719132905931963,12,8,0.48338224544788194
2025-07-23,ILI incidence,2025-08-03,3,NL,NotreDame,Rt_cocirc,WIS,1.7421,1.3612707617986133,12,2,0.8376378825206879
2025-07-23,ILI incidence,2025-08-03,3,NL,QMUL,ARIMA,WIS,6.30333476693251,-0.49401708390030874,12,10,0.29216923387134747
2025-07-23,ILI incidence,2025-08-03,3,NL,QMUL,SEIR,WIS,2.19353330923467,1.0288415875416195,12,3,0.7836519050988029
2025-07-23,ILI incidence,2025-08-03,3,NL,QMUL,SEIR_agumented,WIS,4.03107520315654,0.15093350352272764,12,6,0.5639040637948162
2025-07-23,ILI incidence,2025-08-03,3,NL,respicast,hubEnsemble,WIS,3.34086718330297,0.42187557242692186,12,5,0.6464446158852003
2025-07-23,ILI incidence,2025-08-03,3,NL,respicast,quantileBaseline,WIS,4.47565304347826,0.0,12,7,0.5107379177464255
2025-07-23,ILI incidence,2025-08-03,3,NL,safinea,PRFM,WIS,2.51943805480876,0.8289962163392838,12,4,0.7446776294387367
2025-07-23,ILI incidence,2025-08-03,3,NO,ECDC,soca_simplex,WIS,3.3001596236733,0.26234079359588486,7,4,0.40911048940714284
2025-07-23,ILI incidence,2025-08-03,3,NO,ItaLuxColab,EpiEKF,WIS,4.89208067542801,-0.3055715948753219,7,7,0.0
2025-07-23,ILI incidence,2025-08-03,3,NO,ItaLuxColab,EpiNetEKF,WIS,3.32888201105977,0.249838864225807,7,5,0.4017290743880575
2025-07-23,ILI incidence,2025-08-03,3,NO,NotreDame,Rt_cocirc,WIS,1.00090434782609,1.983572492178188,7,1,1.0
2025-07-23,ILI incidence,2025-08-03,3,NO,respicast,hubEnsemble,WIS,2.05472528389743,0.9459310817647989,7,2,0.7291767714055776
2025-07-23,ILI incidence,2025-08-03,3,NO,respicast,quantileBaseline,WIS,3.95828804347826,0.0,7,6,0.2399769512694466
2025-07-23,ILI incidence,2025-08-03,3,NO,safinea,PRFM,WIS,2.81752755784902,0.4904468794390948,7,3,0.5331429220678646
2025-07-23,ILI incidence,2025-08-03,3,PL,ECDC,SARIMA,WIS,26.2211431442999,-0.12008308391154619,11,9,0.6623136378663589
2025-07-23,ILI incidence,2025-08-03,3,PL,ECDC,soca_simplex,WIS,21.0343073617843,0.19790318673865895,11,4,0.8044556355249081
2025-07-23,ILI incidence,2025-08-03,3,PL,ItaLuxColab,EpiEKF,WIS,21.9510706265807,0.1363561926534122,11,5,0.7793323103798552
2025-07-23,ILI incidence,2025-08-03,3,PL,ItaLuxColab,EpiNetEKF,WIS,16.0396658041472,0.5890034164483188,11,2,0.9413306703937817
2025-07-23,ILI incidence,2025-08-03,3,PL,NotreDame,Rt_cocirc,WIS,13.8987913043478,0.7956880734048634,11,1,1.0
2025-07-23,ILI incidence,2025-08-03,3,PL,QMUL,ARIMA,WIS,50.3893139363381,-1.0624703146156118,11,11,0.0
2025-07-23,ILI incidence,2025-08-03,3,PL,QMUL,SEIR,WIS,25.8802752294843,-0.10120546091379817,11,8,0.6716549103456072
2025-07-23,ILI incidence,2025-08-03,3,PL,QMUL,SEIR_agumented,WIS,33.3452743384072,-0.4668348193264972,11,10,0.4670812684658242
2025-07-23,ILI incidence,2025-08-03,3,PL,respicast,hubEnsemble,WIS,16.0967832196074,0.5838750901207405,11,3,0.9397654032685001
2025-07-23,ILI incidence,2025-08-03,3,PL,respicast,quantileBaseline,WIS,24.1269826086956,0.0,11,6,0.7197028004367082
2025-07-23,ILI incidence,2025-08-03,3,PL,safinea,PRFM,WIS,25.3581864590407,-0.07180407281541495,11,7,0.6859624272783984
2025-07-23,ILI incidence,2025-08-03,3,RO,ItaLuxColab,EpiEKF,WIS,0.708547957777471,0.9902206863716098,6,5,0.4965992351383387
2025-07-23,ILI incidence,2025-08-03,3,RO,ItaLuxColab,EpiNetEKF,WIS,0.5367298077439,1.3908901794155653,6,4,0.6186705602965149
2025-07-23,ILI incidence,2025-08-03,3,RO,NotreDame,Rt_cocirc,WIS,0.0,10.0,6,1,1.0
2025-07-23,ILI incidence,2025-08-03,3,RO,respicast,hubEnsemble,WIS,0.187821975931963,2.905720317009783,6,3,0.8665584660796195
2025-07-23,ILI incidence,2025-08-03,3,RO,respicast,quantileBaseline,WIS,1.40752260869565,0.0,6,6,0.0
2025-07-23,ILI incidence,2025-08-03,3,RO,safinea,PRFM,WIS,0.001,10.458942380815643,6,2,0.9992895318385496
2025-07-23,ILI incidence,2025-08-03,3,SI,ECDC,SARIMA,WIS,3.34250058402827,-0.24338208935059727,11,10,0.5961583297741608
2025-07-23,ILI incidence,2025-08-03,3,SI,ECDC,soca_simplex,WIS,0.0007458574132133,11.886358248137183,11,3,0.9999098853400531
2025-07-23,ILI incidence,2025-08-03,3,SI,ItaLuxColab,EpiEKF,WIS,1.94114285000851,0.5406394321900732,11,8,0.7654706854980906
2025-07-23,ILI incidence,2025-08-03,3,SI,ItaLuxColab,EpiNetEKF,WIS,1.16332908083925,1.2792864610268404,11,7,0.8594463195389409
2025-07-23,ILI incidence,2025-08-03,3,SI,NotreDame,Rt_cocirc,WIS,0.0,10.0,11,1,1.0
2025-07-23,ILI incidence,2025-08-03,3,SI,QMUL,ARIMA,WIS,8.2767600038873,-1.5515204020319988,11,11,0.0
2025-07-23,ILI incidence,2025-08-03,3,SI,QMUL,SEIR,WIS,0.0008352883666755,11.722983757282732,11,4,0.999899080272198
2025-07-23,ILI incidence,2025-08-03,3,SI,QMUL,SEIR_agumented,WIS,2.46870300029123e-05,16.80343291538983,11,2,0.9999970173074982
2025-07-23,ILI incidence,2025-08-03,3,SI,respicast,hubEnsemble,WIS,0.0009915118165668,11.475628136394931,11,5,0.9998802053199439
2025-07-23,ILI incidence,2025-08-03,3,SI,respicast,quantileBaseline,WIS,2.82361956521739,0.0,11,9,0.6588496508426925
2025-07-23,ILI incidence,2025-08-03,3,SI,safinea,PRFM,WIS,0.001,11.463330007709285,11,6,0.9998791797757178
2025-07-23,ILI incidence,2025-08-10,4,BE,ECDC,soca_simplex,WIS,26.8391673776689,-0.00270244247868784,7,7,0.0
2025-07-23,ILI incidence,2025-08-10,4,BE,ItaLuxColab,EpiEKF,WIS,20.4445060816543,0.38992426426822846,7,5,0.3215770627131451
2025-07-23,ILI incidence,2025-08-10,4,BE,ItaLuxColab,EpiNetEKF,WIS,11.7868509148831,1.1844591475939894,7,3,0.756956387689861
2025-07-23,ILI incidence,2025-08-10,4,BE,NotreDame,Rt_cocirc,WIS,14.3979695652174,0.8957720996785644,7,4,0.6256474993687023
2025-07-23,ILI incidence,2025-08-10,4,BE,respicast,hubEnsemble,WIS,11.5135653026258,1.2183028244139749,7,2,0.7706994743684685
2025-07-23,ILI incidence,2025-08-10,4,BE,respicast,quantileBaseline,WIS,26.7889395652174,0.0,7,6,0.002525874576770242
2025-07-23,ILI incidence,2025-08-10,4,BE,safinea,PRFM,WIS,6.95385204434614,1.945753196933233,7,1,1.0
2025-07-23,ILI incidence,2025-08-10,4,CZ,ItaLuxColab,EpiEKF,WIS,5.63607357083453,0.05772961273773039,6,4,0.6816691208136573
2025-07-23,ILI incidence,2025-08-10,4,CZ,ItaLuxColab,EpiNetEKF,WIS,3.00792681253482,0.9636505923538817,6,2,0.8504875442554903
2025-07-23,ILI incidence,2025-08-10,4,CZ,NotreDame,Rt_cocirc,WIS,16.2482239130435,-1.469790064403169,6,6,0.0
2025-07-23,ILI incidence,2025-08-10,4,CZ,respicast,hubEnsemble,WIS,3.53829660525342,0.7293650667331422,6,3,0.8164193583883314
2025-07-23,ILI incidence,2025-08-10,4,CZ,respicast,quantileBaseline,WIS,5.86617478260869,0.0,6,5,0.6668886205691047
2025-07-23,ILI incidence,2025-08-10,4,CZ,safinea,PRFM,WIS,0.680333248519863,3.1081065550205444,6,1,1.0
2025-07-23,ILI incidence,2025-08-10,4,DK,ECDC,soca_simplex,WIS,77.0672782760831,-1.506429307273153,8,8,0.0
2025-07-23,ILI incidence,2025-08-10,4,DK,ISI,FluBcast,WIS,46.9474441782885,-0.7913574855408584,8,6,0.4851348518269113
2025-07-23,ILI incidence,2025-08-10,4,DK,ItaLuxColab,EpiEKF,WIS,24.1132438726283,0.16986338922062716,8,2,0.852921286038499
2025-07-23,ILI incidence,2025-08-10,4,DK,ItaLuxColab,EpiNetEKF,WIS,14.9817901187802,0.8564791176710151,8,1,1.0
2025-07-23,ILI incidence,2025-08-10,4,DK,NotreDame,Rt_cocirc,WIS,64.3652608695652,-1.2465931149283471,8,7,0.20458915253006352
2025-07-23,ILI incidence,2025-08-10,4,DK,respicast,hubEnsemble,WIS,43.6818052841602,-0.6873433472030959,8,5,0.5377339211272012
2025-07-23,ILI incidence,2025-08-10,4,DK,respicast,quantileBaseline,WIS,27.1262408695652,0.0,8,3,0.8043914751863557
2025-07-23,ILI incidence,2025-08-10,4,DK,safinea,PRFM,WIS,37.2574260495767,-0.4578388742462137,8,4,0.6412102635907793
2025-07-23,ILI incidence,2025-08-10,4,EE,ECDC,SARIMA,WIS,18.2742465446773,-0.3663203096942335,11,7,0.6643855595331484
2025-07-23,ILI incidence,2025-08-10,4,EE,ECDC,soca_simplex,WIS,14.2393347871383,-0.006390135365858982,11,5,0.7790383364256167
2025-07-23,ILI incidence,2025-08-10,4,EE,ItaLuxColab,EpiEKF,WIS,23.5988149771634,-0.7352228012137799,11,10,0.5130869455305328
2025-07-23,ILI incidence,2025-08-10,4,EE,ItaLuxColab,EpiNetEKF,WIS,17.1770498981144,-0.27699066486739504,11,6,0.6955626087190436
2025-07-23,ILI incidence,2025-08-10,4,EE,NotreDame,Rt_cocirc,WIS,8.34476956521739,0.7645474984813919,11,2,0.9465335164637563
2025-07-23,ILI incidence,2025-08-10,4,EE,QMUL,ARIMA,WIS,41.6556000396185,-1.55501884497684,11,11,0.0
2025-07-23,ILI incidence,2025-08-10,4,EE,QMUL,SEIR,WIS,22.3140856433227,-0.6544630762275524,11,8,0.5495927713158997
2025-07-23,ILI incidence,2025-08-10,4,EE,QMUL,SEIR_agumented,WIS,6.46315318485716,1.1331815239305145,11,1,1.0
2025-07-23,ILI incidence,2025-08-10,4,EE,respicast,hubEnsemble,WIS,12.8523127063931,0.14146362655096106,11,3,0.818450829864036
2025-07-23,ILI incidence,2025-08-10,4,EE,respicast,quantileBaseline,WIS,14.1764039130435,0.0,11,4,0.7808265290555442
2025-07-23,ILI incidence,2025-08-10,4,EE,safinea,PRFM,WIS,23.5595811654668,-0.7328222768847559,11,9,0.51420178167303
2025-07-23,ILI incidence,2025-08-10,4,ES,ECDC,SARIMA,WIS,4.80932127560822,-0.73791396102307,10,7,0.39505326886387443
2025-07-23,ILI incidence,2025-08-10,4,ES,ECDC,soca_simplex,WIS,0.295404942701603,3.2871534737995,10,1,1.0
2025-07-23,ILI incidence,2025-08-10,4,ES,ItaLuxColab,EpiEKF,WIS,3.93915696880223,-0.44996756275414357,10,6,0.5116710823390863
2025-07-23,ILI incidence,2025-08-10,4,ES,ItaLuxColab,EpiNetEKF,WIS,1.64409503254629,0.8106256517378131,10,4,0.819251044770282
2025-07-23,ILI incidence,2025-08-10,4,ES,QMUL,ARIMA,WIS,7.75708065822984,-1.4275944585635436,10,10,0.0
2025-07-23,ILI incidence,2025-08-10,4,ES,QMUL,SEIR,WIS,6.67171081284445,-1.2101374117988053,10,8,0.1454592623379041
2025-07-23,ILI incidence,2025-08-10,4,ES,QMUL,SEIR_agumented,WIS,6.67216028486924,-1.2102346026449518,10,9,0.14539902492717677
2025-07-23,ILI incidence,2025-08-10,4,ES,respicast,hubEnsemble,WIS,1.22743298985669,1.2322750797337534,10,3,0.875091322286296
2025-07-23,ILI incidence,2025-08-10,4,ES,respicast,quantileBaseline,WIS,2.88369652173913,0.0,10,5,0.6531219423471966
2025-07-23,ILI incidence,2025-08-10,4,ES,safinea,PRFM,WIS,0.432226518123475,2.7380598515296075,10,2,0.9816634251288705
2025-07-23,ILI incidence,2025-08-10,4,FI,ECDC,soca_simplex,WIS,0.975591338067273,1.7237828412157254,7,2,0.9936514125321144
2025-07-23,ILI incidence,2025-08-10,4,FI,ISI,FluBcast,WIS,3.07362603457506,0.0681900510903038,7,6,0.06579171384364156
2025-07-23,ILI incidence,2025-08-10,4,FI,ItaLuxColab,EpiEKF,WIS,2.79296305065884,0.20633520764239924,7,5,0.18991543406761024
2025-07-23,ILI incidence,2025-08-10,4,FI,ItaLuxColab,EpiNetEKF,WIS,1.44961571390981,1.1524611958660278,7,4,0.7840132615175726
2025-07-23,ILI incidence,2025-08-10,4,FI,respicast,hubEnsemble,WIS,0.979506457553871,1.7180047865009707,7,3,0.9919199437469647
2025-07-23,ILI incidence,2025-08-10,4,FI,respicast,quantileBaseline,WIS,3.22239130434783,0.0,7,7,0.0
2025-07-23,ILI incidence,2025-08-10,4,FI,safinea,PRFM,WIS,0.961236197090393,1.7451688134382173,7,1,1.0
2025-07-23,ILI incidence,2025-08-10,4,FR,NotreDame,Rt_cocirc,WIS,22.8537760869565,0.42700192848709345,3,1,1.0
2025-07-23,ILI incidence,2025-08-10,4,FR,respicast,hubEnsemble,WIS,22.8537760869565,0.42700192848709345,3,1,1.0
2025-07-23,ILI incidence,2025-08-10,4,FR,respicast,quantileBaseline,WIS,30.7254573913044,0.0,3,3,0.0
2025-07-23,ILI incidence,2025-08-10,4,GR,ECDC,SARIMA,WIS,85.4133556443093,-0.043967248773359065,12,7,0.6936915798628329
2025-07-23,ILI incidence,2025-08-10,4,GR,ECDC,soca_simplex,WIS,126.345858307808,-0.6088120420787356,12,10,0.5327673168127675
2025-07-23,ILI incidence,2025-08-10,4,GR,ISI,FluBcast,WIS,117.021528937136,-0.49820764225096914,12,9,0.5694254914850321
2025-07-23,ILI incidence,2025-08-10,4,GR,ItaLuxColab,EpiEKF,WIS,77.21615868191,0.10159164000891555,12,5,0.7259184849972378
2025-07-23,ILI incidence,2025-08-10,4,GR,ItaLuxColab,EpiNetEKF,WIS,73.6158853271431,0.1704773112248977,12,3,0.7400727951100984
2025-07-23,ILI incidence,2025-08-10,4,GR,NotreDame,Rt_cocirc,WIS,7.50111304347826,3.4653178363240076,12,1,1.0
2025-07-23,ILI incidence,2025-08-10,4,GR,QMUL,ARIMA,WIS,50.8062376475719,0.705488793218146,12,2,0.8297478822515424
2025-07-23,ILI incidence,2025-08-10,4,GR,QMUL,SEIR,WIS,211.854167688269,-1.3545051797319623,12,11,0.196595307374937
2025-07-23,ILI incidence,2025-08-10,4,GR,QMUL,SEIR_agumented,WIS,261.859914430464,-1.6602288979573285,12,12,0.0
2025-07-23,ILI incidence,2025-08-10,4,GR,respicast,hubEnsemble,WIS,74.5994862170361,0.15132873110838363,12,4,0.7362058131754079
2025-07-23,ILI incidence,2025-08-10,4,GR,respicast,quantileBaseline,WIS,82.8495823913043,0.0,12,6,0.7037709372077532
2025-07-23,ILI incidence,2025-08-10,4,GR,safinea,PRFM,WIS,107.373841275194,-0.3740762320245086,12,8,0.6073549344975577
2025-07-23,ILI incidence,2025-08-10,4,HR,ECDC,soca_simplex,WIS,0.0120532657135546,7.8410785178053555,7,1,1.0
2025-07-23,ILI incidence,2025-08-10,4,HR,ItaLuxColab,EpiEKF,WIS,1.97117763401976,0.4875886197620572,7,6,0.2880399819028964
2025-07-23,ILI incidence,2025-08-10,4,HR,ItaLuxColab,EpiNetEKF,WIS,0.569423385337966,2.2790727627873713,7,5,0.7974476521887873
2025-07-23,ILI incidence,2025-08-10,4,HR,NotreDame,Rt_cocirc,WIS,0.1,4.788574506338786,7,3,0.9680395182934234
2025-07-23,ILI incidence,2025-08-10,4,HR,respicast,hubEnsemble,WIS,0.0582868820896393,5.567331370865367,7,2,0.9831983681667589
2025-07-23,ILI incidence,2025-08-10,4,HR,respicast,quantileBaseline,WIS,2.76378695652174,0.0,7,7,0.0
2025-07-23,ILI incidence,2025-08-10,4,HR,safinea,PRFM,WIS,0.201,3.7813790049345815,7,4,0.9313353850637517
2025-07-23,ILI incidence,2025-08-10,4,IE,ECDC,SARIMA,WIS,4.45811900218565,-1.462126604143425,12,11,0.17961068982047587
2025-07-23,ILI incidence,2025-08-10,4,IE,ECDC,soca_simplex,WIS,1.93858768229074,-0.2606974662894792,12,7,0.66738919921852
2025-07-23,ILI incidence,2025-08-10,4,IE,ISI,FluBcast,WIS,0.220546986036102,2.8751505733384,12,1,1.0
2025-07-23,ILI incidence,2025-08-10,4,IE,ItaLuxColab,EpiEKF,WIS,2.85108021931488,-0.8172001088338442,12,9,0.4907316415085251
2025-07-23,ILI incidence,2025-08-10,4,IE,ItaLuxColab,EpiNetEKF,WIS,2.38327047140911,-0.5586341653241387,12,8,0.5812990973339479
2025-07-23,ILI incidence,2025-08-10,4,IE,NotreDame,Rt_cocirc,WIS,1.86761739130435,-0.20689040482143106,12,5,0.6811289699749045
2025-07-23,ILI incidence,2025-08-10,4,IE,QMUL,ARIMA,WIS,5.3858654068993,-1.7348696539045185,12,12,0.0
2025-07-23,ILI incidence,2025-08-10,4,IE,QMUL,SEIR,WIS,0.7283742521095,1.1515566940146225,12,2,0.9016851964010124
2025-07-23,ILI incidence,2025-08-10,4,IE,QMUL,SEIR_agumented,WIS,0.753217052543344,1.103170955856244,12,3,0.8968756573930199
2025-07-23,ILI incidence,2025-08-10,4,IE,respicast,hubEnsemble,WIS,1.88279292165744,-0.21856581100171527,12,6,0.6781910038871228
2025-07-23,ILI incidence,2025-08-10,4,IE,respicast,quantileBaseline,WIS,1.61810869565217,0.0,12,4,0.7294335807118517
2025-07-23,ILI incidence,2025-08-10,4,IE,safinea,PRFM,WIS,2.94044319858636,-0.86172509845126,12,10,0.4734310664054425
2025-07-23,ILI incidence,2025-08-10,4,IS,ECDC,SARIMA,WIS,1.81702533479605,-1.8879113624880035,8,7,0.093827550999097
2025-07-23,ILI incidence,2025-08-10,4,IS,ISI,FluBcast,WIS,0.387477064450552,0.3414843507349028,8,1,1.0
2025-07-23,ILI incidence,2025-08-10,4,IS,ItaLuxColab,EpiEKF,WIS,1.96504463662916,-2.000894911413405,8,8,0.0
2025-07-23,ILI incidence,2025-08-10,4,IS,ItaLuxColab,EpiNetEKF,WIS,0.769894216722059,-0.6490649658590532,8,3,0.7575906357257383
2025-07-23,ILI incidence,2025-08-10,4,IS,QMUL,ARIMA,WIS,1.7090642986114,-1.7995395025413923,8,6,0.1622626773851933
2025-07-23,ILI incidence,2025-08-10,4,IS,respicast,hubEnsemble,WIS,0.914976825479411,-0.8981399356810973,8,5,0.6656246170803409
2025-07-23,ILI incidence,2025-08-10,4,IS,respicast,quantileBaseline,WIS,0.49095652173913,0.0,8,2,0.9344056894211678
2025-07-23,ILI incidence,2025-08-10,4,IS,safinea,PRFM,WIS,0.869601101544995,-0.8247585002455373,8,4,0.6943877108042772
2025-07-23,ILI incidence,2025-08-10,4,LT,ECDC,soca_simplex,WIS,1.56360456753496,1.9536877846406957,8,3,0.8411069384584757
2025-07-23,ILI incidence,2025-08-10,4,LT,ISI,FluBcast,WIS,0.855996884355181,2.82288603807739,8,2,0.973567110827333
2025-07-23,ILI incidence,2025-08-10,4,LT,ItaLuxColab,EpiEKF,WIS,5.41200976519693,0.16239904627241297,8,7,0.12070716335032704
2025-07-23,ILI incidence,2025-08-10,4,LT,ItaLuxColab,EpiNetEKF,WIS,2.36577335023259,1.3562516239062783,8,5,0.6909454609183165
2025-07-23,ILI incidence,2025-08-10,4,LT,NotreDame,Rt_cocirc,WIS,0.714791304347826,3.0829694999481525,8,1,1.0
2025-07-23,ILI incidence,2025-08-10,4,LT,respicast,hubEnsemble,WIS,1.57501819468498,1.9431949939354591,8,4,0.8389703717484427
2025-07-23,ILI incidence,2025-08-10,4,LT,respicast,quantileBaseline,WIS,6.05683239130435,0.0,8,8,0.0
2025-07-23,ILI incidence,2025-08-10,4,LT,safinea,PRFM,WIS,2.48421738084052,1.2857720669634678,8,6,0.6687734055784332
2025-07-23,ILI incidence,2025-08-10,4,LU,ECDC,SARIMA,WIS,1084.92752046943,-0.1782575990855511,9,4,0.6608461816949708
2025-07-23,ILI incidence,2025-08-10,4,LU,ECDC,soca_simplex,WIS,834.143025249956,0.20097438647815774,9,2,0.910891562566448
2025-07-23,ILI incidence,2025-08-10,4,LU,ItaLuxColab,EpiEKF,WIS,1379.59787199391,-0.5249067422795184,9,7,0.3670442853138215
2025-07-23,ILI incidence,2025-08-10,4,LU,ItaLuxColab,EpiNetEKF,WIS,1739.11118263855,-0.859009101831405,9,8,0.008590535572102246
2025-07-23,ILI incidence,2025-08-10,4,LU,NotreDame,Rt_cocirc,WIS,1105.24630217391,-0.20502684116942904,9,5,0.6405872836889565
2025-07-23,ILI incidence,2025-08-10,4,LU,QMUL,ARIMA,WIS,1747.72711115363,-0.8661388747618847,9,9,0.0
2025-07-23,ILI incidence,2025-08-10,4,LU,respicast,hubEnsemble,WIS,1155.60179616506,-0.2693032851130658,9,6,0.5903801978682428
2025-07-23,ILI incidence,2025-08-10,4,LU,respicast,quantileBaseline,WIS,958.826086956522,0.0,9,3,0.7865759679147286
2025-07-23,ILI incidence,2025-08-10,4,LU,safinea,PRFM,WIS,744.771190330695,0.3644718943752682,9,1,1.0
2025-07-23,ILI incidence,2025-08-10,4,MT,ECDC,soca_simplex,WIS,302.896067149283,1.293114032194052,7,2,0.885782904373316
2025-07-23,ILI incidence,2025-08-10,4,MT,ItaLuxColab,EpiEKF,WIS,927.66993615064,-0.32167470921833863,7,7,0.0
2025-07-23,ILI incidence,2025-08-10,4,MT,ItaLuxColab,EpiNetEKF,WIS,747.683694122145,-0.010491192069022695,7,6,0.25517830389749
2025-07-23,ILI incidence,2025-08-10,4,MT,NotreDame,Rt_cocirc,WIS,222.33472826087,1.7392035660848226,7,1,1.0
2025-07-23,ILI incidence,2025-08-10,4,MT,respicast,hubEnsemble,WIS,389.125020169086,0.931703131794979,7,3,0.7635304603505884
2025-07-23,ILI incidence,2025-08-10,4,MT,respicast,quantileBaseline,WIS,742.266304347826,0.0,7,5,0.26285889280574365
2025-07-23,ILI incidence,2025-08-10,4,MT,safinea,PRFM,WIS,476.164246311505,0.6404775810640734,7,4,0.6401292389613655
2025-07-23,ILI incidence,2025-08-10,4,NL,ECDC,SARIMA,WIS,7.41419654652299,-0.4851496673620417,12,10,0.16209875781131988
2025-07-23,ILI incidence,2025-08-10,4,NL,ECDC,soca_simplex,WIS,3.25976924363104,0.7003708525206493,12,5,0.6613313527515421
2025-07-23,ILI incidence,2025-08-10,4,NL,ISI,FluBcast,WIS,0.441495178551323,3.584671105610186,12,1,1.0
2025-07-23,ILI incidence,2025-08-10,4,NL,ItaLuxColab,EpiEKF,WIS,8.76312190124037,-0.726304234536269,12,12,0.0
2025-07-23,ILI incidence,2025-08-10,4,NL,ItaLuxColab,EpiNetEKF,WIS,5.89910795100712,-0.15535611667200952,12,9,0.3441651549239129
2025-07-23,ILI incidence,2025-08-10,4,NL,NotreDame,Rt_cocirc,WIS,2.75078695652174,0.9452962835455487,12,3,0.72249514969542
2025-07-23,ILI incidence,2025-08-10,4,NL,QMUL,ARIMA,WIS,8.28275589606878,-0.6449701777120631,12,11,0.05772501232984459
2025-07-23,ILI incidence,2025-08-10,4,NL,QMUL,SEIR,WIS,1.51208360066153,1.8086027873585804,12,2,0.8713486608103641
2025-07-23,ILI incidence,2025-08-10,4,NL,QMUL,SEIR_agumented,WIS,2.98642345258916,0.8267219500210558,12,4,0.6941789918191055
2025-07-23,ILI incidence,2025-08-10,4,NL,respicast,hubEnsemble,WIS,3.95835490990668,0.4202397217936482,12,6,0.5773831429176481
2025-07-23,ILI incidence,2025-08-10,4,NL,respicast,quantileBaseline,WIS,5.29687217391304,0.0,12,8,0.4165351130057955
2025-07-23,ILI incidence,2025-08-10,4,NL,safinea,PRFM,WIS,4.74102471396421,0.1599417798531506,12,7,0.4833306421098952
2025-07-23,ILI incidence,2025-08-10,4,NO,ECDC,soca_simplex,WIS,3.36775201536978,0.36148183522096217,7,5,0.4203422775562495
2025-07-23,ILI incidence,2025-08-10,4,NO,ItaLuxColab,EpiEKF,WIS,5.35300360976595,-0.3070808809292286,7,7,0.0
2025-07-23,ILI incidence,2025-08-10,4,NO,ItaLuxColab,EpiNetEKF,WIS,3.26859251012589,0.4045982146204701,7,4,0.44133756721788314
2025-07-23,ILI incidence,2025-08-10,4,NO,NotreDame,Rt_cocirc,WIS,0.630063043478261,2.7796996490255705,7,1,1.0
2025-07-23,ILI incidence,2025-08-10,4,NO,respicast,hubEnsemble,WIS,2.0584957235495,1.0716772930813063,7,3,0.697554381635166
2025-07-23,ILI incidence,2025-08-10,4,NO,respicast,quantileBaseline,WIS,4.32670195652174,0.0,7,6,0.217301411872498
2025-07-23,ILI incidence,2025-08-10,4,NO,safinea,PRFM,WIS,1.59874026971472,1.4363321660228017,7,2,0.7948995519547992
2025-07-23,ILI incidence,2025-08-10,4,PL,ECDC,SARIMA,WIS,30.701118445693,-0.14210807633165917,11,8,0.573513030696042
2025-07-23,ILI incidence,2025-08-10,4,PL,ECDC,soca_simplex,WIS,6.93631492678844,2.003941830510025,11,1,1.0
2025-07-23,ILI incidence,2025-08-10,4,PL,ItaLuxColab,EpiEKF,WIS,28.8845447767875,-0.05411462005714601,11,6,0.6061135526381898
2025-07-23,ILI incidence,2025-08-10,4,PL,ItaLuxColab,EpiNetEKF,WIS,19.7977652528065,0.4908455479190425,11,3,0.769186353001681
2025-07-23,ILI incidence,2025-08-10,4,PL,NotreDame,Rt_cocirc,WIS,19.5758326086957,0.5071094675687439,11,2,0.7731691917699939
2025-07-23,ILI incidence,2025-08-10,4,PL,QMUL,ARIMA,WIS,62.6585414644235,-1.1713280499472638,11,11,0.0
2025-07-23,ILI incidence,2025-08-10,4,PL,QMUL,SEIR,WIS,29.5710899344595,-0.08800428166244362,11,7,0.5937927033051448
2025-07-23,ILI incidence,2025-08-10,4,PL,QMUL,SEIR_agumented,WIS,36.720165790753,-0.40038943471625743,11,9,0.4654942432379581
2025-07-23,ILI incidence,2025-08-10,4,PL,respicast,hubEnsemble,WIS,20.2955880142666,0.45501699863945605,11,4,0.760252346010344
2025-07-23,ILI incidence,2025-08-10,4,PL,respicast,quantileBaseline,WIS,27.8211708695652,0.0,11,5,0.6251970310505983
2025-07-23,ILI incidence,2025-08-10,4,PL,safinea,PRFM,WIS,37.3123451672177,-0.423469901938477,11,10,0.4548668973248378
2025-07-23,ILI incidence,2025-08-10,4,RO,ItaLuxColab,EpiEKF,WIS,0.896265102685396,0.7672290340899732,6,5,0.4124551184906281
2025-07-23,ILI incidence,2025-08-10,4,RO,ItaLuxColab,EpiNetEKF,WIS,0.578374063229766,1.399151701401457,6,4,0.6208479841173626
2025-07-23,ILI incidence,2025-08-10,4,RO,NotreDame,Rt_cocirc,WIS,0.0,10.0,6,1,1.0
2025-07-23,ILI incidence,2025-08-10,4,RO,respicast,hubEnsemble,WIS,0.20363165496302,2.9051927097334835,6,3,0.8665096563189503
2025-07-23,ILI incidence,2025-08-10,4,RO,respicast,quantileBaseline,WIS,1.52544108695652,0.0,6,6,0.0
2025-07-23,ILI incidence,2025-08-10,4,RO,safinea,PRFM,WIS,0.001,10.575010748290953,6,2,0.9993444519040752
2025-07-23,ILI incidence,2025-08-10,4,SI,ECDC,SARIMA,WIS,4.05088687515498,-0.1274418611613251,10,9,0.6137674207804873
2025-07-23,ILI incidence,2025-08-10,4,SI,ItaLuxColab,EpiEKF,WIS,2.70067821371982,0.45747418308173327,10,7,0.7425033222911104
2025-07-23,ILI incidence,2025-08-10,4,SI,ItaLuxColab,EpiNetEKF,WIS,1.59212609636432,1.2198413339694716,10,6,0.8481984346655054
2025-07-23,ILI incidence,2025-08-10,4,SI,NotreDame,Rt_cocirc,WIS,0.0,10.0,10,1,1.0
2025-07-23,ILI incidence,2025-08-10,4,SI,QMUL,ARIMA,WIS,10.4882060527905,-1.4999000934275595,10,10,0.0
2025-07-23,ILI incidence,2025-08-10,4,SI,QMUL,SEIR,WIS,0.0004732237157253,12.935985938838746,10,3,0.9999548803948604
2025-07-23,ILI incidence,2025-08-10,4,SI,QMUL,SEIR_agumented,WIS,4.07266278011878e-06,19.79639214219531,10,2,0.999999611691193
2025-07-23,ILI incidence,2025-08-10,4,SI,respicast,hubEnsemble,WIS,0.722329953369849,2.360066033809506,10,5,0.9311293132749174
2025-07-23,ILI incidence,2025-08-10,4,SI,respicast,quantileBaseline,WIS,3.70839760869565,0.0,10,8,0.6464221250011587
2025-07-23,ILI incidence,2025-08-10,4,SI,safinea,PRFM,WIS,0.001,11.85658022046495,10,4,0.9999046548098915
2025-07-30,ILI incidence,2025-07-27,1,BE,ECDC,SARIMA,WIS,19.2560140885417,-0.9712427269106156,6,6,0.0
2025-07-30,ILI incidence,2025-07-27,1,BE,ECDC,soca_simplex,WIS,8.9654754115851,0.13161438363831257,6,4,0.5730064470978
2025-07-30,ILI incidence,2025-07-27,1,BE,NotreDame,Rt_cocirc,WIS,1.29716086956522,2.920637061528176,6,1,1.0
2025-07-30,ILI incidence,2025-07-27,1,BE,respicast,hubEnsemble,WIS,7.58627923074001,0.3726019960682209,6,3,0.6498040111754294
2025-07-30,ILI incidence,2025-07-27,1,BE,respicast,quantileBaseline,WIS,9.82184782608697,0.0,6,5,0.525321196594334
2025-07-30,ILI incidence,2025-07-27,1,BE,safinea,PRFM,WIS,7.2861354563676,0.43084065400240396,6,2,0.6665168697701676
2025-07-30,ILI incidence,2025-07-27,1,CZ,NotreDame,Rt_cocirc,WIS,1.70742608695652,1.5658895164037054,4,3,0.7760470894767333
2025-07-30,ILI incidence,2025-07-27,1,CZ,respicast,hubEnsemble,WIS,0.766141977747789,2.722028967865404,4,2,0.9942587335999736
2025-07-30,ILI incidence,2025-07-27,1,CZ,respicast,quantileBaseline,WIS,5.05500543478261,0.0,4,4,0.0
2025-07-30,ILI incidence,2025-07-27,1,CZ,safinea,PRFM,WIS,0.74137628364016,2.7694347734982974,4,1,1.0
2025-07-30,ILI incidence,2025-07-27,1,DK,ECDC,soca_simplex,WIS,40.3650748475938,-0.5215347290477423,5,5,0.0
2025-07-30,ILI incidence,2025-07-27,1,DK,NotreDame,Rt_cocirc,WIS,37.169597826087,-0.40255024057297895,5,4,0.16257721453753096
2025-07-30,ILI incidence,2025-07-27,1,DK,respicast,hubEnsemble,WIS,32.2332517159532,-0.19697689816214037,5,3,0.4137251324156255
2025-07-30,ILI incidence,2025-07-27,1,DK,respicast,quantileBaseline,WIS,28.1195369565217,0.0,5,2,0.6230197956189731
2025-07-30,ILI incidence,2025-07-27,1,DK,safinea,PRFM,WIS,20.7099403283028,0.44124944107785824,5,1,1.0
2025-07-30,ILI incidence,2025-07-27,1,EE,ECDC,SARIMA,WIS,18.6615444549911,0.08011590186955912,6,4,0.33649466496737757
2025-07-30,ILI incidence,2025-07-27,1,EE,ECDC,soca_simplex,WIS,6.15192991690107,1.681073319168239,6,1,1.0
2025-07-30,ILI incidence,2025-07-27,1,EE,NotreDame,Rt_cocirc,WIS,25.0057565217391,-0.34207596044311966,6,6,0.0
2025-07-30,ILI incidence,2025-07-27,1,EE,respicast,hubEnsemble,WIS,6.76839275153116,1.5432991007268568,6,2,0.9673030389241035
2025-07-30,ILI incidence,2025-07-27,1,EE,respicast,quantileBaseline,WIS,19.7271739130435,0.0,6,5,0.2799740720719833
2025-07-30,ILI incidence,2025-07-27,1,EE,safinea,PRFM,WIS,7.42964823118796,1.4088184816748528,6,3,0.9322302924988701
2025-07-30,ILI incidence,2025-07-27,1,ES,ECDC,SARIMA,WIS,1.1710715223285,-0.4335082632918375,5,5,0.0
2025-07-30,ILI incidence,2025-07-27,1,ES,ECDC,soca_simplex,WIS,0.449712517110927,0.9472459817210054,5,1,1.0
2025-07-30,ILI incidence,2025-07-27,1,ES,respicast,hubEnsemble,WIS,0.625092249108744,0.47217990786755504,5,3,0.7568759373220555
2025-07-30,ILI incidence,2025-07-27,1,ES,respicast,quantileBaseline,WIS,0.867130434782609,0.0,5,4,0.42134510742569536
2025-07-30,ILI incidence,2025-07-27,1,ES,safinea,PRFM,WIS,0.514323709730096,0.7535723598581905,5,2,0.9104312940549191
2025-07-30,ILI incidence,2025-07-27,1,FI,ECDC,soca_simplex,WIS,0.200586478410978,3.5334244664568635,4,1,1.0
2025-07-30,ILI incidence,2025-07-27,1,FI,respicast,hubEnsemble,WIS,0.560819223459265,2.0501130211003122,4,2,0.830237553481411
2025-07-30,ILI incidence,2025-07-27,1,FI,respicast,quantileBaseline,WIS,2.32256782608696,0.0,4,4,0.0
2025-07-30,ILI incidence,2025-07-27,1,FI,safinea,PRFM,WIS,1.00459222735622,1.2091107104618535,4,3,0.6211061186632021
2025-07-30,ILI incidence,2025-07-27,1,GR,ECDC,SARIMA,WIS,37.5086125570578,-0.5624502018592964,7,5,0.8238094628942936
2025-07-30,ILI incidence,2025-07-27,1,GR,ECDC,soca_simplex,WIS,30.8138600357475,-0.2788077224712341,7,3,0.8676082726910874
2025-07-30,ILI incidence,2025-07-27,1,GR,ISI,FluBcast,WIS,10.5774688115538,1.2637772650540626,7,1,1.0
2025-07-30,ILI incidence,2025-07-27,1,GR,NotreDame,Rt_cocirc,WIS,74.9987282608696,-1.5620944354493254,7,6,0.57853938879607
2025-07-30,ILI incidence,2025-07-27,1,GR,respicast,hubEnsemble,WIS,32.9823015668988,-0.3769203793935425,7,4,0.8534217649932979
2025-07-30,ILI incidence,2025-07-27,1,GR,respicast,quantileBaseline,WIS,25.399,0.0,7,2,0.9030336934257656
2025-07-30,ILI incidence,2025-07-27,1,GR,safinea,PRFM,WIS,163.429853439603,-2.685827940109504,7,7,0.0
2025-07-30,ILI incidence,2025-07-27,1,HR,ECDC,soca_simplex,WIS,0.198845373388298,2.145291885633134,5,3,0.9390495068224346
2025-07-30,ILI incidence,2025-07-27,1,HR,NotreDame,Rt_cocirc,WIS,0.155226086956522,2.5025678463545025,5,2,0.99921409406217
2025-07-30,ILI incidence,2025-07-27,1,HR,respicast,hubEnsemble,WIS,0.154656305665178,2.5078732240678328,5,1,1.0
2025-07-30,ILI incidence,2025-07-27,1,HR,respicast,quantileBaseline,WIS,0.879655652173913,0.0,5,5,0.0
2025-07-30,ILI incidence,2025-07-27,1,HR,safinea,PRFM,WIS,0.22264619791007,1.9821859050850361,5,4,0.9062207537533651
2025-07-30,ILI incidence,2025-07-27,1,IE,ECDC,SARIMA,WIS,1.69394338152722,-0.7651607145472081,7,6,0.13459606733805055
2025-07-30,ILI incidence,2025-07-27,1,IE,ECDC,soca_simplex,WIS,0.646677200905665,0.6241072871076574,7,3,0.8842995107376495
2025-07-30,ILI incidence,2025-07-27,1,IE,ISI,FluBcast,WIS,1.88196160474441,-0.9170122547082766,7,7,0.0
2025-07-30,ILI incidence,2025-07-27,1,IE,NotreDame,Rt_cocirc,WIS,0.485054347826087,1.0390066322246188,7,1,1.0
2025-07-30,ILI incidence,2025-07-27,1,IE,respicast,hubEnsemble,WIS,0.626817900532722,0.6691066545061348,7,2,0.8985161312574353
2025-07-30,ILI incidence,2025-07-27,1,IE,respicast,quantileBaseline,WIS,0.996695652173913,0.0,7,5,0.6337328037964788
2025-07-30,ILI incidence,2025-07-27,1,IE,safinea,PRFM,WIS,0.840531322341613,0.24585145268993164,7,4,0.7455257156443346
2025-07-30,ILI incidence,2025-07-27,1,IS,ISI,FluBcast,WIS,0.825916181033672,-0.8664843253890011,4,4,0.0
2025-07-30,ILI incidence,2025-07-27,1,IS,respicast,hubEnsemble,WIS,0.450622198260575,0.007592665833478988,4,2,0.635212202880524
2025-07-30,ILI incidence,2025-07-27,1,IS,respicast,quantileBaseline,WIS,0.453,0.0,4,3,0.6311876015006865
2025-07-30,ILI incidence,2025-07-27,1,IS,safinea,PRFM,WIS,0.235099472741175,0.9462397468167102,4,1,1.0
2025-07-30,ILI incidence,2025-07-27,1,LT,ECDC,SARIMA,WIS,2.27491612524858,-0.7944520718086989,7,7,0.0
2025-07-30,ILI incidence,2025-07-27,1,LT,ECDC,soca_simplex,WIS,0.311343359587831,2.0747828687279357,7,4,0.9548065125680729
2025-07-30,ILI incidence,2025-07-27,1,LT,ISI,FluBcast,WIS,0.243111907067547,2.431668823081506,7,2,0.9879847254500508
2025-07-30,ILI incidence,2025-07-27,1,LT,NotreDame,Rt_cocirc,WIS,0.539365217391304,1.2820268901063254,7,5,0.8439286481741018
2025-07-30,ILI incidence,2025-07-27,1,LT,respicast,hubEnsemble,WIS,0.2889745885857,2.182346745346836,7,3,0.9656835468213931
2025-07-30,ILI incidence,2025-07-27,1,LT,respicast,quantileBaseline,WIS,1.3116304347826,0.0,7,6,0.4684071131996227
2025-07-30,ILI incidence,2025-07-27,1,LT,safinea,PRFM,WIS,0.218402329192171,2.586301135867296,7,1,1.0
2025-07-30,ILI incidence,2025-07-27,1,LU,ECDC,SARIMA,WIS,563.058144608365,-1.2813236897103422,6,2,0.7171813032265583
2025-07-30,ILI incidence,2025-07-27,1,LU,ECDC,soca_simplex,WIS,852.38508620756,-1.8795451299258847,6,3,0.4702724488300943
2025-07-30,ILI incidence,2025-07-27,1,LU,NotreDame,Rt_cocirc,WIS,1403.44871521739,-2.598944219540767,6,6,0.0
2025-07-30,ILI incidence,2025-07-27,1,LU,respicast,hubEnsemble,WIS,857.216006629544,-1.8876985681933485,6,4,0.46614978738529544
2025-07-30,ILI incidence,2025-07-27,1,LU,respicast,quantileBaseline,WIS,231.652173913043,0.0,6,1,1.0
2025-07-30,ILI incidence,2025-07-27,1,LU,safinea,PRFM,WIS,887.539352935926,-1.937850867872843,6,5,0.44027213265811177
2025-07-30,ILI incidence,2025-07-27,1,MT,ECDC,SARIMA,WIS,268.193108639037,0.8764057211523524,6,1,1.0
2025-07-30,ILI incidence,2025-07-27,1,MT,ECDC,soca_simplex,WIS,342.341827195355,0.5242403170211299,6,3,0.7626742237612132
2025-07-30,ILI incidence,2025-07-27,1,MT,NotreDame,Rt_cocirc,WIS,549.683815217391,-0.158924113496758,6,5,0.09904039148064006
2025-07-30,ILI incidence,2025-07-27,1,MT,respicast,hubEnsemble,WIS,273.625826337386,0.8474734817886712,6,2,0.9826116489947484
2025-07-30,ILI incidence,2025-07-27,1,MT,respicast,quantileBaseline,WIS,492.347826086957,0.0,6,4,0.2825541243102071
2025-07-30,ILI incidence,2025-07-27,1,MT,safinea,PRFM,WIS,580.627433015639,-0.23793484879005036,6,6,0.0
2025-07-30,ILI incidence,2025-07-27,1,NL,ECDC,SARIMA,WIS,2.43752748976661,-0.44868640881391414,7,5,0.4657859544544632
2025-07-30,ILI incidence,2025-07-27,1,NL,ECDC,soca_simplex,WIS,4.29841072433832,-1.2670712621612181,7,7,0.0
2025-07-30,ILI incidence,2025-07-27,1,NL,ISI,FluBcast,WIS,0.30326399057472,2.558085972153458,7,1,1.0
2025-07-30,ILI incidence,2025-07-27,1,NL,NotreDame,Rt_cocirc,WIS,3.53392173913044,-0.9845380104155119,7,6,0.1913544197881559
2025-07-30,ILI incidence,2025-07-27,1,NL,respicast,hubEnsemble,WIS,1.99672422255641,-0.16090300834458934,7,4,0.5761206421606503
2025-07-30,ILI incidence,2025-07-27,1,NL,respicast,quantileBaseline,WIS,1.786,0.0,7,3,0.6288656942448572
2025-07-30,ILI incidence,2025-07-27,1,NL,safinea,PRFM,WIS,1.14092756349219,0.6465248813899069,7,2,0.790329710336232
2025-07-30,ILI incidence,2025-07-27,1,NO,ECDC,SARIMA,WIS,2.25086615240664,-0.971002516085664,7,6,0.25935872648516517
2025-07-30,ILI incidence,2025-07-27,1,NO,ECDC,soca_simplex,WIS,1.72136256203129,-0.5840732435610603,7,4,0.5995777046957722
2025-07-30,ILI incidence,2025-07-27,1,NO,ISI,FluBcast,WIS,1.89199092810243,-0.7204274176223375,7,5,0.4899448156773654
2025-07-30,ILI incidence,2025-07-27,1,NO,NotreDame,Rt_cocirc,WIS,1.09816086956522,0.06438834330675088,7,1,1.0
2025-07-30,ILI incidence,2025-07-27,1,NO,respicast,hubEnsemble,WIS,1.22584529506992,-0.0942991650725842,7,3,0.917959640749889
2025-07-30,ILI incidence,2025-07-27,1,NO,respicast,quantileBaseline,WIS,1.14828260869565,0.0,7,2,0.9677955594956297
2025-07-30,ILI incidence,2025-07-27,1,NO,safinea,PRFM,WIS,2.6545219907475,-1.208974339669898,7,7,0.0
2025-07-30,ILI incidence,2025-07-27,1,PL,ECDC,SARIMA,WIS,13.2703120462972,-0.5881503447150516,6,6,0.0
2025-07-30,ILI incidence,2025-07-27,1,PL,ECDC,soca_simplex,WIS,2.61970107830561,1.7525778436504857,6,1,1.0
2025-07-30,ILI incidence,2025-07-27,1,PL,NotreDame,Rt_cocirc,WIS,9.55022608695652,-0.11355484144551303,6,5,0.34928380827360034
2025-07-30,ILI incidence,2025-07-27,1,PL,respicast,hubEnsemble,WIS,3.72011830404157,1.2466315442749838,6,3,0.8966803661270647
2025-07-30,ILI incidence,2025-07-27,1,PL,respicast,quantileBaseline,WIS,8.82734782608696,0.0,6,4,0.4171558076398372
2025-07-30,ILI incidence,2025-07-27,1,PL,safinea,PRFM,WIS,2.69858110931546,1.7097789956881977,6,2,0.992593849193543
2025-07-30,ILI incidence,2025-07-27,1,RO,ISI,FluBcast,WIS,0.392591910748193,0.7922427643583151,5,3,0.9718446357573368
2025-07-30,ILI incidence,2025-07-27,1,RO,NotreDame,Rt_cocirc,WIS,0.285660869565217,1.250969784754631,5,1,1.0
2025-07-30,ILI incidence,2025-07-27,1,RO,respicast,hubEnsemble,WIS,0.29644855671299,1.1974914382698174,5,2,0.9971595594916006
2025-07-30,ILI incidence,2025-07-27,1,RO,respicast,quantileBaseline,WIS,0.679876739130435,0.0,5,4,0.8962014091038888
2025-07-30,ILI incidence,2025-07-27,1,RO,safinea,PRFM,WIS,4.0835531739008,-2.58647989761528,5,5,0.0
2025-07-30,ILI incidence,2025-07-27,1,SI,ECDC,SARIMA,WIS,1.85955738562433,-1.1603792301234581,6,6,0.0
2025-07-30,ILI incidence,2025-07-27,1,SI,ECDC,soca_simplex,WIS,0.0007199500986301,10.174395505822662,6,1,1.0
2025-07-30,ILI incidence,2025-07-27,1,SI,NotreDame,Rt_cocirc,WIS,0.0008695652173913,9.901998185668504,6,2,0.9999195114559768
2025-07-30,ILI incidence,2025-07-27,1,SI,respicast,hubEnsemble,WIS,0.0009154098319237,9.827874632154439,6,3,0.9998948483984893
2025-07-30,ILI incidence,2025-07-27,1,SI,respicast,quantileBaseline,WIS,0.831956521739131,0.0,6,5,0.5528191138428316
2025-07-30,ILI incidence,2025-07-27,1,SI,safinea,PRFM,WIS,0.001,9.700364324498846,6,4,0.9998493413700319
2025-07-30,ILI incidence,2025-08-03,2,BE,ECDC,SARIMA,WIS,31.278527734452,-1.1294535743097485,6,6,0.0
2025-07-30,ILI incidence,2025-08-03,2,BE,ECDC,soca_simplex,WIS,9.28063564483267,0.6234235067341516,6,4,0.742524079752719
2025-07-30,ILI incidence,2025-08-03,2,BE,NotreDame,Rt_cocirc,WIS,1.65269782608696,3.1128241567890087,6,1,1.0
2025-07-30,ILI incidence,2025-08-03,2,BE,respicast,hubEnsemble,WIS,8.33998046698474,0.777603123098866,6,3,0.7742752637957465
2025-07-30,ILI incidence,2025-08-03,2,BE,respicast,quantileBaseline,WIS,14.2970652173913,0.0,6,5,0.5731978671850093
2025-07-30,ILI incidence,2025-08-03,2,BE,safinea,PRFM,WIS,7.64293822221958,0.9035197587319456,6,2,0.7978034568259896
2025-07-30,ILI incidence,2025-08-03,2,CZ,NotreDame,Rt_cocirc,WIS,3.84576739130435,0.5320229755748,4,3,0.3597959571877659
2025-07-30,ILI incidence,2025-08-03,2,CZ,respicast,hubEnsemble,WIS,1.47052776201199,1.9189604593949614,4,2,0.8580941889025675
2025-07-30,ILI incidence,2025-08-03,2,CZ,respicast,quantileBaseline,WIS,5.56080782608696,0.0,4,4,0.0
2025-07-30,ILI incidence,2025-08-03,2,CZ,safinea,PRFM,WIS,0.794104919840613,2.807892941590876,4,1,1.0
2025-07-30,ILI incidence,2025-08-03,2,DK,ECDC,soca_simplex,WIS,43.9955001087075,-0.6686600922062672,5,5,0.0
2025-07-30,ILI incidence,2025-08-03,2,DK,NotreDame,Rt_cocirc,WIS,39.639002173913,-0.5182247670500001,5,2,0.266969417947073
2025-07-30,ILI incidence,2025-08-03,2,DK,respicast,hubEnsemble,WIS,42.852995656967,-0.6307001808697749,5,4,0.070013518438059
2025-07-30,ILI incidence,2025-08-03,2,DK,respicast,quantileBaseline,WIS,27.6771593478261,0.0,5,1,1.0
2025-07-30,ILI incidence,2025-08-03,2,DK,safinea,PRFM,WIS,39.8077577294681,-0.5243537311407311,5,3,0.2566279525966469
2025-07-30,ILI incidence,2025-08-03,2,EE,ECDC,SARIMA,WIS,21.05310358195,0.07001202396888166,6,5,0.06969726454200786
2025-07-30,ILI incidence,2025-08-03,2,EE,ECDC,soca_simplex,WIS,7.07966597460148,1.6422917511811825,6,1,1.0
2025-07-30,ILI incidence,2025-08-03,2,EE,NotreDame,Rt_cocirc,WIS,18.135352173913,0.2852401889242746,6,4,0.26395097594483075
2025-07-30,ILI incidence,2025-08-03,2,EE,respicast,hubEnsemble,WIS,7.84492598107836,1.4942132103122145,6,2,0.9490516580553058
2025-07-30,ILI incidence,2025-08-03,2,EE,respicast,quantileBaseline,WIS,22.0999782608696,0.0,6,6,0.0
2025-07-30,ILI incidence,2025-08-03,2,EE,safinea,PRFM,WIS,10.8350010360346,1.0283456590976496,6,3,0.7499828905111164
2025-07-30,ILI incidence,2025-08-03,2,ES,ECDC,SARIMA,WIS,2.09639487852523,-0.4194992699568427,5,5,0.0
2025-07-30,ILI incidence,2025-08-03,2,ES,ECDC,soca_simplex,WIS,0.657538666048283,1.253263581075854,5,3,0.8392990270736196
2025-07-30,ILI incidence,2025-08-03,2,ES,respicast,hubEnsemble,WIS,0.595833620686368,1.3954297827048403,5,2,0.8752921889258631
2025-07-30,ILI incidence,2025-08-03,2,ES,respicast,quantileBaseline,WIS,1.56744108695652,0.0,5,4,0.30854396622875424
2025-07-30,ILI incidence,2025-08-03,2,ES,safinea,PRFM,WIS,0.382040201511245,2.036614855670471,5,1,1.0
2025-07-30,ILI incidence,2025-08-03,2,FI,ECDC,soca_simplex,WIS,0.471375838329394,2.5709035837780387,4,1,1.0
2025-07-30,ILI incidence,2025-08-03,2,FI,respicast,hubEnsemble,WIS,0.53695312328648,2.382985250407473,4,2,0.971848621348829
2025-07-30,ILI incidence,2025-08-03,2,FI,respicast,quantileBaseline,WIS,2.80082782608696,0.0,4,4,0.0
2025-07-30,ILI incidence,2025-08-03,2,FI,safinea,PRFM,WIS,0.97450535738527,1.523111278158794,4,3,0.7840137844866205
2025-07-30,ILI incidence,2025-08-03,2,FR,NotreDame,Rt_cocirc,WIS,20.6037130434783,0.5034101812701114,3,1,1.0
2025-07-30,ILI incidence,2025-08-03,2,FR,respicast,hubEnsemble,WIS,20.6037130434783,0.5034101812701114,3,1,1.0
2025-07-30,ILI incidence,2025-08-03,2,FR,respicast,quantileBaseline,WIS,29.207007173913,0.0,3,3,0.0
2025-07-30,ILI incidence,2025-08-03,2,GR,ECDC,SARIMA,WIS,51.502481923659,-0.3002734782632064,7,6,0.5424107746935991
2025-07-30,ILI incidence,2025-08-03,2,GR,ECDC,soca_simplex,WIS,8.00066100436121,2.3861773760631686,7,1,1.0
2025-07-30,ILI incidence,2025-08-03,2,GR,ISI,FluBcast,WIS,27.4686041283588,0.6065848808513102,7,3,0.7952195833607664
2025-07-30,ILI incidence,2025-08-03,2,GR,NotreDame,Rt_cocirc,WIS,31.0493173913043,0.4298069280816994,7,4,0.7575545897257818
2025-07-30,ILI incidence,2025-08-03,2,GR,respicast,hubEnsemble,WIS,12.8380098689432,1.7039469045713596,7,2,0.9491166421840761
2025-07-30,ILI incidence,2025-08-03,2,GR,respicast,quantileBaseline,WIS,41.8250852173913,0.0,7,5,0.6442058804667308
2025-07-30,ILI incidence,2025-08-03,2,GR,safinea,PRFM,WIS,103.068067563528,-1.301157042897163,7,7,0.0
2025-07-30,ILI incidence,2025-08-03,2,HR,ECDC,soca_simplex,WIS,0.198260201830738,2.7832960761130585,5,3,0.9636620456275086
2025-07-30,ILI incidence,2025-08-03,2,HR,NotreDame,Rt_cocirc,WIS,0.155217391304348,3.1364009673027735,5,2,0.9992169829897513
2025-07-30,ILI incidence,2025-08-03,2,HR,respicast,hubEnsemble,WIS,0.15426947083784,3.1452385924168587,5,1,1.0
2025-07-30,ILI incidence,2025-08-03,2,HR,respicast,quantileBaseline,WIS,1.36486956521739,0.0,5,5,0.0
2025-07-30,ILI incidence,2025-08-03,2,HR,safinea,PRFM,WIS,0.627521642846468,1.1210259627761776,5,4,0.6090763793875494
2025-07-30,ILI incidence,2025-08-03,2,IE,ECDC,SARIMA,WIS,2.60696024419846,-1.5502799209102118,7,7,0.0
2025-07-30,ILI incidence,2025-08-03,2,IE,ECDC,soca_simplex,WIS,0.259258534131431,1.7796252764374658,7,1,1.0
2025-07-30,ILI incidence,2025-08-03,2,IE,ISI,FluBcast,WIS,0.854120334336113,0.05957741516189728,7,5,0.7466195140320028
2025-07-30,ILI incidence,2025-08-03,2,IE,NotreDame,Rt_cocirc,WIS,0.490434782608696,0.8599554546539456,7,3,0.901530825877081
2025-07-30,ILI incidence,2025-08-03,2,IE,respicast,hubEnsemble,WIS,0.469783372927747,0.9220211032503361,7,2,0.9103272626613603
2025-07-30,ILI incidence,2025-08-03,2,IE,respicast,quantileBaseline,WIS,0.890130434782609,0.0,7,6,0.731281066097121
2025-07-30,ILI incidence,2025-08-03,2,IE,safinea,PRFM,WIS,0.658897303475821,0.4339631335332007,7,4,0.8297744693754217
2025-07-30,ILI incidence,2025-08-03,2,IS,ISI,FluBcast,WIS,0.0985642013034246,2.1184751392306187,4,1,1.0
2025-07-30,ILI incidence,2025-08-03,2,IS,respicast,hubEnsemble,WIS,0.208277655435382,1.0391027249948865,4,2,0.6669655982560406
2025-07-30,ILI incidence,2025-08-03,2,IS,respicast,quantileBaseline,WIS,0.428,0.0,4,4,0.0
2025-07-30,ILI incidence,2025-08-03,2,IS,safinea,PRFM,WIS,0.328225086356275,0.3829252878824301,4,3,0.3028660334987516
2025-07-30,ILI incidence,2025-08-03,2,LT,ECDC,SARIMA,WIS,5.56851346618606,-1.0592891387532768,7,7,0.0
2025-07-30,ILI incidence,2025-08-03,2,LT,ECDC,soca_simplex,WIS,0.41268695346958,2.694883372448967,7,3,0.956796880532181
2025-07-30,ILI incidence,2025-08-03,2,LT,ISI,FluBcast,WIS,0.179881231255745,3.8928865385453895,7,1,1.0
2025-07-30,ILI incidence,2025-08-03,2,LT,NotreDame,Rt_cocirc,WIS,0.402399999999999,2.7313008975519733,7,2,0.9587058906522071
2025-07-30,ILI incidence,2025-08-03,2,LT,respicast,hubEnsemble,WIS,0.450669035443661,2.567862873890227,7,4,0.9497483234367695
2025-07-30,ILI incidence,2025-08-03,2,LT,respicast,quantileBaseline,WIS,2.67215391304348,0.0,7,6,0.5374943820377519
2025-07-30,ILI incidence,2025-08-03,2,LT,safinea,PRFM,WIS,1.08511818096447,1.3001509316761315,7,5,0.8320098848385353
2025-07-30,ILI incidence,2025-08-03,2,LU,ECDC,SARIMA,WIS,480.611081434341,0.284424246456007,6,4,0.7415082904470351
2025-07-30,ILI incidence,2025-08-03,2,LU,ECDC,soca_simplex,WIS,152.496814116808,1.9405150565159663,6,2,0.9215637424596047
2025-07-30,ILI incidence,2025-08-03,2,LU,NotreDame,Rt_cocirc,WIS,9.56276304347825,5.935722821720728,6,1,1.0
2025-07-30,ILI incidence,2025-08-03,2,LU,respicast,hubEnsemble,WIS,152.496814116808,1.9405150565159663,6,2,0.9215637424596047
2025-07-30,ILI incidence,2025-08-03,2,LU,respicast,quantileBaseline,WIS,585.347826086957,0.0,6,5,0.6840331246917418
2025-07-30,ILI incidence,2025-08-03,2,LU,safinea,PRFM,WIS,1831.858415022,-1.6459419367458485,6,6,0.0
2025-07-30,ILI incidence,2025-08-03,2,MT,ECDC,SARIMA,WIS,329.946625838716,0.6214841193805472,6,2,0.9018328630203795
2025-07-30,ILI incidence,2025-08-03,2,MT,ECDC,soca_simplex,WIS,375.424982288523,0.43519212755804537,6,3,0.8182960507953486
2025-07-30,ILI incidence,2025-08-03,2,MT,NotreDame,Rt_cocirc,WIS,820.914323913044,-0.6935148769428272,6,6,0.0
2025-07-30,ILI incidence,2025-08-03,2,MT,respicast,hubEnsemble,WIS,276.503360189677,0.876419770825479,6,1,1.0
2025-07-30,ILI incidence,2025-08-03,2,MT,respicast,quantileBaseline,WIS,507.608695652174,0.0,6,5,0.5754947073771108
2025-07-30,ILI incidence,2025-08-03,2,MT,safinea,PRFM,WIS,396.291805363172,0.3571536485045772,6,4,0.7799668758427807
2025-07-30,ILI incidence,2025-08-03,2,NL,ECDC,SARIMA,WIS,2.6673148144518,-0.21086629829071082,7,7,0.0
2025-07-30,ILI incidence,2025-08-03,2,NL,ECDC,soca_simplex,WIS,0.42887659478226,2.425887322646354,7,1,1.0
2025-07-30,ILI incidence,2025-08-03,2,NL,ISI,FluBcast,WIS,2.31581586021162,-0.006998730201325367,7,6,0.1570286600503416
2025-07-30,ILI incidence,2025-08-03,2,NL,NotreDame,Rt_cocirc,WIS,1.79262608695652,0.36244721668428803,7,4,0.3907584850049648
2025-07-30,ILI incidence,2025-08-03,2,NL,respicast,hubEnsemble,WIS,1.24200668899572,0.891848869819607,7,2,0.636742221845416
2025-07-30,ILI incidence,2025-08-03,2,NL,respicast,quantileBaseline,WIS,2.30460869565217,0.0,7,5,0.16203534929508848
2025-07-30,ILI incidence,2025-08-03,2,NL,safinea,PRFM,WIS,1.45863285067847,0.6599050219284719,7,3,0.5399666397546444
2025-07-30,ILI incidence,2025-08-03,2,NO,ECDC,SARIMA,WIS,2.9480171443516,-0.5556422090816517,7,6,0.25847183377467586
2025-07-30,ILI incidence,2025-08-03,2,NO,ECDC,soca_simplex,WIS,1.25950614415437,0.6712445455656616,7,3,0.9153222512584707
2025-07-30,ILI incidence,2025-08-03,2,NO,ISI,FluBcast,WIS,3.61244929351813,-0.8488746317857577,7,7,0.0
2025-07-30,ILI incidence,2025-08-03,2,NO,NotreDame,Rt_cocirc,WIS,1.11970869565217,0.8409792570928561,7,2,0.9697050846549443
2025-07-30,ILI incidence,2025-08-03,2,NO,respicast,hubEnsemble,WIS,1.04183206430873,0.9449799609532091,7,1,1.0
2025-07-30,ILI incidence,2025-08-03,2,NO,respicast,quantileBaseline,WIS,2.00569565217391,0.0,7,4,0.6250458540023016
2025-07-30,ILI incidence,2025-08-03,2,NO,safinea,PRFM,WIS,2.36478589513649,-0.23760686416197288,7,5,0.48535557305253174
2025-07-30,ILI incidence,2025-08-03,2,PL,ECDC,SARIMA,WIS,19.5915016122273,-0.41696392906053026,6,6,0.0
2025-07-30,ILI incidence,2025-08-03,2,PL,ECDC,soca_simplex,WIS,4.12766906187614,1.829864838087066,6,1,1.0
2025-07-30,ILI incidence,2025-08-03,2,PL,NotreDame,Rt_cocirc,WIS,15.8618739130435,-0.11229917057379728,6,5,0.2411839165381487
2025-07-30,ILI incidence,2025-08-03,2,PL,respicast,hubEnsemble,WIS,5.31811191207003,1.4642780076494435,6,3,0.92301760599659
2025-07-30,ILI incidence,2025-08-03,2,PL,respicast,quantileBaseline,WIS,14.6740189130435,0.0,6,4,0.3179989619760938
2025-07-30,ILI incidence,2025-08-03,2,PL,safinea,PRFM,WIS,4.79075153771416,1.6149401515647324,6,2,0.9571204309359286
2025-07-30,ILI incidence,2025-08-03,2,RO,ECDC,soca_simplex,WIS,3.85286566387134,-2.0262187293685407,6,5,0.23606253166025962
2025-07-30,ILI incidence,2025-08-03,2,RO,ISI,FluBcast,WIS,0.810021531588559,0.22368099308879805,6,2,0.8419204192980658
2025-07-30,ILI incidence,2025-08-03,2,RO,NotreDame,Rt_cocirc,WIS,0.0160869565217391,5.877677935911582,6,1,1.0
2025-07-30,ILI incidence,2025-08-03,2,RO,respicast,hubEnsemble,WIS,2.26816171615091,-1.2618103499909044,6,4,0.5515914725320712
2025-07-30,ILI incidence,2025-08-03,2,RO,respicast,quantileBaseline,WIS,0.945869565217391,0.0,6,3,0.8148718426651352
2025-07-30,ILI incidence,2025-08-03,2,RO,safinea,PRFM,WIS,5.03845968512745,-2.4132695970104208,6,6,0.0
2025-07-30,ILI incidence,2025-08-03,2,SI,ECDC,SARIMA,WIS,2.56379694251666,-0.4560483236143446,6,6,0.0
2025-07-30,ILI incidence,2025-08-03,2,SI,ECDC,soca_simplex,WIS,0.000939443447184,10.95813974169059,6,2,0.9999727349942056
2025-07-30,ILI incidence,2025-08-03,2,SI,NotreDame,Rt_cocirc,WIS,0.0008695652173913,11.069651824569913,6,1,1.0
2025-07-30,ILI incidence,2025-08-03,2,SI,respicast,hubEnsemble,WIS,0.0010251565062007,10.832173786856368,6,4,0.999939291573305
2025-07-30,ILI incidence,2025-08-03,2,SI,respicast,quantileBaseline,WIS,1.86895739130435,0.0,6,5,0.27111168165229466
2025-07-30,ILI incidence,2025-08-03,2,SI,safinea,PRFM,WIS,0.001,10.868017963400256,6,3,0.9999491071094079
2025-07-30,ILI incidence,2025-08-10,3,BE,ECDC,SARIMA,WIS,35.1552822725913,-0.7749222738880064,6,6,0.0
2025-07-30,ILI incidence,2025-08-10,3,BE,ECDC,soca_simplex,WIS,8.64849423103927,1.2482983289924054,6,3,0.9771243336798474
2025-07-30,ILI incidence,2025-08-10,3,BE,NotreDame,Rt_cocirc,WIS,18.6559326086957,0.13918472230670573,6,4,0.608218393764348
2025-07-30,ILI incidence,2025-08-10,3,BE,respicast,hubEnsemble,WIS,8.02793815894351,1.355717796039016,6,1,1.0
2025-07-30,ILI incidence,2025-08-10,3,BE,respicast,quantileBaseline,WIS,20.5454539130435,0.0,6,5,0.5385646415786639
2025-07-30,ILI incidence,2025-08-10,3,BE,safinea,PRFM,WIS,8.25700328679873,1.3151290198701195,6,2,0.9915559323870569
2025-07-30,ILI incidence,2025-08-10,3,CZ,NotreDame,Rt_cocirc,WIS,10.9881326086957,-0.8514318873482446,4,4,0.0
2025-07-30,ILI incidence,2025-08-10,3,CZ,respicast,hubEnsemble,WIS,4.49766839574957,0.437265136160909,4,2,0.6296653617475352
2025-07-30,ILI incidence,2025-08-10,3,CZ,respicast,quantileBaseline,WIS,6.09000086956522,0.0,4,3,0.475186949995787
2025-07-30,ILI incidence,2025-08-10,3,CZ,safinea,PRFM,WIS,0.680333248519863,3.1621289323313957,4,1,1.0
2025-07-30,ILI incidence,2025-08-10,3,DK,ECDC,soca_simplex,WIS,78.3681469516013,-0.7331354763670651,5,5,0.0
2025-07-30,ILI incidence,2025-08-10,3,DK,NotreDame,Rt_cocirc,WIS,70.6049434782609,-0.5826372909089926,5,3,0.24864322507438427
2025-07-30,ILI incidence,2025-08-10,3,DK,respicast,hubEnsemble,WIS,75.5462916262886,-0.6802290310168396,5,4,0.09037959795702367
2025-07-30,ILI incidence,2025-08-10,3,DK,respicast,quantileBaseline,WIS,47.1458867391304,0.0,5,1,1.0
2025-07-30,ILI incidence,2025-08-10,3,DK,safinea,PRFM,WIS,68.4905261363208,-0.5387725350315151,5,2,0.31636469455004906
2025-07-30,ILI incidence,2025-08-10,3,EE,ECDC,SARIMA,WIS,28.227866707495,0.09591380884641029,6,5,0.07398048535231803
2025-07-30,ILI incidence,2025-08-10,3,EE,ECDC,soca_simplex,WIS,9.7209521328031,1.6338643788040494,6,3,0.7795667128566425
2025-07-30,ILI incidence,2025-08-10,3,EE,NotreDame,Rt_cocirc,WIS,3.93917826086957,2.9370673012605946,6,1,1.0
2025-07-30,ILI incidence,2025-08-10,3,EE,respicast,hubEnsemble,WIS,7.97270502426239,1.9198927134501742,6,2,0.8462195888442714
2025-07-30,ILI incidence,2025-08-10,3,EE,respicast,quantileBaseline,WIS,30.1683106521739,0.0,6,6,0.0
2025-07-30,ILI incidence,2025-08-10,3,EE,safinea,PRFM,WIS,19.8410404605826,0.6045462291575053,6,4,0.39373281729345616
2025-07-30,ILI incidence,2025-08-10,3,ES,ECDC,SARIMA,WIS,3.28043369482022,-0.5800473138318926,5,5,0.0
2025-07-30,ILI incidence,2025-08-10,3,ES,ECDC,soca_simplex,WIS,0.658542196091682,1.7364914581123958,5,3,0.9299193789821862
2025-07-30,ILI incidence,2025-08-10,3,ES,respicast,hubEnsemble,WIS,0.639489685523189,1.7788462525085458,5,2,0.9366768282528735
2025-07-30,ILI incidence,2025-08-10,3,ES,respicast,quantileBaseline,WIS,2.19441934782609,0.0,5,4,0.3851821433542426
2025-07-30,ILI incidence,2025-08-10,3,ES,safinea,PRFM,WIS,0.460951105266869,2.251153615296595,5,1,1.0
2025-07-30,ILI incidence,2025-08-10,3,FI,ECDC,soca_simplex,WIS,0.974542699034273,1.702419955597008,4,3,0.8150625208113146
2025-07-30,ILI incidence,2025-08-10,3,FI,respicast,hubEnsemble,WIS,0.47602774865202,2.7360996796354025,4,1,1.0
2025-07-30,ILI incidence,2025-08-10,3,FI,respicast,quantileBaseline,WIS,3.17161413043478,0.0,4,4,0.0
2025-07-30,ILI incidence,2025-08-10,3,FI,safinea,PRFM,WIS,0.961236197090393,1.7222543765418705,4,2,0.8199989242721006
2025-07-30,ILI incidence,2025-08-10,3,FR,NotreDame,Rt_cocirc,WIS,21.4404434782609,0.47429161417719967,3,1,1.0
2025-07-30,ILI incidence,2025-08-10,3,FR,respicast,hubEnsemble,WIS,21.4404434782609,0.47429161417719967,3,1,1.0
2025-07-30,ILI incidence,2025-08-10,3,FR,respicast,quantileBaseline,WIS,29.7858341304348,0.0,3,3,0.0
2025-07-30,ILI incidence,2025-08-10,3,GR,ECDC,SARIMA,WIS,76.1166199717095,-0.09244049612954747,7,5,0.4904312795123613
2025-07-30,ILI incidence,2025-08-10,3,GR,ECDC,soca_simplex,WIS,106.962328311308,-0.5832598670475537,7,6,0.12437571912232837
2025-07-30,ILI incidence,2025-08-10,3,GR,ISI,FluBcast,WIS,117.442860699581,-0.7181161073901254,7,7,0.0
2025-07-30,ILI incidence,2025-08-10,3,GR,NotreDame,Rt_cocirc,WIS,33.1777608695652,1.1055544790244678,7,1,1.0
2025-07-30,ILI incidence,2025-08-10,3,GR,respicast,hubEnsemble,WIS,52.501797614,0.44340418251287117,7,3,0.7706756796892628
2025-07-30,ILI incidence,2025-08-10,3,GR,respicast,quantileBaseline,WIS,71.3924247826087,0.0,7,4,0.5464947648536319
2025-07-30,ILI incidence,2025-08-10,3,GR,safinea,PRFM,WIS,51.7459341257057,0.4643254936645335,7,2,0.7796457454676107
2025-07-30,ILI incidence,2025-08-10,3,HR,ECDC,soca_simplex,WIS,0.0985493434074231,4.260616693365543,5,1,1.0
2025-07-30,ILI incidence,2025-08-10,3,HR,NotreDame,Rt_cocirc,WIS,0.1,4.239534857712338,5,3,0.9991897718619922
2025-07-30,ILI incidence,2025-08-10,3,HR,respicast,hubEnsemble,WIS,0.0985493434074231,4.260616693365543,5,1,1.0
2025-07-30,ILI incidence,2025-08-10,3,HR,respicast,quantileBaseline,WIS,1.88897913043478,0.0,5,5,0.0
2025-07-30,ILI incidence,2025-08-10,3,HR,safinea,PRFM,WIS,1.01291428325243,0.8990946699879195,5,4,0.48930421819940606
2025-07-30,ILI incidence,2025-08-10,3,IE,ECDC,SARIMA,WIS,3.73892376962154,-1.6418642581169116,7,7,0.0
2025-07-30,ILI incidence,2025-08-10,3,IE,ECDC,soca_simplex,WIS,1.54326396643826,-0.3652260484667787,7,5,0.6118465654929659
2025-07-30,ILI incidence,2025-08-10,3,IE,ISI,FluBcast,WIS,0.150344660062867,2.994413266913966,7,1,1.0
2025-07-30,ILI incidence,2025-08-10,3,IE,NotreDame,Rt_cocirc,WIS,1.10288913043478,0.11947103008904655,7,2,0.7345622205082005
2025-07-30,ILI incidence,2025-08-10,3,IE,respicast,hubEnsemble,WIS,1.44305958347682,-0.26837207023465115,7,4,0.639769701615152
2025-07-30,ILI incidence,2025-08-10,3,IE,respicast,quantileBaseline,WIS,1.19810869565217,0.0,7,3,0.7080281627905486
2025-07-30,ILI incidence,2025-08-10,3,IE,safinea,PRFM,WIS,2.27101056169877,-0.9225756162957782,7,6,0.4090513718961306
2025-07-30,ILI incidence,2025-08-10,3,IS,ISI,FluBcast,WIS,0.383411993193817,0.3647264742988889,4,1,1.0
2025-07-30,ILI incidence,2025-08-10,3,IS,respicast,hubEnsemble,WIS,0.626506547369406,-0.34370764689238936,4,3,0.5
2025-07-30,ILI incidence,2025-08-10,3,IS,respicast,quantileBaseline,WIS,0.493695652173913,0.0,4,2,0.773167154331978
2025-07-30,ILI incidence,2025-08-10,3,IS,safinea,PRFM,WIS,0.869601101544995,-0.8167318281009792,4,4,0.0
2025-07-30,ILI incidence,2025-08-10,3,LT,ECDC,SARIMA,WIS,8.07047537561216,-1.058770684391753,7,7,0.0
2025-07-30,ILI incidence,2025-08-10,3,LT,ECDC,soca_simplex,WIS,0.431293125140232,3.167142346100879,7,2,0.9782597675018275
2025-07-30,ILI incidence,2025-08-10,3,LT,ISI,FluBcast,WIS,0.261524722372036,3.888863732330837,7,1,1.0
2025-07-30,ILI incidence,2025-08-10,3,LT,NotreDame,Rt_cocirc,WIS,0.666965217391304,2.5381995396199613,7,4,0.9480800285437786
2025-07-30,ILI incidence,2025-08-10,3,LT,respicast,hubEnsemble,WIS,0.46595824418815,3.0556103888750794,7,3,0.9738206154841956
2025-07-30,ILI incidence,2025-08-10,3,LT,respicast,quantileBaseline,WIS,3.87415847826087,0.0,7,6,0.5373727000836066
2025-07-30,ILI incidence,2025-08-10,3,LT,safinea,PRFM,WIS,1.79547854229598,1.109514559246457,7,5,0.8035646672594263
2025-07-30,ILI incidence,2025-08-10,3,LU,ECDC,SARIMA,WIS,746.413830304783,-0.5626989951529083,6,4,0.7572086587515666
2025-07-30,ILI incidence,2025-08-10,3,LU,ECDC,soca_simplex,WIS,152.518352598755,1.7282938697526573,6,1,1.0
2025-07-30,ILI incidence,2025-08-10,3,LU,NotreDame,Rt_cocirc,WIS,779.994630434783,-0.6261874693579244,6,5,0.7434804392082045
2025-07-30,ILI incidence,2025-08-10,3,LU,respicast,hubEnsemble,WIS,316.335988518244,0.6758190270639075,6,2,0.9330294554545712
2025-07-30,ILI incidence,2025-08-10,3,LU,respicast,quantileBaseline,WIS,505.347826086957,0.0,6,3,0.8557592298377764
2025-07-30,ILI incidence,2025-08-10,3,LU,safinea,PRFM,WIS,2598.63308903135,-2.362404320446286,6,6,0.0
2025-07-30,ILI incidence,2025-08-10,3,MT,ECDC,SARIMA,WIS,494.247253039712,0.7575209913928751,6,2,0.5262192938827338
2025-07-30,ILI incidence,2025-08-10,3,MT,ECDC,soca_simplex,WIS,596.024104336669,0.4873832618928051,6,4,0.369307522538331
2025-07-30,ILI incidence,2025-08-10,3,MT,NotreDame,Rt_cocirc,WIS,186.941382608696,2.1601679698955696,6,1,1.0
2025-07-30,ILI incidence,2025-08-10,3,MT,respicast,hubEnsemble,WIS,501.700755391993,0.7359268287474856,6,3,0.5147280535671567
2025-07-30,ILI incidence,2025-08-10,3,MT,respicast,quantileBaseline,WIS,835.566086956522,0.0,6,6,0.0
2025-07-30,ILI incidence,2025-08-10,3,MT,safinea,PRFM,WIS,678.779025932932,0.2998119523352001,6,5,0.24172230871353417
2025-07-30,ILI incidence,2025-08-10,3,NL,ECDC,SARIMA,WIS,3.41094890558693,-0.3321460340879944,7,7,0.0
2025-07-30,ILI incidence,2025-08-10,3,NL,ECDC,soca_simplex,WIS,0.910353754075256,1.5735279343474873,7,1,1.0
2025-07-30,ILI incidence,2025-08-10,3,NL,ISI,FluBcast,WIS,1.55768355347741,0.7986249333415353,7,3,0.7411297070576073
2025-07-30,ILI incidence,2025-08-10,3,NL,NotreDame,Rt_cocirc,WIS,2.95181086956522,-0.12357317689024949,7,6,0.18361150374307875
2025-07-30,ILI incidence,2025-08-10,3,NL,respicast,hubEnsemble,WIS,1.41500939763126,0.9372154755394262,7,2,0.7981857865912735
2025-07-30,ILI incidence,2025-08-10,3,NL,respicast,quantileBaseline,WIS,2.70950086956522,0.0,7,5,0.2805124354486838
2025-07-30,ILI incidence,2025-08-10,3,NL,safinea,PRFM,WIS,1.91473127834688,0.5008851778237783,7,4,0.598344608616692
2025-07-30,ILI incidence,2025-08-10,3,NO,ECDC,SARIMA,WIS,3.88457475542839,-0.4763201343972901,7,6,0.36061011509795404
2025-07-30,ILI incidence,2025-08-10,3,NO,ECDC,soca_simplex,WIS,2.55083180327487,0.130468767325494,7,4,0.6244512026452241
2025-07-30,ILI incidence,2025-08-10,3,NO,ISI,FluBcast,WIS,5.70749477125419,-1.0314210917808444,7,7,0.0
2025-07-30,ILI incidence,2025-08-10,3,NO,NotreDame,Rt_cocirc,WIS,0.708758695652174,1.9780701055078733,7,2,0.9888501831774258
2025-07-30,ILI incidence,2025-08-10,3,NO,respicast,hubEnsemble,WIS,0.827492955555564,1.754617605561762,7,3,0.9653621668310609
2025-07-30,ILI incidence,2025-08-10,3,NO,respicast,quantileBaseline,WIS,2.79226630434783,0.0,7,5,0.5766906193696619
2025-07-30,ILI incidence,2025-08-10,3,NO,safinea,PRFM,WIS,0.652395262105278,2.0976183310829546,7,1,1.0
2025-07-30,ILI incidence,2025-08-10,3,PL,ECDC,SARIMA,WIS,27.6994429687056,-0.5182008666183007,6,6,0.0
2025-07-30,ILI incidence,2025-08-10,3,PL,ECDC,soca_simplex,WIS,5.14624167653338,1.9100649823209352,6,1,1.0
2025-07-30,ILI incidence,2025-08-10,3,PL,NotreDame,Rt_cocirc,WIS,23.7608413043478,-0.2969298212185947,6,5,0.17463603562678323
2025-07-30,ILI incidence,2025-08-10,3,PL,respicast,hubEnsemble,WIS,6.32650508126714,1.6121754533811743,6,3,0.9476675887629574
2025-07-30,ILI incidence,2025-08-10,3,PL,respicast,quantileBaseline,WIS,19.3409156521739,0.0,6,4,0.37061378596540007
2025-07-30,ILI incidence,2025-08-10,3,PL,safinea,PRFM,WIS,6.15914783534682,1.6508534355076492,6,2,0.9550881426680213
2025-07-30,ILI incidence,2025-08-10,3,RO,ISI,FluBcast,WIS,0.719513072327778,0.6057246396146934,5,3,0.8174952388400852
2025-07-30,ILI incidence,2025-08-10,3,RO,NotreDame,Rt_cocirc,WIS,0.0,10.0,5,1,1.0
2025-07-30,ILI incidence,2025-08-10,3,RO,respicast,hubEnsemble,WIS,0.628688217044655,0.8004008139376085,5,2,0.8405329975109644
2025-07-30,ILI incidence,2025-08-10,3,RO,respicast,quantileBaseline,WIS,1.09491391304348,0.0,5,4,0.7222746745320622
2025-07-30,ILI incidence,2025-08-10,3,RO,safinea,PRFM,WIS,3.94243453022754,-1.848269353952893,5,5,0.0
2025-07-30,ILI incidence,2025-08-10,3,SI,ECDC,SARIMA,WIS,3.27713004660592,-0.22418529658692415,6,6,0.0
2025-07-30,ILI incidence,2025-08-10,3,SI,ECDC,soca_simplex,WIS,0.0007819088870893,11.808959502075291,6,3,0.9997614043763996
2025-07-30,ILI incidence,2025-08-10,3,SI,NotreDame,Rt_cocirc,WIS,0.0,10.0,6,1,1.0
2025-07-30,ILI incidence,2025-08-10,3,SI,respicast,hubEnsemble,WIS,0.000489237078036,12.485426261355446,6,2,0.9998507117291416
2025-07-30,ILI incidence,2025-08-10,3,SI,respicast,quantileBaseline,WIS,2.80548,0.0,6,5,0.14392167533735856
2025-07-30,ILI incidence,2025-08-10,3,SI,safinea,PRFM,WIS,0.001,11.454031912671056,6,4,0.9996948549536399
2025-07-30,ILI incidence,2025-08-17,4,BE,ECDC,SARIMA,WIS,43.7977946737156,-0.9000814248872118,6,6,0.0
2025-07-30,ILI incidence,2025-08-17,4,BE,ECDC,soca_simplex,WIS,8.66664629264154,1.4372310725672375,6,3,0.8813004413657175
2025-07-30,ILI incidence,2025-08-17,4,BE,NotreDame,Rt_cocirc,WIS,10.0298,1.2264839654723034,6,4,0.8471043498826528
2025-07-30,ILI incidence,2025-08-17,4,BE,respicast,hubEnsemble,WIS,6.59605698851928,1.8311010350196115,6,2,0.933243271352828
2025-07-30,ILI incidence,2025-08-17,4,BE,respicast,quantileBaseline,WIS,23.4693323913044,0.0,6,5,0.5099600669879271
2025-07-30,ILI incidence,2025-08-17,4,BE,safinea,PRFM,WIS,3.93494344600866,2.576361997317101,6,1,1.0
2025-07-30,ILI incidence,2025-08-17,4,CZ,NotreDame,Rt_cocirc,WIS,19.7667826086957,-1.6188215632897527,4,4,0.0
2025-07-30,ILI incidence,2025-08-17,4,CZ,respicast,hubEnsemble,WIS,9.00986067885424,-0.48532019975265145,4,3,0.5692336290918371
2025-07-30,ILI incidence,2025-08-17,4,CZ,respicast,quantileBaseline,WIS,6.43609043478261,0.0,4,2,0.7054321239807062
2025-07-30,ILI incidence,2025-08-17,4,CZ,safinea,PRFM,WIS,0.86958226759288,2.887790171267335,4,1,1.0
2025-07-30,ILI incidence,2025-08-17,4,DK,ECDC,soca_simplex,WIS,76.397009662497,-1.3726146439896052,5,5,0.0
2025-07-30,ILI incidence,2025-08-17,4,DK,NotreDame,Rt_cocirc,WIS,44.8237760869565,-0.6033626655499122,5,2,0.6733009757418187
2025-07-30,ILI incidence,2025-08-17,4,DK,respicast,hubEnsemble,WIS,58.4342015177825,-0.9859114999238149,5,4,0.38305789053765993
2025-07-30,ILI incidence,2025-08-17,4,DK,respicast,quantileBaseline,WIS,29.5038152173913,0.0,5,1,1.0
2025-07-30,ILI incidence,2025-08-17,4,DK,safinea,PRFM,WIS,52.0213935264579,-0.8182035207869663,5,3,0.519811380403478
2025-07-30,ILI incidence,2025-08-17,4,ES,ECDC,SARIMA,WIS,4.51851963546662,-0.7129282834799057,5,5,0.0
2025-07-30,ILI incidence,2025-08-17,4,ES,ECDC,soca_simplex,WIS,0.80601272088202,1.7740473951887703,5,3,0.968867911873118
2025-07-30,ILI incidence,2025-08-17,4,ES,respicast,hubEnsemble,WIS,0.772280601519949,1.8357248698397506,5,2,0.9776711191940238
2025-07-30,ILI incidence,2025-08-17,4,ES,respicast,quantileBaseline,WIS,2.75666108695652,0.0,5,4,0.4597993356469705
2025-07-30,ILI incidence,2025-08-17,4,ES,safinea,PRFM,WIS,0.686720822553941,2.005126294163889,5,1,1.0
2025-07-30,ILI incidence,2025-08-17,4,FI,ECDC,soca_simplex,WIS,1.12103716877041,1.6605798893077433,4,3,0.811693462962485
2025-07-30,ILI incidence,2025-08-17,4,FI,respicast,hubEnsemble,WIS,0.55890856305805,2.6647298179410233,4,1,1.0
2025-07-30,ILI incidence,2025-08-17,4,FI,respicast,quantileBaseline,WIS,3.54408695652174,0.0,4,4,0.0
2025-07-30,ILI incidence,2025-08-17,4,FI,safinea,PRFM,WIS,1.10643233181476,1.6794987816118874,4,2,0.816585913272198
2025-07-30,ILI incidence,2025-08-17,4,FR,NotreDame,Rt_cocirc,WIS,13.9091934782609,1.1731391630744135,3,1,1.0
2025-07-30,ILI incidence,2025-08-17,4,FR,respicast,hubEnsemble,WIS,13.9091934782609,1.1731391630744135,3,1,1.0
2025-07-30,ILI incidence,2025-08-17,4,FR,respicast,quantileBaseline,WIS,31.3654863043478,0.0,3,3,0.0
2025-07-30,ILI incidence,2025-08-17,4,GR,ECDC,SARIMA,WIS,75.5109397962337,-0.09809345705916732,7,5,0.19138585318528054
2025-07-30,ILI incidence,2025-08-17,4,GR,ECDC,soca_simplex,WIS,54.2208890322743,0.37974344730357196,7,3,0.4555275736685479
2025-07-30,ILI incidence,2025-08-17,4,GR,ISI,FluBcast,WIS,90.9368048294571,-0.36627209839435115,7,7,0.0
2025-07-30,ILI incidence,2025-08-17,4,GR,NotreDame,Rt_cocirc,WIS,10.3359413043478,2.770922433404312,7,1,1.0
2025-07-30,ILI incidence,2025-08-17,4,GR,respicast,hubEnsemble,WIS,27.4228029354281,1.3632161766249038,7,2,0.7880064693629829
2025-07-30,ILI incidence,2025-08-17,4,GR,respicast,quantileBaseline,WIS,70.5473658695652,0.0,7,4,0.25296799647239576
2025-07-30,ILI incidence,2025-08-17,4,GR,safinea,PRFM,WIS,78.0123758443852,-0.14511079474395566,7,6,0.1603509989821089
2025-07-30,ILI incidence,2025-08-17,4,HR,ECDC,soca_simplex,WIS,0.197357538281612,3.5754722308023092,5,1,1.0
2025-07-30,ILI incidence,2025-08-17,4,HR,NotreDame,Rt_cocirc,WIS,0.2,3.5562838563611505,5,3,0.9987740301093935
2025-07-30,ILI incidence,2025-08-17,4,HR,respicast,hubEnsemble,WIS,0.197357538281612,3.5754722308023092,5,1,1.0
2025-07-30,ILI incidence,2025-08-17,4,HR,respicast,quantileBaseline,WIS,2.35276260869565,0.0,5,5,0.0
2025-07-30,ILI incidence,2025-08-17,4,HR,safinea,PRFM,WIS,1.02230030536343,1.2025367047110715,5,4,0.6172678730298465
2025-07-30,ILI incidence,2025-08-17,4,IE,ECDC,SARIMA,WIS,3.84347423302336,-1.5187500508342382,7,7,0.0
2025-07-30,ILI incidence,2025-08-17,4,IE,ECDC,soca_simplex,WIS,0.489349369104854,1.4547242009723782,7,4,0.9807827286900225
2025-07-30,ILI incidence,2025-08-17,4,IE,ISI,FluBcast,WIS,1.32303527536751,0.019809417792365936,7,5,0.7370038679771709
2025-07-30,ILI incidence,2025-08-17,4,IE,NotreDame,Rt_cocirc,WIS,0.453278260869565,1.5651920690685452,7,2,0.9913303145424314
2025-07-30,ILI incidence,2025-08-17,4,IE,respicast,hubEnsemble,WIS,0.463883668877235,1.531825983902214,7,3,0.9882291774570094
2025-07-30,ILI incidence,2025-08-17,4,IE,respicast,quantileBaseline,WIS,1.34132695652174,0.0,7,6,0.7316551807092154
2025-07-30,ILI incidence,2025-08-17,4,IE,safinea,PRFM,WIS,0.423629280820311,1.6627867302252264,7,1,1.0
2025-07-30,ILI incidence,2025-08-17,4,IS,ECDC,soca_simplex,WIS,0.371480448740946,0.7398921823480642,5,3,0.8752044604230994
2025-07-30,ILI incidence,2025-08-17,4,IS,ISI,FluBcast,WIS,1.02941222406625,-0.7305704492378814,5,5,0.0
2025-07-30,ILI incidence,2025-08-17,4,IS,respicast,hubEnsemble,WIS,0.326046760718018,0.928099578528065,5,2,0.9356419828265091
2025-07-30,ILI incidence,2025-08-17,4,IS,respicast,quantileBaseline,WIS,0.620391304347826,0.0,5,4,0.5440943069924341
2025-07-30,ILI incidence,2025-08-17,4,IS,safinea,PRFM,WIS,0.277665854986686,1.1598286875735997,5,1,1.0
2025-07-30,ILI incidence,2025-08-17,4,LT,ECDC,SARIMA,WIS,8.69098481062071,-0.8077868414389299,7,7,0.0
2025-07-30,ILI incidence,2025-08-17,4,LT,ECDC,soca_simplex,WIS,0.650846563405901,2.9313434481671914,7,2,0.9506240134973554
2025-07-30,ILI incidence,2025-08-17,4,LT,ISI,FluBcast,WIS,0.233236917597201,4.411864755667594,7,1,1.0
2025-07-30,ILI incidence,2025-08-17,4,LT,NotreDame,Rt_cocirc,WIS,0.923921739130434,2.4258902641474736,7,4,0.9183370289267012
2025-07-30,ILI incidence,2025-08-17,4,LT,respicast,hubEnsemble,WIS,0.700909437350673,2.824432867880136,7,3,0.9447048403820079
2025-07-30,ILI incidence,2025-08-17,4,LT,respicast,quantileBaseline,WIS,4.96479043478261,0.0,7,6,0.4405657892583561
2025-07-30,ILI incidence,2025-08-17,4,LT,safinea,PRFM,WIS,2.89958927473783,0.7758842647352193,7,5,0.6847444034906732
2025-07-30,ILI incidence,2025-08-17,4,LU,ECDC,SARIMA,WIS,649.66119425223,0.4726761402300504,6,1,1.0
2025-07-30,ILI incidence,2025-08-17,4,LU,ECDC,soca_simplex,WIS,870.263174859513,0.05091192253245363,6,4,0.6113813995848624
2025-07-30,ILI incidence,2025-08-17,4,LU,NotreDame,Rt_cocirc,WIS,775.398739130435,0.21742528337993317,6,3,0.7784972348131747
2025-07-30,ILI incidence,2025-08-17,4,LU,respicast,hubEnsemble,WIS,694.166273720208,0.3770823994249104,6,2,0.9215986110070351
2025-07-30,ILI incidence,2025-08-17,4,LU,respicast,quantileBaseline,WIS,901.522608695652,0.0,6,5,0.5563139092852359
2025-07-30,ILI incidence,2025-08-17,4,LU,safinea,PRFM,WIS,1217.3179671695,-0.4332704759959146,6,6,0.0
2025-07-30,ILI incidence,2025-08-17,4,MT,ECDC,SARIMA,WIS,685.562803632954,0.10233170267690794,6,4,0.9689659990320787
2025-07-30,ILI incidence,2025-08-17,4,MT,ECDC,soca_simplex,WIS,672.456846270934,0.13017885015969952,6,3,0.9812678873735612
2025-07-30,ILI incidence,2025-08-17,4,MT,NotreDame,Rt_cocirc,WIS,1717.86180652174,-1.2229215399612496,6,6,0.0
2025-07-30,ILI incidence,2025-08-17,4,MT,respicast,hubEnsemble,WIS,652.500375965898,0.1736418054432357,6,1,1.0
2025-07-30,ILI incidence,2025-08-17,4,MT,respicast,quantileBaseline,WIS,735.95652173913,0.0,6,5,0.9216640068059442
2025-07-30,ILI incidence,2025-08-17,4,MT,safinea,PRFM,WIS,663.276978336932,0.15000908611588518,6,2,0.9898845574262892
2025-07-30,ILI incidence,2025-08-17,4,NL,ECDC,SARIMA,WIS,5.33068678571326,-0.6775373623097042,7,6,0.06566652326006678
2025-07-30,ILI incidence,2025-08-17,4,NL,ECDC,soca_simplex,WIS,1.87695013695368,0.8283937300231773,7,4,0.7061566484180672
2025-07-30,ILI incidence,2025-08-17,4,NL,ISI,FluBcast,WIS,0.292448655213403,3.510528793909602,7,1,1.0
2025-07-30,ILI incidence,2025-08-17,4,NL,NotreDame,Rt_cocirc,WIS,5.68478260869565,-0.7703211261168668,7,7,0.0
2025-07-30,ILI incidence,2025-08-17,4,NL,respicast,hubEnsemble,WIS,1.76977350855272,0.9132193146663521,7,3,0.7260323885568523
2025-07-30,ILI incidence,2025-08-17,4,NL,respicast,quantileBaseline,WIS,3.33291391304348,0.0,7,5,0.4361504157459288
2025-07-30,ILI incidence,2025-08-17,4,NL,safinea,PRFM,WIS,1.21363210939358,1.4574528930969055,7,2,0.8291679517390985
2025-07-30,ILI incidence,2025-08-17,4,NO,ECDC,SARIMA,WIS,4.85054180624499,-0.45544200075528957,7,6,0.39529045859552553
2025-07-30,ILI incidence,2025-08-17,4,NO,ECDC,soca_simplex,WIS,4.03382086151798,-0.18944311174221728,7,5,0.5058676602042281
2025-07-30,ILI incidence,2025-08-17,4,NO,ISI,FluBcast,WIS,7.77014903168505,-1.1352383650341984,7,7,0.0
2025-07-30,ILI incidence,2025-08-17,4,NO,NotreDame,Rt_cocirc,WIS,0.679954347826087,2.37919411269776,7,2,0.9599532031887368
2025-07-30,ILI incidence,2025-08-17,4,NO,respicast,hubEnsemble,WIS,0.919947667906296,1.9430802052533593,7,3,0.927460110033006
2025-07-30,ILI incidence,2025-08-17,4,NO,respicast,quantileBaseline,WIS,3.53743565217391,0.0,7,4,0.5730740759617718
2025-07-30,ILI incidence,2025-08-17,4,NO,safinea,PRFM,WIS,0.384169527364404,3.2028889118725803,7,1,1.0
2025-07-30,ILI incidence,2025-08-17,4,PL,ECDC,SARIMA,WIS,31.2881813164895,-0.45938750597497,6,5,0.26987305788993
2025-07-30,ILI incidence,2025-08-17,4,PL,ECDC,soca_simplex,WIS,6.79378282449634,1.7439432899971261,6,1,1.0
2025-07-30,ILI incidence,2025-08-17,4,PL,NotreDame,Rt_cocirc,WIS,40.3419195652174,-0.8260494367530653,6,6,0.0
2025-07-30,ILI incidence,2025-08-17,4,PL,respicast,hubEnsemble,WIS,7.60174987456352,1.58182683458054,6,3,0.9759161870505179
2025-07-30,ILI incidence,2025-08-17,4,PL,respicast,quantileBaseline,WIS,22.7557367391304,0.0,6,4,0.5242074384638096
2025-07-30,ILI incidence,2025-08-17,4,PL,safinea,PRFM,WIS,7.30051674960488,1.6401598052836697,6,2,0.9848953183592619
2025-07-30,ILI incidence,2025-08-17,4,RO,ISI,FluBcast,WIS,0.629548830894076,0.9652988639204289,5,2,0.9125415368730339
2025-07-30,ILI incidence,2025-08-17,4,RO,NotreDame,Rt_cocirc,WIS,0.0,10.0,5,1,1.0
2025-07-30,ILI incidence,2025-08-17,4,RO,respicast,hubEnsemble,WIS,0.629548830894076,0.9652988639204289,5,2,0.9125415368730339
2025-07-30,ILI incidence,2025-08-17,4,RO,respicast,quantileBaseline,WIS,1.22917391304348,0.0,5,4,0.8292401540991353
2025-07-30,ILI incidence,2025-08-17,4,RO,safinea,PRFM,WIS,7.19826084732521,-2.5499593291226397,5,5,0.0
2025-07-30,ILI incidence,2025-08-17,4,SI,ECDC,SARIMA,WIS,4.08110945468137,-0.17819641352055396,6,6,0.0
2025-07-30,ILI incidence,2025-08-17,4,SI,ECDC,soca_simplex,WIS,0.0007112591640755,12.308102034333686,6,3,0.999825719164856
2025-07-30,ILI incidence,2025-08-17,4,SI,NotreDame,Rt_cocirc,WIS,0.0,10.0,6,1,1.0
2025-07-30,ILI incidence,2025-08-17,4,SI,respicast,hubEnsemble,WIS,0.0004767165385595,12.885345692798108,6,2,0.999883189474859
2025-07-30,ILI incidence,2025-08-17,4,SI,respicast,quantileBaseline,WIS,3.60691391304348,0.0,6,5,0.1161928017132569
2025-07-30,ILI incidence,2025-08-17,4,SI,safinea,PRFM,WIS,0.001,11.816549275099085,6,4,0.999754968590991
2025-08-06,ILI incidence,2025-08-03,1,BE,ECDC,SARIMA,WIS,14.0795591443803,-0.5818622334643773,10,8,0.3714097744886475
2025-08-06,ILI incidence,2025-08-03,1,BE,ECDC,soca_simplex,WIS,9.79073058960669,-0.05774849572862289,10,6,0.6432639018069001
2025-08-06,ILI incidence,2025-08-03,1,BE,ISI,FluBcast,WIS,4.23607624548355,1.1509394660504002,10,2,0.9953543829233334
2025-08-06,ILI incidence,2025-08-03,1,BE,NotreDame,Rt_cocirc,WIS,6.30943695652174,0.5761567555130892,10,4,0.8639311610536049
2025-08-06,ILI incidence,2025-08-03,1,BE,QMUL,ARIMA,WIS,10.5159821304541,-0.16084366762174032,10,7,0.5972926949364734
2025-08-06,ILI incidence,2025-08-03,1,BE,QMUL,SEIR,WIS,17.509834888464,-0.8964255518195181,10,9,0.15397636418575678
2025-08-06,ILI incidence,2025-08-03,1,BE,QMUL,SEIR_agumented,WIS,19.9389987712952,-1.0838530392975958,10,10,0.0
2025-08-06,ILI incidence,2025-08-03,1,BE,respicast,hubEnsemble,WIS,5.05279040411735,0.8965876863460581,10,3,0.9435856745153629
2025-08-06,ILI incidence,2025-08-03,1,BE,respicast,quantileBaseline,WIS,9.40656521739131,0.0,10,5,0.6676148266983281
2025-08-06,ILI incidence,2025-08-03,1,BE,safinea,PRFM,WIS,4.16278600203756,1.1761186276025037,10,1,1.0
2025-08-06,ILI incidence,2025-08-03,1,CZ,ECDC,soca_simplex,WIS,0.774552686416368,1.4635204133371904,6,1,1.0
2025-08-06,ILI incidence,2025-08-03,1,CZ,ISI,FluBcast,WIS,1.60585981555973,0.41160973794706107,6,5,0.3894238134201441
2025-08-06,ILI incidence,2025-08-03,1,CZ,NotreDame,Rt_cocirc,WIS,1.25786086956522,0.763983339092062,6,3,0.6450211274935739
2025-08-06,ILI incidence,2025-08-03,1,CZ,respicast,hubEnsemble,WIS,0.873883173606139,1.2894433665593212,6,2,0.9270440154387387
2025-08-06,ILI incidence,2025-08-03,1,CZ,respicast,quantileBaseline,WIS,2.1360652173913,0.0,6,6,0.0
2025-08-06,ILI incidence,2025-08-03,1,CZ,safinea,PRFM,WIS,1.59542094965191,0.421018568075387,6,4,0.3970909231017164
2025-08-06,ILI incidence,2025-08-03,1,DK,ECDC,SARIMA,WIS,17.5481381927594,-1.18819212595087,7,3,0.6995068249742487
2025-08-06,ILI incidence,2025-08-03,1,DK,ECDC,soca_simplex,WIS,9.72824020239934,-0.3371249093927558,7,2,0.9381382227245904
2025-08-06,ILI incidence,2025-08-03,1,DK,NotreDame,Rt_cocirc,WIS,40.4708217391304,-2.3937562955989433,7,7,0.0
2025-08-06,ILI incidence,2025-08-03,1,DK,QMUL,ARIMA,WIS,24.0423519360524,-1.642452187290017,7,4,0.5013299044105916
2025-08-06,ILI incidence,2025-08-03,1,DK,respicast,hubEnsemble,WIS,24.9471634919798,-1.6957499426795948,7,5,0.4737187454724842
2025-08-06,ILI incidence,2025-08-03,1,DK,respicast,quantileBaseline,WIS,7.70104347826087,0.0,7,1,1.0
2025-08-06,ILI incidence,2025-08-03,1,DK,safinea,PRFM,WIS,40.2829151505772,-2.387042243638622,7,6,0.005734142814679247
2025-08-06,ILI incidence,2025-08-03,1,EE,ECDC,SARIMA,WIS,9.75353236400825,-0.44111999095938187,9,6,0.6092945630640865
2025-08-06,ILI incidence,2025-08-03,1,EE,ECDC,soca_simplex,WIS,3.60368832927986,0.9953305698622106,9,1,1.0
2025-08-06,ILI incidence,2025-08-03,1,EE,NotreDame,Rt_cocirc,WIS,19.344047826087,-1.4290129988680238,9,9,0.0
2025-08-06,ILI incidence,2025-08-03,1,EE,QMUL,ARIMA,WIS,12.4071820461876,-0.7882987660041315,9,7,0.4407056764686036
2025-08-06,ILI incidence,2025-08-03,1,EE,QMUL,SEIR,WIS,4.28608377813446,0.7451447626371409,9,2,0.9566467685192946
2025-08-06,ILI incidence,2025-08-03,1,EE,QMUL,SEIR_agumented,WIS,16.7925544036247,-1.2249449851408336,9,8,0.16209880231641846
2025-08-06,ILI incidence,2025-08-03,1,EE,respicast,hubEnsemble,WIS,5.49346303137835,0.3870889142004077,9,3,0.8799408169500943
2025-08-06,ILI incidence,2025-08-03,1,EE,respicast,quantileBaseline,WIS,7.18408695652174,0.0,9,4,0.7725338720524048
2025-08-06,ILI incidence,2025-08-03,1,EE,safinea,PRFM,WIS,8.13880001934142,-0.18001128729359434,9,5,0.7118800437193644
2025-08-06,ILI incidence,2025-08-03,1,ES,ECDC,SARIMA,WIS,1.17646676165564,-0.583855822002306,8,5,0.8621465720130577
2025-08-06,ILI incidence,2025-08-03,1,ES,ECDC,soca_simplex,WIS,0.258452178444171,1.602635471478182,8,1,1.0
2025-08-06,ILI incidence,2025-08-03,1,ES,QMUL,ARIMA,WIS,2.25635150255246,-1.5233870943392431,8,6,0.6999859526875519
2025-08-06,ILI incidence,2025-08-03,1,ES,QMUL,SEIR,WIS,6.91679302063964,-3.139498546474221,8,7,0.00015192940494565278
2025-08-06,ILI incidence,2025-08-03,1,ES,QMUL,SEIR_agumented,WIS,6.91780477211652,-3.1397095607534613,8,8,0.0
2025-08-06,ILI incidence,2025-08-03,1,ES,respicast,hubEnsemble,WIS,0.486087717264391,0.6913161542511295,8,3,0.9658171668164083
2025-08-06,ILI incidence,2025-08-03,1,ES,respicast,quantileBaseline,WIS,0.784913043478261,0.0,8,4,0.9209441371922058
2025-08-06,ILI incidence,2025-08-03,1,ES,safinea,PRFM,WIS,0.356620331021749,1.1381438802721946,8,2,0.9852586041665887
2025-08-06,ILI incidence,2025-08-03,1,FI,ECDC,soca_simplex,WIS,0.469355194717735,2.597317787966096,4,1,1.0
2025-08-06,ILI incidence,2025-08-03,1,FI,respicast,hubEnsemble,WIS,0.536782427454718,2.4036604717035224,4,2,0.9715616538828881
2025-08-06,ILI incidence,2025-08-03,1,FI,respicast,quantileBaseline,WIS,2.84035217391304,0.0,4,4,0.0
2025-08-06,ILI incidence,2025-08-03,1,FI,safinea,PRFM,WIS,0.97450535738527,1.5433277979954605,4,3,0.7869460960515529
2025-08-06,ILI incidence,2025-08-03,1,FR,NotreDame,Rt_cocirc,WIS,21.0246913043478,0.5058734533983377,3,1,1.0
2025-08-06,ILI incidence,2025-08-03,1,FR,respicast,hubEnsemble,WIS,21.0246913043478,0.5058734533983377,3,1,1.0
2025-08-06,ILI incidence,2025-08-03,1,FR,respicast,quantileBaseline,WIS,29.8547,0.0,3,3,0.0
2025-08-06,ILI incidence,2025-08-03,1,GR,ECDC,SARIMA,WIS,41.6906865609761,-0.3333980826726292,10,8,0.7373155684339395
2025-08-06,ILI incidence,2025-08-03,1,GR,ECDC,soca_simplex,WIS,30.9540012657376,0.09620113661046098,10,3,0.8350182042888536
2025-08-06,ILI incidence,2025-08-03,1,GR,ISI,FluBcast,WIS,32.3970647981784,0.03046393830373407,10,4,0.8218864874741588
2025-08-06,ILI incidence,2025-08-03,1,GR,NotreDame,Rt_cocirc,WIS,12.8239108695652,1.3674907444971658,10,1,1.0
2025-08-06,ILI incidence,2025-08-03,1,GR,QMUL,ARIMA,WIS,34.3336492145569,-0.0532961569917295,10,6,0.8042637857899025
2025-08-06,ILI incidence,2025-08-03,1,GR,QMUL,SEIR,WIS,85.1725090746293,-1.364060802456718,10,9,0.34163584470733543
2025-08-06,ILI incidence,2025-08-03,1,GR,QMUL,SEIR_agumented,WIS,122.715370821395,-1.8909170133110071,10,10,0.0
2025-08-06,ILI incidence,2025-08-03,1,GR,respicast,hubEnsemble,WIS,16.3493710681268,1.0170919091065407,10,2,0.9679187063298006
2025-08-06,ILI incidence,2025-08-03,1,GR,respicast,quantileBaseline,WIS,33.0884347826087,0.0,10,5,0.8155950979090976
2025-08-06,ILI incidence,2025-08-03,1,GR,safinea,PRFM,WIS,37.0046658479331,-0.16138014095638267,10,7,0.7799578330384602
2025-08-06,ILI incidence,2025-08-03,1,HR,ECDC,soca_simplex,WIS,0.19820746425924,2.8453283885309606,5,3,0.9654871411251167
2025-08-06,ILI incidence,2025-08-03,1,HR,NotreDame,Rt_cocirc,WIS,0.155234782608696,3.197887831738646,5,2,0.9993216801204251
2025-08-06,ILI incidence,2025-08-03,1,HR,respicast,hubEnsemble,WIS,0.154373259883464,3.205916807738598,5,1,1.0
2025-08-06,ILI incidence,2025-08-03,1,HR,respicast,quantileBaseline,WIS,1.42445652173913,0.0,5,5,0.0
2025-08-06,ILI incidence,2025-08-03,1,HR,safinea,PRFM,WIS,0.627521642846468,1.1826744646600822,5,4,0.627466641618671
2025-08-06,ILI incidence,2025-08-03,1,IE,ECDC,SARIMA,WIS,2.18427452621326,-1.3974832074381767,10,7,0.16817414071374648
2025-08-06,ILI incidence,2025-08-03,1,IE,ECDC,soca_simplex,WIS,0.506285651108161,0.7116474806743711,10,4,0.8567684648481977
2025-08-06,ILI incidence,2025-08-03,1,IE,ISI,FluBcast,WIS,0.157254423104572,2.39849848092335,10,1,1.0
2025-08-06,ILI incidence,2025-08-03,1,IE,NotreDame,Rt_cocirc,WIS,0.392019565217391,1.0806734180847508,10,3,0.9036597043270743
2025-08-06,ILI incidence,2025-08-03,1,IE,QMUL,ARIMA,WIS,2.59408670053337,-1.645555716206217,10,10,0.0
2025-08-06,ILI incidence,2025-08-03,1,IE,QMUL,SEIR,WIS,2.24564478100122,-1.4374587559353094,10,8,0.1429897013264307
2025-08-06,ILI incidence,2025-08-03,1,IE,QMUL,SEIR_agumented,WIS,2.30273472235179,-1.4736772381194438,10,9,0.11956176913784043
2025-08-06,ILI incidence,2025-08-03,1,IE,respicast,hubEnsemble,WIS,0.374842432830266,1.145314799481494,10,2,0.9107086639728524
2025-08-06,ILI incidence,2025-08-03,1,IE,respicast,quantileBaseline,WIS,0.829130434782609,0.0,10,6,0.7242830301037537
2025-08-06,ILI incidence,2025-08-03,1,IE,safinea,PRFM,WIS,0.655347990302683,0.3393378950427076,10,5,0.7955979277639617
2025-08-06,ILI incidence,2025-08-03,1,IS,respicast,hubEnsemble,WIS,0.328225086356275,0.36716093534661387,3,1,1.0
2025-08-06,ILI incidence,2025-08-03,1,IS,respicast,quantileBaseline,WIS,0.423348695652174,0.0,3,3,0.0
2025-08-06,ILI incidence,2025-08-03,1,IS,safinea,PRFM,WIS,0.328225086356275,0.36716093534661387,3,1,1.0
2025-08-06,ILI incidence,2025-08-03,1,LT,ECDC,SARIMA,WIS,3.23414120985122,-1.3303730204100623,10,9,0.6047838149680136
2025-08-06,ILI incidence,2025-08-03,1,LT,ECDC,soca_simplex,WIS,0.230538226101173,2.4799317587164698,10,3,0.9834142818006392
2025-08-06,ILI incidence,2025-08-03,1,LT,ISI,FluBcast,WIS,0.0989668998738524,3.6999197537648,10,1,1.0
2025-08-06,ILI incidence,2025-08-03,1,LT,NotreDame,Rt_cocirc,WIS,0.335923913043478,1.9368032472001921,10,4,0.9701294928121079
2025-08-06,ILI incidence,2025-08-03,1,LT,QMUL,ARIMA,WIS,8.03177539485901,-2.642709274432563,10,10,0.0
2025-08-06,ILI incidence,2025-08-03,1,LT,QMUL,SEIR,WIS,1.16128870026806,0.1472829754530487,10,6,0.8660850314153216
2025-08-06,ILI incidence,2025-08-03,1,LT,QMUL,SEIR_agumented,WIS,1.57172831813053,-0.2893422103136369,10,8,0.8143455222462882
2025-08-06,ILI incidence,2025-08-03,1,LT,respicast,hubEnsemble,WIS,0.206705802388566,2.6373588590866865,10,2,0.9864185675750496
2025-08-06,ILI incidence,2025-08-03,1,LT,respicast,quantileBaseline,WIS,1.28610608695652,0.0,10,7,0.8503507064574752
2025-08-06,ILI incidence,2025-08-03,1,LT,safinea,PRFM,WIS,0.498522268291436,1.36727979673241,10,5,0.9496325458165078
2025-08-06,ILI incidence,2025-08-03,1,LU,ECDC,SARIMA,WIS,461.425039674557,0.31375187671982974,7,5,0.8583057835752883
2025-08-06,ILI incidence,2025-08-03,1,LU,ECDC,soca_simplex,WIS,422.138654722897,0.4421312309284844,7,4,0.8786822741421766
2025-08-06,ILI incidence,2025-08-03,1,LU,NotreDame,Rt_cocirc,WIS,200.311313043478,1.5176042691200744,7,2,0.9937364523459055
2025-08-06,ILI incidence,2025-08-03,1,LU,QMUL,ARIMA,WIS,288.261200717485,0.9924715055758484,7,3,0.9481198841950463
2025-08-06,ILI incidence,2025-08-03,1,LU,respicast,hubEnsemble,WIS,188.235036047002,1.6073129912890982,7,1,1.0
2025-08-06,ILI incidence,2025-08-03,1,LU,respicast,quantileBaseline,WIS,573.521739130435,0.0,7,6,0.8001650984027397
2025-08-06,ILI incidence,2025-08-03,1,LU,safinea,PRFM,WIS,2116.26012077382,-1.88359689044799,7,7,0.0
2025-08-06,ILI incidence,2025-08-03,1,MT,ECDC,SARIMA,WIS,311.661143293308,0.24991843541718647,7,3,0.724296146705949
2025-08-06,ILI incidence,2025-08-03,1,MT,ECDC,soca_simplex,WIS,645.571309852091,-0.8006797325788553,7,5,0.1022864454354379
2025-08-06,ILI incidence,2025-08-03,1,MT,NotreDame,Rt_cocirc,WIS,646.895947826087,-0.8036369437481556,7,6,0.09981890250618786
2025-08-06,ILI incidence,2025-08-03,1,MT,QMUL,ARIMA,WIS,163.656507053273,1.1792257662511134,7,1,1.0
2025-08-06,ILI incidence,2025-08-03,1,MT,respicast,hubEnsemble,WIS,310.329171101795,0.2560974146337092,7,2,0.7267773518560706
2025-08-06,ILI incidence,2025-08-03,1,MT,respicast,quantileBaseline,WIS,370.608695652174,0.0,7,4,0.6144883208130192
2025-08-06,ILI incidence,2025-08-03,1,MT,safinea,PRFM,WIS,700.481199460387,-0.918449598063797,7,7,0.0
2025-08-06,ILI incidence,2025-08-03,1,NL,ECDC,SARIMA,WIS,1.69719333565822,0.12786243719542484,10,6,0.5390613967314168
2025-08-06,ILI incidence,2025-08-03,1,NL,ECDC,soca_simplex,WIS,0.756188545900094,1.2941954540525955,10,1,1.0
2025-08-06,ILI incidence,2025-08-03,1,NL,ISI,FluBcast,WIS,2.79768557627534,-0.5932204753836491,10,10,0.0
2025-08-06,ILI incidence,2025-08-03,1,NL,NotreDame,Rt_cocirc,WIS,1.35894782608696,0.44852328798119245,10,5,0.7047464330251445
2025-08-06,ILI incidence,2025-08-03,1,NL,QMUL,ARIMA,WIS,1.24556426654271,0.574213894674398,10,4,0.7602858523126705
2025-08-06,ILI incidence,2025-08-03,1,NL,QMUL,SEIR,WIS,0.784529732460974,1.2411133266921928,10,2,0.9861174490390168
2025-08-06,ILI incidence,2025-08-03,1,NL,QMUL,SEIR_agumented,WIS,2.30071691890459,-0.3110701287878995,10,9,0.24343344613114734
2025-08-06,ILI incidence,2025-08-03,1,NL,respicast,hubEnsemble,WIS,0.895302529172867,1.050566189022869,10,3,0.9318568769863934
2025-08-06,ILI incidence,2025-08-03,1,NL,respicast,quantileBaseline,WIS,1.85447826086957,0.0,10,8,0.462017480981787
2025-08-06,ILI incidence,2025-08-03,1,NL,safinea,PRFM,WIS,1.81229083673237,0.03319885803868229,10,7,0.4826824261222879
2025-08-06,ILI incidence,2025-08-03,1,NO,ECDC,SARIMA,WIS,2.28190023372892,-0.7618956753511027,8,5,0.15286506803497854
2025-08-06,ILI incidence,2025-08-03,1,NO,ECDC,soca_simplex,WIS,1.30044223070859,0.04933772987593267,8,3,0.7459206163509294
2025-08-06,ILI incidence,2025-08-03,1,NO,ISI,FluBcast,WIS,2.53487930935043,-0.9135770172611627,8,8,0.0
2025-08-06,ILI incidence,2025-08-03,1,NO,NotreDame,Rt_cocirc,WIS,0.906421739130435,0.5700856745138057,8,2,0.9840113323688241
2025-08-06,ILI incidence,2025-08-03,1,NO,QMUL,ARIMA,WIS,2.40992245403631,-0.8406466824529443,8,7,0.07550639570526521
2025-08-06,ILI incidence,2025-08-03,1,NO,respicast,hubEnsemble,WIS,0.879961813329539,0.6128272187432359,8,1,1.0
2025-08-06,ILI incidence,2025-08-03,1,NO,respicast,quantileBaseline,WIS,1.34568434782609,0.0,8,4,0.7185826268582323
2025-08-06,ILI incidence,2025-08-03,1,NO,safinea,PRFM,WIS,2.401,-0.8352953615482712,8,6,0.08089787537586103
2025-08-06,ILI incidence,2025-08-03,1,PL,ECDC,SARIMA,WIS,13.5423066541412,-0.6412513489644428,9,7,0.27037460899983334
2025-08-06,ILI incidence,2025-08-03,1,PL,ECDC,soca_simplex,WIS,1.60484010185276,2.4357206775976374,9,1,1.0
2025-08-06,ILI incidence,2025-08-03,1,PL,NotreDame,Rt_cocirc,WIS,10.343847826087,-0.2525508117691787,9,5,0.4658664047502146
2025-08-06,ILI incidence,2025-08-03,1,PL,QMUL,ARIMA,WIS,17.6750309974277,-1.0254906007659708,9,8,0.01777992304544446
2025-08-06,ILI incidence,2025-08-03,1,PL,QMUL,SEIR,WIS,12.0464050018616,-0.47238052407836584,9,6,0.36180504971868627
2025-08-06,ILI incidence,2025-08-03,1,PL,QMUL,SEIR_agumented,WIS,17.9659299152495,-1.0490414666805343,9,9,0.0
2025-08-06,ILI incidence,2025-08-03,1,PL,respicast,hubEnsemble,WIS,4.11576861524127,1.0769883617598746,9,2,0.8465304853144612
2025-08-06,ILI incidence,2025-08-03,1,PL,respicast,quantileBaseline,WIS,8.68273913043478,0.0,9,4,0.5673944028602229
2025-08-06,ILI incidence,2025-08-03,1,PL,safinea,PRFM,WIS,4.79075153771416,0.8578982462153673,9,3,0.8052751086756628
2025-08-06,ILI incidence,2025-08-03,1,RO,ECDC,soca_simplex,WIS,3.84124572279517,-2.0034766943124795,5,4,0.23909283798045164
2025-08-06,ILI incidence,2025-08-03,1,RO,NotreDame,Rt_cocirc,WIS,0.0311413043478261,4.943124378148926,5,1,1.0
2025-08-06,ILI incidence,2025-08-03,1,RO,respicast,hubEnsemble,WIS,3.82744599747373,-1.998284461399118,5,3,0.2418487492830782
2025-08-06,ILI incidence,2025-08-03,1,RO,respicast,quantileBaseline,WIS,0.958,0.0,5,2,0.8148991885137798
2025-08-06,ILI incidence,2025-08-03,1,RO,safinea,PRFM,WIS,5.03845968512745,-2.394885191645119,5,5,0.0
2025-08-06,ILI incidence,2025-08-03,1,SI,ECDC,SARIMA,WIS,1.93152202203449,-1.2583204848241973,9,8,0.48053441547750037
2025-08-06,ILI incidence,2025-08-03,1,SI,ECDC,soca_simplex,WIS,0.0009374435776501,9.75039816016102,9,2,0.9998112823263275
2025-08-06,ILI incidence,2025-08-03,1,SI,NotreDame,Rt_cocirc,WIS,0.0020108695652173,8.649382421770055,9,5,0.9995225587501434
2025-08-06,ILI incidence,2025-08-03,1,SI,QMUL,ARIMA,WIS,3.71806864323938,-2.20313576407128,9,9,0.0
2025-08-06,ILI incidence,2025-08-03,1,SI,QMUL,SEIR,WIS,0.0029973857654021,8.073497154684313,9,6,0.9992572116385774
2025-08-06,ILI incidence,2025-08-03,1,SI,QMUL,SEIR_agumented,WIS,0.0002358228166769,11.741426710287863,9,1,1.0
2025-08-06,ILI incidence,2025-08-03,1,SI,respicast,hubEnsemble,WIS,0.0015201203891421,9.053016340757509,9,4,0.9996545574708443
2025-08-06,ILI incidence,2025-08-03,1,SI,respicast,quantileBaseline,WIS,0.807434782608696,0.0,9,7,0.7828845462448084
2025-08-06,ILI incidence,2025-08-03,1,SI,safinea,PRFM,WIS,0.001,9.657201926229288,9,3,0.9997944562813247
2025-08-06,ILI incidence,2025-08-10,2,BE,ECDC,SARIMA,WIS,22.3673804601582,-0.22820033494738853,10,7,0.6703978484368465
2025-08-06,ILI incidence,2025-08-10,2,BE,ECDC,soca_simplex,WIS,13.5380198439789,0.4961792344563287,10,4,0.8984279561113178
2025-08-06,ILI incidence,2025-08-10,2,BE,ISI,FluBcast,WIS,31.0516637336458,-0.7014745983035181,10,8,0.4461145581722897
2025-08-06,ILI incidence,2025-08-10,2,BE,NotreDame,Rt_cocirc,WIS,9.6051347826087,0.9913182075932937,10,1,1.0
2025-08-06,ILI incidence,2025-08-10,2,BE,QMUL,ARIMA,WIS,13.4192388615318,0.5088931268621902,10,3,0.9014956346663717
2025-08-06,ILI incidence,2025-08-10,2,BE,QMUL,SEIR,WIS,46.8477290857011,-1.2947831447018388,10,9,0.038159934995869074
2025-08-06,ILI incidence,2025-08-10,2,BE,QMUL,SEIR_agumented,WIS,48.3252876002525,-1.339582347291947,10,10,0.0
2025-08-06,ILI incidence,2025-08-10,2,BE,respicast,hubEnsemble,WIS,13.8896047468432,0.45919042566380736,10,5,0.8893478033412572
2025-08-06,ILI incidence,2025-08-10,2,BE,respicast,quantileBaseline,WIS,19.0950139130435,0.0,10,6,0.7549111137260156
2025-08-06,ILI incidence,2025-08-10,2,BE,safinea,PRFM,WIS,9.92796489492649,0.9436260518890441,10,2,0.9916624783523406
2025-08-06,ILI incidence,2025-08-10,2,CZ,ECDC,soca_simplex,WIS,0.226947986636176,3.7036502678728978,6,1,1.0
2025-08-06,ILI incidence,2025-08-10,2,CZ,ISI,FluBcast,WIS,1.63047057393397,0.8587954583310485,6,4,0.6441545208820488
2025-08-06,ILI incidence,2025-08-10,2,CZ,NotreDame,Rt_cocirc,WIS,4.17113913043478,-0.49635757236300665,6,6,0.0
2025-08-06,ILI incidence,2025-08-10,2,CZ,respicast,hubEnsemble,WIS,0.280176826827711,3.3996743206704565,6,2,0.9865044978169412
2025-08-06,ILI incidence,2025-08-10,2,CZ,respicast,quantileBaseline,WIS,2.95689673913043,0.0,6,5,0.30785586880430116
2025-08-06,ILI incidence,2025-08-10,2,CZ,safinea,PRFM,WIS,0.507032121144253,2.543934810638925,6,3,0.928988194462013
2025-08-06,ILI incidence,2025-08-10,2,DK,ECDC,SARIMA,WIS,37.1481788069016,-0.7357622366038202,7,2,0.732341897219015
2025-08-06,ILI incidence,2025-08-10,2,DK,ECDC,soca_simplex,WIS,39.4184755884362,-0.8213427371872092,7,3,0.6913960890562946
2025-08-06,ILI incidence,2025-08-10,2,DK,NotreDame,Rt_cocirc,WIS,70.0529869565217,-1.6509173187378738,7,6,0.1388891058994807
2025-08-06,ILI incidence,2025-08-10,2,DK,QMUL,ARIMA,WIS,67.009293814197,-1.586831955550984,7,5,0.19378346003214805
2025-08-06,ILI incidence,2025-08-10,2,DK,respicast,hubEnsemble,WIS,66.0284257355295,-1.5655580016750765,7,4,0.21147385034090224
2025-08-06,ILI incidence,2025-08-10,2,DK,respicast,quantileBaseline,WIS,22.3075063043478,0.0,7,1,1.0
2025-08-06,ILI incidence,2025-08-10,2,DK,safinea,PRFM,WIS,77.7538849058482,-1.8013855124301574,7,7,0.0
2025-08-06,ILI incidence,2025-08-10,2,EE,ECDC,SARIMA,WIS,15.6894987127438,-0.21221195586472394,9,8,0.2665741945059747
2025-08-06,ILI incidence,2025-08-10,2,EE,ECDC,soca_simplex,WIS,19.8518719703267,-0.5516877531211511,9,9,0.0
2025-08-06,ILI incidence,2025-08-10,2,EE,NotreDame,Rt_cocirc,WIS,6.16647173913044,1.1350701364605043,9,2,0.876465015836068
2025-08-06,ILI incidence,2025-08-10,2,EE,QMUL,ARIMA,WIS,11.6883911815385,0.21251093486024353,9,5,0.5228203193146407
2025-08-06,ILI incidence,2025-08-10,2,EE,QMUL,SEIR,WIS,9.76033494789067,0.4725847392743321,9,4,0.646300364385216
2025-08-06,ILI incidence,2025-08-10,2,EE,QMUL,SEIR_agumented,WIS,4.23755766921152,1.676282395125913,9,1,1.0
2025-08-06,ILI incidence,2025-08-10,2,EE,respicast,hubEnsemble,WIS,7.90511456463132,0.776729026294807,9,3,0.7651157249244137
2025-08-06,ILI incidence,2025-08-10,2,EE,respicast,quantileBaseline,WIS,13.543375,0.0,9,6,0.4040201092837068
2025-08-06,ILI incidence,2025-08-10,2,EE,safinea,PRFM,WIS,14.7186252503376,-0.12005562466748136,9,7,0.328752618974916
2025-08-06,ILI incidence,2025-08-10,2,ES,ECDC,SARIMA,WIS,2.33035036148505,-0.6080764186956759,8,5,0.6904067458545275
2025-08-06,ILI incidence,2025-08-10,2,ES,ECDC,soca_simplex,WIS,0.396906134748238,1.9456006910232582,8,1,1.0
2025-08-06,ILI incidence,2025-08-10,2,ES,QMUL,ARIMA,WIS,4.10317594880306,-1.4242705623964715,8,6,0.40653259266187197
2025-08-06,ILI incidence,2025-08-10,2,ES,QMUL,SEIR,WIS,6.64141666893534,-2.119020555598399,8,7,9.614443984154562e-05
2025-08-06,ILI incidence,2025-08-10,2,ES,QMUL,SEIR_agumented,WIS,6.642017101631,-2.119150979898014,8,8,0.0
2025-08-06,ILI incidence,2025-08-10,2,ES,respicast,hubEnsemble,WIS,0.666255014894823,1.1983240653711762,8,3,0.9568704412820017
2025-08-06,ILI incidence,2025-08-10,2,ES,respicast,quantileBaseline,WIS,1.528875,0.0,8,4,0.8187431942755722
2025-08-06,ILI incidence,2025-08-10,2,ES,safinea,PRFM,WIS,0.514192526518944,1.5720899108211928,8,2,0.9812194863481747
2025-08-06,ILI incidence,2025-08-10,2,FI,ECDC,soca_simplex,WIS,0.978570053956182,1.7155838561474375,4,3,0.8166503863608614
2025-08-06,ILI incidence,2025-08-10,2,FI,respicast,hubEnsemble,WIS,0.476703795977427,2.7531658768828375,4,1,1.0
2025-08-06,ILI incidence,2025-08-10,2,FI,respicast,quantileBaseline,WIS,3.21391304347826,0.0,4,4,0.0
2025-08-06,ILI incidence,2025-08-10,2,FI,safinea,PRFM,WIS,0.961236197090393,1.7413680136856056,4,2,0.8229830614684059
2025-08-06,ILI incidence,2025-08-10,2,FR,NotreDame,Rt_cocirc,WIS,21.2400173913043,0.500126790950503,3,1,1.0
2025-08-06,ILI incidence,2025-08-10,2,FR,respicast,hubEnsemble,WIS,21.2400173913043,0.500126790950503,3,1,1.0
2025-08-06,ILI incidence,2025-08-10,2,FR,respicast,quantileBaseline,WIS,30.0405606521739,0.0,3,3,0.0
2025-08-06,ILI incidence,2025-08-10,2,GR,ECDC,SARIMA,WIS,76.0186963853948,-0.020142229437635575,10,5,0.7493643346100367
2025-08-06,ILI incidence,2025-08-10,2,GR,ECDC,soca_simplex,WIS,95.9345758946381,-0.35583881663558375,10,7,0.6495800646315615
2025-08-06,ILI incidence,2025-08-10,2,GR,ISI,FluBcast,WIS,122.362983163199,-0.7068832239168913,10,8,0.5171661622094648
2025-08-06,ILI incidence,2025-08-10,2,GR,NotreDame,Rt_cocirc,WIS,59.4266173913043,0.33510279179078334,10,3,0.8324954104473911
2025-08-06,ILI incidence,2025-08-10,2,GR,QMUL,ARIMA,WIS,29.2772517148281,1.3564319230287112,10,2,0.9835523819933883
2025-08-06,ILI incidence,2025-08-10,2,GR,QMUL,SEIR,WIS,171.997856418254,-1.198106624082649,10,9,0.2684812075263869
2025-08-06,ILI incidence,2025-08-10,2,GR,QMUL,SEIR_agumented,WIS,225.583851292447,-1.5893798333901372,10,10,0.0
2025-08-06,ILI incidence,2025-08-10,2,GR,respicast,hubEnsemble,WIS,80.4983676451395,-0.1027474726264022,10,6,0.7269198964324649
2025-08-06,ILI incidence,2025-08-10,2,GR,respicast,quantileBaseline,WIS,74.9647336956522,0.0,10,4,0.7546449900554418
2025-08-06,ILI incidence,2025-08-10,2,GR,safinea,PRFM,WIS,25.9944820107014,1.5280066486929174,10,1,1.0
2025-08-06,ILI incidence,2025-08-10,2,HR,ECDC,soca_simplex,WIS,0.0975631891640991,4.314021079861634,5,3,0.992162228758823
2025-08-06,ILI incidence,2025-08-10,2,HR,NotreDame,Rt_cocirc,WIS,0.0846195652173913,4.519366724834619,5,2,0.9991301763311693
2025-08-06,ILI incidence,2025-08-10,2,HR,respicast,hubEnsemble,WIS,0.0830037851971782,4.547180869099726,5,1,1.0
2025-08-06,ILI incidence,2025-08-10,2,HR,respicast,quantileBaseline,WIS,1.94059869565217,0.0,5,5,0.0
2025-08-06,ILI incidence,2025-08-10,2,HR,safinea,PRFM,WIS,1.01291428325243,0.9379897152448606,5,4,0.4994008150961808
2025-08-06,ILI incidence,2025-08-10,2,IE,ECDC,SARIMA,WIS,3.58428131500918,-1.0994894028845659,10,9,0.35701337712965325
2025-08-06,ILI incidence,2025-08-10,2,IE,ECDC,soca_simplex,WIS,0.752127537645135,1.1531452455923807,10,4,0.9710088508700954
2025-08-06,ILI incidence,2025-08-10,2,IE,ISI,FluBcast,WIS,1.33833054246371,0.3217599914379465,10,6,0.8439232404317231
2025-08-06,ILI incidence,2025-08-10,2,IE,NotreDame,Rt_cocirc,WIS,0.744573913043478,1.1677074941594845,10,3,0.9726464354365904
2025-08-06,ILI incidence,2025-08-10,2,IE,QMUL,ARIMA,WIS,5.23106346219269,-1.6449098026456381,10,10,0.0
2025-08-06,ILI incidence,2025-08-10,2,IE,QMUL,SEIR,WIS,0.618401156865505,1.4355795466778531,10,1,1.0
2025-08-06,ILI incidence,2025-08-10,2,IE,QMUL,SEIR_agumented,WIS,0.667333186159266,1.3257153146778462,10,2,0.9893918032461971
2025-08-06,ILI incidence,2025-08-10,2,IE,respicast,hubEnsemble,WIS,0.806829209381373,1.0518592505189042,10,5,0.9591498271403368
2025-08-06,ILI incidence,2025-08-10,2,IE,respicast,quantileBaseline,WIS,1.67271826086956,0.0,10,7,0.7714298090310189
2025-08-06,ILI incidence,2025-08-10,2,IE,safinea,PRFM,WIS,2.33225909599759,-0.47953359977578114,10,8,0.6284449574483824
2025-08-06,ILI incidence,2025-08-10,2,IS,ECDC,soca_simplex,WIS,0.403421042195475,0.32697500775993577,4,1,1.0
2025-08-06,ILI incidence,2025-08-10,2,IS,respicast,hubEnsemble,WIS,0.636511071870235,-0.33092426571480327,4,3,0.49999999999999994
2025-08-06,ILI incidence,2025-08-10,2,IS,respicast,quantileBaseline,WIS,0.50604347826087,0.0,4,2,0.7798652387479029
2025-08-06,ILI incidence,2025-08-10,2,IS,safinea,PRFM,WIS,0.869601101544995,-0.7810924240968218,4,4,0.0
2025-08-06,ILI incidence,2025-08-10,2,LT,ECDC,SARIMA,WIS,5.78431631912136,-1.177791925434918,10,9,0.380259441489997
2025-08-06,ILI incidence,2025-08-10,2,LT,ECDC,soca_simplex,WIS,0.37671149727244,2.762822553467053,10,3,0.9747060325438159
2025-08-06,ILI incidence,2025-08-10,2,LT,ISI,FluBcast,WIS,0.146615501369307,4.124244973768728,10,1,1.0
2025-08-06,ILI incidence,2025-08-10,2,LT,NotreDame,Rt_cocirc,WIS,0.413315217391304,2.6290401369532357,10,4,0.9706822628044608
2025-08-06,ILI incidence,2025-08-10,2,LT,QMUL,ARIMA,WIS,9.24348795926744,-1.854082820550143,10,10,0.0
2025-08-06,ILI incidence,2025-08-10,2,LT,QMUL,SEIR,WIS,1.19372543138969,1.0988834830473848,10,6,0.884893414207291
2025-08-06,ILI incidence,2025-08-10,2,LT,QMUL,SEIR_agumented,WIS,1.54622732143853,0.7256020884270096,10,7,0.8461436250154256
2025-08-06,ILI incidence,2025-08-10,2,LT,respicast,hubEnsemble,WIS,0.222012061929092,3.5256445582049825,10,2,0.9917118151421015
2025-08-06,ILI incidence,2025-08-10,2,LT,respicast,quantileBaseline,WIS,2.55682695652174,0.0,10,8,0.7350505389289231
2025-08-06,ILI incidence,2025-08-10,2,LT,safinea,PRFM,WIS,1.15121234485099,1.1512005559380833,10,5,0.8895667881317314
2025-08-06,ILI incidence,2025-08-10,2,LU,ECDC,SARIMA,WIS,483.388680687375,-0.2493690830654096,7,3,0.9487340275199353
2025-08-06,ILI incidence,2025-08-10,2,LU,ECDC,soca_simplex,WIS,223.528082639496,0.8633585136628016,7,1,1.0
2025-08-06,ILI incidence,2025-08-10,2,LU,NotreDame,Rt_cocirc,WIS,532.448369565217,-0.38882702947761627,7,5,0.9390554049092517
2025-08-06,ILI incidence,2025-08-10,2,LU,QMUL,ARIMA,WIS,597.244980273054,-0.5545082157225544,7,6,0.9262721615614572
2025-08-06,ILI incidence,2025-08-10,2,LU,respicast,hubEnsemble,WIS,496.273674791511,-0.2873213203854861,7,4,0.9461920424782989
2025-08-06,ILI incidence,2025-08-10,2,LU,respicast,quantileBaseline,WIS,406.657608695652,0.0,7,2,0.9638717323302998
2025-08-06,ILI incidence,2025-08-10,2,LU,safinea,PRFM,WIS,5292.39902132945,-3.702035325402895,7,7,0.0
2025-08-06,ILI incidence,2025-08-10,2,MT,ECDC,SARIMA,WIS,430.116174058911,0.32590797102254593,7,3,0.9144598639426774
2025-08-06,ILI incidence,2025-08-10,2,MT,ECDC,soca_simplex,WIS,462.388014170545,0.22153035294635454,7,4,0.8918858006302268
2025-08-06,ILI incidence,2025-08-10,2,MT,NotreDame,Rt_cocirc,WIS,409.768502173913,0.3958252618888145,7,2,0.9286930044082974
2025-08-06,ILI incidence,2025-08-10,2,MT,QMUL,ARIMA,WIS,787.61110684702,-0.5468491018564443,7,6,0.6643931426549194
2025-08-06,ILI incidence,2025-08-10,2,MT,respicast,hubEnsemble,WIS,307.828150154647,0.8085091855892979,7,1,1.0
2025-08-06,ILI incidence,2025-08-10,2,MT,respicast,quantileBaseline,WIS,539.130434782609,0.0,7,5,0.8382046886869717
2025-08-06,ILI incidence,2025-08-10,2,MT,safinea,PRFM,WIS,1737.42634277753,-1.6882455574370558,7,7,0.0
2025-08-06,ILI incidence,2025-08-10,2,NL,ECDC,SARIMA,WIS,2.25445359791026,-0.033678516721161886,10,9,0.19017385200716325
2025-08-06,ILI incidence,2025-08-10,2,NL,ECDC,soca_simplex,WIS,0.842356023911023,1.3865972733994836,10,3,0.8400446036020333
2025-08-06,ILI incidence,2025-08-10,2,NL,ISI,FluBcast,WIS,2.00278793720097,0.13708962821508908,10,6,0.30599456800242647
2025-08-06,ILI incidence,2025-08-10,2,NL,NotreDame,Rt_cocirc,WIS,2.66768043478261,-0.2764865549727449,10,10,0.0
2025-08-06,ILI incidence,2025-08-10,2,NL,QMUL,ARIMA,WIS,2.18156435125279,0.013736268809796878,10,7,0.2237186936531411
2025-08-06,ILI incidence,2025-08-10,2,NL,QMUL,SEIR,WIS,0.494790563167739,2.154209409352793,10,1,1.0
2025-08-06,ILI incidence,2025-08-10,2,NL,QMUL,SEIR_agumented,WIS,1.55161183002833,0.5053316187853482,10,5,0.5136333043537217
2025-08-06,ILI incidence,2025-08-10,2,NL,respicast,hubEnsemble,WIS,0.79982631316337,1.4613406497342345,10,2,0.8596174826987751
2025-08-06,ILI incidence,2025-08-10,2,NL,respicast,quantileBaseline,WIS,2.2024347826087,0.0,10,8,0.21411377458727082
2025-08-06,ILI incidence,2025-08-10,2,NL,safinea,PRFM,WIS,1.34983529994364,0.7063159117346132,10,4,0.6064942140208699
2025-08-06,ILI incidence,2025-08-10,2,NO,ECDC,SARIMA,WIS,3.00383884375755,-0.3844339864250201,8,6,0.45016409604330215
2025-08-06,ILI incidence,2025-08-10,2,NO,ECDC,soca_simplex,WIS,2.53130594744717,-0.13750846220508312,8,5,0.5713686146149419
2025-08-06,ILI incidence,2025-08-10,2,NO,ISI,FluBcast,WIS,4.75886701123099,-1.0482447104967803,8,8,0.0
2025-08-06,ILI incidence,2025-08-10,2,NO,NotreDame,Rt_cocirc,WIS,0.860226086956522,1.4195856399831608,8,1,1.0
2025-08-06,ILI incidence,2025-08-10,2,NO,QMUL,ARIMA,WIS,3.567387980181,-0.6324947004606413,8,7,0.3056139444982927
2025-08-06,ILI incidence,2025-08-10,2,NO,respicast,hubEnsemble,WIS,0.921630256652346,1.320113442161477,8,2,0.9842498524771806
2025-08-06,ILI incidence,2025-08-10,2,NO,respicast,quantileBaseline,WIS,2.30117934782609,0.0,8,4,0.630396004951975
2025-08-06,ILI incidence,2025-08-10,2,NO,safinea,PRFM,WIS,1.05888160926783,1.119832133318404,8,3,0.9490449297152757
2025-08-06,ILI incidence,2025-08-10,2,PL,ECDC,SARIMA,WIS,21.4168490841382,-0.5158871129975695,9,7,0.24819024106763743
2025-08-06,ILI incidence,2025-08-10,2,PL,ECDC,soca_simplex,WIS,2.9493269980401,2.3444014377681546,9,1,1.0
2025-08-06,ILI incidence,2025-08-10,2,PL,NotreDame,Rt_cocirc,WIS,15.8191086956522,-0.07880918681763968,9,6,0.4760733231840853
2025-08-06,ILI incidence,2025-08-10,2,PL,QMUL,ARIMA,WIS,27.5134163393698,-0.8772761613808158,9,9,0.0
2025-08-06,ILI incidence,2025-08-10,2,PL,QMUL,SEIR,WIS,15.7621517399521,-0.07360536622969549,9,5,0.47839203139706465
2025-08-06,ILI incidence,2025-08-10,2,PL,QMUL,SEIR_agumented,WIS,22.7223495276255,-0.6012528907933797,9,8,0.19504353469693703
2025-08-06,ILI incidence,2025-08-10,2,PL,respicast,hubEnsemble,WIS,4.73688434016557,1.6608487773773295,9,2,0.9272288372963267
2025-08-06,ILI incidence,2025-08-10,2,PL,respicast,quantileBaseline,WIS,14.9781467391304,0.0,9,4,0.5103087448533454
2025-08-06,ILI incidence,2025-08-10,2,PL,safinea,PRFM,WIS,6.15914783534682,1.2820564666811956,9,3,0.8693287264712023
2025-08-06,ILI incidence,2025-08-10,2,RO,NotreDame,Rt_cocirc,WIS,0.020054347826087,5.775797169073296,4,1,1.0
2025-08-06,ILI incidence,2025-08-10,2,RO,respicast,hubEnsemble,WIS,1.98124443902681,-0.850550856587462,4,3,0.5000000000000009
2025-08-06,ILI incidence,2025-08-10,2,RO,respicast,quantileBaseline,WIS,1.09874456521739,0.0,4,2,0.7249909067379385
2025-08-06,ILI incidence,2025-08-10,2,RO,safinea,PRFM,WIS,3.94243453022754,-1.8432307678951059,4,4,0.0
2025-08-06,ILI incidence,2025-08-10,2,SI,ECDC,SARIMA,WIS,2.50908940971094,-0.453861479870155,9,8,0.5767459255178377
2025-08-06,ILI incidence,2025-08-10,2,SI,ECDC,soca_simplex,WIS,0.0007842553729566,11.18969127275948,9,3,0.9998815061008511
2025-08-06,ILI incidence,2025-08-10,2,SI,NotreDame,Rt_cocirc,WIS,0.0008695652173913,11.04072054709062,9,4,0.9998671148572293
2025-08-06,ILI incidence,2025-08-10,2,SI,QMUL,ARIMA,WIS,5.92798123565137,-1.6942384797054582,9,9,0.0
2025-08-06,ILI incidence,2025-08-10,2,SI,QMUL,SEIR,WIS,0.0015781849991778,10.180820353983693,9,6,0.999747575078642
2025-08-06,ILI incidence,2025-08-10,2,SI,QMUL,SEIR_agumented,WIS,8.18354592661825e-05,14.450216777971916,9,1,1.0
2025-08-06,ILI incidence,2025-08-10,2,SI,respicast,hubEnsemble,WIS,0.0007076237180641,11.338032375855146,9,2,0.9998944333875204
2025-08-06,ILI incidence,2025-08-10,2,SI,respicast,quantileBaseline,WIS,1.83185130434783,0.0,9,7,0.6909918092015526
2025-08-06,ILI incidence,2025-08-10,2,SI,safinea,PRFM,WIS,0.001,10.839086685920963,9,5,0.9998451113153667
2025-08-06,ILI incidence,2025-08-17,3,BE,ECDC,SARIMA,WIS,29.5318451564906,-0.6051276416758534,10,8,0.3012808571466789
2025-08-06,ILI incidence,2025-08-17,3,BE,ECDC,soca_simplex,WIS,5.68615423681125,1.771618719799965,10,2,0.93955944260218
2025-08-06,ILI incidence,2025-08-17,3,BE,ISI,FluBcast,WIS,22.2916056045794,-0.19935667626481093,10,7,0.49508064575917826
2025-08-06,ILI incidence,2025-08-17,3,BE,NotreDame,Rt_cocirc,WIS,3.42813260869565,2.5016490348558533,10,1,1.0
2025-08-06,ILI incidence,2025-08-17,3,BE,QMUL,ARIMA,WIS,15.6517963056565,0.31081561746249536,10,5,0.6728086931991129
2025-08-06,ILI incidence,2025-08-17,3,BE,QMUL,SEIR,WIS,39.9677542783945,-1.0416926548712797,10,9,0.021942450274442547
2025-08-06,ILI incidence,2025-08-17,3,BE,QMUL,SEIR_agumented,WIS,40.7875105716303,-1.0709835987156069,10,10,0.0
2025-08-06,ILI incidence,2025-08-17,3,BE,respicast,hubEnsemble,WIS,8.21806897868261,1.2402725125445764,10,4,0.8717875770110733
2025-08-06,ILI incidence,2025-08-17,3,BE,respicast,quantileBaseline,WIS,19.4146252173913,0.0,10,6,0.5720888976107599
2025-08-06,ILI incidence,2025-08-17,3,BE,safinea,PRFM,WIS,7.29934793862586,1.411304360716901,10,3,0.8963790207168075
2025-08-06,ILI incidence,2025-08-17,3,CZ,ECDC,soca_simplex,WIS,0.402957044696991,3.1755692463389646,6,1,1.0
2025-08-06,ILI incidence,2025-08-17,3,CZ,ISI,FluBcast,WIS,1.98919999562685,0.872078873734646,6,4,0.8297176081899797
2025-08-06,ILI incidence,2025-08-17,3,CZ,NotreDame,Rt_cocirc,WIS,9.71832391304348,-1.4164403116600959,6,6,0.0
2025-08-06,ILI incidence,2025-08-17,3,CZ,respicast,hubEnsemble,WIS,0.456132196591735,2.996743293700831,6,2,0.9942916738925837
2025-08-06,ILI incidence,2025-08-17,3,CZ,respicast,quantileBaseline,WIS,3.64082956521739,0.0,6,5,0.6524159953890113
2025-08-06,ILI incidence,2025-08-17,3,CZ,safinea,PRFM,WIS,0.795756636994603,2.1938680170189753,6,3,0.9578331591391918
2025-08-06,ILI incidence,2025-08-17,3,DK,ECDC,SARIMA,WIS,21.959317697374,-0.8176358385921378,7,2,0.8619546244130479
2025-08-06,ILI incidence,2025-08-17,3,DK,ECDC,soca_simplex,WIS,23.9953424227902,-0.9455570108524068,7,3,0.8323697057732684
2025-08-06,ILI incidence,2025-08-17,3,DK,NotreDame,Rt_cocirc,WIS,44.1141869565217,-1.8240453055365606,7,6,0.540028276307009
2025-08-06,ILI incidence,2025-08-17,3,DK,QMUL,ARIMA,WIS,30.3427743565557,-1.2841556126087739,7,4,0.7401369077194021
2025-08-06,ILI incidence,2025-08-17,3,DK,respicast,hubEnsemble,WIS,31.283965095798,-1.3282259888986367,7,5,0.7264607224072098
2025-08-06,ILI incidence,2025-08-17,3,DK,respicast,quantileBaseline,WIS,12.4590786956522,0.0,7,1,1.0
2025-08-06,ILI incidence,2025-08-17,3,DK,safinea,PRFM,WIS,81.2787617986026,-2.7056810340848836,7,7,0.0
2025-08-06,ILI incidence,2025-08-17,3,ES,ECDC,SARIMA,WIS,3.78828727943068,-0.7240216349521071,8,5,0.45451716437243556
2025-08-06,ILI incidence,2025-08-17,3,ES,ECDC,soca_simplex,WIS,0.788417473030331,1.540492449669698,8,2,0.9720621796941155
2025-08-06,ILI incidence,2025-08-17,3,ES,QMUL,ARIMA,WIS,6.42282587515862,-1.4856840803064582,8,8,0.0
2025-08-06,ILI incidence,2025-08-17,3,ES,QMUL,SEIR,WIS,5.55902716132113,-1.2773083263400011,8,6,0.14902470688363237
2025-08-06,ILI incidence,2025-08-17,3,ES,QMUL,SEIR_agumented,WIS,5.55936250943468,-1.2773953542414982,8,7,0.148966851791323
2025-08-06,ILI incidence,2025-08-17,3,ES,respicast,hubEnsemble,WIS,0.810107412179615,1.5013389919540676,8,3,0.9683201773360823
2025-08-06,ILI incidence,2025-08-17,3,ES,respicast,quantileBaseline,WIS,2.29345739130435,0.0,8,4,0.7124089421099391
2025-08-06,ILI incidence,2025-08-17,3,ES,safinea,PRFM,WIS,0.626480209389275,1.8721832643384198,8,1,1.0
2025-08-06,ILI incidence,2025-08-17,3,FI,ECDC,soca_simplex,WIS,1.12444292614849,1.656920541080574,4,3,0.8106913834036795
2025-08-06,ILI incidence,2025-08-17,3,FI,respicast,hubEnsemble,WIS,0.559008303519923,2.665189358378796,4,1,1.0
2025-08-06,ILI incidence,2025-08-17,3,FI,respicast,quantileBaseline,WIS,3.54584869565217,0.0,4,4,0.0
2025-08-06,ILI incidence,2025-08-17,3,FI,safinea,PRFM,WIS,1.10643233181476,1.68021575634447,4,2,0.8167213655818945
2025-08-06,ILI incidence,2025-08-17,3,FR,NotreDame,Rt_cocirc,WIS,14.494697826087,1.1052337090742979,3,1,1.0
2025-08-06,ILI incidence,2025-08-17,3,FR,respicast,hubEnsemble,WIS,14.494697826087,1.1052337090742979,3,1,1.0
2025-08-06,ILI incidence,2025-08-17,3,FR,respicast,quantileBaseline,WIS,31.1829834782609,0.0,3,3,0.0
2025-08-06,ILI incidence,2025-08-17,3,GR,ECDC,SARIMA,WIS,74.5389261122301,-0.10868420910066025,10,7,0.6983451957748728
2025-08-06,ILI incidence,2025-08-17,3,GR,ECDC,soca_simplex,WIS,49.9881804805331,0.46772280977327024,10,5,0.8174921342827518
2025-08-06,ILI incidence,2025-08-17,3,GR,ISI,FluBcast,WIS,95.8322185718995,-0.47120094317119854,10,8,0.5950069654260964
2025-08-06,ILI incidence,2025-08-17,3,GR,NotreDame,Rt_cocirc,WIS,40.4119695652174,0.7745271589876844,10,2,0.8639663322636273
2025-08-06,ILI incidence,2025-08-17,3,GR,QMUL,ARIMA,WIS,44.2744522243725,0.6428353674325369,10,3,0.8452213625269874
2025-08-06,ILI incidence,2025-08-17,3,GR,QMUL,SEIR,WIS,168.922362282154,-1.2889785974386243,10,9,0.24029403780998337
2025-08-06,ILI incidence,2025-08-17,3,GR,QMUL,SEIR_agumented,WIS,218.435995389027,-1.6598288828661183,10,10,0.0
2025-08-06,ILI incidence,2025-08-17,3,GR,respicast,hubEnsemble,WIS,49.5363649612964,0.48082181935087487,10,4,0.8196848349320509
2025-08-06,ILI incidence,2025-08-17,3,GR,respicast,quantileBaseline,WIS,69.1298993478261,0.0,10,6,0.7245956807480808
2025-08-06,ILI incidence,2025-08-17,3,GR,safinea,PRFM,WIS,12.3816398247548,2.4811074273216023,10,1,1.0
2025-08-06,ILI incidence,2025-08-17,3,HR,ECDC,soca_simplex,WIS,0.197939053999348,3.571288085719385,5,1,1.0
2025-08-06,ILI incidence,2025-08-17,3,HR,NotreDame,Rt_cocirc,WIS,0.2,3.556344374469104,5,3,0.9990436100419312
2025-08-06,ILI incidence,2025-08-17,3,HR,respicast,hubEnsemble,WIS,0.197939053999348,3.571288085719385,5,1,1.0
2025-08-06,ILI incidence,2025-08-17,3,HR,respicast,quantileBaseline,WIS,2.35286130434783,0.0,5,5,0.0
2025-08-06,ILI incidence,2025-08-17,3,HR,safinea,PRFM,WIS,1.02230030536343,1.2025972228190247,5,4,0.6174519747843473
2025-08-06,ILI incidence,2025-08-17,3,IE,ECDC,SARIMA,WIS,3.77756904109468,-1.444222807831582,10,9,0.20223486519524914
2025-08-06,ILI incidence,2025-08-17,3,IE,ECDC,soca_simplex,WIS,0.421550754250416,1.7194570697059286,10,4,0.9594366655319866
2025-08-06,ILI incidence,2025-08-17,3,IE,ISI,FluBcast,WIS,0.241768703825425,2.5215359057586753,10,1,1.0
2025-08-06,ILI incidence,2025-08-17,3,IE,NotreDame,Rt_cocirc,WIS,0.348713043478261,1.99312308165689,10,3,0.9758706778093582
2025-08-06,ILI incidence,2025-08-17,3,IE,QMUL,ARIMA,WIS,4.67390064718821,-1.7513917518183981,10,10,0.0
2025-08-06,ILI incidence,2025-08-17,3,IE,QMUL,SEIR,WIS,2.38159554135303,-0.7786931104335678,10,6,0.5172014586045791
2025-08-06,ILI incidence,2025-08-17,3,IE,QMUL,SEIR_agumented,WIS,2.41695134875868,-0.7999531177814125,10,7,0.5092243027217097
2025-08-06,ILI incidence,2025-08-17,3,IE,respicast,hubEnsemble,WIS,0.28859335970583,2.266125305244921,10,2,0.9894351845841309
2025-08-06,ILI incidence,2025-08-17,3,IE,respicast,quantileBaseline,WIS,1.38821913043478,0.0,10,5,0.7413320629305296
2025-08-06,ILI incidence,2025-08-17,3,IE,safinea,PRFM,WIS,3.02694458473258,-1.124626948165209,10,8,0.37159454716188745
2025-08-06,ILI incidence,2025-08-17,3,IS,respicast,hubEnsemble,WIS,0.277665854986686,1.1697032975728987,3,1,1.0
2025-08-06,ILI incidence,2025-08-17,3,IS,respicast,quantileBaseline,WIS,0.624652173913043,0.0,3,3,0.0
2025-08-06,ILI incidence,2025-08-17,3,IS,safinea,PRFM,WIS,0.277665854986686,1.1697032975728987,3,1,1.0
2025-08-06,ILI incidence,2025-08-17,3,LT,ECDC,SARIMA,WIS,7.04899378837853,-0.8787214477679589,10,9,0.36129426910894724
2025-08-06,ILI incidence,2025-08-17,3,LT,ECDC,soca_simplex,WIS,0.865208280341023,2.1475765087555043,10,4,0.9323818319645951
2025-08-06,ILI incidence,2025-08-17,3,LT,ISI,FluBcast,WIS,0.133032910444072,4.848840789159262,10,1,1.0
2025-08-06,ILI incidence,2025-08-17,3,LT,NotreDame,Rt_cocirc,WIS,0.593930434782609,2.690330018653917,10,3,0.9574349977762683
2025-08-06,ILI incidence,2025-08-17,3,LT,QMUL,ARIMA,WIS,10.9611193725556,-1.515627345437792,10,10,0.0
2025-08-06,ILI incidence,2025-08-17,3,LT,QMUL,SEIR,WIS,1.01844505255131,1.9123277406282562,10,5,0.9182300450587112
2025-08-06,ILI incidence,2025-08-17,3,LT,QMUL,SEIR_agumented,WIS,1.29164171742189,1.5694899433656277,10,6,0.8929996716380225
2025-08-06,ILI incidence,2025-08-17,3,LT,respicast,hubEnsemble,WIS,0.329891930675335,3.5386304919306926,10,2,0.9818195928781976
2025-08-06,ILI incidence,2025-08-17,3,LT,respicast,quantileBaseline,WIS,3.83358956521739,0.0,10,8,0.6582446337382042
2025-08-06,ILI incidence,2025-08-17,3,LT,safinea,PRFM,WIS,1.84164959127166,1.0576972988479907,10,7,0.8422051128972609
2025-08-06,ILI incidence,2025-08-17,3,LU,ECDC,SARIMA,WIS,615.466725415682,0.4761497525667118,7,5,0.5599211718816373
2025-08-06,ILI incidence,2025-08-17,3,LU,ECDC,soca_simplex,WIS,521.45405875205,0.7152904597987397,7,4,0.689821446786217
2025-08-06,ILI incidence,2025-08-17,3,LU,NotreDame,Rt_cocirc,WIS,1020.69821956522,-0.2536538622615062,7,7,0.0
2025-08-06,ILI incidence,2025-08-17,3,LU,QMUL,ARIMA,WIS,363.288991871678,1.2367129626584883,7,2,0.9083631220433607
2025-08-06,ILI incidence,2025-08-17,3,LU,respicast,hubEnsemble,WIS,438.039033605533,0.9667711796045122,7,3,0.8050786252308387
2025-08-06,ILI incidence,2025-08-17,3,LU,respicast,quantileBaseline,WIS,856.130434782609,0.0,7,6,0.22738851308393476
2025-08-06,ILI incidence,2025-08-17,3,LU,safinea,PRFM,WIS,296.968676015828,1.5275198486421095,7,1,1.0
2025-08-06,ILI incidence,2025-08-17,3,MT,ECDC,SARIMA,WIS,754.063460032434,0.18277829131770915,7,2,0.7925585311231612
2025-08-06,ILI incidence,2025-08-17,3,MT,ECDC,soca_simplex,WIS,2126.81187509711,-1.3131562883523367,7,7,0.0
2025-08-06,ILI incidence,2025-08-17,3,MT,NotreDame,Rt_cocirc,WIS,1478.52164347826,-0.7886192241195044,7,6,0.3742914200990878
2025-08-06,ILI incidence,2025-08-17,3,MT,QMUL,ARIMA,WIS,394.765141439082,1.1164696308811826,7,1,1.0
2025-08-06,ILI incidence,2025-08-17,3,MT,respicast,hubEnsemble,WIS,1018.78966325734,-0.25132008854915755,7,5,0.6397184269385515
2025-08-06,ILI incidence,2025-08-17,3,MT,respicast,quantileBaseline,WIS,855.913043478261,0.0,7,3,0.7337555083948288
2025-08-06,ILI incidence,2025-08-17,3,MT,safinea,PRFM,WIS,1010.33385595921,-0.23929595915863536,7,4,0.6446004010411045
2025-08-06,ILI incidence,2025-08-17,3,NL,ECDC,SARIMA,WIS,3.51463445639447,-0.38075214115908584,10,8,0.4678261455989222
2025-08-06,ILI incidence,2025-08-17,3,NL,ECDC,soca_simplex,WIS,1.91618517068025,0.4943855240404093,10,6,0.7190269124562277
2025-08-06,ILI incidence,2025-08-17,3,NL,ISI,FluBcast,WIS,0.343725620428973,2.9732932111508106,10,2,0.9661433198427274
2025-08-06,ILI incidence,2025-08-17,3,NL,NotreDame,Rt_cocirc,WIS,6.49152173913043,-1.2659342069058022,10,10,0.0
2025-08-06,ILI incidence,2025-08-17,3,NL,QMUL,ARIMA,WIS,4.46975269347404,-0.7275725040971976,10,9,0.31772664870648143
2025-08-06,ILI incidence,2025-08-17,3,NL,QMUL,SEIR,WIS,0.797796934463472,1.7585290217920737,10,3,0.894784745433903
2025-08-06,ILI incidence,2025-08-17,3,NL,QMUL,SEIR_agumented,WIS,0.128287638725721,4.395168436761568,10,1,1.0
2025-08-06,ILI incidence,2025-08-17,3,NL,respicast,hubEnsemble,WIS,1.2293839116479,1.1346869963265707,10,5,0.8269596473195685
2025-08-06,ILI incidence,2025-08-17,3,NL,respicast,quantileBaseline,WIS,2.69936956521739,0.0,10,7,0.5959472988227565
2025-08-06,ILI incidence,2025-08-17,3,NL,safinea,PRFM,WIS,1.0435502743377,1.371122400974162,10,4,0.8561639221235366
2025-08-06,ILI incidence,2025-08-17,3,NO,ECDC,SARIMA,WIS,3.90519725559349,-0.3181505986654493,8,6,0.4973411679003766
2025-08-06,ILI incidence,2025-08-17,3,NO,ECDC,soca_simplex,WIS,3.72382529218039,-0.24954056510536882,8,5,0.5269228082552722
2025-08-06,ILI incidence,2025-08-17,3,NO,ISI,FluBcast,WIS,6.95451240600662,-1.1507045446643343,8,8,0.0
2025-08-06,ILI incidence,2025-08-17,3,NO,NotreDame,Rt_cocirc,WIS,0.823278260869565,1.9277927870554616,8,1,1.0
2025-08-06,ILI incidence,2025-08-17,3,NO,QMUL,ARIMA,WIS,4.92097624072334,-0.6516997273415677,8,7,0.33166832600842105
2025-08-06,ILI incidence,2025-08-17,3,NO,respicast,hubEnsemble,WIS,0.944000574286323,1.730385181207106,8,2,0.9803102751323715
2025-08-06,ILI incidence,2025-08-17,3,NO,respicast,quantileBaseline,WIS,3.13234869565217,0.0,8,4,0.6233922273847545
2025-08-06,ILI incidence,2025-08-17,3,NO,safinea,PRFM,WIS,0.990382464798942,1.6611871472993895,8,3,0.9727454212359653
2025-08-06,ILI incidence,2025-08-17,3,PL,ECDC,SARIMA,WIS,26.3897409320034,-0.4759928744557029,9,5,0.3549623857194954
2025-08-06,ILI incidence,2025-08-17,3,PL,ECDC,soca_simplex,WIS,12.9642223337917,0.5494486454369117,9,2,0.8086196116141998
2025-08-06,ILI incidence,2025-08-17,3,PL,NotreDame,Rt_cocirc,WIS,34.6239195652174,-0.8677847394125743,9,8,0.07672399895334943
2025-08-06,ILI incidence,2025-08-17,3,PL,QMUL,ARIMA,WIS,29.5078890741717,-0.63711640406424,9,7,0.2495980807388877
2025-08-06,ILI incidence,2025-08-17,3,PL,QMUL,SEIR,WIS,28.6150578381799,-0.5927902095911826,9,6,0.279767443564554
2025-08-06,ILI incidence,2025-08-17,3,PL,QMUL,SEIR_agumented,WIS,36.8944873333068,-0.9594209557574425,9,9,0.0
2025-08-06,ILI incidence,2025-08-17,3,PL,respicast,hubEnsemble,WIS,13.4173801081812,0.4998813164667186,9,3,0.7933071082409937
2025-08-06,ILI incidence,2025-08-17,3,PL,respicast,quantileBaseline,WIS,18.97348,0.0,9,4,0.605562787954392
2025-08-06,ILI incidence,2025-08-17,3,PL,safinea,PRFM,WIS,7.30051674960488,1.3779138229106787,9,1,1.0
2025-08-06,ILI incidence,2025-08-17,3,RO,NotreDame,Rt_cocirc,WIS,0.0,10.0,4,1,1.0
2025-08-06,ILI incidence,2025-08-17,3,RO,respicast,hubEnsemble,WIS,3.59913042366261,-1.5564548561882954,4,3,0.49999999999999933
2025-08-06,ILI incidence,2025-08-17,3,RO,respicast,quantileBaseline,WIS,1.22365217391304,0.0,4,2,0.8300072476023518
2025-08-06,ILI incidence,2025-08-17,3,RO,safinea,PRFM,WIS,7.19826084732521,-2.5564548561882936,4,4,0.0
2025-08-06,ILI incidence,2025-08-17,3,SI,ECDC,SARIMA,WIS,3.37000773253318,-0.271922020119099,9,8,0.5842885184473302
2025-08-06,ILI incidence,2025-08-17,3,SI,ECDC,soca_simplex,WIS,0.0007187777860015,11.922996438423331,9,4,0.9999113342751587
2025-08-06,ILI incidence,2025-08-17,3,SI,NotreDame,Rt_cocirc,WIS,0.0,10.0,9,1,1.0
2025-08-06,ILI incidence,2025-08-17,3,SI,QMUL,ARIMA,WIS,8.10660249254195,-1.5382675206396772,9,9,0.0
2025-08-06,ILI incidence,2025-08-17,3,SI,QMUL,SEIR,WIS,0.0008352883666755,11.706267915812731,9,5,0.9998969619680448
2025-08-06,ILI incidence,2025-08-17,3,SI,QMUL,SEIR_agumented,WIS,2.46870300029123e-05,16.786717073919828,9,2,0.9999969547008102
2025-08-06,ILI incidence,2025-08-17,3,SI,respicast,hubEnsemble,WIS,0.0002591324052182,13.394852821354245,9,3,0.9999680344009149
2025-08-06,ILI incidence,2025-08-17,3,SI,respicast,quantileBaseline,WIS,2.79109239130435,0.0,9,7,0.655701338030063
2025-08-06,ILI incidence,2025-08-17,3,SI,safinea,PRFM,WIS,0.001,11.446614166239284,9,6,0.9998766437603275
2025-08-06,ILI incidence,2025-08-24,4,BE,ECDC,SARIMA,WIS,33.342867004666,-0.3219518642579802,10,7,0.591008346139686
2025-08-06,ILI incidence,2025-08-24,4,BE,ECDC,soca_simplex,WIS,27.8831125438572,-0.06396531943714125,10,6,0.696466369203864
2025-08-06,ILI incidence,2025-08-24,4,BE,ISI,FluBcast,WIS,44.4218053999567,-0.7358417320561486,10,8,0.3770128360478098
2025-08-06,ILI incidence,2025-08-24,4,BE,NotreDame,Rt_cocirc,WIS,25.387797826087,0.07129103734228562,10,3,0.744664682689927
2025-08-06,ILI incidence,2025-08-24,4,BE,QMUL,ARIMA,WIS,16.1833234935177,0.7209183785891913,10,2,0.922453935563019
2025-08-06,ILI incidence,2025-08-24,4,BE,QMUL,SEIR,WIS,63.5308089696054,-1.2520300934915458,10,9,0.007912402384178301
2025-08-06,ILI incidence,2025-08-24,4,BE,QMUL,SEIR_agumented,WIS,63.9404484921142,-1.2613025672059601,10,10,0.0
2025-08-06,ILI incidence,2025-08-24,4,BE,respicast,hubEnsemble,WIS,27.2501031249155,-0.030835393292624576,10,5,0.7086932783774877
2025-08-06,ILI incidence,2025-08-24,4,BE,respicast,quantileBaseline,WIS,26.6738541304348,0.0,10,4,0.7198238301608827
2025-08-06,ILI incidence,2025-08-24,4,BE,safinea,PRFM,WIS,12.1686221087751,1.1322604799043896,10,1,1.0
2025-08-06,ILI incidence,2025-08-24,4,CZ,ECDC,soca_simplex,WIS,0.341866179006413,3.635489597930919,6,1,1.0
2025-08-06,ILI incidence,2025-08-24,4,CZ,ISI,FluBcast,WIS,2.38882400016102,0.8306926411246943,6,4,0.8893705774500283
2025-08-06,ILI incidence,2025-08-24,4,CZ,NotreDame,Rt_cocirc,WIS,18.8447,-2.1490937166250066,6,6,0.0
2025-08-06,ILI incidence,2025-08-24,4,CZ,respicast,hubEnsemble,WIS,0.409175663534239,3.3762009604863943,6,2,0.996362206720386
2025-08-06,ILI incidence,2025-08-24,4,CZ,respicast,quantileBaseline,WIS,4.24861673913044,0.0,6,5,0.7888566368849202
2025-08-06,ILI incidence,2025-08-24,4,CZ,safinea,PRFM,WIS,1.00226014077623,2.0837361917073514,6,3,0.9643084963006843
2025-08-06,ILI incidence,2025-08-24,4,DK,ECDC,SARIMA,WIS,10.2591011014627,0.33596874274522015,7,1,1.0
2025-08-06,ILI incidence,2025-08-24,4,DK,ECDC,soca_simplex,WIS,17.0778366442519,-0.3992521605451767,7,3,0.6101489261559376
2025-08-06,ILI incidence,2025-08-24,4,DK,NotreDame,Rt_cocirc,WIS,27.7497173913043,-1.099600008004565,7,7,0.0
2025-08-06,ILI incidence,2025-08-24,4,DK,QMUL,ARIMA,WIS,25.8652900733449,-0.9981443002922044,7,6,0.10773933214999742
2025-08-06,ILI incidence,2025-08-24,4,DK,respicast,hubEnsemble,WIS,18.1666927127321,-0.48842272676281834,7,4,0.5478951981890964
2025-08-06,ILI incidence,2025-08-24,4,DK,respicast,quantileBaseline,WIS,12.9492906521739,0.0,7,2,0.8461924093393074
2025-08-06,ILI incidence,2025-08-24,4,DK,safinea,PRFM,WIS,21.9083567199069,-0.7586082053236949,7,5,0.3339711176895471
2025-08-06,ILI incidence,2025-08-24,4,EE,ECDC,SARIMA,WIS,19.3325363497655,-0.22040459703268342,9,7,0.2678866883629069
2025-08-06,ILI incidence,2025-08-24,4,EE,ECDC,soca_simplex,WIS,16.9830805727785,-0.03347184545597024,9,6,0.4056831121222094
2025-08-06,ILI incidence,2025-08-24,4,EE,NotreDame,Rt_cocirc,WIS,8.98795,0.8845623246925662,9,4,0.874600387011456
2025-08-06,ILI incidence,2025-08-24,4,EE,QMUL,ARIMA,WIS,23.9000563940559,-0.5263876937346869,9,9,0.0
2025-08-06,ILI incidence,2025-08-24,4,EE,QMUL,SEIR,WIS,22.3140856433227,-0.4273283623509197,9,8,0.09301775320842753
2025-08-06,ILI incidence,2025-08-24,4,EE,QMUL,SEIR_agumented,WIS,6.84986225337966,1.2764794468815783,9,1,1.0
2025-08-06,ILI incidence,2025-08-24,4,EE,respicast,hubEnsemble,WIS,8.70279185293815,0.9310761321783628,9,3,0.8913250145851418
2025-08-06,ILI incidence,2025-08-24,4,EE,respicast,quantileBaseline,WIS,16.5935932608696,0.0,9,5,0.42852668262324617
2025-08-06,ILI incidence,2025-08-24,4,EE,safinea,PRFM,WIS,8.6671012040453,0.9370048727249041,9,2,0.8934182839402223
2025-08-06,ILI incidence,2025-08-24,4,ES,ECDC,SARIMA,WIS,4.61835144778827,-0.7193320219474646,8,5,0.39635408374817394
2025-08-06,ILI incidence,2025-08-24,4,ES,ECDC,soca_simplex,WIS,0.280899017510226,3.3199224581727593,8,1,1.0
2025-08-06,ILI incidence,2025-08-24,4,ES,QMUL,ARIMA,WIS,7.46632397194422,-1.4123521684120808,8,8,0.0
2025-08-06,ILI incidence,2025-08-24,4,ES,QMUL,SEIR,WIS,6.37171081284445,-1.183634848336897,8,6,0.15233798502401794
2025-08-06,ILI incidence,2025-08-24,4,ES,QMUL,SEIR_agumented,WIS,6.37216028486924,-1.1837366150695452,8,7,0.15227543172652463
2025-08-06,ILI incidence,2025-08-24,4,ES,respicast,hubEnsemble,WIS,0.748974616026021,1.9050572123670315,8,2,0.9348576317358998
2025-08-06,ILI incidence,2025-08-24,4,ES,respicast,quantileBaseline,WIS,2.80508782608696,0.0,8,4,0.6487070946278406
2025-08-06,ILI incidence,2025-08-24,4,ES,safinea,PRFM,WIS,0.75624521191014,1.8911199335603273,8,3,0.9338457784453532
2025-08-06,ILI incidence,2025-08-24,4,FI,respicast,hubEnsemble,WIS,1.37113707179756,1.4779209894409728,3,1,1.0
2025-08-06,ILI incidence,2025-08-24,4,FI,respicast,quantileBaseline,WIS,3.81926173913043,0.0,3,3,0.0
2025-08-06,ILI incidence,2025-08-24,4,FI,safinea,PRFM,WIS,1.37113707179756,1.4779209894409728,3,1,1.0
2025-08-06,ILI incidence,2025-08-24,4,FR,NotreDame,Rt_cocirc,WIS,17.3191391304348,0.8299747310056151,3,1,1.0
2025-08-06,ILI incidence,2025-08-24,4,FR,respicast,hubEnsemble,WIS,17.3191391304348,0.8299747310056151,3,1,1.0
2025-08-06,ILI incidence,2025-08-24,4,FR,respicast,quantileBaseline,WIS,30.7874408695652,0.0,3,3,0.0
2025-08-06,ILI incidence,2025-08-24,4,GR,ECDC,SARIMA,WIS,98.3138153499865,-0.014491591618770224,10,4,0.7693314767729909
2025-08-06,ILI incidence,2025-08-24,4,GR,ECDC,soca_simplex,WIS,179.893580880101,-0.8861692318961736,10,8,0.459619709436416
2025-08-06,ILI incidence,2025-08-24,4,GR,ISI,FluBcast,WIS,161.8622979976,-0.7337925069014941,10,7,0.5280741901841407
2025-08-06,ILI incidence,2025-08-24,4,GR,NotreDame,Rt_cocirc,WIS,109.735752173913,-0.1730591597593325,10,5,0.7259689074255815
2025-08-06,ILI incidence,2025-08-24,4,GR,QMUL,ARIMA,WIS,37.554470615154,1.373917909582392,10,1,1.0
2025-08-06,ILI incidence,2025-08-24,4,GR,QMUL,SEIR,WIS,247.554167688269,-1.3467697618321193,10,9,0.2027511123864285
2025-08-06,ILI incidence,2025-08-24,4,GR,QMUL,SEIR_agumented,WIS,300.959914430464,-1.6285968676768579,10,10,0.0
2025-08-06,ILI incidence,2025-08-24,4,GR,respicast,hubEnsemble,WIS,134.052104158367,-0.46181938875635214,10,6,0.6336536096388595
2025-08-06,ILI incidence,2025-08-24,4,GR,respicast,quantileBaseline,WIS,97.3312154347826,0.0,10,3,0.7730618473415385
2025-08-06,ILI incidence,2025-08-24,4,GR,safinea,PRFM,WIS,75.4049111008544,0.368244082114252,10,2,0.8563034995121828
2025-08-06,ILI incidence,2025-08-24,4,HR,ECDC,soca_simplex,WIS,0.697871433438316,1.9954630183560242,5,1,1.0
2025-08-06,ILI incidence,2025-08-24,4,HR,NotreDame,Rt_cocirc,WIS,0.7,1.9910693742443542,5,3,0.9989790310394604
2025-08-06,ILI incidence,2025-08-24,4,HR,respicast,hubEnsemble,WIS,0.697871433438316,1.9954630183560242,5,1,1.0
2025-08-06,ILI incidence,2025-08-24,4,HR,respicast,quantileBaseline,WIS,2.78272086956522,0.0,5,5,0.0
2025-08-06,ILI incidence,2025-08-24,4,HR,safinea,PRFM,WIS,1.09187120122578,1.3496935176037683,5,4,0.8110176394706896
2025-08-06,ILI incidence,2025-08-24,4,IE,ECDC,SARIMA,WIS,4.11374375822608,-1.3749009710656626,10,9,0.2014570239040977
2025-08-06,ILI incidence,2025-08-24,4,IE,ECDC,soca_simplex,WIS,0.35424043179483,2.1627501703954835,10,1,1.0
2025-08-06,ILI incidence,2025-08-24,4,IE,ISI,FluBcast,WIS,0.598582231833851,1.4059296013044345,10,4,0.9481002113188692
2025-08-06,ILI incidence,2025-08-24,4,IE,NotreDame,Rt_cocirc,WIS,0.446521739130435,1.8287486408013045,10,3,0.9803988496885448
2025-08-06,ILI incidence,2025-08-24,4,IE,QMUL,ARIMA,WIS,5.06219409111015,-1.674211862026889,10,10,0.0
2025-08-06,ILI incidence,2025-08-24,4,IE,QMUL,SEIR,WIS,2.6283742521095,-0.7286197531930176,10,7,0.5169591748604003
2025-08-06,ILI incidence,2025-08-24,4,IE,QMUL,SEIR_agumented,WIS,2.65321705254334,-0.7421917421035513,10,8,0.5116824023533717
2025-08-06,ILI incidence,2025-08-24,4,IE,respicast,hubEnsemble,WIS,0.379215011626454,2.064462980202736,10,2,0.9946952366911666
2025-08-06,ILI incidence,2025-08-24,4,IE,respicast,quantileBaseline,WIS,1.58617391304348,0.0,10,5,0.7383293102702692
2025-08-06,ILI incidence,2025-08-24,4,IE,safinea,PRFM,WIS,1.76016848294467,-0.1501625686402063,10,6,0.7013717311409763
2025-08-06,ILI incidence,2025-08-24,4,IS,respicast,hubEnsemble,WIS,0.938663969499708,-0.5119493436508568,3,2,0.0
2025-08-06,ILI incidence,2025-08-24,4,IS,respicast,quantileBaseline,WIS,0.658260869565217,0.0,3,1,1.0
2025-08-06,ILI incidence,2025-08-24,4,IS,safinea,PRFM,WIS,0.938663969499708,-0.5119493436508568,3,2,0.0
2025-08-06,ILI incidence,2025-08-24,4,LT,ECDC,SARIMA,WIS,8.24714493804675,-0.7759109638372761,10,9,0.3654058010634901
2025-08-06,ILI incidence,2025-08-24,4,LT,ECDC,soca_simplex,WIS,0.0896181577337521,5.748048918588798,10,1,1.0
2025-08-06,ILI incidence,2025-08-24,4,LT,ISI,FluBcast,WIS,1.00825688579071,2.2561205398357207,10,3,0.9285368196215728
2025-08-06,ILI incidence,2025-08-24,4,LT,NotreDame,Rt_cocirc,WIS,1.57130434782609,1.6160211533234243,10,4,0.8847359639509687
2025-08-06,ILI incidence,2025-08-24,4,LT,QMUL,ARIMA,WIS,12.9443319165167,-1.4262648032445147,10,10,0.0
2025-08-06,ILI incidence,2025-08-24,4,LT,QMUL,SEIR,WIS,1.95869957865059,1.298087661408029,10,5,0.8545995301031272
2025-08-06,ILI incidence,2025-08-24,4,LT,QMUL,SEIR_agumented,WIS,2.22697596668042,1.1128978095786175,10,6,0.8337296458673517
2025-08-06,ILI incidence,2025-08-24,4,LT,respicast,hubEnsemble,WIS,0.597747680693168,3.0103752660632623,10,2,0.9604713467375159
2025-08-06,ILI incidence,2025-08-24,4,LT,respicast,quantileBaseline,WIS,4.81649543478261,0.0,10,8,0.6322845171235936
2025-08-06,ILI incidence,2025-08-24,4,LT,safinea,PRFM,WIS,2.91698908761174,0.7235038091986606,10,7,0.7800518173385078
2025-08-06,ILI incidence,2025-08-24,4,LU,ECDC,SARIMA,WIS,655.528635032717,0.4926606058878149,7,5,0.45584544111672376
2025-08-06,ILI incidence,2025-08-24,4,LU,ECDC,soca_simplex,WIS,177.581367983986,2.376839187412844,7,2,0.9169459547217391
2025-08-06,ILI incidence,2025-08-24,4,LU,NotreDame,Rt_cocirc,WIS,1128.02883043478,-0.29041262782125343,7,7,0.0
2025-08-06,ILI incidence,2025-08-24,4,LU,QMUL,ARIMA,WIS,408.024178425021,1.1766647630324938,7,4,0.6946258253336773
2025-08-06,ILI incidence,2025-08-24,4,LU,respicast,hubEnsemble,WIS,224.114763754478,2.041081717258069,7,3,0.8720527747229264
2025-08-06,ILI incidence,2025-08-24,4,LU,respicast,quantileBaseline,WIS,922.353260869565,0.0,7,6,0.1984258877514519
2025-08-06,ILI incidence,2025-08-24,4,LU,safinea,PRFM,WIS,91.4928627950934,3.3335882973480504,7,1,1.0
2025-08-06,ILI incidence,2025-08-24,4,MT,ECDC,SARIMA,WIS,1440.38973428958,-0.06869365228639432,7,3,0.9047336744940191
2025-08-06,ILI incidence,2025-08-24,4,MT,ECDC,soca_simplex,WIS,3126.50249731549,-1.186784099361495,7,7,0.0
2025-08-06,ILI incidence,2025-08-24,4,MT,NotreDame,Rt_cocirc,WIS,2454.48885434783,-0.8376570452968117,7,6,0.3605887968140005
2025-08-06,ILI incidence,2025-08-24,4,MT,QMUL,ARIMA,WIS,1262.84603071068,0.12108681732547488,7,1,1.0
2025-08-06,ILI incidence,2025-08-24,4,MT,respicast,hubEnsemble,WIS,2008.90456246314,-0.5486434569705461,7,5,0.5996802280242014
2025-08-06,ILI incidence,2025-08-24,4,MT,respicast,quantileBaseline,WIS,1373.41304347826,0.0,7,2,0.9406719989714575
2025-08-06,ILI incidence,2025-08-24,4,MT,safinea,PRFM,WIS,1741.87962400223,-0.342879356868877,7,4,0.7429603567634713
2025-08-06,ILI incidence,2025-08-24,4,NL,ECDC,SARIMA,WIS,4.42520896325386,-0.5922991675391869,10,8,0.30021984287198905
2025-08-06,ILI incidence,2025-08-24,4,NL,ECDC,soca_simplex,WIS,2.37331404295236,0.30654340067638025,10,6,0.6449023996987331
2025-08-06,ILI incidence,2025-08-24,4,NL,ISI,FluBcast,WIS,0.750506201020198,1.9675105177139918,10,3,0.9175058116285595
2025-08-06,ILI incidence,2025-08-24,4,NL,NotreDame,Rt_cocirc,WIS,6.21241739130435,-1.0817083478619496,10,10,0.0
2025-08-06,ILI incidence,2025-08-24,4,NL,QMUL,ARIMA,WIS,5.11662330094422,-0.8017456073952867,10,9,0.18407429400208628
2025-08-06,ILI incidence,2025-08-24,4,NL,QMUL,SEIR,WIS,0.259418379135328,3.5000938153039898,10,1,1.0
2025-08-06,ILI incidence,2025-08-24,4,NL,QMUL,SEIR_agumented,WIS,0.287578847822098,3.351416944126859,10,2,0.9952695324442008
2025-08-06,ILI incidence,2025-08-24,4,NL,respicast,hubEnsemble,WIS,1.87367773604484,0.6475735774973918,10,4,0.7288325844486669
2025-08-06,ILI incidence,2025-08-24,4,NL,respicast,quantileBaseline,WIS,2.9351747826087,0.0,10,7,0.5505195955847405
2025-08-06,ILI incidence,2025-08-24,4,NL,safinea,PRFM,WIS,2.02453132584107,0.5358584487196092,10,5,0.7034918125977297
2025-08-06,ILI incidence,2025-08-24,4,NO,ECDC,SARIMA,WIS,4.77321393720841,-0.250013834398209,8,5,0.5516266074098908
2025-08-06,ILI incidence,2025-08-24,4,NO,ECDC,soca_simplex,WIS,5.96915709810078,-0.5725800580117126,8,6,0.4160924101433211
2025-08-06,ILI incidence,2025-08-24,4,NO,ISI,FluBcast,WIS,9.64072399594723,-1.2641943280007237,8,8,0.0
2025-08-06,ILI incidence,2025-08-24,4,NO,NotreDame,Rt_cocirc,WIS,0.816802173913044,2.2968885545088353,8,1,1.0
2025-08-06,ILI incidence,2025-08-24,4,NO,QMUL,ARIMA,WIS,6.02239589100697,-0.5853903832849491,8,7,0.41005894860774317
2025-08-06,ILI incidence,2025-08-24,4,NO,respicast,hubEnsemble,WIS,1.24838278795047,1.6848867941831038,8,3,0.9510897056046294
2025-08-06,ILI incidence,2025-08-24,4,NO,respicast,quantileBaseline,WIS,4.01374,0.0,8,4,0.6376964924934065
2025-08-06,ILI incidence,2025-08-24,4,NO,safinea,PRFM,WIS,0.959048107337472,2.0652720755772638,8,2,0.9838795111410409
2025-08-06,ILI incidence,2025-08-24,4,PL,ECDC,SARIMA,WIS,30.6739239632076,-0.4431099763638116,9,5,0.48063391415289036
2025-08-06,ILI incidence,2025-08-24,4,PL,ECDC,soca_simplex,WIS,7.87478758575388,1.518589844948182,9,1,1.0
2025-08-06,ILI incidence,2025-08-24,4,PL,NotreDame,Rt_cocirc,WIS,48.7155434782609,-1.1104794019530109,9,8,0.06964442951862392
2025-08-06,ILI incidence,2025-08-24,4,PL,QMUL,ARIMA,WIS,32.3567076207755,-0.5201620583804151,9,6,0.4422999725908401
2025-08-06,ILI incidence,2025-08-24,4,PL,QMUL,SEIR,WIS,42.2606500980164,-0.9054122016247458,9,7,0.21668739877658566
2025-08-06,ILI incidence,2025-08-24,4,PL,QMUL,SEIR_agumented,WIS,51.7727951737297,-1.1982914514268108,9,9,0.0
2025-08-06,ILI incidence,2025-08-24,4,PL,respicast,hubEnsemble,WIS,9.70468849804162,1.2171489478393303,9,3,0.9583147160239461
2025-08-06,ILI incidence,2025-08-24,4,PL,respicast,quantileBaseline,WIS,22.5621219565217,0.0,9,4,0.6654213897673376
2025-08-06,ILI incidence,2025-08-24,4,PL,safinea,PRFM,WIS,9.27501634823478,1.2824810291230324,9,2,0.9681026807498107
2025-08-06,ILI incidence,2025-08-24,4,RO,ECDC,soca_simplex,WIS,0.674349256323102,1.0049705848623043,5,2,0.8857521747791143
2025-08-06,ILI incidence,2025-08-24,4,RO,NotreDame,Rt_cocirc,WIS,0.0,10.0,5,1,1.0
2025-08-06,ILI incidence,2025-08-24,4,RO,respicast,hubEnsemble,WIS,0.674349256323103,1.004970584862302,5,3,0.8857521747791142
2025-08-06,ILI incidence,2025-08-24,4,RO,respicast,quantileBaseline,WIS,1.35335326086957,0.0,5,4,0.7707157450532426
2025-08-06,ILI incidence,2025-08-24,4,RO,safinea,PRFM,WIS,5.90251284888199,-2.1247908070866193,5,5,0.0
2025-08-06,ILI incidence,2025-08-24,4,SI,ECDC,SARIMA,WIS,4.17897637720185,-0.2249549536175453,9,8,0.6780889534341012
2025-08-06,ILI incidence,2025-08-24,4,SI,ECDC,soca_simplex,WIS,1.79894873981506,0.9910405715714656,9,2,0.9970234060238894
2025-08-06,ILI incidence,2025-08-24,4,SI,NotreDame,Rt_cocirc,WIS,1.8,0.9901977432856091,9,6,0.9968825324111857
2025-08-06,ILI incidence,2025-08-24,4,SI,QMUL,ARIMA,WIS,9.23917114974841,-1.3695687827766498,9,9,0.0
2025-08-06,ILI incidence,2025-08-24,4,SI,QMUL,SEIR,WIS,1.77673610060065,1.0089652366945998,9,1,1.0
2025-08-06,ILI incidence,2025-08-24,4,SI,QMUL,SEIR_agumented,WIS,1.79968537593768,0.9904499356458877,9,5,0.9969246934565077
2025-08-06,ILI incidence,2025-08-24,4,SI,respicast,hubEnsemble,WIS,1.79903166991574,0.990974066014799,9,4,0.9970122930158519
2025-08-06,ILI incidence,2025-08-24,4,SI,respicast,quantileBaseline,WIS,3.57562304347826,0.0,9,7,0.7589410251439241
2025-08-06,ILI incidence,2025-08-24,4,SI,safinea,PRFM,WIS,1.799,0.990999463251164,9,3,0.9970165369275955
2025-08-13,ILI incidence,2025-08-10,1,BE,ECDC,SARIMA,WIS,16.7486707381655,0.23190252285116048,10,4,0.6168546503840615
2025-08-13,ILI incidence,2025-08-10,1,BE,ECDC,soca_simplex,WIS,20.2938501983996,-0.04509347949443024,10,7,0.5075057474288505
2025-08-13,ILI incidence,2025-08-10,1,BE,ISI,FluBcast,WIS,36.7475950747653,-0.9017007135262162,10,10,0.0
2025-08-13,ILI incidence,2025-08-10,1,BE,ItaLuxColab,EpiEKF,WIS,21.8715316707862,-0.15310513318263996,10,8,0.45884312254530074
2025-08-13,ILI incidence,2025-08-10,1,BE,ItaLuxColab,EpiNetEKF,WIS,25.7174510550447,-0.38679853612345655,10,9,0.34021807965534845
2025-08-13,ILI incidence,2025-08-10,1,BE,NotreDame,Rt_cocirc,WIS,13.7207282608696,0.5195920650895995,10,3,0.7102496933763075
2025-08-13,ILI incidence,2025-08-10,1,BE,QMUL,ARIMA,WIS,12.328275716901,0.6739780905472471,10,2,0.7531990446878782
2025-08-13,ILI incidence,2025-08-10,1,BE,respicast,hubEnsemble,WIS,16.7623765756953,0.23072241381112882,10,5,0.6164319021664391
2025-08-13,ILI incidence,2025-08-10,1,BE,respicast,quantileBaseline,WIS,19.669347826087,0.0,10,6,0.526768143048394
2025-08-13,ILI incidence,2025-08-10,1,BE,safinea,PRFM,WIS,4.3267900696507,2.184580093321957,10,1,1.0
2025-08-13,ILI incidence,2025-08-10,1,CZ,ECDC,SARIMA,WIS,2.48649889783834,-1.0154574760895263,10,9,0.4927391381275763
2025-08-13,ILI incidence,2025-08-10,1,CZ,ECDC,soca_simplex,WIS,0.207343894573436,2.568560844029362,10,1,1.0
2025-08-13,ILI incidence,2025-08-10,1,CZ,ISI,FluBcast,WIS,0.41976008212441,1.551021433100877,10,3,0.9527235233152601
2025-08-13,ILI incidence,2025-08-10,1,CZ,ItaLuxColab,EpiEKF,WIS,1.08174964595583,0.18529166698206437,10,6,0.805387604424865
2025-08-13,ILI incidence,2025-08-10,1,CZ,ItaLuxColab,EpiNetEKF,WIS,0.637233869209117,0.9487634617909971,10,4,0.9043214003735469
2025-08-13,ILI incidence,2025-08-10,1,CZ,NotreDame,Rt_cocirc,WIS,1.20207391304348,0.033132708448139724,10,7,0.7786075954567979
2025-08-13,ILI incidence,2025-08-10,1,CZ,QMUL,ARIMA,WIS,4.70040688163691,-1.9341273307390665,10,10,0.0
2025-08-13,ILI incidence,2025-08-10,1,CZ,respicast,hubEnsemble,WIS,0.718587781749655,0.775422005252406,10,5,0.8862148408227963
2025-08-13,ILI incidence,2025-08-10,1,CZ,respicast,quantileBaseline,WIS,1.23,0.0,10,8,0.7723922169862701
2025-08-13,ILI incidence,2025-08-10,1,CZ,safinea,PRFM,WIS,0.282617307813243,2.1217365897491476,10,2,0.9832467487198517
2025-08-13,ILI incidence,2025-08-10,1,DK,ECDC,SARIMA,WIS,19.4447001541094,-0.2855767598548386,9,4,0.8751281370438979
2025-08-13,ILI incidence,2025-08-10,1,DK,ECDC,soca_simplex,WIS,27.3733396125647,-0.7789712295762774,9,7,0.7082774652321894
2025-08-13,ILI incidence,2025-08-10,1,DK,ItaLuxColab,EpiEKF,WIS,13.5108674093311,0.2396799281902962,9,1,1.0
2025-08-13,ILI incidence,2025-08-10,1,DK,ItaLuxColab,EpiNetEKF,WIS,14.5428003309728,0.13349512976909012,9,2,0.9782839537422879
2025-08-13,ILI incidence,2025-08-10,1,DK,NotreDame,Rt_cocirc,WIS,61.0302413043478,-1.9357240665285218,9,9,0.0
2025-08-13,ILI incidence,2025-08-10,1,DK,QMUL,ARIMA,WIS,39.7686553695092,-1.317831555460689,9,8,0.4474298416012648
2025-08-13,ILI incidence,2025-08-10,1,DK,respicast,hubEnsemble,WIS,26.7432215667928,-0.7453730390775059,9,6,0.7215376998296402
2025-08-13,ILI incidence,2025-08-10,1,DK,respicast,quantileBaseline,WIS,15.9526956521739,0.0,9,3,0.9486140484881499
2025-08-13,ILI incidence,2025-08-10,1,DK,safinea,PRFM,WIS,25.1964362026848,-0.6594194645099257,9,5,0.7540883257601347
2025-08-13,ILI incidence,2025-08-10,1,EE,ECDC,SARIMA,WIS,11.574722580484,-0.23802609099347474,9,7,0.3881798961471294
2025-08-13,ILI incidence,2025-08-10,1,EE,ECDC,soca_simplex,WIS,16.006239123851,-0.7056828427001623,9,9,0.0
2025-08-13,ILI incidence,2025-08-10,1,EE,ItaLuxColab,EpiEKF,WIS,13.7247068807712,-0.4838238130319227,9,8,0.1998514369760525
2025-08-13,ILI incidence,2025-08-10,1,EE,ItaLuxColab,EpiNetEKF,WIS,11.5028279493293,-0.22903706390795092,9,6,0.39447752590481133
2025-08-13,ILI incidence,2025-08-10,1,EE,NotreDame,Rt_cocirc,WIS,4.59009782608696,1.0963547184195788,9,1,1.0
2025-08-13,ILI incidence,2025-08-10,1,EE,QMUL,ARIMA,WIS,9.67462465625716,0.020673929205724813,9,3,0.5546194902855615
2025-08-13,ILI incidence,2025-08-10,1,EE,respicast,hubEnsemble,WIS,11.1879202892156,-0.18899035534729683,9,5,0.4220619479875494
2025-08-13,ILI incidence,2025-08-10,1,EE,respicast,quantileBaseline,WIS,9.81426086956522,0.0,9,4,0.5423880182263107
2025-08-13,ILI incidence,2025-08-10,1,EE,safinea,PRFM,WIS,9.35002193325966,0.06990987043224409,9,2,0.5830531540368219
2025-08-13,ILI incidence,2025-08-10,1,ES,ECDC,SARIMA,WIS,1.18450782494073,-0.6154228623288992,8,6,0.5844798066144287
2025-08-13,ILI incidence,2025-08-10,1,ES,ECDC,soca_simplex,WIS,0.336314126965238,1.2009835807814357,8,1,1.0
2025-08-13,ILI incidence,2025-08-10,1,ES,ItaLuxColab,EpiEKF,WIS,1.28899034119406,-0.7373765863528727,8,7,0.5332950413153952
2025-08-13,ILI incidence,2025-08-10,1,ES,ItaLuxColab,EpiNetEKF,WIS,0.630283037633939,0.2947931246983353,8,3,0.8559880615690052
2025-08-13,ILI incidence,2025-08-10,1,ES,QMUL,ARIMA,WIS,2.37759566147885,-1.620638521607584,8,8,0.0
2025-08-13,ILI incidence,2025-08-10,1,ES,respicast,hubEnsemble,WIS,0.741228955714392,0.06087372113201714,8,4,0.8016369511491047
2025-08-13,ILI incidence,2025-08-10,1,ES,respicast,quantileBaseline,WIS,0.773173913043479,0.0,8,5,0.7859874893825785
2025-08-13,ILI incidence,2025-08-10,1,ES,safinea,PRFM,WIS,0.424343292818647,0.8655610873520342,8,2,0.9568755390351463
2025-08-13,ILI incidence,2025-08-10,1,FI,ItaLuxColab,EpiEKF,WIS,2.52319706680526,0.36124458001778936,5,4,0.31489792458311694
2025-08-13,ILI incidence,2025-08-10,1,FI,ItaLuxColab,EpiNetEKF,WIS,1.4324860052246,1.1779764236016155,5,2,0.7933019783962388
2025-08-13,ILI incidence,2025-08-10,1,FI,respicast,hubEnsemble,WIS,1.44697429416463,1.1634581758554776,5,3,0.786947173346695
2025-08-13,ILI incidence,2025-08-10,1,FI,respicast,quantileBaseline,WIS,3.24113130434783,0.0,5,5,0.0
2025-08-13,ILI incidence,2025-08-10,1,FI,safinea,PRFM,WIS,0.961236197090393,1.7535345862406193,5,1,1.0
2025-08-13,ILI incidence,2025-08-10,1,FR,NotreDame,Rt_cocirc,WIS,22.8582782608696,0.3888184175011945,3,1,1.0
2025-08-13,ILI incidence,2025-08-10,1,FR,respicast,hubEnsemble,WIS,22.8582782608696,0.3888184175011945,3,1,1.0
2025-08-13,ILI incidence,2025-08-10,1,FR,respicast,quantileBaseline,WIS,29.928815,0.0,3,3,0.0
2025-08-13,ILI incidence,2025-08-10,1,GR,ECDC,SARIMA,WIS,51.877237351175,0.006631927145113387,10,7,0.6371797537784913
2025-08-13,ILI incidence,2025-08-10,1,GR,ECDC,soca_simplex,WIS,15.6884736459082,1.7320285828337703,10,1,1.0
2025-08-13,ILI incidence,2025-08-10,1,GR,ISI,FluBcast,WIS,115.431429233819,-1.1472306038183264,10,10,0.0
2025-08-13,ILI incidence,2025-08-10,1,GR,ItaLuxColab,EpiEKF,WIS,42.2161987032484,0.3039369009604025,10,5,0.734039111825202
2025-08-13,ILI incidence,2025-08-10,1,GR,ItaLuxColab,EpiNetEKF,WIS,47.3332092802433,0.1388808372801463,10,6,0.6827371371961775
2025-08-13,ILI incidence,2025-08-10,1,GR,NotreDame,Rt_cocirc,WIS,70.9331,-0.44472541919154696,10,9,0.4461300446887135
2025-08-13,ILI incidence,2025-08-10,1,GR,QMUL,ARIMA,WIS,24.872453935941,1.067184728090065,10,2,0.9079235196520894
2025-08-13,ILI incidence,2025-08-10,1,GR,respicast,hubEnsemble,WIS,39.2154285784731,0.4103122126347568,10,3,0.7641241449695276
2025-08-13,ILI incidence,2025-08-10,1,GR,respicast,quantileBaseline,WIS,52.1162608695652,0.0,10,8,0.6347833587951932
2025-08-13,ILI incidence,2025-08-10,1,GR,safinea,PRFM,WIS,41.1154370419754,0.34205341581450743,10,4,0.7450750958181047
2025-08-13,ILI incidence,2025-08-10,1,HR,ECDC,soca_simplex,WIS,0.32609571072216,2.4572585698320477,7,4,0.856807180173624
2025-08-13,ILI incidence,2025-08-10,1,HR,ItaLuxColab,EpiEKF,WIS,0.671994092166093,1.4141054850407793,7,5,0.6544709374796186
2025-08-13,ILI incidence,2025-08-10,1,HR,ItaLuxColab,EpiNetEKF,WIS,0.231141212929569,2.953779516568033,7,2,0.9123516329404934
2025-08-13,ILI incidence,2025-08-10,1,HR,NotreDame,Rt_cocirc,WIS,0.081304347826087,4.461149625708479,7,1,1.0
2025-08-13,ILI incidence,2025-08-10,1,HR,respicast,hubEnsemble,WIS,0.23421069011088,2.934747108180757,7,3,0.9105561157793293
2025-08-13,ILI incidence,2025-08-10,1,HR,respicast,quantileBaseline,WIS,1.79082695652174,0.0,7,7,0.0
2025-08-13,ILI incidence,2025-08-10,1,HR,safinea,PRFM,WIS,1.01291428325243,0.8221138469273214,7,6,0.4550467301879376
2025-08-13,ILI incidence,2025-08-10,1,IE,ECDC,SARIMA,WIS,2.12469577106927,-1.1390454914330022,10,8,0.558916269739363
2025-08-13,ILI incidence,2025-08-10,1,IE,ECDC,soca_simplex,WIS,1.23377500121203,-0.35486853039395005,10,4,0.8764176232059301
2025-08-13,ILI incidence,2025-08-10,1,IE,ISI,FluBcast,WIS,0.886998192004651,0.12120772039800586,10,1,1.0
2025-08-13,ILI incidence,2025-08-10,1,IE,ItaLuxColab,EpiEKF,WIS,1.36222134058009,-0.49775034939772855,10,7,0.8306426362744661
2025-08-13,ILI incidence,2025-08-10,1,IE,ItaLuxColab,EpiNetEKF,WIS,1.24335073507366,-0.3660225322815051,10,5,0.8730050768108222
2025-08-13,ILI incidence,2025-08-10,1,IE,NotreDame,Rt_cocirc,WIS,1.02919347826087,-0.09330343086835112,10,3,0.949325240391298
2025-08-13,ILI incidence,2025-08-10,1,IE,QMUL,ARIMA,WIS,3.69303589902518,-1.9365964973177245,10,10,0.0
2025-08-13,ILI incidence,2025-08-10,1,IE,respicast,hubEnsemble,WIS,1.28627108576478,-0.4149839379755196,10,6,0.8577093626499839
2025-08-13,ILI incidence,2025-08-10,1,IE,respicast,quantileBaseline,WIS,0.964739130434783,0.0,10,2,0.9722951198283512
2025-08-13,ILI incidence,2025-08-10,1,IE,safinea,PRFM,WIS,3.19758101047347,-1.728770120788985,10,9,0.17656743789013
2025-08-13,ILI incidence,2025-08-10,1,IS,ECDC,soca_simplex,WIS,0.404656600909011,0.31970946272858813,6,1,1.0
2025-08-13,ILI incidence,2025-08-10,1,IS,ItaLuxColab,EpiEKF,WIS,1.34122671938812,-1.4090736320538515,6,6,0.0
2025-08-13,ILI incidence,2025-08-10,1,IS,ItaLuxColab,EpiNetEKF,WIS,0.688841575985251,-0.4477646290515425,6,4,0.6965683941126305
2025-08-13,ILI incidence,2025-08-10,1,IS,respicast,hubEnsemble,WIS,0.649578699027849,-0.3630967323068227,6,3,0.7384903775100516
2025-08-13,ILI incidence,2025-08-10,1,IS,respicast,quantileBaseline,WIS,0.505043478260869,0.0,6,2,0.8928143495386381
2025-08-13,ILI incidence,2025-08-10,1,IS,safinea,PRFM,WIS,0.869601101544995,-0.7839461756994799,6,5,0.5035668003256342
2025-08-13,ILI incidence,2025-08-10,1,LT,ECDC,soca_simplex,WIS,0.379503850913041,2.7204095406145634,8,3,0.9083599134085474
2025-08-13,ILI incidence,2025-08-10,1,LT,ISI,FluBcast,WIS,0.165460352063888,3.9180385086769385,8,1,1.0
2025-08-13,ILI incidence,2025-08-10,1,LT,ItaLuxColab,EpiEKF,WIS,1.91339381098556,0.38646213387408346,8,7,0.2516438275727936
2025-08-13,ILI incidence,2025-08-10,1,LT,ItaLuxColab,EpiNetEKF,WIS,0.947194389241464,1.4008635305806374,8,5,0.6653102044976108
2025-08-13,ILI incidence,2025-08-10,1,LT,NotreDame,Rt_cocirc,WIS,0.315054347826087,2.988923346358527,8,2,0.9359531740094075
2025-08-13,ILI incidence,2025-08-10,1,LT,respicast,hubEnsemble,WIS,0.588803834952301,2.086736997811657,8,4,0.8187507042334315
2025-08-13,ILI incidence,2025-08-10,1,LT,respicast,quantileBaseline,WIS,2.50115760869565,0.0,8,8,0.0
2025-08-13,ILI incidence,2025-08-10,1,LT,safinea,PRFM,WIS,1.15121234485099,1.1194420030060288,8,6,0.5779624307096096
2025-08-13,ILI incidence,2025-08-10,1,LU,ECDC,SARIMA,WIS,600.859599561102,-0.21504488838867175,9,6,0.4714327827088216
2025-08-13,ILI incidence,2025-08-10,1,LU,ECDC,soca_simplex,WIS,138.467144887881,1.9024393351193,9,1,1.0
2025-08-13,ILI incidence,2025-08-10,1,LU,ItaLuxColab,EpiEKF,WIS,394.421780875477,0.39224381035126055,9,3,0.7074147116168864
2025-08-13,ILI incidence,2025-08-10,1,LU,ItaLuxColab,EpiNetEKF,WIS,654.931342003216,-0.33936064025790896,9,8,0.4096226252379092
2025-08-13,ILI incidence,2025-08-10,1,LU,NotreDame,Rt_cocirc,WIS,509.654019565217,0.0224648324693072,9,4,0.5756911440480487
2025-08-13,ILI incidence,2025-08-10,1,LU,QMUL,ARIMA,WIS,1013.2706505667,-0.9689646396581066,9,9,0.0
2025-08-13,ILI incidence,2025-08-10,1,LU,respicast,hubEnsemble,WIS,607.804571577282,-0.23162449287651918,9,7,0.46349388903601796
2025-08-13,ILI incidence,2025-08-10,1,LU,respicast,quantileBaseline,WIS,517.652173913043,0.0,9,5,0.5665483430694224
2025-08-13,ILI incidence,2025-08-10,1,LU,safinea,PRFM,WIS,240.143664557336,1.1080852851343885,9,2,0.8837721625377377
2025-08-13,ILI incidence,2025-08-10,1,MT,ECDC,SARIMA,WIS,475.435375992987,0.21859725599528576,9,2,0.9857949242463404
2025-08-13,ILI incidence,2025-08-10,1,MT,ECDC,soca_simplex,WIS,510.266167080088,0.1165965229220646,9,3,0.9647101959727404
2025-08-13,ILI incidence,2025-08-10,1,MT,ItaLuxColab,EpiEKF,WIS,785.22909323605,-0.5052671158530654,9,8,0.7982621078769352
2025-08-13,ILI incidence,2025-08-10,1,MT,ItaLuxColab,EpiNetEKF,WIS,587.315337015069,-0.08628880181967145,9,5,0.918068682499131
2025-08-13,ILI incidence,2025-08-10,1,MT,NotreDame,Rt_cocirc,WIS,705.408230434783,-0.3506118979712948,9,6,0.8465814583769095
2025-08-13,ILI incidence,2025-08-10,1,MT,QMUL,ARIMA,WIS,774.844533988242,-0.4860603641389224,9,7,0.8045483736534889
2025-08-13,ILI incidence,2025-08-10,1,MT,respicast,hubEnsemble,WIS,451.969385844484,0.2916214557357484,9,1,1.0
2025-08-13,ILI incidence,2025-08-10,1,MT,respicast,quantileBaseline,WIS,553.217391304348,0.0,9,4,0.9387097847411288
2025-08-13,ILI incidence,2025-08-10,1,MT,safinea,PRFM,WIS,2103.91342017726,-1.9271569205346242,9,9,0.0
2025-08-13,ILI incidence,2025-08-10,1,NL,ECDC,SARIMA,WIS,2.0521536073903,-0.10379598875538129,10,8,0.25462638034105683
2025-08-13,ILI incidence,2025-08-10,1,NL,ECDC,soca_simplex,WIS,1.10472071119947,0.789661052261404,10,3,0.6547997187182472
2025-08-13,ILI incidence,2025-08-10,1,NL,ISI,FluBcast,WIS,0.287439620992531,2.7320118912700417,10,1,1.0
2025-08-13,ILI incidence,2025-08-10,1,NL,ItaLuxColab,EpiEKF,WIS,1.22895345770676,0.6359124548106427,10,5,0.6023267329210809
2025-08-13,ILI incidence,2025-08-10,1,NL,ItaLuxColab,EpiNetEKF,WIS,0.973745680050514,0.9717258066581624,10,2,0.7101204867321723
2025-08-13,ILI incidence,2025-08-10,1,NL,NotreDame,Rt_cocirc,WIS,2.52175652173913,-0.4010862541059788,10,9,0.0562771709118984
2025-08-13,ILI incidence,2025-08-10,1,NL,QMUL,ARIMA,WIS,2.65499589056542,-0.4753668934591737,10,10,0.0
2025-08-13,ILI incidence,2025-08-10,1,NL,respicast,hubEnsemble,WIS,1.14467339982069,0.7384067097418894,10,4,0.6379246441383185
2025-08-13,ILI incidence,2025-08-10,1,NL,respicast,quantileBaseline,WIS,1.90969565217391,0.0,10,6,0.3147972649984634
2025-08-13,ILI incidence,2025-08-10,1,NL,safinea,PRFM,WIS,1.98746615450637,-0.057587557724201606,10,7,0.28194883671317067
2025-08-13,ILI incidence,2025-08-10,1,NO,ECDC,SARIMA,WIS,2.2252672309225,-0.11118202217377424,10,6,0.39581483534878836
2025-08-13,ILI incidence,2025-08-10,1,NO,ECDC,soca_simplex,WIS,2.51072673924366,-0.2853084414630298,10,7,0.3067520628904609
2025-08-13,ILI incidence,2025-08-10,1,NO,ISI,FluBcast,WIS,3.49391298678816,-0.7620471028569716,10,10,0.0
2025-08-13,ILI incidence,2025-08-10,1,NO,ItaLuxColab,EpiEKF,WIS,1.66477280125596,0.3074712767373415,10,4,0.5706879308260944
2025-08-13,ILI incidence,2025-08-10,1,NO,ItaLuxColab,EpiNetEKF,WIS,1.37941865574826,0.5787361930938787,10,3,0.6597178303059179
2025-08-13,ILI incidence,2025-08-10,1,NO,NotreDame,Rt_cocirc,WIS,3.36174782608696,-0.7064149314896497,10,9,0.04123525505833259
2025-08-13,ILI incidence,2025-08-10,1,NO,QMUL,ARIMA,WIS,3.24069065480572,-0.6535047358806991,10,8,0.07900484053712402
2025-08-13,ILI incidence,2025-08-10,1,NO,respicast,hubEnsemble,WIS,1.26081028121731,0.7084453722934911,10,2,0.6967233962953938
2025-08-13,ILI incidence,2025-08-10,1,NO,respicast,quantileBaseline,WIS,2.06021739130435,0.0,10,5,0.4473100417850599
2025-08-13,ILI incidence,2025-08-10,1,NO,safinea,PRFM,WIS,0.288763400245399,2.834836774279777,10,1,1.0
2025-08-13,ILI incidence,2025-08-10,1,PL,ECDC,SARIMA,WIS,14.5022996934824,-0.7706288791224422,9,8,0.4738058848727018
2025-08-13,ILI incidence,2025-08-10,1,PL,ECDC,soca_simplex,WIS,6.03686624417317,0.4937810722153107,9,4,0.9210754261258088
2025-08-13,ILI incidence,2025-08-10,1,PL,ItaLuxColab,EpiEKF,WIS,6.45427263293516,0.39732638910017837,9,6,0.8990218401947866
2025-08-13,ILI incidence,2025-08-10,1,PL,ItaLuxColab,EpiNetEKF,WIS,4.64684114034684,0.8713305837796897,9,2,0.9945171340125368
2025-08-13,ILI incidence,2025-08-10,1,PL,NotreDame,Rt_cocirc,WIS,4.54306739130435,0.9039142023327773,9,1,1.0
2025-08-13,ILI incidence,2025-08-10,1,PL,QMUL,ARIMA,WIS,23.4699843139094,-1.4651640638806374,9,9,0.0
2025-08-13,ILI incidence,2025-08-10,1,PL,respicast,hubEnsemble,WIS,6.0911434656142,0.4808678238133063,9,5,0.9182076996142496
2025-08-13,ILI incidence,2025-08-10,1,PL,respicast,quantileBaseline,WIS,8.50069565217391,0.0,9,7,0.7908994752260557
2025-08-13,ILI incidence,2025-08-10,1,PL,safinea,PRFM,WIS,6.00597970674831,0.5011813083815606,9,3,0.9227073103651258
2025-08-13,ILI incidence,2025-08-10,1,RO,ItaLuxColab,EpiEKF,WIS,0.614579411723635,0.8164638819368737,6,4,0.8543820762739528
2025-08-13,ILI incidence,2025-08-10,1,RO,ItaLuxColab,EpiNetEKF,WIS,0.456790812462937,1.244529685967297,6,2,0.8948921785013961
2025-08-13,ILI incidence,2025-08-10,1,RO,NotreDame,Rt_cocirc,WIS,0.0473913043478261,4.51336904587522,6,1,1.0
2025-08-13,ILI incidence,2025-08-10,1,RO,respicast,hubEnsemble,WIS,0.535685112093286,1.0146781188670455,6,3,0.8746371273876745
2025-08-13,ILI incidence,2025-08-10,1,RO,respicast,quantileBaseline,WIS,1.08232608695652,0.0,6,5,0.7342944037867645
2025-08-13,ILI incidence,2025-08-10,1,RO,safinea,PRFM,WIS,3.94243453022754,-1.8649515723766537,6,6,0.0
2025-08-13,ILI incidence,2025-08-10,1,SI,ECDC,SARIMA,WIS,1.80780980389111,-1.138635980024719,7,6,0.5095883080164039
2025-08-13,ILI incidence,2025-08-10,1,SI,ECDC,soca_simplex,WIS,0.0009117765662207,9.814638971515892,7,1,1.0
2025-08-13,ILI incidence,2025-08-10,1,SI,NotreDame,Rt_cocirc,WIS,0.0032695652173913,7.972292406537262,7,3,0.9993600706269672
2025-08-13,ILI incidence,2025-08-10,1,SI,QMUL,ARIMA,WIS,3.68536314031007,-2.166199860867172,7,7,0.0
2025-08-13,ILI incidence,2025-08-10,1,SI,respicast,hubEnsemble,WIS,0.0037260459270136,7.783745750310775,7,4,0.9992361768190275
2025-08-13,ILI incidence,2025-08-10,1,SI,respicast,quantileBaseline,WIS,0.821086956521739,0.0,7,5,0.7773955742702162
2025-08-13,ILI incidence,2025-08-10,1,SI,safinea,PRFM,WIS,0.001,9.681391207270522,7,2,0.9999760552046778
2025-08-13,ILI incidence,2025-08-17,2,BE,ECDC,SARIMA,WIS,23.1112935728968,-0.44606031907429233,10,9,0.2247720817959326
2025-08-13,ILI incidence,2025-08-17,2,BE,ECDC,soca_simplex,WIS,2.34470078008245,2.855061963240663,10,1,1.0
2025-08-13,ILI incidence,2025-08-17,2,BE,ISI,FluBcast,WIS,29.1324264349109,-0.7800881755683564,10,10,0.0
2025-08-13,ILI incidence,2025-08-17,2,BE,ItaLuxColab,EpiEKF,WIS,14.391662628713,0.23730442049461706,10,7,0.5502805275871152
2025-08-13,ILI incidence,2025-08-17,2,BE,ItaLuxColab,EpiNetEKF,WIS,13.9958098842039,0.27754272014953774,10,6,0.565057920397906
2025-08-13,ILI incidence,2025-08-17,2,BE,NotreDame,Rt_cocirc,WIS,4.92969130434783,1.782968479288138,10,2,0.9035009333164707
2025-08-13,ILI incidence,2025-08-17,2,BE,QMUL,ARIMA,WIS,13.5595478508288,0.32322862077558145,10,5,0.5813438133847363
2025-08-13,ILI incidence,2025-08-17,2,BE,respicast,hubEnsemble,WIS,6.48329757113981,1.387737996207972,10,4,0.8455039877447982
2025-08-13,ILI incidence,2025-08-17,2,BE,respicast,quantileBaseline,WIS,16.9647208695652,0.0,10,8,0.45422689936920757
2025-08-13,ILI incidence,2025-08-17,2,BE,safinea,PRFM,WIS,5.25669823855166,1.6903088684399152,10,3,0.8912935911024487
2025-08-13,ILI incidence,2025-08-17,2,CZ,ECDC,SARIMA,WIS,4.26195361309127,-0.9624146867270147,10,9,0.4852606570371376
2025-08-13,ILI incidence,2025-08-17,2,CZ,ECDC,soca_simplex,WIS,0.612903217619211,1.8353690204670279,10,2,0.9921905180892577
2025-08-13,ILI incidence,2025-08-17,2,CZ,ISI,FluBcast,WIS,0.744670494554669,1.554426103134711,10,3,0.9738852714774286
2025-08-13,ILI incidence,2025-08-17,2,CZ,ItaLuxColab,EpiEKF,WIS,1.64515544770934,0.41087629625265726,10,6,0.8487889689575593
2025-08-13,ILI incidence,2025-08-17,2,CZ,ItaLuxColab,EpiNetEKF,WIS,0.969330236382777,1.1740400450303428,10,4,0.9426753074138344
2025-08-13,ILI incidence,2025-08-17,2,CZ,NotreDame,Rt_cocirc,WIS,3.15664782608696,-0.5292931099627036,10,8,0.6388108819727717
2025-08-13,ILI incidence,2025-08-17,2,CZ,QMUL,ARIMA,WIS,7.75502184306942,-1.8260306405610502,10,10,0.0
2025-08-13,ILI incidence,2025-08-17,2,CZ,respicast,hubEnsemble,WIS,1.07365980361893,1.0265632662176074,10,5,0.9281817358566213
2025-08-13,ILI incidence,2025-08-17,2,CZ,respicast,quantileBaseline,WIS,2.18722282608696,0.0,10,7,0.7734844072165571
2025-08-13,ILI incidence,2025-08-17,2,CZ,safinea,PRFM,WIS,0.556687959366953,1.9741594197248393,10,1,1.0
2025-08-13,ILI incidence,2025-08-17,2,DK,ECDC,SARIMA,WIS,9.71016027295634,-0.12261226545612536,9,8,0.7927405636528011
2025-08-13,ILI incidence,2025-08-17,2,DK,ECDC,soca_simplex,WIS,3.90023779417078,1.1933207565288366,9,1,1.0
2025-08-13,ILI incidence,2025-08-17,2,DK,ItaLuxColab,EpiEKF,WIS,8.10790211693797,0.13755417117059615,9,5,0.8498984902020181
2025-08-13,ILI incidence,2025-08-17,2,DK,ItaLuxColab,EpiNetEKF,WIS,5.92470502578791,0.5901395149549065,9,2,0.9277804585413252
2025-08-13,ILI incidence,2025-08-17,2,DK,NotreDame,Rt_cocirc,WIS,31.9323630434783,-1.8400645703041332,9,9,0.0
2025-08-13,ILI incidence,2025-08-17,2,DK,QMUL,ARIMA,WIS,8.45607905506936,0.07689397867029256,9,6,0.8374778501315693
2025-08-13,ILI incidence,2025-08-17,2,DK,respicast,hubEnsemble,WIS,6.0054951412847,0.5705996448624835,9,3,0.9248984039422439
2025-08-13,ILI incidence,2025-08-17,2,DK,respicast,quantileBaseline,WIS,8.9190054347826,0.0,9,7,0.8209637123130434
2025-08-13,ILI incidence,2025-08-17,2,DK,safinea,PRFM,WIS,6.26560719426726,0.5094285164910474,9,4,0.9156193339227852
2025-08-13,ILI incidence,2025-08-17,2,ES,ECDC,SARIMA,WIS,2.18675396608577,-0.4015996804480081,8,6,0.6432947555908813
2025-08-13,ILI incidence,2025-08-17,2,ES,ECDC,soca_simplex,WIS,1.85999594702706,-0.16810824769049354,8,5,0.7300262375606539
2025-08-13,ILI incidence,2025-08-17,2,ES,ItaLuxColab,EpiEKF,WIS,2.2849064003967,-0.4649438375123754,8,7,0.6172421246217905
2025-08-13,ILI incidence,2025-08-17,2,ES,ItaLuxColab,EpiNetEKF,WIS,1.34227747812146,0.3025082909843327,8,2,0.8674444107416965
2025-08-13,ILI incidence,2025-08-17,2,ES,QMUL,ARIMA,WIS,4.6103458987244,-1.4776837652836248,8,8,0.0
2025-08-13,ILI incidence,2025-08-17,2,ES,respicast,hubEnsemble,WIS,1.60135822745335,0.04789515188355609,8,3,0.7986765273883684
2025-08-13,ILI incidence,2025-08-17,2,ES,respicast,quantileBaseline,WIS,1.65541304347826,0.0,8,4,0.7843287408674766
2025-08-13,ILI incidence,2025-08-17,2,ES,safinea,PRFM,WIS,0.842878634962077,0.973794410597477,8,1,1.0
2025-08-13,ILI incidence,2025-08-17,2,FI,ItaLuxColab,EpiEKF,WIS,2.86983777712852,0.32507597261295945,5,4,0.2914353111849022
2025-08-13,ILI incidence,2025-08-17,2,FI,ItaLuxColab,EpiNetEKF,WIS,1.49604686993132,1.2648897864261583,5,2,0.8434466079868103
2025-08-13,ILI incidence,2025-08-17,2,FI,respicast,hubEnsemble,WIS,1.56389418856482,1.200902256102787,5,3,0.8161844634004694
2025-08-13,ILI incidence,2025-08-17,2,FI,respicast,quantileBaseline,WIS,3.59513304347826,0.0,5,5,0.0
2025-08-13,ILI incidence,2025-08-17,2,FI,safinea,PRFM,WIS,1.10643233181476,1.7001299406276202,5,1,1.0
2025-08-13,ILI incidence,2025-08-17,2,FR,NotreDame,Rt_cocirc,WIS,16.4937217391304,0.920694438909598,3,1,1.0
2025-08-13,ILI incidence,2025-08-17,2,FR,respicast,hubEnsemble,WIS,16.4937217391304,0.920694438909598,3,1,1.0
2025-08-13,ILI incidence,2025-08-17,2,FR,respicast,quantileBaseline,WIS,31.2230486956522,0.0,3,3,0.0
2025-08-13,ILI incidence,2025-08-17,2,GR,ECDC,SARIMA,WIS,56.1760203876367,-0.18244733612941302,10,9,0.4744744585226561
2025-08-13,ILI incidence,2025-08-17,2,GR,ECDC,soca_simplex,WIS,47.2784705875665,0.06632372229877022,10,6,0.6037128921066272
2025-08-13,ILI incidence,2025-08-17,2,GR,ISI,FluBcast,WIS,88.8416911675576,-0.8437297671266925,10,10,0.0
2025-08-13,ILI incidence,2025-08-17,2,GR,ItaLuxColab,EpiEKF,WIS,43.0331806714048,0.2020576119888529,10,5,0.6653764546831735
2025-08-13,ILI incidence,2025-08-17,2,GR,ItaLuxColab,EpiNetEKF,WIS,38.3591208066337,0.3679374347134295,10,3,0.733267974143504
2025-08-13,ILI incidence,2025-08-17,2,GR,NotreDame,Rt_cocirc,WIS,56.1279282608696,-0.1812117201449563,10,8,0.47517300489449565
2025-08-13,ILI incidence,2025-08-17,2,GR,QMUL,ARIMA,WIS,40.0007662971831,0.3074794507270055,10,4,0.7094227924399837
2025-08-13,ILI incidence,2025-08-17,2,GR,respicast,hubEnsemble,WIS,33.3824992581899,0.5684151193384643,10,2,0.8055542538399704
2025-08-13,ILI incidence,2025-08-17,2,GR,respicast,quantileBaseline,WIS,49.5026956521739,0.0,10,7,0.5714056423865077
2025-08-13,ILI incidence,2025-08-17,2,GR,safinea,PRFM,WIS,19.995686512997,1.3078182746649372,10,1,1.0
2025-08-13,ILI incidence,2025-08-17,2,HR,ECDC,soca_simplex,WIS,0.607152870019645,1.8942573369810722,7,4,0.801726572731839
2025-08-13,ILI incidence,2025-08-17,2,HR,ItaLuxColab,EpiEKF,WIS,1.08313583764703,1.0591748638271392,7,6,0.5704236406080969
2025-08-13,ILI incidence,2025-08-17,2,HR,ItaLuxColab,EpiNetEKF,WIS,0.31286571118416,2.850773589794493,7,3,0.944734804863162
2025-08-13,ILI incidence,2025-08-17,2,HR,NotreDame,Rt_cocirc,WIS,0.199139130434782,3.502540407938309,7,1,1.0
2025-08-13,ILI incidence,2025-08-17,2,HR,respicast,hubEnsemble,WIS,0.301143072781564,2.90586807062682,7,2,0.9504313965884135
2025-08-13,ILI incidence,2025-08-17,2,HR,respicast,quantileBaseline,WIS,2.25697282608696,0.0,7,7,0.0
2025-08-13,ILI incidence,2025-08-17,2,HR,safinea,PRFM,WIS,1.02230030536343,1.1425699918487382,7,5,0.5999865408619581
2025-08-13,ILI incidence,2025-08-17,2,IE,ECDC,SARIMA,WIS,2.67574841469394,-1.5860228025234406,10,9,0.20901770021689978
2025-08-13,ILI incidence,2025-08-17,2,IE,ECDC,soca_simplex,WIS,0.247646223117795,1.8475671479387825,10,1,1.0
2025-08-13,ILI incidence,2025-08-17,2,IE,ISI,FluBcast,WIS,0.568190468803206,0.6494731353393803,10,3,0.8955790141312369
2025-08-13,ILI incidence,2025-08-17,2,IE,ItaLuxColab,EpiEKF,WIS,1.03755490676719,-0.21926801353682412,10,8,0.7426781338201983
2025-08-13,ILI incidence,2025-08-17,2,IE,ItaLuxColab,EpiNetEKF,WIS,0.611563420732755,0.5433456485889195,10,4,0.8814497746846274
2025-08-13,ILI incidence,2025-08-17,2,IE,NotreDame,Rt_cocirc,WIS,0.375878260869566,1.2455822876487272,10,2,0.9582269344022424
2025-08-13,ILI incidence,2025-08-17,2,IE,QMUL,ARIMA,WIS,3.31737634507118,-1.8961230187827076,10,10,0.0
2025-08-13,ILI incidence,2025-08-17,2,IE,respicast,hubEnsemble,WIS,0.670692315248867,0.4101966945273689,10,5,0.8621878551780077
2025-08-13,ILI incidence,2025-08-17,2,IE,respicast,quantileBaseline,WIS,0.891260869565217,0.0,10,6,0.7903351041042442
2025-08-13,ILI incidence,2025-08-17,2,IE,safinea,PRFM,WIS,0.893575034652012,-0.0037411129588821902,10,7,0.7895812381307357
2025-08-13,ILI incidence,2025-08-17,2,IS,ItaLuxColab,EpiEKF,WIS,1.58501354144859,-1.3591209493946559,5,5,0.0
2025-08-13,ILI incidence,2025-08-17,2,IS,ItaLuxColab,EpiNetEKF,WIS,0.511884699776472,0.27148342662324026,5,3,0.8208442580231611
2025-08-13,ILI incidence,2025-08-17,2,IS,respicast,hubEnsemble,WIS,0.503660672397585,0.29485022679604955,5,2,0.8271348779279117
2025-08-13,ILI incidence,2025-08-17,2,IS,respicast,quantileBaseline,WIS,0.617869565217391,0.0,5,4,0.7397756436534463
2025-08-13,ILI incidence,2025-08-17,2,IS,safinea,PRFM,WIS,0.277665854986686,1.1539525339182912,5,1,1.0
2025-08-13,ILI incidence,2025-08-17,2,LT,ECDC,soca_simplex,WIS,0.86414258926416,2.0918302881197786,8,4,0.7974600444728129
2025-08-13,ILI incidence,2025-08-17,2,LT,ISI,FluBcast,WIS,0.148017293389002,4.6373339334951815,8,1,1.0
2025-08-13,ILI incidence,2025-08-17,2,LT,ItaLuxColab,EpiEKF,WIS,2.96698609802783,0.3121734125140184,8,7,0.2027179885800177
2025-08-13,ILI incidence,2025-08-17,2,LT,ItaLuxColab,EpiNetEKF,WIS,1.20771240202763,1.6088946394028507,8,5,0.7002890396243426
2025-08-13,ILI incidence,2025-08-17,2,LT,NotreDame,Rt_cocirc,WIS,0.276104347826087,3.73788606812983,8,2,0.9637734535300954
2025-08-13,ILI incidence,2025-08-17,2,LT,respicast,hubEnsemble,WIS,0.749979767463783,2.2962479984998962,8,3,0.829748434484297
2025-08-13,ILI incidence,2025-08-17,2,LT,respicast,quantileBaseline,WIS,3.68374086956522,0.0,8,8,0.0
2025-08-13,ILI incidence,2025-08-17,2,LT,safinea,PRFM,WIS,1.84164959127166,1.0001729920490119,8,6,0.5209941440857003
2025-08-13,ILI incidence,2025-08-17,2,LU,ECDC,SARIMA,WIS,545.167386125706,0.2699576962654351,9,4,0.7849050590254866
2025-08-13,ILI incidence,2025-08-17,2,LU,ECDC,soca_simplex,WIS,190.665513782119,1.785613030922346,9,1,1.0
2025-08-13,ILI incidence,2025-08-17,2,LU,ItaLuxColab,EpiEKF,WIS,560.69074974205,0.22945168531837892,9,6,0.7754862174303504
2025-08-13,ILI incidence,2025-08-17,2,LU,ItaLuxColab,EpiNetEKF,WIS,554.34556463576,0.24587135843915023,9,5,0.7793361751382946
2025-08-13,ILI incidence,2025-08-17,2,LU,NotreDame,Rt_cocirc,WIS,1061.90983478261,-0.6919324153124641,9,8,0.4713702227830539
2025-08-13,ILI incidence,2025-08-17,2,LU,QMUL,ARIMA,WIS,386.298684412694,0.7669401894783631,9,2,0.8812990605345623
2025-08-13,ILI incidence,2025-08-17,2,LU,respicast,hubEnsemble,WIS,466.162637358993,0.49582357577864167,9,3,0.8328413975851094
2025-08-13,ILI incidence,2025-08-17,2,LU,respicast,quantileBaseline,WIS,657.347826086957,0.0,9,7,0.7168392828070362
2025-08-13,ILI incidence,2025-08-17,2,LU,safinea,PRFM,WIS,1838.7836458845,-1.4840228811201024,9,9,0.0
2025-08-13,ILI incidence,2025-08-17,2,MT,ECDC,SARIMA,WIS,633.780832141805,0.10413123913147214,9,4,0.9483475999319477
2025-08-13,ILI incidence,2025-08-17,2,MT,ECDC,soca_simplex,WIS,442.216941179325,0.6233609717540367,9,2,0.9991751996801619
2025-08-13,ILI incidence,2025-08-17,2,MT,ItaLuxColab,EpiEKF,WIS,1039.16236294149,-0.6092339121454524,9,7,0.8407878187577372
2025-08-13,ILI incidence,2025-08-17,2,MT,ItaLuxColab,EpiNetEKF,WIS,943.444120614804,-0.46982180364863163,9,6,0.8661847162896225
2025-08-13,ILI incidence,2025-08-17,2,MT,NotreDame,Rt_cocirc,WIS,1091.04980869565,-0.6795297929660157,9,8,0.827020535625729
2025-08-13,ILI incidence,2025-08-17,2,MT,QMUL,ARIMA,WIS,439.108355306335,0.6335382809480384,9,1,1.0
2025-08-13,ILI incidence,2025-08-17,2,MT,respicast,hubEnsemble,WIS,581.259791651914,0.2289321527874518,9,3,0.9622829945982776
2025-08-13,ILI incidence,2025-08-17,2,MT,respicast,quantileBaseline,WIS,681.217391304348,0.0,9,5,0.9357612694370299
2025-08-13,ILI incidence,2025-08-17,2,MT,safinea,PRFM,WIS,4208.0034420591,-2.6269487124935216,9,9,0.0
2025-08-13,ILI incidence,2025-08-17,2,NL,ECDC,SARIMA,WIS,3.95714901816582,-0.342602976934118,10,8,0.39687950694884605
2025-08-13,ILI incidence,2025-08-17,2,NL,ECDC,soca_simplex,WIS,1.75948653050774,0.8267039485653577,10,3,0.9089966241833995
2025-08-13,ILI incidence,2025-08-17,2,NL,ISI,FluBcast,WIS,1.36896120231256,1.1887768585546503,10,1,1.0
2025-08-13,ILI incidence,2025-08-17,2,NL,ItaLuxColab,EpiEKF,WIS,2.9554781929355,0.07846684268474458,10,6,0.630296957679214
2025-08-13,ILI incidence,2025-08-17,2,NL,ItaLuxColab,EpiNetEKF,WIS,2.92742187955479,0.09222774651137874,10,5,0.636834867121382
2025-08-13,ILI incidence,2025-08-17,2,NL,NotreDame,Rt_cocirc,WIS,5.66028913043478,-0.8590173301786007,10,10,0.0
2025-08-13,ILI incidence,2025-08-17,2,NL,QMUL,ARIMA,WIS,5.43252223104577,-0.7997637548821288,10,9,0.05307608814893704
2025-08-13,ILI incidence,2025-08-17,2,NL,respicast,hubEnsemble,WIS,2.69737057250096,0.21030468158439375,10,4,0.690443286451502
2025-08-13,ILI incidence,2025-08-17,2,NL,respicast,quantileBaseline,WIS,3.12067565217392,0.0,10,7,0.5918013073804249
2025-08-13,ILI incidence,2025-08-17,2,NL,safinea,PRFM,WIS,1.40564868108391,1.1506223569390066,10,2,0.991450786473127
2025-08-13,ILI incidence,2025-08-17,2,NO,ECDC,SARIMA,WIS,2.93614760973118,0.16101621223373033,10,5,0.5403719790460917
2025-08-13,ILI incidence,2025-08-17,2,NO,ECDC,soca_simplex,WIS,3.52745653293282,-0.10368759409867409,10,7,0.42885548777639193
2025-08-13,ILI incidence,2025-08-17,2,NO,ISI,FluBcast,WIS,5.80143479210241,-0.8214690358135388,10,10,0.0
2025-08-13,ILI incidence,2025-08-17,2,NO,ItaLuxColab,EpiEKF,WIS,2.42158964450212,0.4389863003680464,10,4,0.6374138070748788
2025-08-13,ILI incidence,2025-08-17,2,NO,ItaLuxColab,EpiNetEKF,WIS,1.98625128222016,0.7248925603275623,10,3,0.7195154036716659
2025-08-13,ILI incidence,2025-08-17,2,NO,NotreDame,Rt_cocirc,WIS,5.6141847826087,-0.7741358375802667,10,9,0.035313967419760596
2025-08-13,ILI incidence,2025-08-17,2,NO,QMUL,ARIMA,WIS,5.01532911670301,-0.6114036654707423,10,8,0.14825371856910846
2025-08-13,ILI incidence,2025-08-17,2,NO,respicast,hubEnsemble,WIS,1.76747373973086,0.893251930900838,10,2,0.760775230726051
2025-08-13,ILI incidence,2025-08-17,2,NO,respicast,quantileBaseline,WIS,3.28283152173913,0.0,10,6,0.47498995633375
2025-08-13,ILI incidence,2025-08-17,2,NO,safinea,PRFM,WIS,0.499000000000001,2.717828990555101,10,1,1.0
2025-08-13,ILI incidence,2025-08-17,2,PL,ECDC,SARIMA,WIS,19.3850831973705,-0.419804314760622,9,8,0.47145664329821163
2025-08-13,ILI incidence,2025-08-17,2,PL,ECDC,soca_simplex,WIS,14.5709362661031,-0.007950969664222084,9,6,0.6726496760733821
2025-08-13,ILI incidence,2025-08-17,2,PL,ItaLuxColab,EpiEKF,WIS,10.8423143763505,0.41846986809144215,9,4,0.8284764002638957
2025-08-13,ILI incidence,2025-08-17,2,PL,ItaLuxColab,EpiNetEKF,WIS,7.47733514108401,0.9545465096035193,9,2,0.9691057552118356
2025-08-13,ILI incidence,2025-08-17,2,PL,NotreDame,Rt_cocirc,WIS,14.9273239130435,-0.04281293823799806,9,7,0.6577555084139274
2025-08-13,ILI incidence,2025-08-17,2,PL,QMUL,ARIMA,WIS,30.6660978590264,-1.0815019888488326,9,9,0.0
2025-08-13,ILI incidence,2025-08-17,2,PL,respicast,hubEnsemble,WIS,7.53314616105145,0.9438181856865062,9,3,0.9667732986977657
2025-08-13,ILI incidence,2025-08-17,2,PL,respicast,quantileBaseline,WIS,14.4908539130435,0.0,9,5,0.6759964811696675
2025-08-13,ILI incidence,2025-08-17,2,PL,safinea,PRFM,WIS,6.73809764518639,1.104729371586867,9,1,1.0
2025-08-13,ILI incidence,2025-08-17,2,RO,ItaLuxColab,EpiEKF,WIS,0.741763915851279,0.7308497234072608,6,4,0.898962465501731
2025-08-13,ILI incidence,2025-08-17,2,RO,ItaLuxColab,EpiNetEKF,WIS,0.519714388109449,1.2440908109644275,6,2,0.9298792603272993
2025-08-13,ILI incidence,2025-08-17,2,RO,NotreDame,Rt_cocirc,WIS,0.0160956521739131,6.257066871874783,6,1,1.0
2025-08-13,ILI incidence,2025-08-17,2,RO,respicast,hubEnsemble,WIS,0.630739151980364,0.9647663223791312,6,3,0.9144208629145151
2025-08-13,ILI incidence,2025-08-17,2,RO,respicast,quantileBaseline,WIS,1.23104347826087,0.0,6,5,0.8308382231437433
2025-08-13,ILI incidence,2025-08-17,2,RO,safinea,PRFM,WIS,7.19826084732521,-2.547766666802251,6,6,0.0
2025-08-13,ILI incidence,2025-08-17,2,SI,ECDC,SARIMA,WIS,2.37134798036886,-0.3736795121873528,7,6,0.5961235864968395
2025-08-13,ILI incidence,2025-08-17,2,SI,ECDC,soca_simplex,WIS,0.0009184910851137,10.96047453353244,7,3,0.999845047514354
2025-08-13,ILI incidence,2025-08-17,2,SI,NotreDame,Rt_cocirc,WIS,8.69565217391748e-06,17.683302208176652,7,1,1.0
2025-08-13,ILI incidence,2025-08-17,2,SI,QMUL,ARIMA,WIS,5.871456508482,-1.6816905586881243,7,7,0.0
2025-08-13,ILI incidence,2025-08-17,2,SI,respicast,hubEnsemble,WIS,0.0005393574532015,11.728498531948741,7,2,0.9999096199407806
2025-08-13,ILI incidence,2025-08-17,2,SI,respicast,quantileBaseline,WIS,1.83023369565217,0.0,7,5,0.6882838682478396
2025-08-13,ILI incidence,2025-08-17,2,SI,safinea,PRFM,WIS,0.001,10.837812157233012,7,4,0.9998311652629084
2025-08-13,ILI incidence,2025-08-24,3,BE,ECDC,SARIMA,WIS,29.4048250328188,-0.19627815327607132,10,9,0.487483966753846
2025-08-13,ILI incidence,2025-08-24,3,BE,ECDC,soca_simplex,WIS,26.4640907038802,-0.04426133157178808,10,7,0.5504445256810604
2025-08-13,ILI incidence,2025-08-24,3,BE,ISI,FluBcast,WIS,52.1740135576136,-1.0235566661328723,10,10,0.0
2025-08-13,ILI incidence,2025-08-24,3,BE,ItaLuxColab,EpiEKF,WIS,24.4125857008081,0.07214964407107126,10,4,0.594366855000083
2025-08-13,ILI incidence,2025-08-24,3,BE,ItaLuxColab,EpiNetEKF,WIS,24.5532875230966,0.06385854798391687,10,5,0.5913544559247272
2025-08-13,ILI incidence,2025-08-24,3,BE,NotreDame,Rt_cocirc,WIS,27.1346456521739,-0.0803613160373384,10,8,0.5360880726276427
2025-08-13,ILI incidence,2025-08-24,3,BE,QMUL,ARIMA,WIS,14.831174942867,0.7911418585050946,10,2,0.7995030247978249
2025-08-13,ILI incidence,2025-08-24,3,BE,respicast,hubEnsemble,WIS,20.6683802123147,0.31234942408455196,10,3,0.6745295776146666
2025-08-13,ILI incidence,2025-08-24,3,BE,respicast,quantileBaseline,WIS,25.6645106521739,0.0,10,6,0.5675633814944142
2025-08-13,ILI incidence,2025-08-24,3,BE,safinea,PRFM,WIS,5.46644966291826,2.2310987087574596,10,1,1.0
2025-08-13,ILI incidence,2025-08-24,3,CZ,ECDC,SARIMA,WIS,6.13555995970734,-1.0122676566211204,10,9,0.45475085356533357
2025-08-13,ILI incidence,2025-08-24,3,CZ,ECDC,soca_simplex,WIS,0.987337630603467,1.6233119412491832,10,2,0.9605748410361761
2025-08-13,ILI incidence,2025-08-24,3,CZ,ISI,FluBcast,WIS,1.16372710081149,1.3861745808322274,10,3,0.9432441937826371
2025-08-13,ILI incidence,2025-08-24,3,CZ,ItaLuxColab,EpiEKF,WIS,2.3660759044375,0.36243100381026827,10,6,0.8251108212701941
2025-08-13,ILI incidence,2025-08-24,3,CZ,ItaLuxColab,EpiNetEKF,WIS,1.25723487865835,1.2746731587630018,10,4,0.9340568522059828
2025-08-13,ILI incidence,2025-08-24,3,CZ,NotreDame,Rt_cocirc,WIS,5.93072391304348,-0.9632808527091843,10,8,0.4748764385299814
2025-08-13,ILI incidence,2025-08-24,3,CZ,QMUL,ARIMA,WIS,10.7639654060565,-1.8232103940293005,10,10,0.0
2025-08-13,ILI incidence,2025-08-24,3,CZ,respicast,hubEnsemble,WIS,1.54797709742413,0.974543233598096,10,5,0.905490799883253
2025-08-13,ILI incidence,2025-08-24,3,CZ,respicast,quantileBaseline,WIS,3.04180434782609,0.0,10,7,0.7587190390524712
2025-08-13,ILI incidence,2025-08-24,3,CZ,safinea,PRFM,WIS,0.58607258834857,2.3757760936990597,10,1,1.0
2025-08-13,ILI incidence,2025-08-24,3,DK,ECDC,SARIMA,WIS,9.17191383678021,0.3947716667456502,9,5,0.6008262190594802
2025-08-13,ILI incidence,2025-08-24,3,DK,ECDC,soca_simplex,WIS,5.38009364535619,1.1643631842933033,9,1,1.0
2025-08-13,ILI incidence,2025-08-24,3,DK,ItaLuxColab,EpiEKF,WIS,14.8792651152104,-0.3032368998946945,9,9,0.0
2025-08-13,ILI incidence,2025-08-24,3,DK,ItaLuxColab,EpiNetEKF,WIS,14.7822058337703,-0.2937951939165761,9,8,0.010217657587097867
2025-08-13,ILI incidence,2025-08-24,3,DK,NotreDame,Rt_cocirc,WIS,14.4285586956522,-0.2588608188496315,9,7,0.04744691902746728
2025-08-13,ILI incidence,2025-08-24,3,DK,QMUL,ARIMA,WIS,6.85910675891031,0.8139737579525625,9,3,0.8443008299989326
2025-08-13,ILI incidence,2025-08-24,3,DK,respicast,hubEnsemble,WIS,7.11416272152852,0.7613004952993789,9,4,0.8174504922165655
2025-08-13,ILI incidence,2025-08-24,3,DK,respicast,quantileBaseline,WIS,12.0586330434783,0.0,9,6,0.29693453588909574
2025-08-13,ILI incidence,2025-08-24,3,DK,safinea,PRFM,WIS,6.64508580803285,0.8597066395436873,9,2,0.866831316110975
2025-08-13,ILI incidence,2025-08-24,3,EE,ECDC,SARIMA,WIS,17.3135867823747,-0.3477515394306584,9,7,0.3444315070683894
2025-08-13,ILI incidence,2025-08-24,3,EE,ECDC,soca_simplex,WIS,13.651625677996,-0.00491966873038429,9,5,0.5769936556478121
2025-08-13,ILI incidence,2025-08-24,3,EE,ItaLuxColab,EpiEKF,WIS,22.2110459959519,-0.7071242427951872,9,8,0.03340591044812049
2025-08-13,ILI incidence,2025-08-24,3,EE,ItaLuxColab,EpiNetEKF,WIS,16.8444628396174,-0.3081213292130315,9,6,0.37422441555866076
2025-08-13,ILI incidence,2025-08-24,3,EE,NotreDame,Rt_cocirc,WIS,8.6975347826087,0.6454746447517885,9,2,0.8916157911782499
2025-08-13,ILI incidence,2025-08-24,3,EE,QMUL,ARIMA,WIS,22.7370608503236,-0.7408926802956588,9,9,0.0
2025-08-13,ILI incidence,2025-08-24,3,EE,respicast,hubEnsemble,WIS,11.3709664109605,0.2587982201081425,9,3,0.7218327197998428
2025-08-13,ILI incidence,2025-08-24,3,EE,respicast,quantileBaseline,WIS,13.605152173913,0.0,9,4,0.5799450736594982
2025-08-13,ILI incidence,2025-08-24,3,EE,safinea,PRFM,WIS,6.99089954786171,0.9606030830766604,9,1,1.0
2025-08-13,ILI incidence,2025-08-24,3,ES,ECDC,SARIMA,WIS,3.01266929054723,-0.4497162962890664,8,6,0.530637731843493
2025-08-13,ILI incidence,2025-08-24,3,ES,ECDC,soca_simplex,WIS,0.51302827261405,2.1042157775050647,8,1,1.0
2025-08-13,ILI incidence,2025-08-24,3,ES,ItaLuxColab,EpiEKF,WIS,3.25206763699084,-0.5600312466002894,8,7,0.48568545666735663
2025-08-13,ILI incidence,2025-08-24,3,ES,ItaLuxColab,EpiNetEKF,WIS,1.46034157114243,0.595020164285277,8,3,0.8221212105009599
2025-08-13,ILI incidence,2025-08-24,3,ES,QMUL,ARIMA,WIS,5.83863961276482,-1.4043062477050767,8,8,0.0
2025-08-13,ILI incidence,2025-08-24,3,ES,respicast,hubEnsemble,WIS,1.88296237762538,0.22832184192195576,8,4,0.7427649113852632
2025-08-13,ILI incidence,2025-08-24,3,ES,respicast,quantileBaseline,WIS,2.20583673913044,0.0,8,5,0.6821381887645473
2025-08-13,ILI incidence,2025-08-24,3,ES,safinea,PRFM,WIS,0.523731922180471,2.074425569687248,8,2,0.9979901557055573
2025-08-13,ILI incidence,2025-08-24,3,FI,ItaLuxColab,EpiEKF,WIS,3.25539908263738,0.22707313880770746,5,4,0.2274989327720275
2025-08-13,ILI incidence,2025-08-24,3,FI,ItaLuxColab,EpiNetEKF,WIS,1.46033493685377,1.3836082563802827,5,2,0.963431069801345
2025-08-13,ILI incidence,2025-08-24,3,FI,respicast,hubEnsemble,WIS,1.56619392241271,1.2826446997086736,5,3,0.9200314900987834
2025-08-13,ILI incidence,2025-08-24,3,FI,respicast,quantileBaseline,WIS,3.81030782608696,0.0,5,5,0.0
2025-08-13,ILI incidence,2025-08-24,3,FI,safinea,PRFM,WIS,1.37113707179756,1.4745347507378699,5,1,1.0
2025-08-13,ILI incidence,2025-08-24,3,FR,NotreDame,Rt_cocirc,WIS,21.0674630434783,0.5533583905089089,3,1,1.0
2025-08-13,ILI incidence,2025-08-24,3,FR,respicast,hubEnsemble,WIS,21.0674630434783,0.5533583905089089,3,1,1.0
2025-08-13,ILI incidence,2025-08-24,3,FR,respicast,quantileBaseline,WIS,30.9164567391304,0.0,3,3,0.0
2025-08-13,ILI incidence,2025-08-24,3,GR,ECDC,SARIMA,WIS,78.8520208603213,-0.009303394706433944,10,8,0.6316854480511053
2025-08-13,ILI incidence,2025-08-24,3,GR,ECDC,soca_simplex,WIS,73.5998711375013,0.09014109457821598,10,6,0.6753427086622149
2025-08-13,ILI incidence,2025-08-24,3,GR,ISI,FluBcast,WIS,154.846403110837,-0.9829216313626036,10,10,0.0
2025-08-13,ILI incidence,2025-08-24,3,GR,ItaLuxColab,EpiEKF,WIS,64.6250947306825,0.27774984471351555,10,4,0.7499434289761345
2025-08-13,ILI incidence,2025-08-24,3,GR,ItaLuxColab,EpiNetEKF,WIS,69.9803347969708,0.16289476824174798,10,5,0.7054292541053783
2025-08-13,ILI incidence,2025-08-24,3,GR,NotreDame,Rt_cocirc,WIS,124.355217391304,-0.6665507978562734,10,9,0.25345081757963717
2025-08-13,ILI incidence,2025-08-24,3,GR,QMUL,ARIMA,WIS,34.5422509652148,1.1814822349527911,10,1,1.0
2025-08-13,ILI incidence,2025-08-24,3,GR,respicast,hubEnsemble,WIS,59.7710991877882,0.3903962608134,10,3,0.7902911265104539
2025-08-13,ILI incidence,2025-08-24,3,GR,respicast,quantileBaseline,WIS,78.34517,0.0,10,7,0.6358985267460766
2025-08-13,ILI incidence,2025-08-24,3,GR,safinea,PRFM,WIS,41.1870974798889,0.9276518741371524,10,2,0.9447662745120314
2025-08-13,ILI incidence,2025-08-24,3,HR,ECDC,soca_simplex,WIS,1.47124496411664,0.853872838615897,7,6,0.5274118750221307
2025-08-13,ILI incidence,2025-08-24,3,HR,ItaLuxColab,EpiEKF,WIS,1.43973462670182,0.8851073985202711,7,5,0.5414031790193476
2025-08-13,ILI incidence,2025-08-24,3,HR,ItaLuxColab,EpiNetEKF,WIS,0.406911626834294,2.708122906962754,7,1,1.0
2025-08-13,ILI incidence,2025-08-24,3,HR,NotreDame,Rt_cocirc,WIS,0.7,1.9254834885572025,7,3,0.869862119436318
2025-08-13,ILI incidence,2025-08-24,3,HR,respicast,hubEnsemble,WIS,0.490563401421762,2.4383988052494128,7,2,0.9628567161070933
2025-08-13,ILI incidence,2025-08-24,3,HR,respicast,quantileBaseline,WIS,2.65904891304348,0.0,7,7,0.0
2025-08-13,ILI incidence,2025-08-24,3,HR,safinea,PRFM,WIS,1.09187120122578,1.2841076319166167,7,4,0.6958624242910098
2025-08-13,ILI incidence,2025-08-24,3,IE,ECDC,SARIMA,WIS,3.36564292233261,-1.5302011604622054,10,9,0.1952884898485069
2025-08-13,ILI incidence,2025-08-24,3,IE,ECDC,soca_simplex,WIS,0.449476038488205,1.374364848679103,10,2,0.995078227600412
2025-08-13,ILI incidence,2025-08-24,3,IE,ISI,FluBcast,WIS,1.09962205990448,0.08367320702204112,10,5,0.8167687766394048
2025-08-13,ILI incidence,2025-08-24,3,IE,ItaLuxColab,EpiEKF,WIS,1.38885141468364,-0.25321130014726473,10,8,0.7374445544590805
2025-08-13,ILI incidence,2025-08-24,3,IE,ItaLuxColab,EpiNetEKF,WIS,0.744803414023034,0.6457493706511954,10,3,0.9140815584665196
2025-08-13,ILI incidence,2025-08-24,3,IE,NotreDame,Rt_cocirc,WIS,0.431530434782609,1.433146743841904,10,1,1.0
2025-08-13,ILI incidence,2025-08-24,3,IE,QMUL,ARIMA,WIS,4.07769735365473,-1.8070737409386948,10,10,0.0
2025-08-13,ILI incidence,2025-08-24,3,IE,respicast,hubEnsemble,WIS,1.02847037548028,0.18018072325846954,10,4,0.8362828817276625
2025-08-13,ILI incidence,2025-08-24,3,IE,respicast,quantileBaseline,WIS,1.16528347826087,0.0,10,6,0.7987604353271806
2025-08-13,ILI incidence,2025-08-24,3,IE,safinea,PRFM,WIS,1.3736912083574,-0.2373767759187785,10,7,0.7416024020463023
2025-08-13,ILI incidence,2025-08-24,3,IS,ItaLuxColab,EpiEKF,WIS,2.12152884787949,-1.7027257435287664,5,5,0.0
2025-08-13,ILI incidence,2025-08-24,3,IS,ItaLuxColab,EpiNetEKF,WIS,0.538059688014502,0.2765404247878124,5,1,1.0
2025-08-13,ILI incidence,2025-08-24,3,IS,respicast,hubEnsemble,WIS,0.893930348227785,-0.45585577885208994,5,3,0.7752588624816502
2025-08-13,ILI incidence,2025-08-24,3,IS,respicast,quantileBaseline,WIS,0.651744565217391,0.0,5,2,0.9282051838555654
2025-08-13,ILI incidence,2025-08-24,3,IS,safinea,PRFM,WIS,0.938663969499708,-0.5263021352598954,5,4,0.7470084725114804
2025-08-13,ILI incidence,2025-08-24,3,LT,ECDC,soca_simplex,WIS,0.0878759590581684,5.7462672344657895,8,1,1.0
2025-08-13,ILI incidence,2025-08-24,3,LT,ISI,FluBcast,WIS,1.04836728823054,2.1697353305401226,8,4,0.7925126752304679
2025-08-13,ILI incidence,2025-08-24,3,LT,ItaLuxColab,EpiEKF,WIS,4.12175539737932,0.19462068249267792,8,7,0.12859301517976227
2025-08-13,ILI incidence,2025-08-24,3,LT,ItaLuxColab,EpiNetEKF,WIS,1.26470591043733,1.8990776287180657,8,5,0.7457787583249486
2025-08-13,ILI incidence,2025-08-24,3,LT,NotreDame,Rt_cocirc,WIS,1.04674782608696,2.1719656523518474,8,3,0.7928625147943777
2025-08-13,ILI incidence,2025-08-24,3,LT,respicast,hubEnsemble,WIS,0.809626599966812,2.5425509790991376,8,2,0.8440859328091295
2025-08-13,ILI incidence,2025-08-24,3,LT,respicast,quantileBaseline,WIS,4.71703260869565,0.0,8,8,0.0
2025-08-13,ILI incidence,2025-08-24,3,LT,safinea,PRFM,WIS,2.91698908761174,0.6933995850490581,8,6,0.38884912681122485
2025-08-13,ILI incidence,2025-08-24,3,LU,ECDC,SARIMA,WIS,631.725876583127,0.2711523636826523,9,4,0.847109656263907
2025-08-13,ILI incidence,2025-08-24,3,LU,ECDC,soca_simplex,WIS,383.01476678977,0.993051017360341,9,1,1.0
2025-08-13,ILI incidence,2025-08-24,3,LU,ItaLuxColab,EpiEKF,WIS,661.764286598892,0.2041335964942029,9,5,0.8286441247626734
2025-08-13,ILI incidence,2025-08-24,3,LU,ItaLuxColab,EpiNetEKF,WIS,717.578840383056,0.08731368299979106,9,6,0.7943332074874959
2025-08-13,ILI incidence,2025-08-24,3,LU,NotreDame,Rt_cocirc,WIS,1153.36022391304,-0.5973202364455371,9,8,0.5264450316153096
2025-08-13,ILI incidence,2025-08-24,3,LU,QMUL,ARIMA,WIS,476.529522411567,0.6778854362688206,9,2,0.9425136129089995
2025-08-13,ILI incidence,2025-08-24,3,LU,respicast,hubEnsemble,WIS,549.614555828338,0.47203081982416545,9,3,0.8975860023557838
2025-08-13,ILI incidence,2025-08-24,3,LU,respicast,quantileBaseline,WIS,762.348695652174,0.0,9,7,0.7668118049783852
2025-08-13,ILI incidence,2025-08-24,3,LU,safinea,PRFM,WIS,2009.7434647294,-1.3984884217188571,9,9,0.0
2025-08-13,ILI incidence,2025-08-24,3,MT,ECDC,SARIMA,WIS,1338.4008777501,-0.18071379757653752,9,2,0.9595307231224105
2025-08-13,ILI incidence,2025-08-24,3,MT,ECDC,soca_simplex,WIS,2144.38329264536,-0.8607663008465015,9,8,0.7525336181756376
2025-08-13,ILI incidence,2025-08-24,3,MT,ItaLuxColab,EpiEKF,WIS,1432.89714749934,-0.27913855846789976,9,4,0.9352616399453242
2025-08-13,ILI incidence,2025-08-24,3,MT,ItaLuxColab,EpiNetEKF,WIS,1486.04923579541,-0.33168541699126486,9,5,0.9216108106023645
2025-08-13,ILI incidence,2025-08-24,3,MT,NotreDame,Rt_cocirc,WIS,1971.11006086957,-0.7392118353303777,9,7,0.7970346602325177
2025-08-13,ILI incidence,2025-08-24,3,MT,QMUL,ARIMA,WIS,1352.23223231983,-0.19554644223707202,9,3,0.955978473965959
2025-08-13,ILI incidence,2025-08-24,3,MT,respicast,hubEnsemble,WIS,1819.20315161007,-0.6235101596267426,9,6,0.8360482787147706
2025-08-13,ILI incidence,2025-08-24,3,MT,respicast,quantileBaseline,WIS,1180.82608695652,0.0,9,1,1.0
2025-08-13,ILI incidence,2025-08-24,3,MT,safinea,PRFM,WIS,5074.51539774427,-2.1034735564087117,9,9,0.0
2025-08-13,ILI incidence,2025-08-24,3,NL,ECDC,SARIMA,WIS,4.97552150039364,-0.5479392204732403,10,7,0.22939706612818334
2025-08-13,ILI incidence,2025-08-24,3,NL,ECDC,soca_simplex,WIS,5.09781895503488,-0.5829716114983128,10,8,0.20824732469025548
2025-08-13,ILI incidence,2025-08-24,3,NL,ISI,FluBcast,WIS,0.519543746330456,2.711591390256991,10,1,1.0
2025-08-13,ILI incidence,2025-08-24,3,NL,ItaLuxColab,EpiEKF,WIS,3.31519280821193,0.03781574816937606,10,3,0.5165291462244341
2025-08-13,ILI incidence,2025-08-24,3,NL,ItaLuxColab,EpiNetEKF,WIS,2.90700027800292,0.2273773171681619,10,2,0.5871206928444318
2025-08-13,ILI incidence,2025-08-24,3,NL,NotreDame,Rt_cocirc,WIS,6.302,-0.8889012277449895,10,10,0.0
2025-08-13,ILI incidence,2025-08-24,3,NL,QMUL,ARIMA,WIS,5.99426570250102,-0.816674507722295,10,9,0.05321861229882909
2025-08-13,ILI incidence,2025-08-24,3,NL,respicast,hubEnsemble,WIS,3.78136740471343,-0.15199950446733254,10,5,0.4359103613947754
2025-08-13,ILI incidence,2025-08-24,3,NL,respicast,quantileBaseline,WIS,3.40323913043478,0.0,10,4,0.501302689099579
2025-08-13,ILI incidence,2025-08-24,3,NL,safinea,PRFM,WIS,4.15690522719999,-0.28860132988990284,10,6,0.3709660183661111
2025-08-13,ILI incidence,2025-08-24,3,NO,ECDC,SARIMA,WIS,3.72179742027467,0.19071069894659318,10,5,0.6521323920731497
2025-08-13,ILI incidence,2025-08-24,3,NO,ECDC,soca_simplex,WIS,6.02146651932503,-0.5034046663358543,10,7,0.34473133123906285
2025-08-13,ILI incidence,2025-08-24,3,NO,ISI,FluBcast,WIS,8.60040358536478,-1.0176941320835389,10,10,0.0
2025-08-13,ILI incidence,2025-08-24,3,NO,ItaLuxColab,EpiEKF,WIS,3.43216123248506,0.3075929018513178,10,4,0.690848601904918
2025-08-13,ILI incidence,2025-08-24,3,NO,ItaLuxColab,EpiNetEKF,WIS,2.84844520189096,0.576535577651251,10,3,0.7688750132284364
2025-08-13,ILI incidence,2025-08-24,3,NO,NotreDame,Rt_cocirc,WIS,8.19067826086956,-0.9472726950681333,10,9,0.05476874888323354
2025-08-13,ILI incidence,2025-08-24,3,NO,QMUL,ARIMA,WIS,6.73322481442624,-0.6645874058156531,10,8,0.24958927142622991
2025-08-13,ILI incidence,2025-08-24,3,NO,respicast,hubEnsemble,WIS,2.60753943663862,0.7040211573540417,10,2,0.8010773365236434
2025-08-13,ILI incidence,2025-08-24,3,NO,respicast,quantileBaseline,WIS,4.24778347826087,0.0,10,6,0.5818228539419177
2025-08-13,ILI incidence,2025-08-24,3,NO,safinea,PRFM,WIS,1.11939785034698,1.923987347354207,10,1,1.0
2025-08-13,ILI incidence,2025-08-24,3,PL,ECDC,SARIMA,WIS,25.1151009323365,-0.39366587436316297,9,7,0.3941169408097691
2025-08-13,ILI incidence,2025-08-24,3,PL,ECDC,soca_simplex,WIS,5.1435410719415,1.8940553682596812,9,1,1.0
2025-08-13,ILI incidence,2025-08-24,3,PL,ItaLuxColab,EpiEKF,WIS,16.1224968993867,0.24581400645571663,9,5,0.6669282024065522
2025-08-13,ILI incidence,2025-08-24,3,PL,ItaLuxColab,EpiNetEKF,WIS,10.7323837924423,0.8329186468172387,9,2,0.8304496419658677
2025-08-13,ILI incidence,2025-08-24,3,PL,NotreDame,Rt_cocirc,WIS,28.5874065217391,-0.5804905446132076,9,8,0.2887765894473004
2025-08-13,ILI incidence,2025-08-24,3,PL,QMUL,ARIMA,WIS,38.1062713504332,-0.9951392506568859,9,9,0.0
2025-08-13,ILI incidence,2025-08-24,3,PL,respicast,hubEnsemble,WIS,10.9845223601603,0.7994170601120071,9,3,0.8228004404104213
2025-08-13,ILI incidence,2025-08-24,3,PL,respicast,quantileBaseline,WIS,19.1174380434783,0.0,9,6,0.5760697959945745
2025-08-13,ILI incidence,2025-08-24,3,PL,safinea,PRFM,WIS,10.9924670423318,0.7983739914860337,9,4,0.8225594202611686
2025-08-13,ILI incidence,2025-08-24,3,RO,ItaLuxColab,EpiEKF,WIS,0.849166970896732,0.6622029406272175,6,4,0.8561346679562798
2025-08-13,ILI incidence,2025-08-24,3,RO,ItaLuxColab,EpiNetEKF,WIS,0.565677775133118,1.2482707078871587,6,2,0.9041632285069461
2025-08-13,ILI incidence,2025-08-24,3,RO,NotreDame,Rt_cocirc,WIS,0.0,10.0,6,1,1.0
2025-08-13,ILI incidence,2025-08-24,3,RO,respicast,hubEnsemble,WIS,0.707422373014924,0.9256793514707129,6,3,0.8801489482316132
2025-08-13,ILI incidence,2025-08-24,3,RO,respicast,quantileBaseline,WIS,1.34380434782609,0.0,6,5,0.7723335158718674
2025-08-13,ILI incidence,2025-08-24,3,RO,safinea,PRFM,WIS,5.90251284888199,-2.135006173817356,6,6,0.0
2025-08-13,ILI incidence,2025-08-24,3,SI,ECDC,SARIMA,WIS,3.24685844112543,-0.16866926906997262,6,5,0.7029588939684837
2025-08-13,ILI incidence,2025-08-24,3,SI,NotreDame,Rt_cocirc,WIS,1.8,0.6823783107119599,6,3,0.9669171831676976
2025-08-13,ILI incidence,2025-08-24,3,SI,QMUL,ARIMA,WIS,7.10005059731071,-1.297454088509444,6,6,0.0
2025-08-13,ILI incidence,2025-08-24,3,SI,respicast,hubEnsemble,WIS,1.618660164319,0.8355750918579647,6,1,1.0
2025-08-13,ILI incidence,2025-08-24,3,SI,respicast,quantileBaseline,WIS,2.88860956521739,0.0,6,4,0.7683161934142212
2025-08-13,ILI incidence,2025-08-24,3,SI,safinea,PRFM,WIS,1.799,0.6831800306775148,6,2,0.967099618630419
2025-08-13,ILI incidence,2025-08-31,4,BE,ECDC,SARIMA,WIS,40.7664308756818,-0.9495147563344069,10,10,0.0
2025-08-13,ILI incidence,2025-08-31,4,BE,ECDC,soca_simplex,WIS,7.06792163186803,1.5785089485568067,10,3,0.8661746286036413
2025-08-13,ILI incidence,2025-08-31,4,BE,ISI,FluBcast,WIS,19.0039562779192,0.15156710456457687,10,6,0.5593749924018855
2025-08-13,ILI incidence,2025-08-31,4,BE,ItaLuxColab,EpiEKF,WIS,14.403994191565,0.5513979743739741,10,5,0.6776107998944711
2025-08-13,ILI incidence,2025-08-31,4,BE,ItaLuxColab,EpiNetEKF,WIS,7.08493277749459,1.5750408273504375,10,4,0.8657373800998988
2025-08-13,ILI incidence,2025-08-31,4,BE,NotreDame,Rt_cocirc,WIS,1.86144782608696,3.503369812204978,10,1,1.0
2025-08-13,ILI incidence,2025-08-31,4,BE,QMUL,ARIMA,WIS,26.7954260496747,-0.34411985796626116,10,9,0.35910579393383374
2025-08-13,ILI incidence,2025-08-31,4,BE,respicast,hubEnsemble,WIS,6.80317776254887,1.6335862058606265,10,2,0.8729795119005103
2025-08-13,ILI incidence,2025-08-31,4,BE,respicast,quantileBaseline,WIS,21.1091267391304,0.0,10,8,0.5052644313324309
2025-08-13,ILI incidence,2025-08-31,4,BE,safinea,PRFM,WIS,20.2296113288963,0.06139829555319545,10,7,0.5278711860793208
2025-08-13,ILI incidence,2025-08-31,4,CZ,ECDC,SARIMA,WIS,7.50768918533656,-1.0208903598945893,10,8,0.44217511468836324
2025-08-13,ILI incidence,2025-08-31,4,CZ,ECDC,soca_simplex,WIS,0.377666120015447,3.2922952924248334,10,1,1.0
2025-08-13,ILI incidence,2025-08-31,4,CZ,ISI,FluBcast,WIS,1.98487298058151,0.8984318777503955,10,5,0.8742584737168781
2025-08-13,ILI incidence,2025-08-31,4,CZ,ItaLuxColab,EpiEKF,WIS,3.08765468829548,0.26096714860862097,10,6,0.7879811820456469
2025-08-13,ILI incidence,2025-08-31,4,CZ,ItaLuxColab,EpiNetEKF,WIS,1.46724888481887,1.3343649530441746,10,3,0.9147553415682208
2025-08-13,ILI incidence,2025-08-31,4,CZ,NotreDame,Rt_cocirc,WIS,11.3433869565217,-1.616301000845217,10,9,0.14208524826026797
2025-08-13,ILI incidence,2025-08-31,4,CZ,QMUL,ARIMA,WIS,13.1594964991636,-1.8305538208351972,10,10,0.0
2025-08-13,ILI incidence,2025-08-31,4,CZ,respicast,hubEnsemble,WIS,1.87344047752892,0.9817884231830208,10,4,0.8829765132892369
2025-08-13,ILI incidence,2025-08-31,4,CZ,respicast,quantileBaseline,WIS,3.6998802173913,0.0,10,7,0.740083071138575
2025-08-13,ILI incidence,2025-08-31,4,CZ,safinea,PRFM,WIS,0.909793152729649,2.0238680828455786,10,2,0.9583684795581159
2025-08-13,ILI incidence,2025-08-31,4,DK,ECDC,SARIMA,WIS,10.8200456751303,0.6215595382469505,9,5,0.6669328438594752
2025-08-13,ILI incidence,2025-08-31,4,DK,ECDC,soca_simplex,WIS,13.6545104910646,0.28588853256658353,9,6,0.5236284645556991
2025-08-13,ILI incidence,2025-08-31,4,DK,ItaLuxColab,EpiEKF,WIS,21.3320020754643,-0.35775324596236874,9,8,0.1354711800033038
2025-08-13,ILI incidence,2025-08-31,4,DK,ItaLuxColab,EpiNetEKF,WIS,24.0115314461508,-0.5284612934962438,9,9,0.0
2025-08-13,ILI incidence,2025-08-31,4,DK,NotreDame,Rt_cocirc,WIS,4.2322,1.975786416287476,9,1,1.0
2025-08-13,ILI incidence,2025-08-31,4,DK,QMUL,ARIMA,WIS,4.58827064175487,1.8592437303717315,9,2,0.9819978424081586
2025-08-13,ILI incidence,2025-08-31,4,DK,respicast,hubEnsemble,WIS,8.961124625913,0.8935144197820367,9,4,0.7609158510343239
2025-08-13,ILI incidence,2025-08-31,4,DK,respicast,quantileBaseline,WIS,16.6470452173913,0.0,9,7,0.3723324142076946
2025-08-13,ILI incidence,2025-08-31,4,DK,safinea,PRFM,WIS,5.13604980368141,1.6965350302482038,9,3,0.9543033187879914
2025-08-13,ILI incidence,2025-08-31,4,EE,ECDC,SARIMA,WIS,30.0743337206332,-0.04033684541054792,9,8,0.15056186339753233
2025-08-13,ILI incidence,2025-08-31,4,EE,ECDC,soca_simplex,WIS,25.760948067385,0.1830102410564986,9,5,0.33239338654329376
2025-08-13,ILI incidence,2025-08-31,4,EE,ItaLuxColab,EpiEKF,WIS,33.6459442437691,-0.20223667940263268,9,9,0.0
2025-08-13,ILI incidence,2025-08-31,4,EE,ItaLuxColab,EpiNetEKF,WIS,29.9956488969559,-0.03655731144397162,9,7,0.15387883583817763
2025-08-13,ILI incidence,2025-08-31,4,EE,NotreDame,Rt_cocirc,WIS,14.390797826087,1.0230493529414493,9,3,0.8117040494362503
2025-08-13,ILI incidence,2025-08-31,4,EE,QMUL,ARIMA,WIS,9.92406379848205,1.5591930152995819,9,1,1.0
2025-08-13,ILI incidence,2025-08-31,4,EE,respicast,hubEnsemble,WIS,19.3042812939822,0.5992750871021876,9,4,0.6045752984408214
2025-08-13,ILI incidence,2025-08-31,4,EE,respicast,quantileBaseline,WIS,29.2451204347826,0.0,9,6,0.18551749382333796
2025-08-13,ILI incidence,2025-08-31,4,EE,safinea,PRFM,WIS,11.6203911732011,1.3315372957724776,9,2,0.928491024198882
2025-08-13,ILI incidence,2025-08-31,4,ES,ECDC,SARIMA,WIS,3.72658194314143,-0.4193866740652649,8,6,0.5052185437059494
2025-08-13,ILI incidence,2025-08-31,4,ES,ECDC,soca_simplex,WIS,0.361541575774507,2.9462328433589406,8,1,1.0
2025-08-13,ILI incidence,2025-08-31,4,ES,ItaLuxColab,EpiEKF,WIS,4.59445444758957,-0.7214272548065457,8,7,0.3776102018290827
2025-08-13,ILI incidence,2025-08-31,4,ES,ItaLuxColab,EpiNetEKF,WIS,1.88031342792909,0.5674931454841518,8,3,0.7766861413982206
2025-08-13,ILI incidence,2025-08-31,4,ES,QMUL,ARIMA,WIS,7.16260561033094,-1.3620181969985663,8,8,0.0
2025-08-13,ILI incidence,2025-08-31,4,ES,respicast,hubEnsemble,WIS,2.35755568751795,0.24117446008937063,8,4,0.7065144363291348
2025-08-13,ILI incidence,2025-08-31,4,ES,respicast,quantileBaseline,WIS,2.78652347826087,0.0,8,5,0.6434408071788548
2025-08-13,ILI incidence,2025-08-31,4,ES,safinea,PRFM,WIS,0.747549559736227,1.8982251762328923,8,2,0.9432430010950639
2025-08-13,ILI incidence,2025-08-31,4,FI,ItaLuxColab,EpiEKF,WIS,3.66744499817294,0.14530552008312705,5,4,0.1536010411143192
2025-08-13,ILI incidence,2025-08-31,4,FI,ItaLuxColab,EpiNetEKF,WIS,1.60869661718818,1.3341885745858444,5,2,0.9673155085388657
2025-08-13,ILI incidence,2025-08-31,4,FI,respicast,hubEnsemble,WIS,1.7791137974709,1.188922056920836,5,3,0.8999586006357173
2025-08-13,ILI incidence,2025-08-31,4,FI,respicast,quantileBaseline,WIS,4.0560652173913,0.0,5,5,0.0
2025-08-13,ILI incidence,2025-08-31,4,FI,safinea,PRFM,WIS,1.52600281417409,1.410323226875207,5,1,1.0
2025-08-13,ILI incidence,2025-08-31,4,FR,NotreDame,Rt_cocirc,WIS,19.2266565217391,0.7024658628822351,3,1,1.0
2025-08-13,ILI incidence,2025-08-31,4,FR,respicast,hubEnsemble,WIS,19.2266565217391,0.7024658628822351,3,1,1.0
2025-08-13,ILI incidence,2025-08-31,4,FR,respicast,quantileBaseline,WIS,31.2872263043478,0.0,3,3,0.0
2025-08-13,ILI incidence,2025-08-31,4,GR,ECDC,SARIMA,WIS,70.4264172034464,-0.17813728278133348,10,9,0.33577803954117763
2025-08-13,ILI incidence,2025-08-31,4,GR,ECDC,soca_simplex,WIS,30.3245103662235,1.037495056619869,10,3,0.7906842650788682
2025-08-13,ILI incidence,2025-08-31,4,GR,ISI,FluBcast,WIS,38.3019144028948,0.7005629051143193,10,5,0.7001905443029066
2025-08-13,ILI incidence,2025-08-31,4,GR,ItaLuxColab,EpiEKF,WIS,66.896844991388,-0.10395876394228352,10,8,0.37581664367208784
2025-08-13,ILI incidence,2025-08-31,4,GR,ItaLuxColab,EpiNetEKF,WIS,40.8544068663874,0.6074877009213627,10,6,0.6712356939264892
2025-08-13,ILI incidence,2025-08-31,4,GR,NotreDame,Rt_cocirc,WIS,11.8724434782609,2.390362519820767,10,1,1.0
2025-08-13,ILI incidence,2025-08-31,4,GR,QMUL,ARIMA,WIS,100.026670846381,-0.6843334148401934,10,10,0.0
2025-08-13,ILI incidence,2025-08-31,4,GR,respicast,hubEnsemble,WIS,27.9804008315006,1.1535627778332562,10,2,0.817275270464625
2025-08-13,ILI incidence,2025-08-31,4,GR,respicast,quantileBaseline,WIS,62.2459256521739,0.0,10,7,0.42857553542429483
2025-08-13,ILI incidence,2025-08-31,4,GR,safinea,PRFM,WIS,32.7898083206777,0.9247319395266154,10,4,0.7627185278923866
2025-08-13,ILI incidence,2025-08-31,4,HR,ItaLuxColab,EpiEKF,WIS,2.11330347597172,0.49248322236439773,6,4,0.3493287294162498
2025-08-13,ILI incidence,2025-08-31,4,HR,ItaLuxColab,EpiNetEKF,WIS,0.511759662190209,2.5384448381660296,6,1,1.0
2025-08-13,ILI incidence,2025-08-31,4,HR,NotreDame,Rt_cocirc,WIS,0.6,2.3089487735060765,6,2,0.964149933192356
2025-08-13,ILI incidence,2025-08-31,4,HR,respicast,hubEnsemble,WIS,0.836421872429145,1.8296804853360011,6,3,0.8680970379774346
2025-08-13,ILI incidence,2025-08-31,4,HR,respicast,quantileBaseline,WIS,2.97313130434783,0.0,6,6,0.0
2025-08-13,ILI incidence,2025-08-31,4,HR,safinea,PRFM,WIS,2.53908738903062,0.22767312954882987,6,5,0.17634229138056134
2025-08-13,ILI incidence,2025-08-31,4,IE,ECDC,SARIMA,WIS,4.33381409642269,-1.5440765248406205,10,9,0.2566609851264798
2025-08-13,ILI incidence,2025-08-31,4,IE,ECDC,soca_simplex,WIS,1.04760045637054,0.5044721506874499,10,4,0.8332638279841154
2025-08-13,ILI incidence,2025-08-31,4,IE,ISI,FluBcast,WIS,0.0973264687274243,3.932584722693077,10,1,1.0
2025-08-13,ILI incidence,2025-08-31,4,IE,ItaLuxColab,EpiEKF,WIS,2.20225716390565,-0.567422202414339,10,8,0.6306664277497178
2025-08-13,ILI incidence,2025-08-31,4,IE,ItaLuxColab,EpiNetEKF,WIS,1.58849005832593,-0.09609531689774582,10,7,0.7383587133687844
2025-08-13,ILI incidence,2025-08-31,4,IE,NotreDame,Rt_cocirc,WIS,0.325,2.1930491207222396,10,2,0.9600521391016074
2025-08-13,ILI incidence,2025-08-31,4,IE,QMUL,ARIMA,WIS,5.79659361726544,-1.9636446019250862,10,10,0.0
2025-08-13,ILI incidence,2025-08-31,4,IE,respicast,hubEnsemble,WIS,1.07773148882098,0.46356296106107026,10,5,0.8279770022107052
2025-08-13,ILI incidence,2025-08-31,4,IE,respicast,quantileBaseline,WIS,1.48613043478261,0.0,10,6,0.7563188512032738
2025-08-13,ILI incidence,2025-08-31,4,IE,safinea,PRFM,WIS,0.373534557219777,1.9922471200165355,10,3,0.9515362096049128
2025-08-13,ILI incidence,2025-08-31,4,IS,ItaLuxColab,EpiEKF,WIS,2.44727312128793,-2.017049612820469,5,5,0.0
2025-08-13,ILI incidence,2025-08-31,4,IS,ItaLuxColab,EpiNetEKF,WIS,0.583398237344777,0.05157257319785103,5,2,0.9764991653647142
2025-08-13,ILI incidence,2025-08-31,4,IS,respicast,hubEnsemble,WIS,0.607976593748368,-0.007962182447720394,5,4,0.963622365145502
2025-08-13,ILI incidence,2025-08-31,4,IS,respicast,quantileBaseline,WIS,0.604630434782609,0.0,5,3,0.9653754449607784
2025-08-13,ILI incidence,2025-08-31,4,IS,safinea,PRFM,WIS,0.538541449974098,0.1669962114439611,5,1,1.0
2025-08-13,ILI incidence,2025-08-31,4,LT,ECDC,soca_simplex,WIS,0.484054779047256,3.51676262876974,8,1,1.0
2025-08-13,ILI incidence,2025-08-31,4,LT,ISI,FluBcast,WIS,1.92320061672328,1.5264955923518755,8,5,0.715381429144539
2025-08-13,ILI incidence,2025-08-31,4,LT,ItaLuxColab,EpiEKF,WIS,5.21882256416472,0.08628050384752259,8,7,0.06360925692648428
2025-08-13,ILI incidence,2025-08-31,4,LT,ItaLuxColab,EpiNetEKF,WIS,1.55151039877301,1.8363314897976888,8,4,0.788890267418215
2025-08-13,ILI incidence,2025-08-31,4,LT,NotreDame,Rt_cocirc,WIS,1.43086956521739,1.9531126908579997,8,3,0.8127492959714712
2025-08-13,ILI incidence,2025-08-31,4,LT,respicast,hubEnsemble,WIS,0.954008834955505,2.5379303241284923,8,2,0.9070576113562411
2025-08-13,ILI incidence,2025-08-31,4,LT,respicast,quantileBaseline,WIS,5.54045652173913,0.0,8,8,0.0
2025-08-13,ILI incidence,2025-08-31,4,LT,safinea,PRFM,WIS,4.39038389522691,0.33565776160060806,8,6,0.22744882330096583
2025-08-13,ILI incidence,2025-08-31,4,LU,ECDC,SARIMA,WIS,1035.59249915735,-0.3048340846700005,9,6,0.46032798414991405
2025-08-13,ILI incidence,2025-08-31,4,LU,ECDC,soca_simplex,WIS,577.491558036868,0.5377505742131173,9,3,0.800890110731844
2025-08-13,ILI incidence,2025-08-31,4,LU,ItaLuxColab,EpiEKF,WIS,798.613771830644,0.07005248011654366,9,4,0.6365030846324873
2025-08-13,ILI incidence,2025-08-31,4,LU,ItaLuxColab,EpiNetEKF,WIS,1504.35742477029,-0.8435250457488581,9,8,0.11183802134109225
2025-08-13,ILI incidence,2025-08-31,4,LU,NotreDame,Rt_cocirc,WIS,489.141815217391,0.7772976296271988,9,2,0.8665712163501236
2025-08-13,ILI incidence,2025-08-31,4,LU,QMUL,ARIMA,WIS,1654.7943020109,-0.9810295588171333,9,9,0.0
2025-08-13,ILI incidence,2025-08-31,4,LU,respicast,hubEnsemble,WIS,1096.35018129611,-0.38708634176317536,9,7,0.4151594119466908
2025-08-13,ILI incidence,2025-08-31,4,LU,respicast,quantileBaseline,WIS,838.348695652174,0.0,9,5,0.6069632846854878
2025-08-13,ILI incidence,2025-08-31,4,LU,safinea,PRFM,WIS,309.66251733996,1.4368536664949974,9,1,1.0
2025-08-13,ILI incidence,2025-08-31,4,MT,ECDC,SARIMA,WIS,401.767561607911,0.7372381752374871,9,5,0.9366898856251391
2025-08-13,ILI incidence,2025-08-31,4,MT,ECDC,soca_simplex,WIS,251.199872073267,1.414763532446339,9,3,0.9898970762072581
2025-08-13,ILI incidence,2025-08-31,4,MT,ItaLuxColab,EpiEKF,WIS,1024.59334881142,-0.6133802645452392,9,8,0.7165974444007513
2025-08-13,ILI incidence,2025-08-31,4,MT,ItaLuxColab,EpiNetEKF,WIS,863.795494773626,-0.3670905300546831,9,7,0.7734197420094034
2025-08-13,ILI incidence,2025-08-31,4,MT,NotreDame,Rt_cocirc,WIS,237.713043478261,1.4943781948434125,9,2,0.9946630141161197
2025-08-13,ILI incidence,2025-08-31,4,MT,QMUL,ARIMA,WIS,222.610242055686,1.5890792909249816,9,1,1.0
2025-08-13,ILI incidence,2025-08-31,4,MT,respicast,hubEnsemble,WIS,275.982445179611,1.27902275966392,9,4,0.9811394795777293
2025-08-13,ILI incidence,2025-08-31,4,MT,respicast,quantileBaseline,WIS,669.739130434783,0.0,9,6,0.8419948393158828
2025-08-13,ILI incidence,2025-08-31,4,MT,safinea,PRFM,WIS,3052.44748561885,-2.188295308187547,9,9,0.0
2025-08-13,ILI incidence,2025-08-31,4,NL,ECDC,SARIMA,WIS,4.81599088091196,-0.5283226408834014,10,9,0.0013081323009510016
2025-08-13,ILI incidence,2025-08-31,4,NL,ECDC,soca_simplex,WIS,4.0904332237048,-0.2927436297086643,10,8,0.2049865305232885
2025-08-13,ILI incidence,2025-08-31,4,NL,ISI,FluBcast,WIS,1.25837977377543,1.4079426321841744,10,1,1.0
2025-08-13,ILI incidence,2025-08-31,4,NL,ItaLuxColab,EpiEKF,WIS,2.9360799660811,0.1856187580004581,10,5,0.529036342636845
2025-08-13,ILI incidence,2025-08-31,4,NL,ItaLuxColab,EpiNetEKF,WIS,1.81362006920772,0.8806377585761234,10,2,0.8441330569958319
2025-08-13,ILI incidence,2025-08-31,4,NL,NotreDame,Rt_cocirc,WIS,3.7379152173913,-0.16272382707699856,10,7,0.3039453136844248
2025-08-13,ILI incidence,2025-08-31,4,NL,QMUL,ARIMA,WIS,4.82065080270965,-0.5297179084077492,10,10,0.0
2025-08-13,ILI incidence,2025-08-31,4,NL,respicast,hubEnsemble,WIS,2.53488864907601,0.3975876446108373,10,4,0.6416586876932571
2025-08-13,ILI incidence,2025-08-31,4,NL,respicast,quantileBaseline,WIS,3.33921739130435,0.0,10,6,0.41586768647654637
2025-08-13,ILI incidence,2025-08-31,4,NL,safinea,PRFM,WIS,2.1866586694735,0.610781981659124,10,3,0.7394137368666759
2025-08-13,ILI incidence,2025-08-31,4,NO,ECDC,SARIMA,WIS,4.42774667495978,0.4365748529915468,10,1,1.0
2025-08-13,ILI incidence,2025-08-31,4,NO,ECDC,soca_simplex,WIS,9.69224311891443,-0.6936830571699586,10,8,0.4868705929997808
2025-08-13,ILI incidence,2025-08-31,4,NO,ISI,FluBcast,WIS,14.6873349428222,-1.29335319711977,10,10,0.0
2025-08-13,ILI incidence,2025-08-31,4,NO,ItaLuxColab,EpiEKF,WIS,5.7125534965367,0.06901176575286219,10,4,0.8747701381349284
2025-08-13,ILI incidence,2025-08-31,4,NO,ItaLuxColab,EpiNetEKF,WIS,5.39570779626356,0.1513353149695503,10,2,0.9056530246602719
2025-08-13,ILI incidence,2025-08-31,4,NO,NotreDame,Rt_cocirc,WIS,13.8202434782609,-1.2055635910896845,10,9,0.08451523023369416
2025-08-13,ILI incidence,2025-08-31,4,NO,QMUL,ARIMA,WIS,6.50548320387413,-0.11850868267689525,10,7,0.7974834394258548
2025-08-13,ILI incidence,2025-08-31,4,NO,respicast,hubEnsemble,WIS,5.52947274252419,0.11600561619930908,10,3,0.8926149823170287
2025-08-13,ILI incidence,2025-08-31,4,NO,respicast,quantileBaseline,WIS,5.99245652173913,0.0,10,6,0.8474880467005957
2025-08-13,ILI incidence,2025-08-31,4,NO,safinea,PRFM,WIS,5.76226889000372,0.056510552578459834,10,5,0.869924388756978
2025-08-13,ILI incidence,2025-08-31,4,PL,ECDC,SARIMA,WIS,30.8839209244272,-0.44572548941334783,9,7,0.4544387887398332
2025-08-13,ILI incidence,2025-08-31,4,PL,ECDC,soca_simplex,WIS,5.87977148043328,1.9472984444272288,9,1,1.0
2025-08-13,ILI incidence,2025-08-31,4,PL,ItaLuxColab,EpiEKF,WIS,21.8224482892306,0.0553174661972027,9,5,0.6521494926264706
2025-08-13,ILI incidence,2025-08-31,4,PL,ItaLuxColab,EpiNetEKF,WIS,12.214335114358,0.8925551019590937,9,3,0.8617872518851589
2025-08-13,ILI incidence,2025-08-31,4,PL,NotreDame,Rt_cocirc,WIS,32.030297826087,-0.498306777934096,9,8,0.42942618943382377
2025-08-13,ILI incidence,2025-08-31,4,PL,QMUL,ARIMA,WIS,51.7117495021808,-1.1893616798374758,9,9,0.0
2025-08-13,ILI incidence,2025-08-31,4,PL,respicast,hubEnsemble,WIS,12.4054778663839,0.8701531250251505,9,4,0.8576167412444181
2025-08-13,ILI incidence,2025-08-31,4,PL,respicast,quantileBaseline,WIS,22.6754382608696,0.0,9,6,0.6335382519936912
2025-08-13,ILI incidence,2025-08-31,4,PL,safinea,PRFM,WIS,10.1393472676753,1.1611656546446583,9,2,0.9070610527605676
2025-08-13,ILI incidence,2025-08-31,4,RO,ItaLuxColab,EpiEKF,WIS,0.896345398362784,0.6988924794832632,6,3,0.9121984087777388
2025-08-13,ILI incidence,2025-08-31,4,RO,ItaLuxColab,EpiNetEKF,WIS,0.609147490113422,1.256155664399965,6,1,1.0
2025-08-13,ILI incidence,2025-08-31,4,RO,NotreDame,Rt_cocirc,WIS,2.1,-0.5293701747578388,6,5,0.5442194428098379
2025-08-13,ILI incidence,2025-08-31,4,RO,respicast,hubEnsemble,WIS,0.66535200492609,1.1288294466520319,6,2,0.9828172640096574
2025-08-13,ILI incidence,2025-08-31,4,RO,respicast,quantileBaseline,WIS,1.455,0.0,6,4,0.7414076002151737
2025-08-13,ILI incidence,2025-08-31,4,RO,safinea,PRFM,WIS,3.8801350001501,-1.4150876953249394,6,6,0.0
2025-08-13,ILI incidence,2025-08-31,4,SI,ECDC,SARIMA,WIS,3.98416126937562,-0.09867137671254285,6,5,0.6817302524062029
2025-08-13,ILI incidence,2025-08-31,4,SI,NotreDame,Rt_cocirc,WIS,1.5,1.3106421680193776,6,2,0.9998719319540685
2025-08-13,ILI incidence,2025-08-31,4,SI,QMUL,ARIMA,WIS,9.30734901263501,-1.322765638576969,6,6,0.0
2025-08-13,ILI incidence,2025-08-31,4,SI,respicast,hubEnsemble,WIS,1.92063694481462,0.9540198344934098,6,3,0.9460017803850274
2025-08-13,ILI incidence,2025-08-31,4,SI,respicast,quantileBaseline,WIS,3.72077891304348,0.0,6,4,0.7154611161145169
2025-08-13,ILI incidence,2025-08-31,4,SI,safinea,PRFM,WIS,1.499,1.3116042854547612,6,1,1.0
2025-08-20,ILI incidence,2025-08-17,1,BE,ECDC,SARIMA,WIS,18.5694342953318,-0.9023190519194727,10,10,0.0
2025-08-20,ILI incidence,2025-08-17,1,BE,ECDC,soca_simplex,WIS,5.38404593784888,0.8838481888396573,10,3,0.8602644240873395
2025-08-20,ILI incidence,2025-08-17,1,BE,ISI,FluBcast,WIS,12.6944356027662,-0.3535854405508589,10,8,0.38330705397126674
2025-08-20,ILI incidence,2025-08-17,1,BE,ItaLuxColab,EpiEKF,WIS,6.70417117663675,0.567479922595554,10,5,0.774134478766123
2025-08-20,ILI incidence,2025-08-17,1,BE,ItaLuxColab,EpiNetEKF,WIS,3.91899997400256,1.3420533448579879,10,2,0.9558495436287354
2025-08-20,ILI incidence,2025-08-17,1,BE,NotreDame,Rt_cocirc,WIS,3.2423,1.615521323082183,10,1,1.0
2025-08-20,ILI incidence,2025-08-17,1,BE,QMUL,ARIMA,WIS,15.0103348290446,-0.595345345551259,10,9,0.2322090612444883
2025-08-20,ILI incidence,2025-08-17,1,BE,respicast,hubEnsemble,WIS,5.40364391170317,0.8786063008746877,10,4,0.858985778420337
2025-08-20,ILI incidence,2025-08-17,1,BE,respicast,quantileBaseline,WIS,9.93513043478261,0.0,10,7,0.5633345212600471
2025-08-20,ILI incidence,2025-08-17,1,BE,safinea,PRFM,WIS,8.8669603429978,0.16409928506021168,10,6,0.6330259633263011
2025-08-20,ILI incidence,2025-08-17,1,CZ,ECDC,soca_simplex,WIS,0.621775395890986,1.7602825751982965,8,2,0.9579990595786297
2025-08-20,ILI incidence,2025-08-17,1,CZ,ISI,FluBcast,WIS,0.746559973243004,1.496417943776548,8,4,0.8774755380087984
2025-08-20,ILI incidence,2025-08-17,1,CZ,ItaLuxColab,EpiEKF,WIS,1.64120297432099,0.35999433570290645,8,7,0.30016216705128745
2025-08-20,ILI incidence,2025-08-17,1,CZ,ItaLuxColab,EpiNetEKF,WIS,1.05358543414279,0.9994407040840291,8,5,0.6793519249159061
2025-08-20,ILI incidence,2025-08-17,1,CZ,NotreDame,Rt_cocirc,WIS,1.10219130434783,0.93437335931903,8,6,0.6479865437050952
2025-08-20,ILI incidence,2025-08-17,1,CZ,respicast,hubEnsemble,WIS,0.73854339133915,1.5119934189500983,8,3,0.8826486404830752
2025-08-20,ILI incidence,2025-08-17,1,CZ,respicast,quantileBaseline,WIS,2.10635413043478,0.0,8,8,0.0
2025-08-20,ILI incidence,2025-08-17,1,CZ,safinea,PRFM,WIS,0.556687959366953,1.9198072250900007,8,1,1.0
2025-08-20,ILI incidence,2025-08-17,1,DK,ECDC,SARIMA,WIS,6.35503217927664,0.995593703446305,9,4,0.719975039813325
2025-08-20,ILI incidence,2025-08-17,1,DK,ECDC,soca_simplex,WIS,7.19967352868222,0.8155616453046759,9,5,0.6619716849703446
2025-08-20,ILI incidence,2025-08-17,1,DK,ItaLuxColab,EpiEKF,WIS,15.4055627579732,-0.2818863452885388,9,7,0.09845545988413386
2025-08-20,ILI incidence,2025-08-17,1,DK,ItaLuxColab,EpiNetEKF,WIS,16.4632949918334,-0.377688069071362,9,8,0.02581869147038255
2025-08-20,ILI incidence,2025-08-17,1,DK,NotreDame,Rt_cocirc,WIS,16.8392652173913,-0.41026414864704935,9,9,0.0
2025-08-20,ILI incidence,2025-08-17,1,DK,QMUL,ARIMA,WIS,3.40399880017077,1.8962626054030296,9,2,0.9226289074723247
2025-08-20,ILI incidence,2025-08-17,1,DK,respicast,hubEnsemble,WIS,5.29703312290997,1.2583086039224252,9,3,0.792630131507761
2025-08-20,ILI incidence,2025-08-17,1,DK,respicast,quantileBaseline,WIS,12.6713043478261,0.0,9,6,0.2862229198927854
2025-08-20,ILI incidence,2025-08-17,1,DK,safinea,PRFM,WIS,2.27732562455068,2.476152543210682,9,1,1.0
2025-08-20,ILI incidence,2025-08-17,1,ES,ECDC,soca_simplex,WIS,1.8433101744824,-0.15762960353029926,6,5,0.2978045188939852
2025-08-20,ILI incidence,2025-08-17,1,ES,ItaLuxColab,EpiEKF,WIS,2.26759805631831,-0.4564956869663405,6,6,0.0
2025-08-20,ILI incidence,2025-08-17,1,ES,ItaLuxColab,EpiNetEKF,WIS,1.24706960208628,0.4061272628437524,6,3,0.7163013565580222
2025-08-20,ILI incidence,2025-08-17,1,ES,respicast,hubEnsemble,WIS,1.10434454246669,0.5814789045176303,6,2,0.8164790178435865
2025-08-20,ILI incidence,2025-08-17,1,ES,respicast,quantileBaseline,WIS,1.65252173913043,0.0,6,4,0.43171750729864433
2025-08-20,ILI incidence,2025-08-17,1,ES,safinea,PRFM,WIS,0.842878634962077,0.9712724313078724,6,1,1.0
2025-08-20,ILI incidence,2025-08-17,1,FI,ECDC,SARIMA,WIS,1.53720530411936,-0.920758227011013,9,8,0.5850275102633559
2025-08-20,ILI incidence,2025-08-17,1,FI,ECDC,soca_simplex,WIS,0.343763920328409,1.2400615924104672,9,1,1.0
2025-08-20,ILI incidence,2025-08-17,1,FI,ISI,FluBcast,WIS,0.430142372611956,0.9166654716310402,9,3,0.9699652769792169
2025-08-20,ILI incidence,2025-08-17,1,FI,ItaLuxColab,EpiEKF,WIS,1.13142918478022,-0.47859465781434224,9,7,0.726120260024522
2025-08-20,ILI incidence,2025-08-17,1,FI,ItaLuxColab,EpiNetEKF,WIS,0.650454745349749,0.3200310408449885,9,4,0.8933602798034161
2025-08-20,ILI incidence,2025-08-17,1,FI,QMUL,ARIMA,WIS,3.21971693723406,-1.9873822262518004,9,9,0.0
2025-08-20,ILI incidence,2025-08-17,1,FI,respicast,hubEnsemble,WIS,0.671221041747888,0.2746917846519276,9,5,0.886139613722966
2025-08-20,ILI incidence,2025-08-17,1,FI,respicast,quantileBaseline,WIS,0.812,0.0,9,6,0.8371892458189791
2025-08-20,ILI incidence,2025-08-17,1,FI,safinea,PRFM,WIS,0.429897269500017,0.9174877803627768,9,2,0.9700505019848057
2025-08-20,ILI incidence,2025-08-17,1,FR,NotreDame,Rt_cocirc,WIS,23.8641391304348,0.35687307207020225,3,1,1.0
2025-08-20,ILI incidence,2025-08-17,1,FR,respicast,hubEnsemble,WIS,23.8641391304348,0.35687307207020225,3,1,1.0
2025-08-20,ILI incidence,2025-08-17,1,FR,respicast,quantileBaseline,WIS,30.5615426086957,0.0,3,3,0.0
2025-08-20,ILI incidence,2025-08-17,1,GR,ECDC,SARIMA,WIS,38.8443029632445,-0.5092800630473918,9,5,0.4780025927181218
2025-08-20,ILI incidence,2025-08-17,1,GR,ECDC,soca_simplex,WIS,51.0220179243923,-0.9026969981891793,9,8,0.042689529339070734
2025-08-20,ILI incidence,2025-08-17,1,GR,ItaLuxColab,EpiEKF,WIS,41.2773375042605,-0.596926955606136,9,6,0.3910296488829435
2025-08-20,ILI incidence,2025-08-17,1,GR,ItaLuxColab,EpiNetEKF,WIS,26.2319198157111,0.0570995636702195,9,2,0.9288536072130116
2025-08-20,ILI incidence,2025-08-17,1,GR,NotreDame,Rt_cocirc,WIS,44.7862195652174,-0.7146319319088363,9,7,0.2655987118094273
2025-08-20,ILI incidence,2025-08-17,1,GR,QMUL,ARIMA,WIS,52.2162410338056,-0.9360756434409861,9,9,0.0
2025-08-20,ILI incidence,2025-08-17,1,GR,respicast,hubEnsemble,WIS,27.5353917267388,-0.012864172277243556,9,4,0.8822587942757467
2025-08-20,ILI incidence,2025-08-17,1,GR,respicast,quantileBaseline,WIS,27.2909565217391,0.0,9,3,0.8909965450135153
2025-08-20,ILI incidence,2025-08-17,1,GR,safinea,PRFM,WIS,24.2416269328178,0.1709364346490252,9,1,1.0
2025-08-20,ILI incidence,2025-08-17,1,HR,ItaLuxColab,EpiEKF,WIS,0.782550287970373,1.56448692787357,6,4,0.7124241278718539
2025-08-20,ILI incidence,2025-08-17,1,HR,ItaLuxColab,EpiNetEKF,WIS,0.257201315144562,3.1697723732563823,6,2,0.9567238743933478
2025-08-20,ILI incidence,2025-08-17,1,HR,NotreDame,Rt_cocirc,WIS,0.164139130434783,3.817751177439515,6,1,1.0
2025-08-20,ILI incidence,2025-08-17,1,HR,respicast,hubEnsemble,WIS,0.300860372230239,2.943576297990167,6,3,0.9364213761852953
2025-08-20,ILI incidence,2025-08-17,1,HR,respicast,quantileBaseline,WIS,2.31456695652174,0.0,6,6,0.0
2025-08-20,ILI incidence,2025-08-17,1,HR,safinea,PRFM,WIS,1.02230030536343,1.1789232412071822,6,5,0.6009346770357753
2025-08-20,ILI incidence,2025-08-17,1,IE,ECDC,SARIMA,WIS,1.5393641779259,-0.8421157881713295,10,9,0.22347594795826195
2025-08-20,ILI incidence,2025-08-17,1,IE,ECDC,soca_simplex,WIS,0.433341721649664,0.9866417426677268,10,2,0.9467768589149019
2025-08-20,ILI incidence,2025-08-17,1,IE,ISI,FluBcast,WIS,1.88108836648326,-1.1313488307403423,10,10,0.0
2025-08-20,ILI incidence,2025-08-17,1,IE,ItaLuxColab,EpiEKF,WIS,0.642737908641308,0.41791632206101176,10,6,0.8098389044073346
2025-08-20,ILI incidence,2025-08-17,1,IE,ItaLuxColab,EpiNetEKF,WIS,0.53941998930088,0.6707379024548666,10,4,0.8774052949024043
2025-08-20,ILI incidence,2025-08-17,1,IE,NotreDame,Rt_cocirc,WIS,0.351956521739131,1.2867496676492594,10,1,1.0
2025-08-20,ILI incidence,2025-08-17,1,IE,QMUL,ARIMA,WIS,1.03563905461916,-0.2703024842203267,10,8,0.5528949742103957
2025-08-20,ILI incidence,2025-08-17,1,IE,respicast,hubEnsemble,WIS,0.51449238206709,0.7389971712786771,10,3,0.8937070986477583
2025-08-20,ILI incidence,2025-08-17,1,IE,respicast,quantileBaseline,WIS,0.858695652173913,0.0,10,7,0.6686099160274993
2025-08-20,ILI incidence,2025-08-17,1,IE,safinea,PRFM,WIS,0.547932446282949,0.6481488504277523,10,5,0.871838438773335
2025-08-20,ILI incidence,2025-08-17,1,IS,ECDC,SARIMA,WIS,0.562805594770031,0.24194336956568863,6,3,0.4009123078419235
2025-08-20,ILI incidence,2025-08-17,1,IS,ItaLuxColab,EpiEKF,WIS,0.728497072757031,-0.1303431354353235,6,6,0.0
2025-08-20,ILI incidence,2025-08-17,1,IS,ItaLuxColab,EpiNetEKF,WIS,0.727003215627677,-0.12738170554586073,6,5,0.0036145836623077163
2025-08-20,ILI incidence,2025-08-17,1,IS,QMUL,ARIMA,WIS,0.31521098812944,1.0782622123916363,6,1,1.0
2025-08-20,ILI incidence,2025-08-17,1,IS,respicast,hubEnsemble,WIS,0.549505757776106,0.2764454418806037,6,2,0.4330930114480209
2025-08-20,ILI incidence,2025-08-17,1,IS,respicast,quantileBaseline,WIS,0.665565217391304,0.0,6,4,0.1522718951992647
2025-08-20,ILI incidence,2025-08-17,1,LT,ECDC,SARIMA,WIS,1.50862738683144,-0.42481772665871803,10,9,0.500394597349137
2025-08-20,ILI incidence,2025-08-17,1,LT,ECDC,soca_simplex,WIS,0.293167893096745,1.938619777116244,10,2,0.9360884570768346
2025-08-20,ILI incidence,2025-08-17,1,LT,ISI,FluBcast,WIS,0.114873226163078,3.290304305399088,10,1,1.0
2025-08-20,ILI incidence,2025-08-17,1,LT,ItaLuxColab,EpiEKF,WIS,1.32700713554216,-0.23975733379832623,10,8,0.5654982299233485
2025-08-20,ILI incidence,2025-08-17,1,LT,ItaLuxColab,EpiNetEKF,WIS,0.55442298908826,1.0193598095270386,10,4,0.8424389017170582
2025-08-20,ILI incidence,2025-08-17,1,LT,NotreDame,Rt_cocirc,WIS,0.318260869565217,1.8201371020939585,10,3,0.9270936235789186
2025-08-20,ILI incidence,2025-08-17,1,LT,QMUL,ARIMA,WIS,2.90458317179862,-1.3699123470090555,10,10,0.0
2025-08-20,ILI incidence,2025-08-17,1,LT,respicast,hubEnsemble,WIS,0.669443034290473,0.747385593620009,10,5,0.8012087926936594
2025-08-20,ILI incidence,2025-08-17,1,LT,respicast,quantileBaseline,WIS,1.12382608695652,0.0,10,7,0.6383305503240818
2025-08-20,ILI incidence,2025-08-17,1,LT,safinea,PRFM,WIS,0.880986502687027,0.3512269731887938,10,6,0.7253788775702213
2025-08-20,ILI incidence,2025-08-17,1,LU,ECDC,SARIMA,WIS,499.251447832871,0.6274213998034238,9,2,0.877094111610677
2025-08-20,ILI incidence,2025-08-17,1,LU,ECDC,soca_simplex,WIS,727.826756762443,0.0835929220119968,9,5,0.7274283866558581
2025-08-20,ILI incidence,2025-08-17,1,LU,ItaLuxColab,EpiEKF,WIS,807.943086103643,-0.06706565755331667,9,7,0.6749701024793101
2025-08-20,ILI incidence,2025-08-17,1,LU,ItaLuxColab,EpiNetEKF,WIS,586.754644246639,0.3944306553744557,9,3,0.8197990809774003
2025-08-20,ILI incidence,2025-08-17,1,LU,NotreDame,Rt_cocirc,WIS,1074.96337608696,-0.47902759173406967,9,8,0.5001315100471214
2025-08-20,ILI incidence,2025-08-17,1,LU,QMUL,ARIMA,WIS,311.544800794387,1.307748370571186,9,1,1.0
2025-08-20,ILI incidence,2025-08-17,1,LU,respicast,hubEnsemble,WIS,694.518227025698,0.1511754543272089,9,4,0.7492380268727946
2025-08-20,ILI incidence,2025-08-17,1,LU,respicast,quantileBaseline,WIS,771.244347826088,0.0,9,6,0.6989995713443388
2025-08-20,ILI incidence,2025-08-17,1,LU,safinea,PRFM,WIS,1838.7836458845,-1.2534918235977077,9,9,0.0
2025-08-20,ILI incidence,2025-08-17,1,MT,ECDC,SARIMA,WIS,1043.94176428176,0.17397878297493619,9,3,0.2539591477277954
2025-08-20,ILI incidence,2025-08-17,1,MT,ECDC,soca_simplex,WIS,492.27694627802,1.2584779334684635,9,1,1.0
2025-08-20,ILI incidence,2025-08-17,1,MT,ItaLuxColab,EpiEKF,WIS,1137.46268257003,0.05020080246238217,9,6,0.12748665336512763
2025-08-20,ILI incidence,2025-08-17,1,MT,ItaLuxColab,EpiNetEKF,WIS,1231.73352740698,-0.0646701607149466,9,9,0.0
2025-08-20,ILI incidence,2025-08-17,1,MT,NotreDame,Rt_cocirc,WIS,1124.95376304348,0.06615431102196277,9,4,0.14440302120305007
2025-08-20,ILI incidence,2025-08-17,1,MT,QMUL,ARIMA,WIS,1126.6423321532,0.06399043203613014,9,5,0.1421194941470842
2025-08-20,ILI incidence,2025-08-17,1,MT,respicast,hubEnsemble,WIS,916.561885235305,0.3617158188514768,9,2,0.42622061959403895
2025-08-20,ILI incidence,2025-08-17,1,MT,respicast,quantileBaseline,WIS,1177.73913043478,0.0,9,8,0.07301902282046706
2025-08-20,ILI incidence,2025-08-17,1,MT,safinea,PRFM,WIS,1176.84221456926,0.001099113552914613,9,7,0.07423196200906773
2025-08-20,ILI incidence,2025-08-17,1,NL,ECDC,SARIMA,WIS,2.62428117899812,-0.3789650487165165,10,7,0.5630875521330199
2025-08-20,ILI incidence,2025-08-17,1,NL,ECDC,soca_simplex,WIS,2.03111967669728,-0.009317990654226291,10,4,0.7060625230868495
2025-08-20,ILI incidence,2025-08-17,1,NL,ISI,FluBcast,WIS,0.811658716326629,1.3140121170926913,10,1,1.0
2025-08-20,ILI incidence,2025-08-17,1,NL,ItaLuxColab,EpiEKF,WIS,1.94126522319774,0.05596001917668144,10,2,0.7277209379187906
2025-08-20,ILI incidence,2025-08-17,1,NL,ItaLuxColab,EpiNetEKF,WIS,2.13814380294507,-0.0834016288859208,10,5,0.6802655499483669
2025-08-20,ILI incidence,2025-08-17,1,NL,NotreDame,Rt_cocirc,WIS,4.96036739130435,-1.2974897209737593,10,10,0.0
2025-08-20,ILI incidence,2025-08-17,1,NL,QMUL,ARIMA,WIS,3.23623814095886,-0.6813605161511203,10,9,0.41558214505258034
2025-08-20,ILI incidence,2025-08-17,1,NL,respicast,hubEnsemble,WIS,2.21057778573232,-0.13146624339041912,10,6,0.6628061454777362
2025-08-20,ILI incidence,2025-08-17,1,NL,respicast,quantileBaseline,WIS,2.01804347826087,0.0,10,3,0.7092143950211882
2025-08-20,ILI incidence,2025-08-17,1,NL,safinea,PRFM,WIS,3.12297284701043,-0.6299627684649844,10,8,0.44288348212441947
2025-08-20,ILI incidence,2025-08-17,1,NO,ECDC,SARIMA,WIS,2.24796985260443,0.2677245819491151,9,4,0.9693022477473795
2025-08-20,ILI incidence,2025-08-17,1,NO,ECDC,soca_simplex,WIS,3.90695990914248,-0.5296991817976398,9,8,0.40748171345819995
2025-08-20,ILI incidence,2025-08-17,1,NO,ISI,FluBcast,WIS,5.11020555359642,-0.9170340537529554,9,9,0.0
2025-08-20,ILI incidence,2025-08-17,1,NO,ItaLuxColab,EpiEKF,WIS,2.15732299540189,0.32710507609457534,9,1,1.0
2025-08-20,ILI incidence,2025-08-17,1,NO,ItaLuxColab,EpiNetEKF,WIS,2.18615308327478,0.30795284185193017,9,2,0.9902366290210616
2025-08-20,ILI incidence,2025-08-17,1,NO,NotreDame,Rt_cocirc,WIS,3.5169652173913,-0.3779837971158282,9,7,0.5395542507383934
2025-08-20,ILI incidence,2025-08-17,1,NO,QMUL,ARIMA,WIS,2.79582076809522,-0.04692460697507917,9,6,0.7837713623518694
2025-08-20,ILI incidence,2025-08-17,1,NO,respicast,hubEnsemble,WIS,2.22658996830843,0.2815113627795906,9,3,0.976542591335264
2025-08-20,ILI incidence,2025-08-17,1,NO,respicast,quantileBaseline,WIS,2.70634782608696,0.0,9,5,0.8140715657107752
2025-08-20,ILI incidence,2025-08-17,1,PL,ECDC,soca_simplex,WIS,14.5715041274235,-0.01697519155544117,7,7,0.0
2025-08-20,ILI incidence,2025-08-17,1,PL,ItaLuxColab,EpiEKF,WIS,12.0393150221997,0.2584213019544248,7,5,0.2155333335901972
2025-08-20,ILI incidence,2025-08-17,1,PL,ItaLuxColab,EpiNetEKF,WIS,7.64718322694431,0.9131742674730254,7,4,0.5893801388884234
2025-08-20,ILI incidence,2025-08-17,1,PL,NotreDame,Rt_cocirc,WIS,2.82302391304348,2.350861359519247,7,1,1.0
2025-08-20,ILI incidence,2025-08-17,1,PL,respicast,hubEnsemble,WIS,6.8935659906791,1.0628522375311356,7,3,0.6535260728742328
2025-08-20,ILI incidence,2025-08-17,1,PL,respicast,quantileBaseline,WIS,14.4010560869565,0.0,7,6,0.014508092736826857
2025-08-20,ILI incidence,2025-08-17,1,PL,safinea,PRFM,WIS,6.73809764518639,1.0957613735876688,7,2,0.6667591330365522
2025-08-20,ILI incidence,2025-08-17,1,RO,ItaLuxColab,EpiEKF,WIS,0.704200786228149,0.8602707571023294,6,4,0.908149704321574
2025-08-20,ILI incidence,2025-08-17,1,RO,ItaLuxColab,EpiNetEKF,WIS,0.467079849526087,1.452588388437315,6,2,0.9413094389911753
2025-08-20,ILI incidence,2025-08-17,1,RO,NotreDame,Rt_cocirc,WIS,0.0473913043478261,4.753563321216091,6,1,1.0
2025-08-20,ILI incidence,2025-08-17,1,RO,respicast,hubEnsemble,WIS,0.585640317877117,1.126242716974632,6,3,0.9247295716563748
2025-08-20,ILI incidence,2025-08-17,1,RO,respicast,quantileBaseline,WIS,1.27839130434783,0.0,6,5,0.8278531033741309
2025-08-20,ILI incidence,2025-08-17,1,RO,safinea,PRFM,WIS,7.19826084732521,-2.4933188827798705,6,6,0.0
2025-08-20,ILI incidence,2025-08-17,1,SI,ECDC,SARIMA,WIS,1.84233671177848,-1.250078135120956,6,6,0.0
2025-08-20,ILI incidence,2025-08-17,1,SI,ECDC,soca_simplex,WIS,0.0008256892413938,9.873572094609214,6,1,1.0
2025-08-20,ILI incidence,2025-08-17,1,SI,NotreDame,Rt_cocirc,WIS,0.0030434782608695,7.991521846075726,6,4,0.9987956688869447
2025-08-20,ILI incidence,2025-08-17,1,SI,respicast,hubEnsemble,WIS,0.0020466072423041,8.56400864092215,6,3,0.9993370020673412
2025-08-20,ILI incidence,2025-08-17,1,SI,respicast,quantileBaseline,WIS,0.774565217391304,0.0,6,5,0.5798344301605569
2025-08-20,ILI incidence,2025-08-17,1,SI,safinea,PRFM,WIS,0.001,9.597242906963649,6,2,0.9999053436246252
2025-08-20,ILI incidence,2025-08-24,2,BE,ECDC,SARIMA,WIS,26.1208868338769,-0.5246700809477864,10,9,0.327901812644196
2025-08-20,ILI incidence,2025-08-24,2,BE,ECDC,soca_simplex,WIS,13.8805889584028,0.38746501462235095,10,5,0.7940160509597921
2025-08-20,ILI incidence,2025-08-24,2,BE,ISI,FluBcast,WIS,34.7316854981205,-0.9357186272302401,10,10,0.0
2025-08-20,ILI incidence,2025-08-24,2,BE,ItaLuxColab,EpiEKF,WIS,13.6819776671008,0.4082570176629488,10,4,0.801579228891238
2025-08-20,ILI incidence,2025-08-24,2,BE,ItaLuxColab,EpiNetEKF,WIS,10.3487272762173,0.8110804471111756,10,2,0.9285104100494128
2025-08-20,ILI incidence,2025-08-24,2,BE,NotreDame,Rt_cocirc,WIS,21.4324630434783,-0.23926385781823944,10,8,0.506438405968541
2025-08-20,ILI incidence,2025-08-24,2,BE,QMUL,ARIMA,WIS,15.212514628147,0.255275147693292,10,6,0.7432959193615437
2025-08-20,ILI incidence,2025-08-24,2,BE,respicast,hubEnsemble,WIS,11.0303642415672,0.7190533659255188,10,3,0.9025534686298383
2025-08-20,ILI incidence,2025-08-24,2,BE,respicast,quantileBaseline,WIS,18.1571,0.0,10,7,0.6311652194619428
2025-08-20,ILI incidence,2025-08-24,2,BE,safinea,PRFM,WIS,8.47138948204718,1.0998632721818387,10,1,1.0
2025-08-20,ILI incidence,2025-08-24,2,CZ,ECDC,soca_simplex,WIS,0.99196522231036,1.5555647388200686,8,3,0.8257819724243536
2025-08-20,ILI incidence,2025-08-24,2,CZ,ISI,FluBcast,WIS,1.18372216120814,1.3005956886585541,8,4,0.7434756853093725
2025-08-20,ILI incidence,2025-08-24,2,CZ,ItaLuxColab,EpiEKF,WIS,2.22105248419682,0.3926827007885701,8,6,0.29823074195691673
2025-08-20,ILI incidence,2025-08-24,2,CZ,ItaLuxColab,EpiNetEKF,WIS,1.32394039352506,1.1390880148742275,8,5,0.6832909422999754
2025-08-20,ILI incidence,2025-08-24,2,CZ,NotreDame,Rt_cocirc,WIS,2.25740869565217,0.3692585485536941,8,7,0.28262585800509216
2025-08-20,ILI incidence,2025-08-24,2,CZ,respicast,hubEnsemble,WIS,0.978320933549511,1.5755464682216327,8,2,0.8316384006437713
2025-08-20,ILI incidence,2025-08-24,2,CZ,respicast,quantileBaseline,WIS,2.91586956521739,0.0,8,8,0.0
2025-08-20,ILI incidence,2025-08-24,2,CZ,safinea,PRFM,WIS,0.58607258834857,2.3147749188033204,8,1,1.0
2025-08-20,ILI incidence,2025-08-24,2,DK,ECDC,SARIMA,WIS,18.6063137885542,0.20260721358562686,9,5,0.4193807111223428
2025-08-20,ILI incidence,2025-08-24,2,DK,ECDC,soca_simplex,WIS,27.6654171927248,-0.36968420360406085,9,8,0.07966195169884423
2025-08-20,ILI incidence,2025-08-24,2,DK,ItaLuxColab,EpiEKF,WIS,26.9530801214354,-0.3320506734002177,9,7,0.1063747791557419
2025-08-20,ILI incidence,2025-08-24,2,DK,ItaLuxColab,EpiNetEKF,WIS,29.7897210111025,-0.47641513632664395,9,9,0.0
2025-08-20,ILI incidence,2025-08-24,2,DK,NotreDame,Rt_cocirc,WIS,3.12324130434782,2.7772835334351367,9,1,1.0
2025-08-20,ILI incidence,2025-08-24,2,DK,QMUL,ARIMA,WIS,3.73022025158639,2.52106675377005,9,2,0.9772381298951576
2025-08-20,ILI incidence,2025-08-24,2,DK,respicast,hubEnsemble,WIS,17.9360378837353,0.2555382456316003,9,4,0.44451623377811794
2025-08-20,ILI incidence,2025-08-24,2,DK,respicast,quantileBaseline,WIS,21.4117019565217,0.0,9,6,0.3141779172471209
2025-08-20,ILI incidence,2025-08-24,2,DK,safinea,PRFM,WIS,9.60954779368647,1.1558590287560884,9,3,0.7567618013075924
2025-08-20,ILI incidence,2025-08-24,2,EE,ECDC,SARIMA,WIS,12.2205474472204,-0.27580225491474836,9,5,0.7628834859698844
2025-08-20,ILI incidence,2025-08-24,2,EE,ECDC,soca_simplex,WIS,15.862516816829,-0.6521150330613527,9,7,0.471027660955245
2025-08-20,ILI incidence,2025-08-24,2,EE,ItaLuxColab,EpiEKF,WIS,20.2346176696464,-1.003318929242423,9,8,0.12066142446397983
2025-08-20,ILI incidence,2025-08-24,2,EE,ItaLuxColab,EpiNetEKF,WIS,14.4998084923989,-0.5225271853384172,9,6,0.5802307656270467
2025-08-20,ILI incidence,2025-08-24,2,EE,NotreDame,Rt_cocirc,WIS,9.60363043478261,0.07185486828320865,9,2,0.9725948800396146
2025-08-20,ILI incidence,2025-08-24,2,EE,QMUL,ARIMA,WIS,21.740310461521,-1.106865882358137,9,9,0.0
2025-08-20,ILI incidence,2025-08-24,2,EE,respicast,hubEnsemble,WIS,11.0199125536635,-0.12660611523781776,9,4,0.8590985421217902
2025-08-20,ILI incidence,2025-08-24,2,EE,respicast,quantileBaseline,WIS,10.0940606521739,0.0,9,3,0.9332933645180203
2025-08-20,ILI incidence,2025-08-24,2,EE,safinea,PRFM,WIS,9.2616512830519,0.12416531724461521,9,1,1.0
2025-08-20,ILI incidence,2025-08-24,2,ES,ECDC,soca_simplex,WIS,0.512596792020685,2.1172504206120784,6,1,1.0
2025-08-20,ILI incidence,2025-08-24,2,ES,ItaLuxColab,EpiEKF,WIS,3.01797979109245,-0.44043636978613526,6,6,0.0
2025-08-20,ILI incidence,2025-08-24,2,ES,ItaLuxColab,EpiNetEKF,WIS,1.38993480895935,0.6781295566562479,6,4,0.6498188032473616
2025-08-20,ILI incidence,2025-08-24,2,ES,respicast,hubEnsemble,WIS,1.00078312237216,1.1520174109736114,6,3,0.8051450295095215
2025-08-20,ILI incidence,2025-08-24,2,ES,respicast,quantileBaseline,WIS,2.22398456521739,0.0,6,5,0.3169157075661615
2025-08-20,ILI incidence,2025-08-24,2,ES,safinea,PRFM,WIS,0.523731922180471,2.086246328753246,6,2,0.9955555177935224
2025-08-20,ILI incidence,2025-08-24,2,FI,ECDC,SARIMA,WIS,2.47987284454981,-0.715676059073312,9,8,0.4078370733675902
2025-08-20,ILI incidence,2025-08-24,2,FI,ECDC,soca_simplex,WIS,0.224174149919954,2.7518982571789885,9,1,1.0
2025-08-20,ILI incidence,2025-08-24,2,FI,ISI,FluBcast,WIS,1.43775405878018,0.07077317880292482,9,4,0.6814126672840551
2025-08-20,ILI incidence,2025-08-24,2,FI,ItaLuxColab,EpiEKF,WIS,1.51178997442342,-0.0016676376594860485,9,6,0.6619768602821783
2025-08-20,ILI incidence,2025-08-24,2,FI,ItaLuxColab,EpiNetEKF,WIS,0.857105833676683,0.8170448277796772,9,2,0.8338436427240716
2025-08-20,ILI incidence,2025-08-24,2,FI,QMUL,ARIMA,WIS,4.03342763942471,-1.417416284634613,9,9,0.0
2025-08-20,ILI incidence,2025-08-24,2,FI,respicast,hubEnsemble,WIS,1.26698199860114,0.2531940625863444,9,3,0.726243514233346
2025-08-20,ILI incidence,2025-08-24,2,FI,respicast,quantileBaseline,WIS,1.51004347826087,0.0,9,5,0.6624353480586841
2025-08-20,ILI incidence,2025-08-24,2,FI,safinea,PRFM,WIS,1.55688406687745,-0.04407142909713652,9,7,0.6501388209975066
2025-08-20,ILI incidence,2025-08-24,2,FR,NotreDame,Rt_cocirc,WIS,31.3059239130435,-0.0480022290414081,3,2,0.0
2025-08-20,ILI incidence,2025-08-24,2,FR,respicast,hubEnsemble,WIS,31.3059239130435,-0.0480022290414081,3,2,0.0
2025-08-20,ILI incidence,2025-08-24,2,FR,respicast,quantileBaseline,WIS,30.2814323913044,0.0,3,1,1.0
2025-08-20,ILI incidence,2025-08-24,2,GR,ECDC,SARIMA,WIS,54.8419767211535,-0.3413112524885893,9,8,0.6680081616322656
2025-08-20,ILI incidence,2025-08-24,2,GR,ECDC,soca_simplex,WIS,20.9645729253724,1.0460158790080138,9,1,1.0
2025-08-20,ILI incidence,2025-08-24,2,GR,ItaLuxColab,EpiEKF,WIS,53.619182602095,-0.3087799063307394,9,7,0.679991301484973
2025-08-20,ILI incidence,2025-08-24,2,GR,ItaLuxColab,EpiNetEKF,WIS,35.5958480875486,0.2822603454461081,9,4,0.8566164051992682
2025-08-20,ILI incidence,2025-08-24,2,GR,NotreDame,Rt_cocirc,WIS,123.007454347826,-1.506704521562203,9,9,0.0
2025-08-20,ILI incidence,2025-08-24,2,GR,QMUL,ARIMA,WIS,39.0685125020373,0.1479629927153408,9,5,0.8225849826631678
2025-08-20,ILI incidence,2025-08-24,2,GR,respicast,hubEnsemble,WIS,34.6152121885487,0.32256312819567917,9,3,0.866226442522108
2025-08-20,ILI incidence,2025-08-24,2,GR,respicast,quantileBaseline,WIS,43.2880652173913,0.0,9,6,0.7812342029073003
2025-08-20,ILI incidence,2025-08-24,2,GR,safinea,PRFM,WIS,25.974804942801,0.7368564047003886,9,2,0.9509007198974866
2025-08-20,ILI incidence,2025-08-24,2,HR,ItaLuxColab,EpiEKF,WIS,1.21359149223719,1.1969644482241526,6,5,0.6507503885259858
2025-08-20,ILI incidence,2025-08-24,2,HR,ItaLuxColab,EpiNetEKF,WIS,0.371716949815934,2.9039709452318228,6,1,1.0
2025-08-20,ILI incidence,2025-08-24,2,HR,NotreDame,Rt_cocirc,WIS,0.640008695652174,2.120083913159762,6,3,0.8886998201353071
2025-08-20,ILI incidence,2025-08-24,2,HR,respicast,hubEnsemble,WIS,0.421098814803343,2.7240166049746133,6,2,0.979514053114003
2025-08-20,ILI incidence,2025-08-24,2,HR,respicast,quantileBaseline,WIS,2.78224086956522,0.0,6,6,0.0
2025-08-20,ILI incidence,2025-08-24,2,HR,safinea,PRFM,WIS,1.09187120122578,1.3494446412758416,6,4,0.7012457559497075
2025-08-20,ILI incidence,2025-08-24,2,IE,ECDC,SARIMA,WIS,2.39883979710932,-1.2242048255049998,9,9,0.0
2025-08-20,ILI incidence,2025-08-24,2,IE,ISI,FluBcast,WIS,2.19960309057737,-1.0991112316527518,9,8,0.09733920790879447
2025-08-20,ILI incidence,2025-08-24,2,IE,ItaLuxColab,EpiEKF,WIS,0.847395889082719,0.27702395215778564,9,5,0.7579743901157915
2025-08-20,ILI incidence,2025-08-24,2,IE,ItaLuxColab,EpiNetEKF,WIS,0.589208390720994,0.8012821065617681,9,3,0.8841146331460249
2025-08-20,ILI incidence,2025-08-24,2,IE,NotreDame,Rt_cocirc,WIS,0.352010869565217,1.544440104223438,9,1,1.0
2025-08-20,ILI incidence,2025-08-24,2,IE,QMUL,ARIMA,WIS,1.67735653315574,-0.7080573886754322,9,7,0.3524883072760042
2025-08-20,ILI incidence,2025-08-24,2,IE,respicast,hubEnsemble,WIS,0.542535667670033,0.9203420949187593,9,2,0.9069170874317191
2025-08-20,ILI incidence,2025-08-24,2,IE,respicast,quantileBaseline,WIS,1.02678347826087,0.0,9,6,0.6703326791920603
2025-08-20,ILI incidence,2025-08-24,2,IE,safinea,PRFM,WIS,0.617930987998784,0.7326143585070541,9,4,0.870081903350549
2025-08-20,ILI incidence,2025-08-24,2,IS,ECDC,SARIMA,WIS,0.855070627548615,-0.5264256986536414,6,5,0.19789716458960485
2025-08-20,ILI incidence,2025-08-24,2,IS,ItaLuxColab,EpiEKF,WIS,0.985793766664596,-0.7316679679325185,6,6,0.0
2025-08-20,ILI incidence,2025-08-24,2,IS,ItaLuxColab,EpiNetEKF,WIS,0.640396237263513,-0.10934694041673224,6,4,0.5228851769240658
2025-08-20,ILI incidence,2025-08-24,2,IS,QMUL,ARIMA,WIS,0.325232816298925,0.8681450566562007,6,1,1.0
2025-08-20,ILI incidence,2025-08-24,2,IS,respicast,hubEnsemble,WIS,0.588864322408365,0.011682623268761688,6,2,0.600897531161205
2025-08-20,ILI incidence,2025-08-24,2,IS,respicast,quantileBaseline,WIS,0.593652173913043,0.0,6,3,0.5936493710905444
2025-08-20,ILI incidence,2025-08-24,2,LT,ECDC,SARIMA,WIS,3.46522557273981,-0.5391967238591864,10,9,0.48511529880927845
2025-08-20,ILI incidence,2025-08-24,2,LT,ECDC,soca_simplex,WIS,0.329055341842619,2.8573503977119197,10,1,1.0
2025-08-20,ILI incidence,2025-08-24,2,LT,ISI,FluBcast,WIS,1.07871633768314,1.1444370059038105,10,5,0.8769234609668295
2025-08-20,ILI incidence,2025-08-24,2,LT,ItaLuxColab,EpiEKF,WIS,2.18598496074909,0.12546906989271556,10,7,0.6951362389249712
2025-08-20,ILI incidence,2025-08-24,2,LT,ItaLuxColab,EpiNetEKF,WIS,0.675257012954838,1.8202439222194198,10,3,0.9431619042148267
2025-08-20,ILI incidence,2025-08-24,2,LT,NotreDame,Rt_cocirc,WIS,0.613260869565217,1.9591797406558629,10,2,0.9533401992096779
2025-08-20,ILI incidence,2025-08-24,2,LT,QMUL,ARIMA,WIS,6.42006993917769,-1.428836468504116,10,10,0.0
2025-08-20,ILI incidence,2025-08-24,2,LT,respicast,hubEnsemble,WIS,1.04060376400226,1.1963317145531107,10,4,0.8831806407965339
2025-08-20,ILI incidence,2025-08-24,2,LT,respicast,quantileBaseline,WIS,2.38460869565217,0.0,10,8,0.6625269368573022
2025-08-20,ILI incidence,2025-08-24,2,LT,safinea,PRFM,WIS,1.276700560315,0.901332353028172,10,6,0.844419151632473
2025-08-20,ILI incidence,2025-08-24,2,LU,ECDC,SARIMA,WIS,586.975805273311,0.44873768010472054,9,2,0.8550088636460531
2025-08-20,ILI incidence,2025-08-24,2,LU,ECDC,soca_simplex,WIS,1814.74127180359,-1.179653254514882,9,8,0.11718610714396199
2025-08-20,ILI incidence,2025-08-24,2,LU,ItaLuxColab,EpiEKF,WIS,844.402655433722,-0.07589239780632685,9,6,0.7003088062158901
2025-08-20,ILI incidence,2025-08-24,2,LU,ItaLuxColab,EpiNetEKF,WIS,599.527937869178,0.4182117333229978,9,3,0.8474656892171168
2025-08-20,ILI incidence,2025-08-24,2,LU,NotreDame,Rt_cocirc,WIS,1181.86776304348,-0.5609580012051018,9,7,0.49750994706279633
2025-08-20,ILI incidence,2025-08-24,2,LU,QMUL,ARIMA,WIS,345.704973492109,1.2124973586853447,9,1,1.0
2025-08-20,ILI incidence,2025-08-24,2,LU,respicast,hubEnsemble,WIS,731.301452857758,0.13157248960475962,9,4,0.7682767067010933
2025-08-20,ILI incidence,2025-08-24,2,LU,respicast,quantileBaseline,WIS,801.131304347826,0.0,9,5,0.7263126224219213
2025-08-20,ILI incidence,2025-08-24,2,LU,safinea,PRFM,WIS,2009.7434647294,-1.3269007363126286,9,9,0.0
2025-08-20,ILI incidence,2025-08-24,2,MT,ECDC,SARIMA,WIS,1831.72270787692,-0.008969748927758002,9,3,0.6169295002995324
2025-08-20,ILI incidence,2025-08-24,2,MT,ECDC,soca_simplex,WIS,2171.62105548597,-0.2545410058691082,9,9,0.0
2025-08-20,ILI incidence,2025-08-24,2,MT,ItaLuxColab,EpiEKF,WIS,1620.66937065971,0.16764157148241454,9,1,1.0
2025-08-20,ILI incidence,2025-08-24,2,MT,ItaLuxColab,EpiNetEKF,WIS,1883.10171529041,-0.04887955770257425,9,4,0.5236744856974946
2025-08-20,ILI incidence,2025-08-24,2,MT,NotreDame,Rt_cocirc,WIS,1984.03876304348,-0.12420884138862856,9,6,0.34046958673271527
2025-08-20,ILI incidence,2025-08-24,2,MT,QMUL,ARIMA,WIS,2002.50970450769,-0.13757786301704145,9,7,0.3069440672127328
2025-08-20,ILI incidence,2025-08-24,2,MT,respicast,hubEnsemble,WIS,1899.16029048896,-0.06113030393803173,9,5,0.49452751030778513
2025-08-20,ILI incidence,2025-08-24,2,MT,respicast,quantileBaseline,WIS,1820.36956521739,0.0,9,2,0.637535921828328
2025-08-20,ILI incidence,2025-08-24,2,MT,safinea,PRFM,WIS,2032.02584881639,-0.1586873831524029,9,8,0.253371049611366
2025-08-20,ILI incidence,2025-08-24,2,NL,ECDC,SARIMA,WIS,3.7258804570871,-0.6413977274032738,10,7,0.2919047370033461
2025-08-20,ILI incidence,2025-08-24,2,NL,ECDC,soca_simplex,WIS,1.97305753311132,0.2757506347570847,10,2,0.6485397828201365
2025-08-20,ILI incidence,2025-08-24,2,NL,ISI,FluBcast,WIS,0.245668335766858,3.281399833919397,10,1,1.0
2025-08-20,ILI incidence,2025-08-24,2,NL,ItaLuxColab,EpiEKF,WIS,2.04641946863149,0.22308176501721694,10,4,0.6336133251172101
2025-08-20,ILI incidence,2025-08-24,2,NL,ItaLuxColab,EpiNetEKF,WIS,2.04147937812317,0.22656866516543553,10,3,0.634618451978957
2025-08-20,ILI incidence,2025-08-24,2,NL,NotreDame,Rt_cocirc,WIS,5.16056086956522,-1.1113442122969934,10,10,0.0
2025-08-20,ILI incidence,2025-08-24,2,NL,QMUL,ARIMA,WIS,3.91555629453048,-0.7130336304723094,10,8,0.2533126749920139
2025-08-20,ILI incidence,2025-08-24,2,NL,respicast,hubEnsemble,WIS,2.37268677286944,0.009662001898377763,10,5,0.5672299195810159
2025-08-20,ILI incidence,2025-08-24,2,NL,respicast,quantileBaseline,WIS,2.38863043478261,0.0,10,6,0.5639859703382746
2025-08-20,ILI incidence,2025-08-24,2,NL,safinea,PRFM,WIS,4.34283867028947,-0.8624547003995527,10,9,0.16637641487631727
2025-08-20,ILI incidence,2025-08-24,2,NO,ECDC,SARIMA,WIS,2.96048550674979,0.38641873194597254,9,1,1.0
2025-08-20,ILI incidence,2025-08-24,2,NO,ECDC,soca_simplex,WIS,3.94125011630103,-0.02640078456464337,9,6,0.8037070238119831
2025-08-20,ILI incidence,2025-08-24,2,NO,ISI,FluBcast,WIS,7.95691802612749,-1.039957213202356,9,9,0.0
2025-08-20,ILI incidence,2025-08-24,2,NO,ItaLuxColab,EpiEKF,WIS,3.10259352948712,0.31877782102339103,9,4,0.9715581022687303
2025-08-20,ILI incidence,2025-08-24,2,NO,ItaLuxColab,EpiNetEKF,WIS,3.04278831088771,0.3468585549707322,9,3,0.9835276862403876
2025-08-20,ILI incidence,2025-08-24,2,NO,NotreDame,Rt_cocirc,WIS,5.18592391304348,-0.4223485164645704,9,8,0.5545945236600803
2025-08-20,ILI incidence,2025-08-24,2,NO,QMUL,ARIMA,WIS,4.14814873324357,-0.10021510046998053,9,7,0.7622977550707115
2025-08-20,ILI incidence,2025-08-24,2,NO,respicast,hubEnsemble,WIS,3.02313109847905,0.3562089799329521,9,2,0.9874619357939287
2025-08-20,ILI incidence,2025-08-24,2,NO,respicast,quantileBaseline,WIS,3.86978260869565,0.0,9,5,0.8180107309726836
2025-08-20,ILI incidence,2025-08-24,2,PL,ECDC,soca_simplex,WIS,5.33837602056924,1.8156984225768007,7,1,1.0
2025-08-20,ILI incidence,2025-08-24,2,PL,ItaLuxColab,EpiEKF,WIS,15.7526745209365,0.2545744631412415,7,6,0.2259507335921796
2025-08-20,ILI incidence,2025-08-24,2,PL,ItaLuxColab,EpiNetEKF,WIS,10.80641578366,0.7982831594841476,7,4,0.5935845158308133
2025-08-20,ILI incidence,2025-08-24,2,PL,NotreDame,Rt_cocirc,WIS,5.97361956521739,1.653493989742233,7,2,0.9527851252095506
2025-08-20,ILI incidence,2025-08-24,2,PL,respicast,hubEnsemble,WIS,9.82586525306449,0.9355148962825311,7,3,0.6664645488792694
2025-08-20,ILI incidence,2025-08-24,2,PL,respicast,quantileBaseline,WIS,18.7926856521739,0.0,7,7,0.0
2025-08-20,ILI incidence,2025-08-24,2,PL,safinea,PRFM,WIS,10.9924670423318,0.7736560491694936,7,5,0.5797561393651224
2025-08-20,ILI incidence,2025-08-24,2,RO,ItaLuxColab,EpiEKF,WIS,0.839034280361784,0.7474701234823606,6,4,0.8589281831102683
2025-08-20,ILI incidence,2025-08-24,2,RO,ItaLuxColab,EpiNetEKF,WIS,0.547537221781346,1.363242836450574,6,2,0.9083754228922379
2025-08-20,ILI incidence,2025-08-24,2,RO,NotreDame,Rt_cocirc,WIS,0.0074,7.572530798469773,6,1,1.0
2025-08-20,ILI incidence,2025-08-24,2,RO,respicast,hubEnsemble,WIS,0.693285751071565,1.02274976995514,6,3,0.8836518030012531
2025-08-20,ILI incidence,2025-08-24,2,RO,respicast,quantileBaseline,WIS,1.40860956521739,0.0,6,5,0.7623099674023832
2025-08-20,ILI incidence,2025-08-24,2,RO,safinea,PRFM,WIS,5.90251284888199,-2.067057492438003,6,6,0.0
2025-08-20,ILI incidence,2025-08-24,2,SI,ECDC,SARIMA,WIS,2.54976213877613,-0.3368093709479233,6,6,0.0
2025-08-20,ILI incidence,2025-08-24,2,SI,ECDC,soca_simplex,WIS,1.79521988026551,0.16939273928348883,6,1,1.0
2025-08-20,ILI incidence,2025-08-24,2,SI,NotreDame,Rt_cocirc,WIS,1.8,0.16555639028167374,6,4,0.9936648747229538
2025-08-20,ILI incidence,2025-08-24,2,SI,respicast,hubEnsemble,WIS,1.79723696608027,0.16777265579618622,6,2,0.9973267424163338
2025-08-20,ILI incidence,2025-08-24,2,SI,respicast,quantileBaseline,WIS,2.01887739130435,0.0,6,5,0.7035851756264594
2025-08-20,ILI incidence,2025-08-24,2,SI,safinea,PRFM,WIS,1.799,0.1663581102472286,6,3,0.9949901815413871
2025-08-20,ILI incidence,2025-08-31,3,BE,ECDC,SARIMA,WIS,41.2628427821602,-1.030638071620897,10,10,0.0
2025-08-20,ILI incidence,2025-08-31,3,BE,ECDC,soca_simplex,WIS,9.55141838040283,1.080418253160427,10,3,0.7908486138730294
2025-08-20,ILI incidence,2025-08-31,3,BE,ISI,FluBcast,WIS,1.16487226608791,4.115961476620372,10,1,1.0
2025-08-20,ILI incidence,2025-08-31,3,BE,ItaLuxColab,EpiEKF,WIS,18.2853786346085,0.14351464593691027,10,7,0.5730330949877313
2025-08-20,ILI incidence,2025-08-31,3,BE,ItaLuxColab,EpiNetEKF,WIS,12.7970963778798,0.6583886425007848,10,6,0.7099049163316283
2025-08-20,ILI incidence,2025-08-31,3,BE,NotreDame,Rt_cocirc,WIS,4.23895652173913,2.2524240726521123,10,2,0.92333566472101
2025-08-20,ILI incidence,2025-08-31,3,BE,QMUL,ARIMA,WIS,33.1844696126503,-0.7163030690670332,10,9,0.20146588631641307
2025-08-20,ILI incidence,2025-08-31,3,BE,respicast,hubEnsemble,WIS,11.8782004237772,0.765888865864053,10,5,0.7328211872120781
2025-08-20,ILI incidence,2025-08-31,3,BE,respicast,quantileBaseline,WIS,20.197897826087,0.0,10,8,0.5253369356344315
2025-08-20,ILI incidence,2025-08-31,3,BE,safinea,PRFM,WIS,11.7616146204145,0.7801190215317237,10,4,0.7357287110059811
2025-08-20,ILI incidence,2025-08-31,3,CZ,ECDC,soca_simplex,WIS,0.382492023326314,3.2431291091095864,8,1,1.0
2025-08-20,ILI incidence,2025-08-31,3,CZ,ISI,FluBcast,WIS,1.9974667223065,0.8584592075531199,8,5,0.603270814057124
2025-08-20,ILI incidence,2025-08-31,3,CZ,ItaLuxColab,EpiEKF,WIS,3.02126151548403,0.2614796088733526,8,6,0.3517688709453453
2025-08-20,ILI incidence,2025-08-31,3,CZ,ItaLuxColab,EpiNetEKF,WIS,1.52852266691315,1.2444927291474386,8,4,0.7184700140609609
2025-08-20,ILI incidence,2025-08-31,3,CZ,NotreDame,Rt_cocirc,WIS,4.4532152173913,-0.2982166611302344,8,8,0.0
2025-08-20,ILI incidence,2025-08-31,3,CZ,respicast,hubEnsemble,WIS,1.15802309743518,1.644966646686372,8,3,0.8094856768351208
2025-08-20,ILI incidence,2025-08-31,3,CZ,respicast,quantileBaseline,WIS,3.62160869565217,0.0,8,7,0.20428962670603393
2025-08-20,ILI incidence,2025-08-31,3,CZ,safinea,PRFM,WIS,0.909793152729649,1.9930201938857042,8,2,0.8704649998869668
2025-08-20,ILI incidence,2025-08-31,3,DK,ECDC,SARIMA,WIS,20.1479075699394,0.46459681508427786,9,6,0.5546669360166795
2025-08-20,ILI incidence,2025-08-31,3,DK,ECDC,soca_simplex,WIS,19.1681745552933,0.536513881509801,9,5,0.5827737555735553
2025-08-20,ILI incidence,2025-08-31,3,DK,ItaLuxColab,EpiEKF,WIS,35.7202223544024,-0.3615142283680901,9,8,0.10792457336610141
2025-08-20,ILI incidence,2025-08-31,3,DK,ItaLuxColab,EpiNetEKF,WIS,39.4822014500592,-0.5059756011460564,9,9,0.0
2025-08-20,ILI incidence,2025-08-31,3,DK,NotreDame,Rt_cocirc,WIS,4.62471739130435,2.58778971996532,9,1,1.0
2025-08-20,ILI incidence,2025-08-31,3,DK,QMUL,ARIMA,WIS,12.9370440876715,1.1037188110152107,9,3,0.7615339454116621
2025-08-20,ILI incidence,2025-08-31,3,DK,respicast,hubEnsemble,WIS,17.7783430223522,0.6451059644069593,9,4,0.6226455813943299
2025-08-20,ILI incidence,2025-08-31,3,DK,respicast,quantileBaseline,WIS,27.8027354347826,0.0,9,7,0.3350633681877327
2025-08-20,ILI incidence,2025-08-31,3,DK,safinea,PRFM,WIS,7.94026286883343,1.807968157875499,9,2,0.904882823099324
2025-08-20,ILI incidence,2025-08-31,3,EE,ECDC,SARIMA,WIS,18.1058471902128,0.2544968564035165,9,6,0.5536517039636415
2025-08-20,ILI incidence,2025-08-31,3,EE,ECDC,soca_simplex,WIS,11.4211249078328,0.9192477859591203,9,2,0.8838771649047805
2025-08-20,ILI incidence,2025-08-31,3,EE,ItaLuxColab,EpiEKF,WIS,29.3133654464235,-0.4406060724152319,9,9,0.0
2025-08-20,ILI incidence,2025-08-31,3,EE,ItaLuxColab,EpiNetEKF,WIS,24.7013454948056,-0.19363708837806753,9,8,0.2278339099302875
2025-08-20,ILI incidence,2025-08-31,3,EE,NotreDame,Rt_cocirc,WIS,14.2778782608696,0.5971709337808649,9,5,0.7427534722588913
2025-08-20,ILI incidence,2025-08-31,3,EE,QMUL,ARIMA,WIS,9.07046151246089,1.2517046766708098,9,1,1.0
2025-08-20,ILI incidence,2025-08-31,3,EE,respicast,hubEnsemble,WIS,14.1560629942308,0.6095324530445699,9,4,0.7487711497144676
2025-08-20,ILI incidence,2025-08-31,3,EE,respicast,quantileBaseline,WIS,21.5988206521739,0.0,9,7,0.38109872078711465
2025-08-20,ILI incidence,2025-08-31,3,EE,safinea,PRFM,WIS,12.9228630286778,0.741026808903347,9,3,0.8096912612545907
2025-08-20,ILI incidence,2025-08-31,3,ES,ECDC,soca_simplex,WIS,0.357079565300845,2.9779378980581517,6,1,1.0
2025-08-20,ILI incidence,2025-08-31,3,ES,ItaLuxColab,EpiEKF,WIS,4.16271978741277,-0.5652710691240387,6,6,0.0
2025-08-20,ILI incidence,2025-08-31,3,ES,ItaLuxColab,EpiNetEKF,WIS,1.80179566897221,0.6428199650304844,6,4,0.6203750172501524
2025-08-20,ILI incidence,2025-08-31,3,ES,respicast,hubEnsemble,WIS,1.29096601846155,1.1238043522069538,6,3,0.7546046397831984
2025-08-20,ILI incidence,2025-08-31,3,ES,respicast,quantileBaseline,WIS,2.81328434782609,0.0,6,5,0.3545882849739842
2025-08-20,ILI incidence,2025-08-31,3,ES,safinea,PRFM,WIS,0.747549559736227,1.9120142450438904,6,2,0.8973970287136885
2025-08-20,ILI incidence,2025-08-31,3,FI,ECDC,SARIMA,WIS,3.26629905919307,-0.6114384573988749,9,7,0.3534112590177566
2025-08-20,ILI incidence,2025-08-31,3,FI,ECDC,soca_simplex,WIS,0.413776848312698,2.369293600576721,9,1,1.0
2025-08-20,ILI incidence,2025-08-31,3,FI,ISI,FluBcast,WIS,2.15894769399412,-0.014109859507128548,9,6,0.6044175166791049
2025-08-20,ILI incidence,2025-08-31,3,FI,ItaLuxColab,EpiEKF,WIS,1.99829502765826,0.09744883341142371,9,4,0.6408330807246113
2025-08-20,ILI incidence,2025-08-31,3,FI,ItaLuxColab,EpiNetEKF,WIS,1.07831007284913,0.9874463402024781,9,2,0.8493684994441216
2025-08-20,ILI incidence,2025-08-31,3,FI,QMUL,ARIMA,WIS,4.82542528893828,-1.174437668620444,9,9,0.0
2025-08-20,ILI incidence,2025-08-31,3,FI,respicast,hubEnsemble,WIS,1.65847526440983,0.36636093633104516,9,3,0.7178609236776284
2025-08-20,ILI incidence,2025-08-31,3,FI,respicast,quantileBaseline,WIS,2.13793565217391,0.0,9,5,0.6091803716760525
2025-08-20,ILI incidence,2025-08-31,3,FI,safinea,PRFM,WIS,3.52505458446837,-0.7214271660917178,9,8,0.2947584609179588
2025-08-20,ILI incidence,2025-08-31,3,FR,NotreDame,Rt_cocirc,WIS,34.0456608695652,-0.1633526429159303,3,2,0.0
2025-08-20,ILI incidence,2025-08-31,3,FR,respicast,hubEnsemble,WIS,34.0456608695652,-0.1633526429159303,3,2,0.0
2025-08-20,ILI incidence,2025-08-31,3,FR,respicast,quantileBaseline,WIS,30.4009897826087,0.0,3,1,1.0
2025-08-20,ILI incidence,2025-08-31,3,GR,ECDC,SARIMA,WIS,71.2229595606839,-0.21560870491742615,9,6,0.4694844050266845
2025-08-20,ILI incidence,2025-08-31,3,GR,ECDC,soca_simplex,WIS,109.302928216921,-0.8335264650969828,9,8,0.12487294243801768
2025-08-20,ILI incidence,2025-08-31,3,GR,ItaLuxColab,EpiEKF,WIS,108.179353772259,-0.818619598327795,9,7,0.13504092960727185
2025-08-20,ILI incidence,2025-08-31,3,GR,ItaLuxColab,EpiNetEKF,WIS,54.0989759191704,0.1811323965711461,9,3,0.6244509466569605
2025-08-20,ILI incidence,2025-08-31,3,GR,NotreDame,Rt_cocirc,WIS,12.6003673913043,2.283267881733864,9,1,1.0
2025-08-20,ILI incidence,2025-08-31,3,GR,QMUL,ARIMA,WIS,123.10153403906,-1.005043154069392,9,9,0.0
2025-08-20,ILI incidence,2025-08-31,3,GR,respicast,hubEnsemble,WIS,60.6036083029355,0.017329987542014858,9,4,0.5655861167090569
2025-08-20,ILI incidence,2025-08-31,3,GR,respicast,quantileBaseline,WIS,61.3359828260869,0.0,9,5,0.55895836294528
2025-08-20,ILI incidence,2025-08-31,3,GR,safinea,PRFM,WIS,44.4356227647905,0.465016973336963,9,2,0.7119011831344064
2025-08-20,ILI incidence,2025-08-31,3,HR,ItaLuxColab,EpiEKF,WIS,1.54771619369433,1.0120181371497763,6,4,0.5850168044099633
2025-08-20,ILI incidence,2025-08-31,3,HR,ItaLuxColab,EpiNetEKF,WIS,0.431471912854115,2.8548205306861574,6,1,1.0
2025-08-20,ILI incidence,2025-08-31,3,HR,NotreDame,Rt_cocirc,WIS,0.6,2.3791246785814257,6,2,0.9373467570218292
2025-08-20,ILI incidence,2025-08-31,3,HR,respicast,hubEnsemble,WIS,0.749634256495763,2.057900297080146,6,3,0.8817176236894636
2025-08-20,ILI incidence,2025-08-31,3,HR,respicast,quantileBaseline,WIS,3.12132608695652,0.0,6,6,0.0
2025-08-20,ILI incidence,2025-08-31,3,HR,safinea,PRFM,WIS,2.53908738903062,0.297849034624179,6,5,0.21645734684490509
2025-08-20,ILI incidence,2025-08-31,3,IE,ECDC,SARIMA,WIS,3.44432119358841,-1.8758829374525423,9,8,0.01246932163964169
2025-08-20,ILI incidence,2025-08-31,3,IE,ISI,FluBcast,WIS,0.772722450286852,0.2803145283174237,9,5,0.9024143613564268
2025-08-20,ILI incidence,2025-08-31,3,IE,ItaLuxColab,EpiEKF,WIS,1.11236749766408,-0.2452967488922992,9,7,0.7892740831108258
2025-08-20,ILI incidence,2025-08-31,3,IE,ItaLuxColab,EpiNetEKF,WIS,0.539655404207217,0.7982263707376974,9,2,0.9800520912363598
2025-08-20,ILI incidence,2025-08-31,3,IE,NotreDame,Rt_cocirc,WIS,0.719139130434783,0.3839939291676206,9,4,0.9202636771765774
2025-08-20,ILI incidence,2025-08-31,3,IE,QMUL,ARIMA,WIS,3.48175386924318,-1.891477472847228,9,9,0.0
2025-08-20,ILI incidence,2025-08-31,3,IE,respicast,hubEnsemble,WIS,0.64635771055844,0.5379320326785758,9,3,0.9445081352056494
2025-08-20,ILI incidence,2025-08-31,3,IE,respicast,quantileBaseline,WIS,0.938440217391304,0.0,9,6,0.847211571192926
2025-08-20,ILI incidence,2025-08-31,3,IE,safinea,PRFM,WIS,0.479772146695725,0.9679154382068798,9,1,1.0
2025-08-20,ILI incidence,2025-08-31,3,IS,ECDC,SARIMA,WIS,1.31993225835286,-1.907707823159544,6,6,0.0
2025-08-20,ILI incidence,2025-08-31,3,IS,ItaLuxColab,EpiEKF,WIS,1.27061864692194,-1.8527750303924075,6,5,0.047711517509516084
2025-08-20,ILI incidence,2025-08-31,3,IS,ItaLuxColab,EpiNetEKF,WIS,0.286353491526078,0.2968869666836726,6,1,1.0
2025-08-20,ILI incidence,2025-08-31,3,IS,QMUL,ARIMA,WIS,0.747573403665632,-1.08753108227287,6,4,0.5537641378261304
2025-08-20,ILI incidence,2025-08-31,3,IS,respicast,hubEnsemble,WIS,0.741827725585305,-1.0764000280113046,6,3,0.5593231510960789
2025-08-20,ILI incidence,2025-08-31,3,IS,respicast,quantileBaseline,WIS,0.351782608695652,0.0,6,2,0.9366965351170577
2025-08-20,ILI incidence,2025-08-31,3,LT,ECDC,SARIMA,WIS,5.77882005823475,-0.6766918513952667,10,9,0.3765155893200906
2025-08-20,ILI incidence,2025-08-31,3,LT,ECDC,soca_simplex,WIS,0.978784380853535,1.8850201117426697,10,2,0.998753628084875
2025-08-20,ILI incidence,2025-08-31,3,LT,ISI,FluBcast,WIS,1.95147243293583,0.889520013369916,10,6,0.8726621682422614
2025-08-20,ILI incidence,2025-08-31,3,LT,ItaLuxColab,EpiEKF,WIS,3.28047145576234,0.14017992846720906,10,7,0.7003814184593663
2025-08-20,ILI incidence,2025-08-31,3,LT,ItaLuxColab,EpiNetEKF,WIS,0.969169684728942,1.8992619127254593,10,1,1.0
2025-08-20,ILI incidence,2025-08-31,3,LT,NotreDame,Rt_cocirc,WIS,1.13826086956522,1.667251860249684,10,3,0.9780803780853682
2025-08-20,ILI incidence,2025-08-31,3,LT,QMUL,ARIMA,WIS,8.68331664834089,-1.264163098171024,10,10,0.0
2025-08-20,ILI incidence,2025-08-31,3,LT,respicast,hubEnsemble,WIS,1.49124636882051,1.277564471395593,10,4,0.9323221755361633
2025-08-20,ILI incidence,2025-08-31,3,LT,respicast,quantileBaseline,WIS,3.61521913043478,0.0,10,8,0.6569874208791461
2025-08-20,ILI incidence,2025-08-31,3,LT,safinea,PRFM,WIS,1.89473911639535,0.932083876670126,10,5,0.8800166193316812
2025-08-20,ILI incidence,2025-08-31,3,LU,ECDC,SARIMA,WIS,817.219467039518,-0.5101100144332201,9,7,0.4310354098658864
2025-08-20,ILI incidence,2025-08-31,3,LU,ECDC,soca_simplex,WIS,774.221336193639,-0.4321325097623209,9,6,0.4792357426713774
2025-08-20,ILI incidence,2025-08-31,3,LU,ItaLuxColab,EpiEKF,WIS,368.579754411218,0.6386367287299706,9,2,0.9339545608390831
2025-08-20,ILI incidence,2025-08-31,3,LU,ItaLuxColab,EpiNetEKF,WIS,961.219205675778,-0.7442519179950184,9,8,0.26961361804312245
2025-08-20,ILI incidence,2025-08-31,3,LU,NotreDame,Rt_cocirc,WIS,483.597569565217,0.24680656258453157,9,3,0.8050211197819697
2025-08-20,ILI incidence,2025-08-31,3,LU,QMUL,ARIMA,WIS,1201.73376131653,-1.0664318471885905,9,9,0.0
2025-08-20,ILI incidence,2025-08-31,3,LU,respicast,hubEnsemble,WIS,579.182892831959,-0.013405433976037003,9,5,0.6978712436794142
2025-08-20,ILI incidence,2025-08-31,3,LU,respicast,quantileBaseline,WIS,573.826086956522,0.0,9,4,0.7038761518205601
2025-08-20,ILI incidence,2025-08-31,3,LU,safinea,PRFM,WIS,309.66251733996,0.8899167919758411,9,1,1.0
2025-08-20,ILI incidence,2025-08-31,3,MT,ECDC,SARIMA,WIS,479.209860938142,0.5742997900124561,9,6,0.6509155017082064
2025-08-20,ILI incidence,2025-08-31,3,MT,ECDC,soca_simplex,WIS,396.818559756824,0.8464778813338367,9,4,0.7554705839835566
2025-08-20,ILI incidence,2025-08-31,3,MT,ItaLuxColab,EpiEKF,WIS,992.143082142955,-0.4755908087201305,9,9,0.0
2025-08-20,ILI incidence,2025-08-31,3,MT,ItaLuxColab,EpiNetEKF,WIS,908.695230235355,-0.3488391206374629,9,8,0.10589585182906047
2025-08-20,ILI incidence,2025-08-31,3,MT,NotreDame,Rt_cocirc,WIS,284.475093478261,1.3266550390717788,9,2,0.8980351531970424
2025-08-20,ILI incidence,2025-08-31,3,MT,QMUL,ARIMA,WIS,204.124944829102,1.8055048896381105,9,1,1.0
2025-08-20,ILI incidence,2025-08-31,3,MT,respicast,hubEnsemble,WIS,362.389546899033,0.9774160439460269,9,3,0.7991612190432399
2025-08-20,ILI incidence,2025-08-31,3,MT,respicast,quantileBaseline,WIS,713.521739130435,0.0,9,7,0.3535722463981185
2025-08-20,ILI incidence,2025-08-31,3,MT,safinea,PRFM,WIS,404.110226248532,0.820208525257981,9,5,0.7462174130901005
2025-08-20,ILI incidence,2025-08-31,3,NL,ECDC,SARIMA,WIS,3.64834423956024,-0.5103876596239674,10,9,0.06483318953897439
2025-08-20,ILI incidence,2025-08-31,3,NL,ECDC,soca_simplex,WIS,0.72315907441791,1.824469262753851,10,1,1.0
2025-08-20,ILI incidence,2025-08-31,3,NL,ISI,FluBcast,WIS,1.93650628492848,0.40339801816873666,10,6,0.6120990717591915
2025-08-20,ILI incidence,2025-08-31,3,NL,ItaLuxColab,EpiEKF,WIS,1.78060162239242,0.5244894263491016,10,4,0.6619409989428869
2025-08-20,ILI incidence,2025-08-31,3,NL,ItaLuxColab,EpiNetEKF,WIS,1.17207749254583,1.127786244320498,10,2,0.8564830663574524
2025-08-20,ILI incidence,2025-08-31,3,NL,NotreDame,Rt_cocirc,WIS,3.85114130434783,-0.5884318570174535,10,10,0.0
2025-08-20,ILI incidence,2025-08-31,3,NL,QMUL,ARIMA,WIS,3.20224185138257,-0.32222807063575626,10,8,0.20744985273774977
2025-08-20,ILI incidence,2025-08-31,3,NL,respicast,hubEnsemble,WIS,1.60114860704464,0.6777469872094358,10,3,0.7193112146783517
2025-08-20,ILI incidence,2025-08-31,3,NL,respicast,quantileBaseline,WIS,2.56126086956522,0.0,10,7,0.41236821054814904
2025-08-20,ILI incidence,2025-08-31,3,NL,safinea,PRFM,WIS,1.93112994594527,0.407408955145332,10,5,0.6138178599708913
2025-08-20,ILI incidence,2025-08-31,3,NO,ECDC,SARIMA,WIS,4.02136935669149,0.5388685401621469,9,1,1.0
2025-08-20,ILI incidence,2025-08-31,3,NO,ECDC,soca_simplex,WIS,12.5381953748561,-1.1017024188201878,9,8,0.1552781247197447
2025-08-20,ILI incidence,2025-08-31,3,NO,ISI,FluBcast,WIS,14.1037719407834,-1.2714537545996163,9,9,0.0
2025-08-20,ILI incidence,2025-08-31,3,NO,ItaLuxColab,EpiEKF,WIS,5.56800240423325,0.06939555760836723,9,3,0.8466007447488707
2025-08-20,ILI incidence,2025-08-31,3,NO,ItaLuxColab,EpiNetEKF,WIS,5.94430916705714,-0.024953761512456547,9,5,0.8092776206536646
2025-08-20,ILI incidence,2025-08-31,3,NO,NotreDame,Rt_cocirc,WIS,10.310652173913,-0.8195082927186971,9,7,0.3762118934682505
2025-08-20,ILI incidence,2025-08-31,3,NO,QMUL,ARIMA,WIS,4.24059401061753,0.46228902408948913,9,2,0.9782567049770524
2025-08-20,ILI incidence,2025-08-31,3,NO,respicast,hubEnsemble,WIS,5.97302637389929,-0.031906700270871544,9,6,0.8064293702884727
2025-08-20,ILI incidence,2025-08-31,3,NO,respicast,quantileBaseline,WIS,5.84237673913044,0.0,9,4,0.8193875549750266
2025-08-20,ILI incidence,2025-08-31,3,PL,ECDC,soca_simplex,WIS,5.91209191877692,1.9341793056343028,7,2,0.9422830444647767
2025-08-20,ILI incidence,2025-08-31,3,PL,ItaLuxColab,EpiEKF,WIS,20.4812074529283,0.14161914007738768,7,6,0.11932648635588526
2025-08-20,ILI incidence,2025-08-31,3,PL,ItaLuxColab,EpiNetEKF,WIS,12.1963213153428,0.8894738466881384,7,5,0.5873096912477099
2025-08-20,ILI incidence,2025-08-31,3,PL,NotreDame,Rt_cocirc,WIS,4.89030652173913,2.2079231103746846,7,1,1.0
2025-08-20,ILI incidence,2025-08-31,3,PL,respicast,hubEnsemble,WIS,9.06820060652281,1.3170316990248427,7,3,0.7640058980864316
2025-08-20,ILI incidence,2025-08-31,3,PL,respicast,quantileBaseline,WIS,22.59369,0.0,7,7,0.0
2025-08-20,ILI incidence,2025-08-31,3,PL,safinea,PRFM,WIS,10.1393472676753,1.1559551306832745,7,4,0.7035007035586273
2025-08-20,ILI incidence,2025-08-31,3,RO,ItaLuxColab,EpiEKF,WIS,0.787089324786122,0.9301131339406338,6,3,0.9473620251445939
2025-08-20,ILI incidence,2025-08-31,3,RO,ItaLuxColab,EpiNetEKF,WIS,0.61523141179707,1.285511342103658,6,1,1.0
2025-08-20,ILI incidence,2025-08-31,3,RO,NotreDame,Rt_cocirc,WIS,2.1,-0.4856769159856527,6,5,0.5452335580445373
2025-08-20,ILI incidence,2025-08-31,3,RO,respicast,hubEnsemble,WIS,0.630811814726864,1.2494308255990005,6,2,0.9952279133186737
2025-08-20,ILI incidence,2025-08-31,3,RO,respicast,quantileBaseline,WIS,1.49974,0.0,6,4,0.7290858476316853
2025-08-20,ILI incidence,2025-08-31,3,RO,safinea,PRFM,WIS,3.8801350001501,-1.3713944365527535,6,6,0.0
2025-08-20,ILI incidence,2025-08-31,3,SI,ECDC,SARIMA,WIS,3.41048287405436,-0.25476534623757213,5,5,0.0
2025-08-20,ILI incidence,2025-08-31,3,SI,NotreDame,Rt_cocirc,WIS,1.5,0.9302481710837689,5,3,0.9994768459536972
2025-08-20,ILI incidence,2025-08-31,3,SI,respicast,hubEnsemble,WIS,1.49924217391304,0.9309772298908835,5,2,0.9998733057374842
2025-08-20,ILI incidence,2025-08-31,3,SI,respicast,quantileBaseline,WIS,2.85840565217391,0.0,5,4,0.28882143249835357
2025-08-20,ILI incidence,2025-08-31,3,SI,safinea,PRFM,WIS,1.499,0.9312102885191524,5,1,1.0
2025-08-20,ILI incidence,2025-09-07,4,BE,ECDC,SARIMA,WIS,36.9341186108415,-0.41951916057009847,10,9,0.3205097765529757
2025-08-20,ILI incidence,2025-09-07,4,BE,ECDC,soca_simplex,WIS,24.3707140482131,0.18028646744345528,10,6,0.6960348470822282
2025-08-20,ILI incidence,2025-09-07,4,BE,ISI,FluBcast,WIS,47.6569552604361,-0.7872517933255974,10,10,0.0
2025-08-20,ILI incidence,2025-09-07,4,BE,ItaLuxColab,EpiEKF,WIS,23.7869511518373,0.21526462041453107,10,5,0.7134837481138782
2025-08-20,ILI incidence,2025-09-07,4,BE,ItaLuxColab,EpiNetEKF,WIS,14.764018824541,0.903349507102893,10,3,0.9831827203707852
2025-08-20,ILI incidence,2025-09-07,4,BE,NotreDame,Rt_cocirc,WIS,33.9799717391304,-0.29924966336760356,10,8,0.4088103806466318
2025-08-20,ILI incidence,2025-09-07,4,BE,QMUL,ARIMA,WIS,20.2587921290638,0.4468868290254158,10,4,0.8189417996524375
2025-08-20,ILI incidence,2025-09-07,4,BE,respicast,hubEnsemble,WIS,14.2865213580709,0.9507803135995675,10,2,0.9974553061877788
2025-08-20,ILI incidence,2025-09-07,4,BE,respicast,quantileBaseline,WIS,27.6146719565217,0.0,10,7,0.5990716778840331
2025-08-20,ILI incidence,2025-09-07,4,BE,safinea,PRFM,WIS,14.2013871809948,0.9594031312797913,10,1,1.0
2025-08-20,ILI incidence,2025-09-07,4,CZ,ECDC,soca_simplex,WIS,0.0835857206898321,5.665236139165434,8,1,1.0
2025-08-20,ILI incidence,2025-09-07,4,CZ,ISI,FluBcast,WIS,3.90269049381319,0.12016739775614403,8,6,0.4164156605915552
2025-08-20,ILI incidence,2025-09-07,4,CZ,ItaLuxColab,EpiEKF,WIS,3.79936024415078,0.1588799403290648,8,5,0.43220520266291107
2025-08-20,ILI incidence,2025-09-07,4,CZ,ItaLuxColab,EpiNetEKF,WIS,1.65199390945973,1.3604280830470992,8,4,0.7603369084798576
2025-08-20,ILI incidence,2025-09-07,4,CZ,NotreDame,Rt_cocirc,WIS,6.62780652173913,-0.6438950372524909,8,8,0.0
2025-08-20,ILI incidence,2025-09-07,4,CZ,respicast,hubEnsemble,WIS,1.24912093067159,1.7637232961172689,8,3,0.8218985505814724
2025-08-20,ILI incidence,2025-09-07,4,CZ,respicast,quantileBaseline,WIS,4.24168195652174,0.0,8,7,0.36461553449339607
2025-08-20,ILI incidence,2025-09-07,4,CZ,safinea,PRFM,WIS,0.969536554337545,2.129269252659447,8,2,0.8646208829772889
2025-08-20,ILI incidence,2025-09-07,4,DK,ECDC,SARIMA,WIS,17.2294943444073,0.20460362840820964,9,5,0.5339024265707257
2025-08-20,ILI incidence,2025-09-07,4,DK,ECDC,soca_simplex,WIS,33.8203494809021,-0.7684075778320012,9,9,0.0
2025-08-20,ILI incidence,2025-09-07,4,DK,ItaLuxColab,EpiEKF,WIS,25.1038292615998,-0.3384234552554737,9,7,0.280502195821204
2025-08-20,ILI incidence,2025-09-07,4,DK,ItaLuxColab,EpiNetEKF,WIS,26.9443708129192,-0.4404999082525359,9,8,0.2212726026284997
2025-08-20,ILI incidence,2025-09-07,4,DK,NotreDame,Rt_cocirc,WIS,2.74565434782609,2.85426206977877,9,1,1.0
2025-08-20,ILI incidence,2025-09-07,4,DK,QMUL,ARIMA,WIS,5.29263798391019,1.9074251077962179,9,2,0.9180367297192538
2025-08-20,ILI incidence,2025-09-07,4,DK,respicast,hubEnsemble,WIS,16.7207062844325,0.2478482017108613,9,4,0.5502754933955469
2025-08-20,ILI incidence,2025-09-07,4,DK,respicast,quantileBaseline,WIS,19.854747173913,0.0,9,6,0.4494204125634065
2025-08-20,ILI incidence,2025-09-07,4,DK,safinea,PRFM,WIS,7.79079947396429,1.3496407029598079,9,3,0.8376445817237276
2025-08-20,ILI incidence,2025-09-07,4,EE,ECDC,SARIMA,WIS,30.3518056981387,0.4448932790972785,9,5,0.4290645555375219
2025-08-20,ILI incidence,2025-09-07,4,EE,ECDC,soca_simplex,WIS,14.3783825326655,1.5227742355325924,9,2,0.8886152612489604
2025-08-20,ILI incidence,2025-09-07,4,EE,ItaLuxColab,EpiEKF,WIS,41.5753959503265,-0.009054375979102051,9,8,0.10616515147254924
2025-08-20,ILI incidence,2025-09-07,4,EE,ItaLuxColab,EpiNetEKF,WIS,39.2359529545147,0.07449938685145023,9,6,0.17347024121817273
2025-08-20,ILI incidence,2025-09-07,4,EE,NotreDame,Rt_cocirc,WIS,45.2655673913044,-0.13173841094198002,9,9,0.0
2025-08-20,ILI incidence,2025-09-07,4,EE,QMUL,ARIMA,WIS,10.5067845911682,1.9753544008773611,9,1,1.0
2025-08-20,ILI incidence,2025-09-07,4,EE,respicast,hubEnsemble,WIS,27.4684164129882,0.588901887630424,9,3,0.5120188207006622
2025-08-20,ILI incidence,2025-09-07,4,EE,respicast,quantileBaseline,WIS,41.3152852173913,0.0,9,7,0.1136484610703233
2025-08-20,ILI incidence,2025-09-07,4,EE,safinea,PRFM,WIS,29.8423413625373,0.46931489672926807,9,4,0.44372169524609084
2025-08-20,ILI incidence,2025-09-07,4,ES,ECDC,soca_simplex,WIS,0.150105190241571,4.4681207259177915,6,1,1.0
2025-08-20,ILI incidence,2025-09-07,4,ES,ItaLuxColab,EpiEKF,WIS,5.58598419560873,-0.7496449983744455,6,6,0.0
2025-08-20,ILI incidence,2025-09-07,4,ES,ItaLuxColab,EpiNetEKF,WIS,2.14094947044852,0.6339157470371757,6,4,0.6337585368914074
2025-08-20,ILI incidence,2025-09-07,4,ES,respicast,hubEnsemble,WIS,1.48335386616215,1.1633036879220982,6,3,0.7547317233138955
2025-08-20,ILI incidence,2025-09-07,4,ES,respicast,quantileBaseline,WIS,3.32226347826087,0.0,6,5,0.41644060051976084
2025-08-20,ILI incidence,2025-09-07,4,ES,safinea,PRFM,WIS,0.901577304536755,1.8816433894156637,6,2,0.8617570196920843
2025-08-20,ILI incidence,2025-09-07,4,FI,ECDC,SARIMA,WIS,3.87798226847987,-0.570208345620886,9,7,0.5357926897137134
2025-08-20,ILI incidence,2025-09-07,4,FI,ECDC,soca_simplex,WIS,0.359108456344823,2.862606329987213,9,1,1.0
2025-08-20,ILI incidence,2025-09-07,4,FI,ISI,FluBcast,WIS,1.53787944471131,0.7641554473159918,9,3,0.8444973763861373
2025-08-20,ILI incidence,2025-09-07,4,FI,ItaLuxColab,EpiEKF,WIS,2.66435791668032,-0.028690038630592045,9,6,0.6958931440420216
2025-08-20,ILI incidence,2025-09-07,4,FI,ItaLuxColab,EpiNetEKF,WIS,1.34595448535516,0.9564682365613045,9,2,0.8698159794154021
2025-08-20,ILI incidence,2025-09-07,4,FI,QMUL,ARIMA,WIS,6.13641893895686,-1.2322991189967545,9,8,0.23786134342939103
2025-08-20,ILI incidence,2025-09-07,4,FI,respicast,hubEnsemble,WIS,2.19534660588934,0.2506491278840318,9,4,0.7577647798833841
2025-08-20,ILI incidence,2025-09-07,4,FI,respicast,quantileBaseline,WIS,2.61189673913043,0.0,9,5,0.7028137849700661
2025-08-20,ILI incidence,2025-09-07,4,FI,safinea,PRFM,WIS,7.93950138459251,-1.6039505449678604,9,9,0.0
2025-08-20,ILI incidence,2025-09-07,4,FR,NotreDame,Rt_cocirc,WIS,38.7,-0.32599182820774064,3,2,0.0
2025-08-20,ILI incidence,2025-09-07,4,FR,respicast,hubEnsemble,WIS,38.7,-0.32599182820774064,3,2,0.0
2025-08-20,ILI incidence,2025-09-07,4,FR,respicast,quantileBaseline,WIS,30.8729156521739,0.0,3,1,1.0
2025-08-20,ILI incidence,2025-09-07,4,GR,ECDC,SARIMA,WIS,77.1167374211991,-0.18287171061647486,9,7,0.46988227546983835
2025-08-20,ILI incidence,2025-09-07,4,GR,ECDC,soca_simplex,WIS,20.7679559765594,1.7098130758640555,9,1,1.0
2025-08-20,ILI incidence,2025-09-07,4,GR,ItaLuxColab,EpiEKF,WIS,117.323558057517,-0.7882485180734635,9,8,0.09162479199155515
2025-08-20,ILI incidence,2025-09-07,4,GR,ItaLuxColab,EpiNetEKF,WIS,56.4919984423968,0.26612576824253104,9,5,0.6639155698226711
2025-08-20,ILI incidence,2025-09-07,4,GR,NotreDame,Rt_cocirc,WIS,35.2356413043478,0.9471368341230525,9,3,0.8638909976656617
2025-08-20,ILI incidence,2025-09-07,4,GR,QMUL,ARIMA,WIS,127.062801134927,-0.9032975179793945,9,9,0.0
2025-08-20,ILI incidence,2025-09-07,4,GR,respicast,hubEnsemble,WIS,51.3119063929017,0.40487867910473363,9,4,0.7126488084080167
2025-08-20,ILI incidence,2025-09-07,4,GR,respicast,quantileBaseline,WIS,67.9358130434783,0.0,9,6,0.5562545201825734
2025-08-20,ILI incidence,2025-09-07,4,GR,safinea,PRFM,WIS,23.0729909348868,1.5579672744818955,9,2,0.978314706090468
2025-08-20,ILI incidence,2025-09-07,4,HR,ItaLuxColab,EpiEKF,WIS,2.20770363443797,0.6458857276565876,6,4,0.47990671726967543
2025-08-20,ILI incidence,2025-09-07,4,HR,ItaLuxColab,EpiNetEKF,WIS,0.55421796114938,2.639906871459285,6,1,1.0
2025-08-20,ILI incidence,2025-09-07,4,HR,NotreDame,Rt_cocirc,WIS,0.6,2.5253978373157553,6,2,0.9855995541657466
2025-08-20,ILI incidence,2025-09-07,4,HR,respicast,hubEnsemble,WIS,1.09656615316601,1.6554393942336312,6,3,0.8294078647758841
2025-08-20,ILI incidence,2025-09-07,4,HR,respicast,quantileBaseline,WIS,3.45439304347826,0.0,6,5,0.08776858280171164
2025-08-20,ILI incidence,2025-09-07,4,HR,safinea,PRFM,WIS,3.73342778406483,-0.11206858201693282,6,6,0.0
2025-08-20,ILI incidence,2025-09-07,4,IE,ECDC,SARIMA,WIS,3.61682599609177,-1.463051137908232,9,8,0.004760415647026957
2025-08-20,ILI incidence,2025-09-07,4,IE,ISI,FluBcast,WIS,2.31451358111729,-0.8190359737786725,9,7,0.407892708364736
2025-08-20,ILI incidence,2025-09-07,4,IE,ItaLuxColab,EpiEKF,WIS,1.4225301253123,-0.11678615087467419,9,6,0.6840072039882593
2025-08-20,ILI incidence,2025-09-07,4,IE,ItaLuxColab,EpiNetEKF,WIS,0.649025544242416,1.0153258885183702,9,4,0.923446428869229
2025-08-20,ILI incidence,2025-09-07,4,IE,NotreDame,Rt_cocirc,WIS,0.420660869565217,1.6409435262858787,9,2,0.9941369742558803
2025-08-20,ILI incidence,2025-09-07,4,IE,QMUL,ARIMA,WIS,3.63220444259569,-1.4691723542499668,9,9,0.0
2025-08-20,ILI incidence,2025-09-07,4,IE,respicast,hubEnsemble,WIS,0.606524209917771,1.1130359163519854,9,3,0.9366027653617992
2025-08-20,ILI incidence,2025-09-07,4,IE,respicast,quantileBaseline,WIS,1.31191391304348,0.0,9,5,0.7182485786007803
2025-08-20,ILI incidence,2025-09-07,4,IE,safinea,PRFM,WIS,0.40172045880227,1.7074092124528868,9,1,1.0
2025-08-20,ILI incidence,2025-09-07,4,IS,ECDC,SARIMA,WIS,1.5593905220655,-1.7062934784285515,7,6,0.13689868984070444
2025-08-20,ILI incidence,2025-09-07,4,IS,ECDC,soca_simplex,WIS,0.526540222840872,-0.1399268566550019,7,3,0.9391593579337133
2025-08-20,ILI incidence,2025-09-07,4,IS,ItaLuxColab,EpiEKF,WIS,1.73563729370586,-1.8607766982650853,7,7,0.0
2025-08-20,ILI incidence,2025-09-07,4,IS,ItaLuxColab,EpiNetEKF,WIS,0.448212469951586,0.09243410009329187,7,1,1.0
2025-08-20,ILI incidence,2025-09-07,4,IS,QMUL,ARIMA,WIS,0.729733619156198,-0.6107530334338073,7,5,0.7813300287439968
2025-08-20,ILI incidence,2025-09-07,4,IS,respicast,hubEnsemble,WIS,0.6158549656641,-0.36597374761987717,7,4,0.8697846331534528
2025-08-20,ILI incidence,2025-09-07,4,IS,respicast,quantileBaseline,WIS,0.477869565217391,0.0,7,2,0.9769640178450796
2025-08-20,ILI incidence,2025-09-07,4,LT,ECDC,SARIMA,WIS,7.06558301257373,-0.6395173393493344,10,9,0.3135999191631753
2025-08-20,ILI incidence,2025-09-07,4,LT,ECDC,soca_simplex,WIS,0.571219913270961,2.9891730902029794,10,1,1.0
2025-08-20,ILI incidence,2025-09-07,4,LT,ISI,FluBcast,WIS,1.80613790324242,1.3283832188085942,10,4,0.8694794554628057
2025-08-20,ILI incidence,2025-09-07,4,LT,ItaLuxColab,EpiEKF,WIS,4.25684696153129,0.09150604475284363,10,6,0.6104599226778871
2025-08-20,ILI incidence,2025-09-07,4,LT,ItaLuxColab,EpiNetEKF,WIS,1.25266358634425,1.856292250856374,10,2,0.9279770802569592
2025-08-20,ILI incidence,2025-09-07,4,LT,NotreDame,Rt_cocirc,WIS,1.46244565217391,1.6329082574403142,10,3,0.905804863406464
2025-08-20,ILI incidence,2025-09-07,4,LT,QMUL,ARIMA,WIS,10.0327035007804,-1.1453472452732913,10,10,0.0
2025-08-20,ILI incidence,2025-09-07,4,LT,respicast,hubEnsemble,WIS,2.46883638493251,0.8774600401215822,10,5,0.7994377462994614
2025-08-20,ILI incidence,2025-09-07,4,LT,respicast,quantileBaseline,WIS,4.53559326086957,0.0,10,7,0.5809987608251871
2025-08-20,ILI incidence,2025-09-07,4,LT,safinea,PRFM,WIS,4.55859178018246,-0.007296953018774233,10,8,0.578568008914012
2025-08-20,ILI incidence,2025-09-07,4,LU,ECDC,SARIMA,WIS,1131.79543043656,-0.6926488404034781,9,5,0.504847104082056
2025-08-20,ILI incidence,2025-09-07,4,LU,ECDC,soca_simplex,WIS,2005.50536785305,-1.5180014502780728,9,8,0.03512717535934675
2025-08-20,ILI incidence,2025-09-07,4,LU,ItaLuxColab,EpiEKF,WIS,809.624765013315,-0.20936094801406946,9,3,0.6780510193844601
2025-08-20,ILI incidence,2025-09-07,4,LU,ItaLuxColab,EpiNetEKF,WIS,1619.38876650982,-1.2094849975469535,9,7,0.24270941140199445
2025-08-20,ILI incidence,2025-09-07,4,LU,NotreDame,Rt_cocirc,WIS,1089.24206086957,-0.6373602206197495,9,4,0.5277244514303323
2025-08-20,ILI incidence,2025-09-07,4,LU,QMUL,ARIMA,WIS,2070.84422257929,-1.564254654847044,9,9,0.0
2025-08-20,ILI incidence,2025-09-07,4,LU,respicast,hubEnsemble,WIS,1220.5922901358,-0.8016170054401397,9,6,0.457108543694314
2025-08-20,ILI incidence,2025-09-07,4,LU,respicast,quantileBaseline,WIS,700.260869565217,0.0,9,2,0.7368467351875992
2025-08-20,ILI incidence,2025-09-07,4,LU,safinea,PRFM,WIS,210.778502582409,1.7321647390225194,9,1,1.0
2025-08-20,ILI incidence,2025-09-07,4,MT,ECDC,SARIMA,WIS,5121.35529062399,-0.21758271414285724,9,6,0.4627338535588481
2025-08-20,ILI incidence,2025-09-07,4,MT,ECDC,soca_simplex,WIS,6821.89120587064,-0.6312288129018744,9,9,0.0
2025-08-20,ILI incidence,2025-09-07,4,MT,ItaLuxColab,EpiEKF,WIS,3520.28965615684,0.3232487929765109,9,2,0.8984007890202901
2025-08-20,ILI incidence,2025-09-07,4,MT,ItaLuxColab,EpiNetEKF,WIS,4338.30872633262,0.021810211499301447,9,3,0.6758091264548087
2025-08-20,ILI incidence,2025-09-07,4,MT,NotreDame,Rt_cocirc,WIS,5033.25215217391,-0.19254794029637562,9,5,0.4867076517010186
2025-08-20,ILI incidence,2025-09-07,4,MT,QMUL,ARIMA,WIS,5274.42831089809,-0.26007179584266776,9,7,0.42108106168761483
2025-08-20,ILI incidence,2025-09-07,4,MT,respicast,hubEnsemble,WIS,5414.38647573884,-0.29785493552958797,9,8,0.3829969610384431
2025-08-20,ILI incidence,2025-09-07,4,MT,respicast,quantileBaseline,WIS,4404.39217391304,0.0,9,4,0.6578271196761358
2025-08-20,ILI incidence,2025-09-07,4,MT,safinea,PRFM,WIS,3146.91497024844,0.48500473693371904,9,1,1.0
2025-08-20,ILI incidence,2025-09-07,4,NL,ECDC,SARIMA,WIS,3.31761989595897,-0.04337001516712787,10,9,0.6640107558415057
2025-08-20,ILI incidence,2025-09-07,4,NL,ECDC,soca_simplex,WIS,2.75795037218665,0.22318209256643765,10,7,0.7528836682242067
2025-08-20,ILI incidence,2025-09-07,4,NL,ISI,FluBcast,WIS,7.49917053425953,-1.2199524421622547,10,10,0.0
2025-08-20,ILI incidence,2025-09-07,4,NL,ItaLuxColab,EpiEKF,WIS,2.59956299164913,0.3085094746456357,10,6,0.7780348461875133
2025-08-20,ILI incidence,2025-09-07,4,NL,ItaLuxColab,EpiNetEKF,WIS,1.83481665212603,0.8111426831757977,10,4,0.8994730012782609
2025-08-20,ILI incidence,2025-09-07,4,NL,NotreDame,Rt_cocirc,WIS,1.20175652173913,1.421633956370449,10,1,1.0
2025-08-20,ILI incidence,2025-09-07,4,NL,QMUL,ARIMA,WIS,1.89077263223557,0.7678027012992774,10,5,0.8905874523849708
2025-08-20,ILI incidence,2025-09-07,4,NL,respicast,hubEnsemble,WIS,1.68324694052229,0.9355317465594146,10,3,0.9235415651843963
2025-08-20,ILI incidence,2025-09-07,4,NL,respicast,quantileBaseline,WIS,3.21937043478261,0.0,10,8,0.6796123124456963
2025-08-20,ILI incidence,2025-09-07,4,NL,safinea,PRFM,WIS,1.61301383247332,0.9970197786977804,10,2,0.9346942554647771
2025-08-20,ILI incidence,2025-09-07,4,NO,ECDC,SARIMA,WIS,4.61890065873175,0.4409809507071554,9,1,1.0
2025-08-20,ILI incidence,2025-09-07,4,NO,ECDC,soca_simplex,WIS,13.0212461093128,-1.0542651448782703,9,8,0.2570794932630767
2025-08-20,ILI incidence,2025-09-07,4,NO,ISI,FluBcast,WIS,15.9287855984894,-1.345033907315516,9,9,0.0
2025-08-20,ILI incidence,2025-09-07,4,NO,ItaLuxColab,EpiEKF,WIS,6.21267661069844,0.013315508949628805,9,5,0.859081152420562
2025-08-20,ILI incidence,2025-09-07,4,NO,ItaLuxColab,EpiNetEKF,WIS,6.16284971589703,0.02493285767060012,9,3,0.8634867582305957
2025-08-20,ILI incidence,2025-09-07,4,NO,NotreDame,Rt_cocirc,WIS,12.0878891304348,-0.9469599598483712,9,7,0.3396052646435591
2025-08-20,ILI incidence,2025-09-07,4,NO,QMUL,ARIMA,WIS,5.86782496048187,0.09570463288751611,9,2,0.8895723247051103
2025-08-20,ILI incidence,2025-09-07,4,NO,respicast,hubEnsemble,WIS,6.17132061337987,0.02295122074074801,9,4,0.8627377764745513
2025-08-20,ILI incidence,2025-09-07,4,NO,respicast,quantileBaseline,WIS,6.27028260869565,0.0,9,6,0.8539877320803861
2025-08-20,ILI incidence,2025-09-07,4,PL,ECDC,soca_simplex,WIS,28.2647699221478,-0.0035471231456187763,7,7,0.0
2025-08-20,ILI incidence,2025-09-07,4,PL,ItaLuxColab,EpiEKF,WIS,27.5238864717654,0.03477363207123037,7,4,0.04117556370740987
2025-08-20,ILI incidence,2025-09-07,4,PL,ItaLuxColab,EpiNetEKF,WIS,19.1556360029289,0.5576889034942524,7,3,0.5062519939088073
2025-08-20,ILI incidence,2025-09-07,4,PL,NotreDame,Rt_cocirc,WIS,27.761002173913,0.02239817998650456,7,5,0.02799754941276421
2025-08-20,ILI incidence,2025-09-07,4,PL,respicast,hubEnsemble,WIS,15.9449146171004,0.8223614580533215,7,2,0.684692021015216
2025-08-20,ILI incidence,2025-09-07,4,PL,respicast,quantileBaseline,WIS,28.1953613043478,0.0,7,6,0.003857474428119696
2025-08-20,ILI incidence,2025-09-07,4,PL,safinea,PRFM,WIS,10.2714898386727,1.456812376223322,7,1,1.0
2025-08-20,ILI incidence,2025-09-07,4,RO,ItaLuxColab,EpiEKF,WIS,1.18160217311579,0.4660127417338353,6,4,0.8635865787753758
2025-08-20,ILI incidence,2025-09-07,4,RO,ItaLuxColab,EpiNetEKF,WIS,0.631309343555537,1.3703381175869793,6,2,0.9271166985260416
2025-08-20,ILI incidence,2025-09-07,4,RO,NotreDame,Rt_cocirc,WIS,0.0,10.0,6,1,1.0
2025-08-20,ILI incidence,2025-09-07,4,RO,respicast,hubEnsemble,WIS,0.896363709366666,0.8646009807861205,6,3,0.8965167439275527
2025-08-20,ILI incidence,2025-09-07,4,RO,respicast,quantileBaseline,WIS,1.63213130434782,0.0,6,5,0.8115739627265592
2025-08-20,ILI incidence,2025-09-07,4,RO,safinea,PRFM,WIS,8.66192023122207,-2.4079297602455334,6,6,0.0
2025-08-20,ILI incidence,2025-09-07,4,SI,ECDC,SARIMA,WIS,4.04141678208619,-0.16932091027080065,5,5,0.0
2025-08-20,ILI incidence,2025-09-07,4,SI,NotreDame,Rt_cocirc,WIS,0.0,10.0,5,1,1.0
2025-08-20,ILI incidence,2025-09-07,4,SI,respicast,hubEnsemble,WIS,0.0001986956521739,14.142692306204612,5,2,0.9999508351494321
2025-08-20,ILI incidence,2025-09-07,4,SI,respicast,quantileBaseline,WIS,3.593875,0.0,5,4,0.11073883398266286
2025-08-20,ILI incidence,2025-09-07,4,SI,safinea,PRFM,WIS,0.001,11.811324515430849,5,3,0.9997525620212118
2025-08-27,ILI incidence,2025-08-24,1,BE,ECDC,SARIMA,WIS,17.3325768634028,-0.054949509571895226,8,6,0.6185415408768027
2025-08-27,ILI incidence,2025-08-24,1,BE,ECDC,soca_simplex,WIS,21.0325512519812,-0.33408721105961287,8,7,0.3639971581870051
2025-08-27,ILI incidence,2025-08-24,1,BE,ItaLuxColab,EpiEKF,WIS,13.9891697318239,0.25422630881085095,8,4,0.8485554315176527
2025-08-27,ILI incidence,2025-08-24,1,BE,ItaLuxColab,EpiNetEKF,WIS,13.5177733785743,0.3036791155149556,8,2,0.8809857353896327
2025-08-27,ILI incidence,2025-08-24,1,BE,QMUL,ARIMA,WIS,11.7878207224574,0.5012396245627397,8,1,1.0
2025-08-27,ILI incidence,2025-08-24,1,BE,respicast,hubEnsemble,WIS,13.5446497419741,0.3008135621408917,8,3,0.8791367422312835
2025-08-27,ILI incidence,2025-08-24,1,BE,respicast,quantileBaseline,WIS,16.6848260869565,0.0,8,5,0.6631043686726757
2025-08-27,ILI incidence,2025-08-24,1,BE,safinea,PRFM,WIS,26.3234955995864,-0.6578144341184365,8,8,0.0
2025-08-27,ILI incidence,2025-08-24,1,CZ,ECDC,SARIMA,WIS,2.1676194948632,-0.9718948713740372,9,8,0.444634603521744
2025-08-27,ILI incidence,2025-08-24,1,CZ,ECDC,soca_simplex,WIS,0.207834575878658,2.410709066381508,9,2,0.9915072369723521
2025-08-27,ILI incidence,2025-08-24,1,CZ,ISI,FluBcast,WIS,0.672321508323175,0.716993447188303,9,5,0.8618934260440871
2025-08-27,ILI incidence,2025-08-24,1,CZ,ItaLuxColab,EpiEKF,WIS,1.00272262909821,0.14029407000533548,9,6,0.7696958949461854
2025-08-27,ILI incidence,2025-08-24,1,CZ,ItaLuxColab,EpiNetEKF,WIS,0.564404944618606,0.9694141238356647,9,3,0.8920072486449045
2025-08-27,ILI incidence,2025-08-24,1,CZ,QMUL,ARIMA,WIS,3.76102193839448,-1.7669080657287008,9,9,0.0
2025-08-27,ILI incidence,2025-08-24,1,CZ,respicast,hubEnsemble,WIS,0.57851754991142,0.9337840253362809,9,4,0.8880691646508052
2025-08-27,ILI incidence,2025-08-24,1,CZ,respicast,quantileBaseline,WIS,1.10513043478261,0.0,9,7,0.741119276237667
2025-08-27,ILI incidence,2025-08-24,1,CZ,safinea,PRFM,WIS,0.177399721610901,2.6391410052829367,9,1,1.0
2025-08-27,ILI incidence,2025-08-24,1,DK,ECDC,SARIMA,WIS,12.9085098554764,-0.34410764321063925,9,6,0.230840526939522
2025-08-27,ILI incidence,2025-08-24,1,DK,ECDC,soca_simplex,WIS,15.2386593664477,-0.5835211622554659,9,7,0.03584894728940258
2025-08-27,ILI incidence,2025-08-24,1,DK,ISI,FluBcast,WIS,15.6670543112198,-0.6235191287401156,9,9,0.0
2025-08-27,ILI incidence,2025-08-24,1,DK,ItaLuxColab,EpiEKF,WIS,11.0678364237106,-0.12215840313149948,9,5,0.3848717675917189
2025-08-27,ILI incidence,2025-08-24,1,DK,ItaLuxColab,EpiNetEKF,WIS,9.96993586745676,0.028558694383946155,9,2,0.4767462858381654
2025-08-27,ILI incidence,2025-08-24,1,DK,QMUL,ARIMA,WIS,3.7170536232292,1.4519834177048516,9,1,1.0
2025-08-27,ILI incidence,2025-08-24,1,DK,respicast,hubEnsemble,WIS,10.2228282286368,-0.007579560943781652,9,4,0.4555837463720222
2025-08-27,ILI incidence,2025-08-24,1,DK,respicast,quantileBaseline,WIS,10.1692608695652,0.0,9,3,0.4600663703040387
2025-08-27,ILI incidence,2025-08-24,1,DK,safinea,PRFM,WIS,15.4097040659688,-0.5996243321551107,9,8,0.021535584136796748
2025-08-27,ILI incidence,2025-08-24,1,EE,ECDC,soca_simplex,WIS,16.6815504770495,-0.7159365277785994,6,4,0.44556429426590505
2025-08-27,ILI incidence,2025-08-24,1,EE,ItaLuxColab,EpiEKF,WIS,22.6444459285976,-1.1568403800844531,6,6,0.0
2025-08-27,ILI incidence,2025-08-24,1,EE,ItaLuxColab,EpiNetEKF,WIS,17.4376625855752,-0.7798898090082473,6,5,0.3890654740604135
2025-08-27,ILI incidence,2025-08-24,1,EE,respicast,hubEnsemble,WIS,14.4989330126588,-0.5136298757169356,6,3,0.6086556008426787
2025-08-27,ILI incidence,2025-08-24,1,EE,respicast,quantileBaseline,WIS,10.1558913043478,0.0,6,2,0.9331798742354955
2025-08-27,ILI incidence,2025-08-24,1,EE,safinea,PRFM,WIS,9.2616512830519,0.1329755161699583,6,1,1.0
2025-08-27,ILI incidence,2025-08-24,1,ES,ECDC,soca_simplex,WIS,0.518958330527749,2.0929096500780155,6,1,1.0
2025-08-27,ILI incidence,2025-08-24,1,ES,ItaLuxColab,EpiEKF,WIS,2.56636590902305,-0.21312662460125073,6,6,0.0
2025-08-27,ILI incidence,2025-08-24,1,ES,ItaLuxColab,EpiNetEKF,WIS,1.30773665048762,0.7595282151141509,6,4,0.6147428932838243
2025-08-27,ILI incidence,2025-08-24,1,ES,respicast,hubEnsemble,WIS,0.92980506934498,1.2516000613850997,6,3,0.7993331942635602
2025-08-27,ILI incidence,2025-08-24,1,ES,respicast,quantileBaseline,WIS,2.21391565217391,0.0,6,5,0.17214464796900172
2025-08-27,ILI incidence,2025-08-24,1,ES,safinea,PRFM,WIS,0.523731922180471,2.079699811198055,6,2,0.9976684702631458
2025-08-27,ILI incidence,2025-08-24,1,FI,ECDC,SARIMA,WIS,1.52292087914141,-0.8207901745184205,9,8,0.5447891146700836
2025-08-27,ILI incidence,2025-08-24,1,FI,ECDC,soca_simplex,WIS,0.625509027200461,0.4629482061046295,9,2,0.9167753959843936
2025-08-27,ILI incidence,2025-08-24,1,FI,ISI,FluBcast,WIS,1.0923962031235,-0.34144538840604216,9,6,0.7232459434935217
2025-08-27,ILI incidence,2025-08-24,1,FI,ItaLuxColab,EpiEKF,WIS,1.10145129085162,-0.35335488018448297,9,7,0.7194925181251437
2025-08-27,ILI incidence,2025-08-24,1,FI,ItaLuxColab,EpiNetEKF,WIS,0.638111037725422,0.43417142203200104,9,3,0.9115517352737342
2025-08-27,ILI incidence,2025-08-24,1,FI,QMUL,ARIMA,WIS,2.83721721981816,-1.7184257924307906,9,9,0.0
2025-08-27,ILI incidence,2025-08-24,1,FI,respicast,hubEnsemble,WIS,0.670163393536311,0.3634660271980436,9,4,0.8982657098889922
2025-08-27,ILI incidence,2025-08-24,1,FI,respicast,quantileBaseline,WIS,0.862173913043478,0.0,9,5,0.8186754092146485
2025-08-27,ILI incidence,2025-08-24,1,FI,safinea,PRFM,WIS,0.424730800237863,1.0214301787724014,9,1,1.0
2025-08-27,ILI incidence,2025-08-24,1,FR,respicast,quantileBaseline,WIS,30.5826502173913,0.0,1,1,0.0
2025-08-27,ILI incidence,2025-08-24,1,GR,ECDC,SARIMA,WIS,46.0073796991636,-0.17863154250385713,8,7,0.22180906007038914
2025-08-27,ILI incidence,2025-08-24,1,GR,ECDC,soca_simplex,WIS,53.4677608814345,-0.39543551180289405,8,8,0.0
2025-08-27,ILI incidence,2025-08-24,1,GR,ItaLuxColab,EpiEKF,WIS,34.8057638684512,0.22390751156806254,8,5,0.5548510076567192
2025-08-27,ILI incidence,2025-08-24,1,GR,ItaLuxColab,EpiNetEKF,WIS,32.0274510768406,0.34392476416778595,8,4,0.6374546888671613
2025-08-27,ILI incidence,2025-08-24,1,GR,QMUL,ARIMA,WIS,25.1284399558948,0.6939126416924872,8,2,0.8425733195061316
2025-08-27,ILI incidence,2025-08-24,1,GR,respicast,hubEnsemble,WIS,29.0414549234049,0.485120017623779,8,3,0.7262331284650376
2025-08-27,ILI incidence,2025-08-24,1,GR,respicast,quantileBaseline,WIS,40.6493913043479,0.0,8,6,0.3811106213024608
2025-08-27,ILI incidence,2025-08-24,1,GR,safinea,PRFM,WIS,19.8335117668879,1.0352936020693357,8,1,1.0
2025-08-27,ILI incidence,2025-08-24,1,HR,ItaLuxColab,EpiEKF,WIS,0.933627530915592,1.550965800442142,4,3,0.7512842313529045
2025-08-27,ILI incidence,2025-08-24,1,HR,ItaLuxColab,EpiNetEKF,WIS,0.337059779989928,3.0208084179705956,4,1,1.0
2025-08-27,ILI incidence,2025-08-24,1,HR,respicast,hubEnsemble,WIS,0.63534365545276,2.106275752102046,4,2,0.8756421156764523
2025-08-27,ILI incidence,2025-08-24,1,HR,respicast,quantileBaseline,WIS,2.73565217391304,0.0,4,4,0.0
2025-08-27,ILI incidence,2025-08-24,1,IE,ISI,FluBcast,WIS,2.20672703303632,-1.0954830233349226,6,6,0.0
2025-08-27,ILI incidence,2025-08-24,1,IE,ItaLuxColab,EpiEKF,WIS,0.793974718936394,0.3792601831715488,6,4,0.8607760372414466
2025-08-27,ILI incidence,2025-08-24,1,IE,ItaLuxColab,EpiNetEKF,WIS,0.565472800835092,0.8688956217616607,6,1,1.0
2025-08-27,ILI incidence,2025-08-24,1,IE,respicast,hubEnsemble,WIS,0.581227114486577,0.8292512473459114,6,2,0.9904010522304302
2025-08-27,ILI incidence,2025-08-24,1,IE,respicast,quantileBaseline,WIS,1.03270282608696,0.0,6,5,0.7153213584557065
2025-08-27,ILI incidence,2025-08-24,1,IE,safinea,PRFM,WIS,0.617930987998784,0.7409075306944468,6,3,0.9680377444673298
2025-08-27,ILI incidence,2025-08-24,1,IS,ECDC,SARIMA,WIS,0.861368263810086,-1.5656110168738224,9,9,0.0
2025-08-27,ILI incidence,2025-08-24,1,IS,ECDC,soca_simplex,WIS,0.308982328467892,-0.08650517573791403,9,4,0.9659111847027212
2025-08-27,ILI incidence,2025-08-24,1,IS,ISI,FluBcast,WIS,0.448147355525288,-0.6229540303345764,9,7,0.722564916172325
2025-08-27,ILI incidence,2025-08-24,1,IS,ItaLuxColab,EpiEKF,WIS,0.511062538279864,-0.8124806901735734,9,8,0.6125503867969265
2025-08-27,ILI incidence,2025-08-24,1,IS,ItaLuxColab,EpiNetEKF,WIS,0.336685436977966,-0.21038216692108083,9,5,0.9174690708673335
2025-08-27,ILI incidence,2025-08-24,1,IS,QMUL,ARIMA,WIS,0.304873672521252,-0.06719241812922522,9,3,0.9730956484608296
2025-08-27,ILI incidence,2025-08-24,1,IS,respicast,hubEnsemble,WIS,0.352438294293597,-0.27635153612453667,9,6,0.8899233639644812
2025-08-27,ILI incidence,2025-08-24,1,IS,respicast,quantileBaseline,WIS,0.291,0.0,9,2,0.9973553817447313
2025-08-27,ILI incidence,2025-08-24,1,IS,safinea,PRFM,WIS,0.289487593940628,0.007517630631801773,9,1,1.0
2025-08-27,ILI incidence,2025-08-24,1,LT,ECDC,SARIMA,WIS,2.45771869567946,-0.9573892603442663,9,8,0.7048725377474555
2025-08-27,ILI incidence,2025-08-24,1,LT,ECDC,soca_simplex,WIS,1.1022308510523,0.19950412418505767,9,4,0.8990435203345718
2025-08-27,ILI incidence,2025-08-24,1,LT,ISI,FluBcast,WIS,1.12011862144512,0.17627901464238452,9,5,0.8964811322119237
2025-08-27,ILI incidence,2025-08-24,1,LT,ItaLuxColab,EpiEKF,WIS,1.28457071556369,-0.021355775167988162,9,7,0.8729236913760785
2025-08-27,ILI incidence,2025-08-24,1,LT,ItaLuxColab,EpiNetEKF,WIS,0.577417137720294,1.1322447050980513,9,2,0.9742220583028695
2025-08-27,ILI incidence,2025-08-24,1,LT,QMUL,ARIMA,WIS,7.37836205957399,-2.543370046911976,9,9,0.0
2025-08-27,ILI incidence,2025-08-24,1,LT,respicast,hubEnsemble,WIS,0.588751747023958,1.1041991967533746,9,3,0.9725983976891227
2025-08-27,ILI incidence,2025-08-24,1,LT,respicast,quantileBaseline,WIS,1.26569565217391,0.0,9,6,0.8756275072895261
2025-08-27,ILI incidence,2025-08-24,1,LT,safinea,PRFM,WIS,0.397463953344296,1.6710346064874357,9,1,1.0
2025-08-27,ILI incidence,2025-08-24,1,LU,ECDC,SARIMA,WIS,501.317035069482,-0.2022585820440538,8,6,0.10776896242236692
2025-08-27,ILI incidence,2025-08-24,1,LU,ECDC,soca_simplex,WIS,246.076465710709,0.8243579888382995,8,1,1.0
2025-08-27,ILI incidence,2025-08-24,1,LU,ItaLuxColab,EpiEKF,WIS,479.741576147191,-0.13879279755106688,8,5,0.1831891597241156
2025-08-27,ILI incidence,2025-08-24,1,LU,ItaLuxColab,EpiNetEKF,WIS,532.14650655096,-0.2883588157005231,8,8,0.0
2025-08-27,ILI incidence,2025-08-24,1,LU,QMUL,ARIMA,WIS,356.708307778226,0.2887198598655205,8,2,0.6132700867851565
2025-08-27,ILI incidence,2025-08-24,1,LU,respicast,hubEnsemble,WIS,447.418501101591,-0.0381602375900995,8,4,0.296179233590851
2025-08-27,ILI incidence,2025-08-24,1,LU,respicast,quantileBaseline,WIS,435.739130434783,0.0,8,3,0.33700619552123384
2025-08-27,ILI incidence,2025-08-24,1,LU,safinea,PRFM,WIS,503.696181495816,-0.20908911741606342,8,7,0.09945230535703456
2025-08-27,ILI incidence,2025-08-24,1,MT,ECDC,SARIMA,WIS,13400.9573001624,0.90140492398403,8,5,0.5112231680768513
2025-08-27,ILI incidence,2025-08-24,1,MT,ECDC,soca_simplex,WIS,2281.14056922534,3.455913730817712,8,1,1.0
2025-08-27,ILI incidence,2025-08-24,1,MT,ItaLuxColab,EpiEKF,WIS,18272.9593969785,0.4540306830169242,8,7,0.2970719992559208
2025-08-27,ILI incidence,2025-08-24,1,MT,ItaLuxColab,EpiNetEKF,WIS,17411.8958094895,0.523667695201986,8,6,0.3349204586829844
2025-08-27,ILI incidence,2025-08-24,1,MT,QMUL,ARIMA,WIS,12483.6355293591,1.00370284532452,8,4,0.5515444827024734
2025-08-27,ILI incidence,2025-08-24,1,MT,respicast,hubEnsemble,WIS,2492.92166525008,3.3278315325299683,8,2,0.9906910612215223
2025-08-27,ILI incidence,2025-08-24,1,MT,respicast,quantileBaseline,WIS,25031.4347826087,0.0,8,8,0.0
2025-08-27,ILI incidence,2025-08-24,1,MT,safinea,PRFM,WIS,2492.92166525008,3.3278315325299683,8,2,0.9906910612215223
2025-08-27,ILI incidence,2025-08-24,1,NL,ECDC,SARIMA,WIS,1.82375520990867,-0.46447463698661307,9,8,0.037609064151096515
2025-08-27,ILI incidence,2025-08-24,1,NL,ECDC,soca_simplex,WIS,0.645258405517872,1.0344885275454874,9,3,0.933681103030356
2025-08-27,ILI incidence,2025-08-24,1,NL,ISI,FluBcast,WIS,0.573402786985917,1.2048166406682832,9,2,0.988316644139136
2025-08-27,ILI incidence,2025-08-24,1,NL,ItaLuxColab,EpiEKF,WIS,0.820338835458862,0.6881456290375446,9,5,0.8005584019415068
2025-08-27,ILI incidence,2025-08-24,1,NL,ItaLuxColab,EpiNetEKF,WIS,0.558037060850985,1.2440046186109202,9,1,1.0
2025-08-27,ILI incidence,2025-08-24,1,NL,QMUL,ARIMA,WIS,1.8732179316488,-0.5030812911228493,9,9,0.0
2025-08-27,ILI incidence,2025-08-24,1,NL,respicast,hubEnsemble,WIS,0.765584356048969,0.7878042072924679,9,4,0.8421910629888636
2025-08-27,ILI incidence,2025-08-24,1,NL,respicast,quantileBaseline,WIS,1.32173913043478,0.0,9,6,0.4193178394386788
2025-08-27,ILI incidence,2025-08-24,1,NL,safinea,PRFM,WIS,1.66703000316602,-0.3348426076495376,9,7,0.15677534022959322
2025-08-27,ILI incidence,2025-08-24,1,NO,ECDC,SARIMA,WIS,2.43882498451736,0.4123608200601266,8,3,0.9703884599395469
2025-08-27,ILI incidence,2025-08-24,1,NO,ECDC,soca_simplex,WIS,3.91543188961685,-0.2706244010799023,8,7,0.5983829008176238
2025-08-27,ILI incidence,2025-08-24,1,NO,ISI,FluBcast,WIS,6.29060156537747,-0.9546509365987799,8,8,0.0
2025-08-27,ILI incidence,2025-08-24,1,NO,ItaLuxColab,EpiEKF,WIS,2.5244598361302,0.3625723264602325,8,5,0.948814240867064
2025-08-27,ILI incidence,2025-08-24,1,NO,ItaLuxColab,EpiNetEKF,WIS,2.43320868227695,0.41568699370079243,8,2,0.9718033901067608
2025-08-27,ILI incidence,2025-08-24,1,NO,QMUL,ARIMA,WIS,2.48995623568501,0.3824266656982647,8,4,0.957506825962667
2025-08-27,ILI incidence,2025-08-24,1,NO,respicast,hubEnsemble,WIS,2.32128748151041,0.4836218455696837,8,1,1.0
2025-08-27,ILI incidence,2025-08-24,1,NO,respicast,quantileBaseline,WIS,3.24573913043478,0.0,8,6,0.7671004033967166
2025-08-27,ILI incidence,2025-08-24,1,PL,ECDC,SARIMA,WIS,12.5490644314848,-0.5527400513312289,8,7,0.026252763152198044
2025-08-27,ILI incidence,2025-08-24,1,PL,ECDC,soca_simplex,WIS,5.04605065916634,0.7616131645793919,8,1,1.0
2025-08-27,ILI incidence,2025-08-24,1,PL,ItaLuxColab,EpiEKF,WIS,6.99929492050753,0.2895582563600074,8,3,0.7465063692956417
2025-08-27,ILI incidence,2025-08-24,1,PL,ItaLuxColab,EpiNetEKF,WIS,5.15053698992629,0.7320450006097317,8,2,0.9864396789139269
2025-08-27,ILI incidence,2025-08-24,1,PL,QMUL,ARIMA,WIS,12.7513498255158,-0.575810215374562,8,8,0.0
2025-08-27,ILI incidence,2025-08-24,1,PL,respicast,hubEnsemble,WIS,7.83949393713982,0.12600732766287145,8,4,0.6374646567685536
2025-08-27,ILI incidence,2025-08-24,1,PL,respicast,quantileBaseline,WIS,8.555,0.0,8,5,0.5446056973156963
2025-08-27,ILI incidence,2025-08-24,1,PL,safinea,PRFM,WIS,9.31570000856975,-0.12289632679230494,8,6,0.445881430788593
2025-08-27,ILI incidence,2025-08-24,1,RO,ItaLuxColab,EpiEKF,WIS,0.806113636497892,0.7276445852960061,4,3,0.7081059198870526
2025-08-27,ILI incidence,2025-08-24,1,RO,ItaLuxColab,EpiNetEKF,WIS,0.588150511343673,1.1824424158353524,4,1,1.0
2025-08-27,ILI incidence,2025-08-24,1,RO,respicast,hubEnsemble,WIS,0.697132073920783,0.9371958074859316,4,2,0.8540529599435256
2025-08-27,ILI incidence,2025-08-24,1,RO,respicast,quantileBaseline,WIS,1.33487043478261,0.0,4,4,0.0
2025-08-27,ILI incidence,2025-08-24,1,SI,ECDC,SARIMA,WIS,1.89655869596915,-0.543377402647886,5,5,0.0
2025-08-27,ILI incidence,2025-08-24,1,SI,ECDC,soca_simplex,WIS,1.79894795136522,-0.46714682679141034,5,3,0.16399355176972846
2025-08-27,ILI incidence,2025-08-24,1,SI,respicast,hubEnsemble,WIS,1.79894754119634,-0.46714649784988876,5,2,0.16399424088496597
2025-08-27,ILI incidence,2025-08-24,1,SI,respicast,quantileBaseline,WIS,1.30134782608696,0.0,5,1,1.0
2025-08-27,ILI incidence,2025-08-24,1,SI,safinea,PRFM,WIS,1.799,-0.4671885674215153,5,4,0.1639061060636542
2025-08-27,ILI incidence,2025-08-31,2,BE,ECDC,SARIMA,WIS,27.7369578719279,-0.8952626311255035,8,8,0.0
2025-08-27,ILI incidence,2025-08-31,2,BE,ECDC,soca_simplex,WIS,2.72287379891015,2.4533449113108845,8,1,1.0
2025-08-27,ILI incidence,2025-08-31,2,BE,ItaLuxColab,EpiEKF,WIS,11.1158158628278,0.4239330924898956,8,5,0.6644713418481323
2025-08-27,ILI incidence,2025-08-31,2,BE,ItaLuxColab,EpiNetEKF,WIS,8.88846586223334,0.7465405952703155,8,3,0.7535151778763747
2025-08-27,ILI incidence,2025-08-31,2,BE,QMUL,ARIMA,WIS,23.5488464282676,-0.659109455605541,8,7,0.1674301338172099
2025-08-27,ILI incidence,2025-08-31,2,BE,respicast,hubEnsemble,WIS,9.74697824354185,0.6135200043862303,8,4,0.7191940178929647
2025-08-27,ILI incidence,2025-08-31,2,BE,respicast,quantileBaseline,WIS,14.9127563043478,0.0,8,6,0.5126792382301673
2025-08-27,ILI incidence,2025-08-31,2,BE,safinea,PRFM,WIS,8.28227869440639,0.8484472790364042,8,2,0.7777490121457986
2025-08-27,ILI incidence,2025-08-31,2,CZ,ECDC,SARIMA,WIS,3.61037482104142,-0.827430716503748,9,8,0.4523612100815756
2025-08-27,ILI incidence,2025-08-31,2,CZ,ECDC,soca_simplex,WIS,0.882861317019551,1.2044591686167254,9,3,0.9211456509237925
2025-08-27,ILI incidence,2025-08-31,2,CZ,ISI,FluBcast,WIS,1.48379438010283,0.4554267244181215,9,5,0.8178618103320956
2025-08-27,ILI incidence,2025-08-31,2,CZ,ItaLuxColab,EpiEKF,WIS,1.52548805740921,0.4154470202256002,9,6,0.8106958156728917
2025-08-27,ILI incidence,2025-08-31,2,CZ,ItaLuxColab,EpiNetEKF,WIS,0.880781213757421,1.2078623027552546,9,2,0.9215031633772391
2025-08-27,ILI incidence,2025-08-31,2,CZ,QMUL,ARIMA,WIS,6.24233356731826,-1.617367545869769,9,9,0.0
2025-08-27,ILI incidence,2025-08-31,2,CZ,respicast,hubEnsemble,WIS,1.01622745314992,1.0014945619094016,9,4,0.8982236857489281
2025-08-27,ILI incidence,2025-08-31,2,CZ,respicast,quantileBaseline,WIS,2.03456152173913,0.0,9,7,0.7232001097958665
2025-08-27,ILI incidence,2025-08-31,2,CZ,safinea,PRFM,WIS,0.424065582310855,2.2623586038797088,9,1,1.0
2025-08-27,ILI incidence,2025-08-31,2,DK,ECDC,SARIMA,WIS,11.7464080951363,0.5198274162498957,9,2,0.9002657525448993
2025-08-27,ILI incidence,2025-08-31,2,DK,ECDC,soca_simplex,WIS,19.4790344194862,-0.20987508209081665,9,8,0.5044576650254807
2025-08-27,ILI incidence,2025-08-31,2,DK,ISI,FluBcast,WIS,29.3342717001159,-0.8005400914279248,9,9,0.0
2025-08-27,ILI incidence,2025-08-31,2,DK,ItaLuxColab,EpiEKF,WIS,17.7341412743872,-0.07448239118426324,9,6,0.5937730915982814
2025-08-27,ILI incidence,2025-08-31,2,DK,ItaLuxColab,EpiNetEKF,WIS,18.0052143264952,-0.09636769051026774,9,7,0.5798977403485959
2025-08-27,ILI incidence,2025-08-31,2,DK,QMUL,ARIMA,WIS,15.1952789712262,0.14842392070885768,9,4,0.7237292268798845
2025-08-27,ILI incidence,2025-08-31,2,DK,respicast,hubEnsemble,WIS,15.1459478329175,0.15311521758823868,9,3,0.7262543280150107
2025-08-27,ILI incidence,2025-08-31,2,DK,respicast,quantileBaseline,WIS,16.8418086956522,0.0,9,5,0.6394487051098479
2025-08-27,ILI incidence,2025-08-31,2,DK,safinea,PRFM,WIS,9.79796971899346,0.7814923443197053,9,1,1.0
2025-08-27,ILI incidence,2025-08-31,2,EE,ECDC,soca_simplex,WIS,11.9133511104198,0.8828175769411724,6,1,1.0
2025-08-27,ILI incidence,2025-08-31,2,EE,ItaLuxColab,EpiEKF,WIS,28.9125757100597,-0.39630027529851397,6,6,0.0
2025-08-27,ILI incidence,2025-08-31,2,EE,ItaLuxColab,EpiNetEKF,WIS,24.3063936282748,-0.14593899128757934,6,5,0.27096424632700433
2025-08-27,ILI incidence,2025-08-31,2,EE,respicast,hubEnsemble,WIS,19.8698041579568,0.14481921031472253,6,3,0.5319520016397957
2025-08-27,ILI incidence,2025-08-31,2,EE,respicast,quantileBaseline,WIS,21.9678984782609,0.0,6,4,0.408529059139904
2025-08-27,ILI incidence,2025-08-31,2,EE,safinea,PRFM,WIS,12.9228630286778,0.7654711323898308,6,2,0.9406142372941302
2025-08-27,ILI incidence,2025-08-31,2,ES,ECDC,soca_simplex,WIS,0.363143891858773,2.940505295228169,6,1,1.0
2025-08-27,ILI incidence,2025-08-31,2,ES,ItaLuxColab,EpiEKF,WIS,3.36420722885752,-0.271148061409613,6,6,0.0
2025-08-27,ILI incidence,2025-08-31,2,ES,ItaLuxColab,EpiNetEKF,WIS,1.80810312829218,0.6246415475209236,6,4,0.518517580545815
2025-08-27,ILI incidence,2025-08-31,2,ES,respicast,hubEnsemble,WIS,1.26006714899367,1.1456178972200877,6,3,0.7011315135948191
2025-08-27,ILI incidence,2025-08-31,2,ES,respicast,quantileBaseline,WIS,2.78778347826087,0.0,6,5,0.19207317069592741
2025-08-27,ILI incidence,2025-08-31,2,ES,safinea,PRFM,WIS,0.747549559736227,1.8988773813578192,6,2,0.8719101782563896
2025-08-27,ILI incidence,2025-08-31,2,FI,ECDC,SARIMA,WIS,2.44468585782748,-0.6403627426397189,9,8,0.4039466530132636
2025-08-27,ILI incidence,2025-08-31,2,FI,ECDC,soca_simplex,WIS,0.445583219382207,1.815519541043484,9,1,1.0
2025-08-27,ILI incidence,2025-08-31,2,FI,ISI,FluBcast,WIS,1.8295161484345,-0.22217580173513943,9,7,0.5873659318421439
2025-08-27,ILI incidence,2025-08-31,2,FI,ItaLuxColab,EpiEKF,WIS,1.50520509694271,0.059326268314461535,9,5,0.6840626616592813
2025-08-27,ILI incidence,2025-08-31,2,FI,ItaLuxColab,EpiNetEKF,WIS,0.88621879660351,0.8235515164469639,9,2,0.8686198969711478
2025-08-27,ILI incidence,2025-08-31,2,FI,QMUL,ARIMA,WIS,3.7994820751666,-1.276516423467238,9,9,0.0
2025-08-27,ILI incidence,2025-08-31,2,FI,respicast,hubEnsemble,WIS,1.19606526829719,0.3909902297466115,9,3,0.7762359328097674
2025-08-27,ILI incidence,2025-08-31,2,FI,respicast,quantileBaseline,WIS,1.56839217391304,0.0,9,6,0.6652227742066967
2025-08-27,ILI incidence,2025-08-31,2,FI,safinea,PRFM,WIS,1.28629895624111,0.28606036130747203,9,4,0.7493318155945758
2025-08-27,ILI incidence,2025-08-31,2,FR,respicast,quantileBaseline,WIS,31.0387517391304,0.0,1,1,0.0
2025-08-27,ILI incidence,2025-08-31,2,GR,ECDC,SARIMA,WIS,55.3230085804125,-0.2835632316116806,8,7,0.5143373108154514
2025-08-27,ILI incidence,2025-08-31,2,GR,ECDC,soca_simplex,WIS,23.5429112773348,0.9490236510887395,8,1,1.0
2025-08-27,ILI incidence,2025-08-31,2,GR,ItaLuxColab,EpiEKF,WIS,53.7867280435841,-0.24293384574287827,8,5,0.5378147133464282
2025-08-27,ILI incidence,2025-08-31,2,GR,ItaLuxColab,EpiNetEKF,WIS,42.3192012864573,0.10300398483821224,8,2,0.7130611838039812
2025-08-27,ILI incidence,2025-08-31,2,GR,QMUL,ARIMA,WIS,88.9794745769328,-0.969156195665725,8,8,0.0
2025-08-27,ILI incidence,2025-08-31,2,GR,respicast,hubEnsemble,WIS,43.2965636993519,0.07006385606193875,8,3,0.6981251547154761
2025-08-27,ILI incidence,2025-08-31,2,GR,respicast,quantileBaseline,WIS,45.4511369565217,0.0,8,4,0.6651990175755227
2025-08-27,ILI incidence,2025-08-31,2,GR,safinea,PRFM,WIS,54.4550921848089,-0.26075058025444775,8,6,0.5276007884774718
2025-08-27,ILI incidence,2025-08-31,2,HR,ItaLuxColab,EpiEKF,WIS,1.34226137921838,1.1860990199922552,4,3,0.6554337354520162
2025-08-27,ILI incidence,2025-08-31,2,HR,ItaLuxColab,EpiNetEKF,WIS,0.442316096832449,2.787615004527395,4,1,1.0
2025-08-27,ILI incidence,2025-08-31,2,HR,respicast,hubEnsemble,WIS,0.891980506706607,1.7756805685781691,4,2,0.8278348816944314
2025-08-27,ILI incidence,2025-08-31,2,HR,respicast,quantileBaseline,WIS,3.05413673913043,0.0,4,4,0.0
2025-08-27,ILI incidence,2025-08-31,2,IE,ISI,FluBcast,WIS,0.779479552042706,0.2661499370612136,6,4,0.3691862134594108
2025-08-27,ILI incidence,2025-08-31,2,IE,ItaLuxColab,EpiEKF,WIS,0.954884472617753,-0.02666508371095615,6,6,0.0
2025-08-27,ILI incidence,2025-08-31,2,IE,ItaLuxColab,EpiNetEKF,WIS,0.72471853082846,0.37124033044206883,6,3,0.4844453179416484
2025-08-27,ILI incidence,2025-08-31,2,IE,respicast,hubEnsemble,WIS,0.563351881873453,0.73462477185254,6,2,0.8240842625677438
2025-08-27,ILI incidence,2025-08-31,2,IE,respicast,quantileBaseline,WIS,0.937397608695652,0.0,6,5,0.036805746700351416
2025-08-27,ILI incidence,2025-08-31,2,IE,safinea,PRFM,WIS,0.479772146695725,0.9663117104978233,6,1,1.0
2025-08-27,ILI incidence,2025-08-31,2,IS,ECDC,SARIMA,WIS,1.75349538672657,-1.545214276054249,9,8,0.2275460593833834
2025-08-27,ILI incidence,2025-08-31,2,IS,ECDC,soca_simplex,WIS,0.505713708244813,0.248626568100661,9,3,0.7899932088518575
2025-08-27,ILI incidence,2025-08-31,2,IS,ISI,FluBcast,WIS,0.0398163762038678,3.915513625273892,9,1,1.0
2025-08-27,ILI incidence,2025-08-31,2,IS,ItaLuxColab,EpiEKF,WIS,0.790576478484287,-0.3959575783738818,9,6,0.661589133143811
2025-08-27,ILI incidence,2025-08-31,2,IS,ItaLuxColab,EpiNetEKF,WIS,0.426057358742063,0.4958997848864991,9,2,0.8258989185505284
2025-08-27,ILI incidence,2025-08-31,2,IS,QMUL,ARIMA,WIS,0.968668364224072,-0.6890553715712814,9,7,0.5813128514791481
2025-08-27,ILI incidence,2025-08-31,2,IS,respicast,hubEnsemble,WIS,0.594213624700068,0.015965768791886888,9,4,0.7501011936084361
2025-08-27,ILI incidence,2025-08-31,2,IS,respicast,quantileBaseline,WIS,0.600826086956522,0.0,9,5,0.7471205755954871
2025-08-27,ILI incidence,2025-08-31,2,IS,safinea,PRFM,WIS,2.25830335700009,-1.9102199368316632,9,9,0.0
2025-08-27,ILI incidence,2025-08-31,2,LT,ECDC,SARIMA,WIS,5.29436349224729,-1.0366481408196406,9,8,0.4917251452048752
2025-08-27,ILI incidence,2025-08-31,2,LT,ECDC,soca_simplex,WIS,1.62270166887822,0.6694113206710395,9,4,0.9020580517999078
2025-08-27,ILI incidence,2025-08-31,2,LT,ISI,FluBcast,WIS,2.01585305859507,0.3564186273222597,9,5,0.8581207394233655
2025-08-27,ILI incidence,2025-08-31,2,LT,ItaLuxColab,EpiEKF,WIS,2.19010200284107,0.23681104359740693,9,6,0.838647247799355
2025-08-27,ILI incidence,2025-08-31,2,LT,ItaLuxColab,EpiNetEKF,WIS,0.86101947830521,1.5836913274545918,9,2,0.9871811601347351
2025-08-27,ILI incidence,2025-08-31,2,LT,QMUL,ARIMA,WIS,9.69432365683919,-1.9093311416986813,9,9,0.0
2025-08-27,ILI incidence,2025-08-31,2,LT,respicast,hubEnsemble,WIS,0.895758337658745,1.5266276356260517,9,3,0.983298858927253
2025-08-27,ILI incidence,2025-08-31,2,LT,respicast,quantileBaseline,WIS,2.58078347826087,0.0,9,7,0.794985964959656
2025-08-27,ILI incidence,2025-08-31,2,LT,safinea,PRFM,WIS,0.746316406246634,1.7899498014483435,9,1,1.0
2025-08-27,ILI incidence,2025-08-31,2,LU,ECDC,SARIMA,WIS,966.97884068646,-0.05146438277521391,8,2,0.9771867575091592
2025-08-27,ILI incidence,2025-08-31,2,LU,ECDC,soca_simplex,WIS,2273.57660490409,-1.2848717709351283,8,7,0.09755102769374246
2025-08-27,ILI incidence,2025-08-31,2,LU,ItaLuxColab,EpiEKF,WIS,1569.26131177179,-0.7499937648900562,8,5,0.571714472528321
2025-08-27,ILI incidence,2025-08-31,2,LU,ItaLuxColab,EpiNetEKF,WIS,1877.43758753069,-1.0086731048945325,8,6,0.36424215728117426
2025-08-27,ILI incidence,2025-08-31,2,LU,QMUL,ARIMA,WIS,1453.11153683346,-0.6390536010056018,8,3,0.6499095336586695
2025-08-27,ILI incidence,2025-08-31,2,LU,respicast,hubEnsemble,WIS,1469.79474257829,-0.6555228526833745,8,4,0.6386779639568788
2025-08-27,ILI incidence,2025-08-31,2,LU,respicast,quantileBaseline,WIS,933.092391304348,0.0,8,1,1.0
2025-08-27,ILI incidence,2025-08-31,2,LU,safinea,PRFM,WIS,2418.47744324148,-1.374007238549637,8,8,0.0
2025-08-27,ILI incidence,2025-08-31,2,MT,ECDC,SARIMA,WIS,15222.5718514307,0.6944795255097586,8,6,0.4396932602256785
2025-08-27,ILI incidence,2025-08-31,2,MT,ECDC,soca_simplex,WIS,3228.58222684575,2.931718972263323,8,1,1.0
2025-08-27,ILI incidence,2025-08-31,2,MT,ItaLuxColab,EpiEKF,WIS,16218.4679229265,0.6030541062242535,8,7,0.393169351297987
2025-08-27,ILI incidence,2025-08-31,2,MT,ItaLuxColab,EpiNetEKF,WIS,13750.4327628279,0.8412146232571523,8,5,0.5084651600728004
2025-08-27,ILI incidence,2025-08-31,2,MT,QMUL,ARIMA,WIS,11592.7899643917,1.0874638355332231,8,4,0.609260795205857
2025-08-27,ILI incidence,2025-08-31,2,MT,respicast,hubEnsemble,WIS,3721.74653468409,2.726639937323485,8,3,0.9769615203825455
2025-08-27,ILI incidence,2025-08-31,2,MT,respicast,quantileBaseline,WIS,24634.6956521739,0.0,8,8,0.0
2025-08-27,ILI incidence,2025-08-31,2,MT,safinea,PRFM,WIS,3691.82351202677,2.738286156501917,8,2,0.9783593931333231
2025-08-27,ILI incidence,2025-08-31,2,NL,ECDC,SARIMA,WIS,2.23377879319623,-0.12910034377664506,9,7,0.42919436132696426
2025-08-27,ILI incidence,2025-08-31,2,NL,ECDC,soca_simplex,WIS,0.617722419407623,1.7253553843740295,9,1,1.0
2025-08-27,ILI incidence,2025-08-31,2,NL,ISI,FluBcast,WIS,3.44890743983855,-0.7557534291330974,9,9,0.0
2025-08-27,ILI incidence,2025-08-31,2,NL,ItaLuxColab,EpiEKF,WIS,1.18887159669524,0.7807930756554436,9,4,0.7982649762675404
2025-08-27,ILI incidence,2025-08-31,2,NL,ItaLuxColab,EpiNetEKF,WIS,0.755014946806333,1.4358088713741868,9,2,0.9515070451390658
2025-08-27,ILI incidence,2025-08-31,2,NL,QMUL,ARIMA,WIS,1.73604159054977,0.23458447080299963,9,5,0.6049996156832129
2025-08-27,ILI incidence,2025-08-31,2,NL,respicast,hubEnsemble,WIS,0.859850950733926,1.2482274765044339,9,3,0.9144780261342831
2025-08-27,ILI incidence,2025-08-31,2,NL,respicast,quantileBaseline,WIS,2.04257065217391,0.0,9,6,0.49673079559123456
2025-08-27,ILI incidence,2025-08-31,2,NL,safinea,PRFM,WIS,2.49911502007836,-0.291031320204184,9,8,0.33547522076661196
2025-08-27,ILI incidence,2025-08-31,2,NO,ECDC,SARIMA,WIS,3.64398090309854,0.6371749520374794,8,2,0.910402677121059
2025-08-27,ILI incidence,2025-08-31,2,NO,ECDC,soca_simplex,WIS,9.40195440342039,-0.7302703334139349,8,7,0.3206372538213039
2025-08-27,ILI incidence,2025-08-31,2,NO,ISI,FluBcast,WIS,12.5323868394038,-1.1448989518109565,8,8,0.0
2025-08-27,ILI incidence,2025-08-31,2,NO,ItaLuxColab,EpiEKF,WIS,4.9082163999473,0.20749149265522707,8,5,0.7809122612815438
2025-08-27,ILI incidence,2025-08-31,2,NO,ItaLuxColab,EpiNetEKF,WIS,4.88889031897432,0.21318331130017765,8,4,0.7828917518653608
2025-08-27,ILI incidence,2025-08-31,2,NO,QMUL,ARIMA,WIS,2.76922800905763,1.0332065051843655,8,1,1.0
2025-08-27,ILI incidence,2025-08-31,2,NO,respicast,hubEnsemble,WIS,4.76292396468325,0.25084283280604447,8,3,0.7957939648150811
2025-08-27,ILI incidence,2025-08-31,2,NO,respicast,quantileBaseline,WIS,5.66741304347826,0.0,8,6,0.7031508874553596
2025-08-27,ILI incidence,2025-08-31,2,PL,ECDC,SARIMA,WIS,19.5902380072825,-0.4730381202907992,8,6,0.0506518194507929
2025-08-27,ILI incidence,2025-08-31,2,PL,ECDC,soca_simplex,WIS,4.35079336608382,1.6977463999836728,8,1,1.0
2025-08-27,ILI incidence,2025-08-31,2,PL,ItaLuxColab,EpiEKF,WIS,12.1738571244082,0.21331046594790953,8,3,0.5126586617724985
2025-08-27,ILI incidence,2025-08-31,2,PL,ItaLuxColab,EpiNetEKF,WIS,8.56664681369647,0.7202942898313776,8,2,0.7373714794610544
2025-08-27,ILI incidence,2025-08-31,2,PL,QMUL,ARIMA,WIS,19.8084984329101,-0.489022716922871,8,7,0.03705518631658456
2025-08-27,ILI incidence,2025-08-31,2,PL,respicast,hubEnsemble,WIS,13.7172480924854,0.041105723145146725,8,4,0.41651241485093604
2025-08-27,ILI incidence,2025-08-31,2,PL,respicast,quantileBaseline,WIS,14.1137054347826,0.0,8,5,0.3918149232141531
2025-08-27,ILI incidence,2025-08-31,2,PL,safinea,PRFM,WIS,20.4033280982645,-0.5317076921310183,8,8,0.0
2025-08-27,ILI incidence,2025-08-31,2,RO,ItaLuxColab,EpiEKF,WIS,0.765713600593833,0.9306627476020181,4,3,0.7252616491204383
2025-08-27,ILI incidence,2025-08-31,2,RO,ItaLuxColab,EpiNetEKF,WIS,0.502873440648588,1.5372722710372382,4,1,1.0
2025-08-27,ILI incidence,2025-08-31,2,RO,respicast,hubEnsemble,WIS,0.604683704647494,1.2712869293017655,4,2,0.8935810112141949
2025-08-27,ILI incidence,2025-08-31,2,RO,respicast,quantileBaseline,WIS,1.45956608695652,0.0,4,4,0.0
2025-08-27,ILI incidence,2025-08-31,2,SI,ECDC,SARIMA,WIS,2.55333023585794,-0.4102777476738328,5,5,0.0
2025-08-27,ILI incidence,2025-08-31,2,SI,ECDC,soca_simplex,WIS,1.49890192906807,0.35819640063061065,5,1,1.0
2025-08-27,ILI incidence,2025-08-31,2,SI,respicast,hubEnsemble,WIS,1.49890230248643,0.358196041215002,5,2,0.9999996458570416
2025-08-27,ILI incidence,2025-08-31,2,SI,respicast,quantileBaseline,WIS,1.92132608695652,0.0,5,4,0.5993808633851176
2025-08-27,ILI incidence,2025-08-31,2,SI,safinea,PRFM,WIS,1.499,0.35810201031995414,5,3,0.9999069913703013
2025-08-27,ILI incidence,2025-09-07,3,BE,ECDC,SARIMA,WIS,29.743490003151,-0.21472348742625144,8,8,0.0
2025-08-27,ILI incidence,2025-09-07,3,BE,ECDC,soca_simplex,WIS,27.3346950407497,-0.09288282923396562,8,7,0.1500904271004698
2025-08-27,ILI incidence,2025-09-07,3,BE,ItaLuxColab,EpiEKF,WIS,20.2021396425573,0.3433423516553082,8,4,0.5945152547600487
2025-08-27,ILI incidence,2025-09-07,3,BE,ItaLuxColab,EpiNetEKF,WIS,13.6945319920657,0.9042504879138025,8,1,1.0
2025-08-27,ILI incidence,2025-09-07,3,BE,QMUL,ARIMA,WIS,16.0580793098561,0.6745511070578458,8,2,0.8527289238243471
2025-08-27,ILI incidence,2025-09-07,3,BE,respicast,hubEnsemble,WIS,16.3535369484771,0.6482477549406034,8,3,0.8343191530207272
2025-08-27,ILI incidence,2025-09-07,3,BE,respicast,quantileBaseline,WIS,25.6303015217391,0.0,8,6,0.256290064350025
2025-08-27,ILI incidence,2025-09-07,3,BE,safinea,PRFM,WIS,23.4124622270787,0.13057378410865808,8,5,0.3944821696024968
2025-08-27,ILI incidence,2025-09-07,3,CZ,ECDC,SARIMA,WIS,5.04429236543451,-0.7828301190019082,9,8,0.43210089431999327
2025-08-27,ILI incidence,2025-09-07,3,CZ,ECDC,soca_simplex,WIS,0.941269032792877,1.6391427401950218,9,1,1.0
2025-08-27,ILI incidence,2025-09-07,3,CZ,ISI,FluBcast,WIS,3.45785820831372,-0.23805693436934744,9,7,0.6516791092138059
2025-08-27,ILI incidence,2025-09-07,3,CZ,ItaLuxColab,EpiEKF,WIS,2.21144530011143,0.40683221943767445,9,4,0.8241950123637821
2025-08-27,ILI incidence,2025-09-07,3,CZ,ItaLuxColab,EpiNetEKF,WIS,1.13262898534763,1.372146421467217,9,2,0.9735138854672694
2025-08-27,ILI incidence,2025-09-07,3,CZ,QMUL,ARIMA,WIS,8.16618502861689,-1.4778404791843485,9,9,0.0
2025-08-27,ILI incidence,2025-09-07,3,CZ,respicast,hubEnsemble,WIS,1.23096184455258,1.2520357331008012,9,3,0.9599036429036484
2025-08-27,ILI incidence,2025-09-07,3,CZ,respicast,quantileBaseline,WIS,2.93187130434783,0.0,9,6,0.7244809112375125
2025-08-27,ILI incidence,2025-09-07,3,CZ,safinea,PRFM,WIS,2.50806729121182,0.22524572115854127,9,5,0.7831395881523676
2025-08-27,ILI incidence,2025-09-07,3,DK,ECDC,SARIMA,WIS,8.9398285935252,0.4817977899082357,9,5,0.45531158971173663
2025-08-27,ILI incidence,2025-09-07,3,DK,ECDC,soca_simplex,WIS,3.12186025814247,1.9996389999681925,9,1,1.0
2025-08-27,ILI incidence,2025-09-07,3,DK,ISI,FluBcast,WIS,13.8031382612924,-0.14487944793205154,9,9,0.0
2025-08-27,ILI incidence,2025-09-07,3,DK,ItaLuxColab,EpiEKF,WIS,13.2815491068769,-0.08930656129438656,9,8,0.04883209240146
2025-08-27,ILI incidence,2025-09-07,3,DK,ItaLuxColab,EpiNetEKF,WIS,10.8295448564906,0.20514425468235473,9,6,0.278393035358211
2025-08-27,ILI incidence,2025-09-07,3,DK,QMUL,ARIMA,WIS,4.65587082905752,1.4229939271363552,9,3,0.8563832370562148
2025-08-27,ILI incidence,2025-09-07,3,DK,respicast,hubEnsemble,WIS,6.21799651095669,1.005595153129163,9,4,0.7101342880598029
2025-08-27,ILI incidence,2025-09-07,3,DK,respicast,quantileBaseline,WIS,12.4843167391304,0.0,9,7,0.12347038638757248
2025-08-27,ILI incidence,2025-09-07,3,DK,safinea,PRFM,WIS,3.3688980987444,1.8897681693002408,9,2,0.9768718836332995
2025-08-27,ILI incidence,2025-09-07,3,EE,ECDC,soca_simplex,WIS,15.0865516593662,1.4743057359019223,6,1,1.0
2025-08-27,ILI incidence,2025-09-07,3,EE,ItaLuxColab,EpiEKF,WIS,40.3624943027892,0.054553489721216084,6,5,0.05797214512885174
2025-08-27,ILI incidence,2025-09-07,3,EE,ItaLuxColab,EpiNetEKF,WIS,37.5384928624614,0.15919809353049902,6,4,0.16322194951853122
2025-08-27,ILI incidence,2025-09-07,3,EE,respicast,hubEnsemble,WIS,31.9260100058778,0.3928365604150896,6,3,0.3723977361736847
2025-08-27,ILI incidence,2025-09-07,3,EE,respicast,quantileBaseline,WIS,41.9179691304348,0.0,6,6,0.0
2025-08-27,ILI incidence,2025-09-07,3,EE,safinea,PRFM,WIS,29.8423413625373,0.4902080913022569,6,2,0.45005552840874824
2025-08-27,ILI incidence,2025-09-07,3,ES,ECDC,soca_simplex,WIS,0.150632989106544,4.445358351501349,6,1,1.0
2025-08-27,ILI incidence,2025-09-07,3,ES,ItaLuxColab,EpiEKF,WIS,4.48471244762609,-0.45054746882459934,6,6,0.0
2025-08-27,ILI incidence,2025-09-07,3,ES,ItaLuxColab,EpiNetEKF,WIS,2.28722726949551,0.5208682903223808,6,4,0.5070246632906003
2025-08-27,ILI incidence,2025-09-07,3,ES,respicast,hubEnsemble,WIS,1.53332444603612,1.097805017583762,6,3,0.6809722871574021
2025-08-27,ILI incidence,2025-09-07,3,ES,respicast,quantileBaseline,WIS,3.28175608695652,0.0,6,5,0.2775575233870958
2025-08-27,ILI incidence,2025-09-07,3,ES,safinea,PRFM,WIS,0.901577304536755,1.8639449120309173,6,2,0.8267349912207835
2025-08-27,ILI incidence,2025-09-07,3,FI,ECDC,SARIMA,WIS,3.11518648017669,-0.5717945836121869,8,6,0.524706760371754
2025-08-27,ILI incidence,2025-09-07,3,FI,ISI,FluBcast,WIS,1.23794126796458,0.7595810743726356,8,1,1.0
2025-08-27,ILI incidence,2025-09-07,3,FI,ItaLuxColab,EpiEKF,WIS,2.03941261723648,0.03937025105147737,8,3,0.7970782337935609
2025-08-27,ILI incidence,2025-09-07,3,FI,ItaLuxColab,EpiNetEKF,WIS,1.25754583179659,0.7369129636877969,8,2,0.9950363881103019
2025-08-27,ILI incidence,2025-09-07,3,FI,QMUL,ARIMA,WIS,5.18759814438136,-1.3075427816959728,8,8,0.0
2025-08-27,ILI incidence,2025-09-07,3,FI,respicast,hubEnsemble,WIS,2.1670418196876,-0.04820305058979723,8,5,0.7647642362883124
2025-08-27,ILI incidence,2025-09-07,3,FI,respicast,quantileBaseline,WIS,2.09583326086957,0.0,8,4,0.7827932856579457
2025-08-27,ILI incidence,2025-09-07,3,FI,safinea,PRFM,WIS,3.30268894438851,-0.6561171550323062,8,7,0.4772336582571403
2025-08-27,ILI incidence,2025-09-07,3,FR,respicast,quantileBaseline,WIS,31.1488784782609,0.0,1,1,0.0
2025-08-27,ILI incidence,2025-09-07,3,GR,ECDC,SARIMA,WIS,64.5540740644072,-0.22699354380898285,8,6,0.4350475644430111
2025-08-27,ILI incidence,2025-09-07,3,GR,ECDC,soca_simplex,WIS,30.8520943281323,0.8381461773981573,8,2,0.8972831910992949
2025-08-27,ILI incidence,2025-09-07,3,GR,ItaLuxColab,EpiEKF,WIS,67.5983470397451,-0.2934733648391411,8,7,0.3932941886033865
2025-08-27,ILI incidence,2025-09-07,3,GR,ItaLuxColab,EpiNetEKF,WIS,48.6874524095801,0.179964591363033,8,3,0.6526643887639616
2025-08-27,ILI incidence,2025-09-07,3,GR,QMUL,ARIMA,WIS,96.2737498220629,-0.8036278794502905,8,8,0.0
2025-08-27,ILI incidence,2025-09-07,3,GR,respicast,hubEnsemble,WIS,48.8237840325815,0.17593049043781786,8,4,0.6507945480696093
2025-08-27,ILI incidence,2025-09-07,3,GR,respicast,quantileBaseline,WIS,55.1558765217391,0.0,8,5,0.5639474618546432
2025-08-27,ILI incidence,2025-09-07,3,GR,safinea,PRFM,WIS,23.3629273048372,1.239293553437584,8,1,1.0
2025-08-27,ILI incidence,2025-09-07,3,HR,ItaLuxColab,EpiEKF,WIS,1.72010584039467,0.9779021919520986,4,3,0.5908154099779055
2025-08-27,ILI incidence,2025-09-07,3,HR,ItaLuxColab,EpiNetEKF,WIS,0.565018185695281,2.584030322529483,4,1,1.0
2025-08-27,ILI incidence,2025-09-07,3,HR,respicast,hubEnsemble,WIS,1.1360291195142,1.5763997150389015,4,2,0.7977219530463817
2025-08-27,ILI incidence,2025-09-07,3,HR,respicast,quantileBaseline,WIS,3.38791934782609,0.0,4,4,0.0
2025-08-27,ILI incidence,2025-09-07,3,IE,ISI,FluBcast,WIS,2.31945343005148,-0.8302819253998458,6,6,0.0
2025-08-27,ILI incidence,2025-09-07,3,IE,ItaLuxColab,EpiEKF,WIS,1.2527405219972,0.05841533202568629,6,4,0.5562364124966908
2025-08-27,ILI incidence,2025-09-07,3,IE,ItaLuxColab,EpiNetEKF,WIS,0.696934708619314,0.9044075440575625,6,3,0.8460608154300326
2025-08-27,ILI incidence,2025-09-07,3,IE,respicast,hubEnsemble,WIS,0.675366888019145,0.9497596011303149,6,2,0.8573073345875564
2025-08-27,ILI incidence,2025-09-07,3,IE,respicast,quantileBaseline,WIS,1.30450543478261,0.0,6,5,0.5292436488734579
2025-08-27,ILI incidence,2025-09-07,3,IE,safinea,PRFM,WIS,0.40172045880227,1.6992391127928745,6,1,1.0
2025-08-27,ILI incidence,2025-09-07,3,IS,ECDC,SARIMA,WIS,1.90095196722333,-1.7570758859382067,9,9,0.0
2025-08-27,ILI incidence,2025-09-07,3,IS,ECDC,soca_simplex,WIS,0.516424851954481,0.12301585849577555,9,5,0.9259086687996416
2025-08-27,ILI incidence,2025-09-07,3,IS,ISI,FluBcast,WIS,0.502511943877425,0.16241640056731102,9,3,0.9352129879817598
2025-08-27,ILI incidence,2025-09-07,3,IS,ItaLuxColab,EpiEKF,WIS,1.14462644670655,-1.0252306531423243,9,8,0.5057960571215718
2025-08-27,ILI incidence,2025-09-07,3,IS,ItaLuxColab,EpiNetEKF,WIS,0.405634813465859,0.47139281128863736,9,1,1.0
2025-08-27,ILI incidence,2025-09-07,3,IS,QMUL,ARIMA,WIS,0.870936906408284,-0.6309939211998795,9,7,0.688827154979663
2025-08-27,ILI incidence,2025-09-07,3,IS,respicast,hubEnsemble,WIS,0.493968607088415,0.18715492981095902,9,2,0.9409263824730502
2025-08-27,ILI incidence,2025-09-07,3,IS,respicast,quantileBaseline,WIS,0.562391304347826,0.0,9,6,0.8951683992335236
2025-08-27,ILI incidence,2025-09-07,3,IS,safinea,PRFM,WIS,0.513848924512412,0.13023002928218955,9,4,0.9276313317381333
2025-08-27,ILI incidence,2025-09-07,3,LT,ECDC,SARIMA,WIS,6.97999799069432,-0.9532186618484861,9,8,0.37253363418351837
2025-08-27,ILI incidence,2025-09-07,3,LT,ECDC,soca_simplex,WIS,1.1373482732404,1.6643338623621045,9,3,0.9522650940423176
2025-08-27,ILI incidence,2025-09-07,3,LT,ISI,FluBcast,WIS,1.87991502759369,0.9393405059121561,9,5,0.8785846015668182
2025-08-27,ILI incidence,2025-09-07,3,LT,ItaLuxColab,EpiEKF,WIS,3.2245836783767,0.16089505112344163,9,6,0.7451611109173559
2025-08-27,ILI incidence,2025-09-07,3,LT,ItaLuxColab,EpiNetEKF,WIS,1.10897695821471,1.7007785690900266,9,2,0.9550802112705202
2025-08-27,ILI incidence,2025-09-07,3,LT,QMUL,ARIMA,WIS,10.7344665390021,-1.5741706322819118,9,9,0.0
2025-08-27,ILI incidence,2025-09-07,3,LT,respicast,hubEnsemble,WIS,1.19065835979575,1.5982484447664662,9,4,0.9469754505075346
2025-08-27,ILI incidence,2025-09-07,3,LT,respicast,quantileBaseline,WIS,3.60502173913043,0.0,9,7,0.7074124997542136
2025-08-27,ILI incidence,2025-09-07,3,LT,safinea,PRFM,WIS,0.656266334243556,2.4576546278738505,9,1,1.0
2025-08-27,ILI incidence,2025-09-07,3,LU,ECDC,SARIMA,WIS,1269.95172944608,-0.09096193229824759,8,3,0.8715886457527318
2025-08-27,ILI incidence,2025-09-07,3,LU,ECDC,soca_simplex,WIS,1009.64209493431,0.23996776239019624,8,1,1.0
2025-08-27,ILI incidence,2025-09-07,3,LU,ItaLuxColab,EpiEKF,WIS,2555.37395593291,-1.0997227027644123,8,7,0.23748684159822886
2025-08-27,ILI incidence,2025-09-07,3,LU,ItaLuxColab,EpiNetEKF,WIS,3036.79643839306,-1.3487384761986816,8,8,0.0
2025-08-27,ILI incidence,2025-09-07,3,LU,QMUL,ARIMA,WIS,2358.56046764412,-0.9840948592099357,8,6,0.33457539774289086
2025-08-27,ILI incidence,2025-09-07,3,LU,respicast,hubEnsemble,WIS,1882.04925822386,-0.6584926584620906,8,5,0.5696394968125413
2025-08-27,ILI incidence,2025-09-07,3,LU,respicast,quantileBaseline,WIS,1192.35326086957,0.0,8,2,0.9098681526027681
2025-08-27,ILI incidence,2025-09-07,3,LU,safinea,PRFM,WIS,1703.60762559904,-0.514781363474677,8,4,0.6576651733973649
2025-08-27,ILI incidence,2025-09-07,3,MT,ECDC,SARIMA,WIS,9268.47998353819,1.0435620100952177,8,7,0.5317941813283772
2025-08-27,ILI incidence,2025-09-07,3,MT,ECDC,soca_simplex,WIS,632.388877822005,4.917010869032207,8,3,0.9986789632496408
2025-08-27,ILI incidence,2025-09-07,3,MT,ItaLuxColab,EpiEKF,WIS,7690.07578063436,1.3128969535101118,8,6,0.6171259469426361
2025-08-27,ILI incidence,2025-09-07,3,MT,ItaLuxColab,EpiNetEKF,WIS,4036.75713917292,2.242697975083054,8,5,0.8146318389403053
2025-08-27,ILI incidence,2025-09-07,3,MT,QMUL,ARIMA,WIS,3516.52223406735,2.441745429452106,8,4,0.8427568039557016
2025-08-27,ILI incidence,2025-09-07,3,MT,respicast,hubEnsemble,WIS,607.953312192398,4.973862327385692,8,1,1.0
2025-08-27,ILI incidence,2025-09-07,3,MT,respicast,quantileBaseline,WIS,19105.2173913043,0.0,8,8,0.0
2025-08-27,ILI incidence,2025-09-07,3,MT,safinea,PRFM,WIS,615.242931428683,4.956666685915358,8,2,0.9996059082464788
2025-08-27,ILI incidence,2025-09-07,3,NL,ECDC,SARIMA,WIS,2.6262830584842,0.38456535058974173,9,2,0.85370903517911
2025-08-27,ILI incidence,2025-09-07,3,NL,ECDC,soca_simplex,WIS,8.12931612336702,-1.2455462234483403,9,8,0.09725349965464954
2025-08-27,ILI incidence,2025-09-07,3,NL,ISI,FluBcast,WIS,8.83681206878839,-1.365938235262895,9,9,0.0
2025-08-27,ILI incidence,2025-09-07,3,NL,ItaLuxColab,EpiEKF,WIS,3.29130780602967,0.05892681271306358,9,5,0.7622936928378516
2025-08-27,ILI incidence,2025-09-07,3,NL,ItaLuxColab,EpiNetEKF,WIS,3.01739246290113,0.18428541203756935,9,3,0.7999465244911678
2025-08-27,ILI incidence,2025-09-07,3,NL,QMUL,ARIMA,WIS,1.5620512845111,1.1341459474843163,9,1,1.0
2025-08-27,ILI incidence,2025-09-07,3,NL,respicast,hubEnsemble,WIS,3.06905328099711,0.15979407534949272,9,4,0.7928451476036098
2025-08-27,ILI incidence,2025-09-07,3,NL,respicast,quantileBaseline,WIS,3.42852434782609,0.0,9,6,0.7434316923040358
2025-08-27,ILI incidence,2025-09-07,3,NL,safinea,PRFM,WIS,3.81676494591615,-0.15476257383224284,9,7,0.6900635322225178
2025-08-27,ILI incidence,2025-09-07,3,NO,ECDC,SARIMA,WIS,4.09335948154328,0.5728840924758578,8,2,0.9979234132286107
2025-08-27,ILI incidence,2025-09-07,3,NO,ECDC,soca_simplex,WIS,8.13081558473453,-0.4172306099595941,8,7,0.6089675002418615
2025-08-27,ILI incidence,2025-09-07,3,NO,ISI,FluBcast,WIS,14.4520449796464,-1.2470322816762571,8,8,0.0
2025-08-27,ILI incidence,2025-09-07,3,NO,ItaLuxColab,EpiEKF,WIS,5.43578060863777,0.1636822340113623,8,5,0.868598753899428
2025-08-27,ILI incidence,2025-09-07,3,NO,ItaLuxColab,EpiNetEKF,WIS,4.98534693519002,0.28847555657343144,8,4,0.911992127404434
2025-08-27,ILI incidence,2025-09-07,3,NO,QMUL,ARIMA,WIS,4.07180401046284,0.5805013419052354,8,1,1.0
2025-08-27,ILI incidence,2025-09-07,3,NO,respicast,hubEnsemble,WIS,4.86718991958258,0.32308039303718994,8,3,0.9233750053123959
2025-08-27,ILI incidence,2025-09-07,3,NO,respicast,quantileBaseline,WIS,6.08884869565217,0.0,8,6,0.8056842137694635
2025-08-27,ILI incidence,2025-09-07,3,PL,ECDC,SARIMA,WIS,22.1511669848021,-0.03293221309731929,8,8,0.0
2025-08-27,ILI incidence,2025-09-07,3,PL,ECDC,soca_simplex,WIS,5.98166867933609,1.8558305849932666,8,1,1.0
2025-08-27,ILI incidence,2025-09-07,3,PL,ItaLuxColab,EpiEKF,WIS,19.5484390858824,0.1473970778001507,8,5,0.16096528474478775
2025-08-27,ILI incidence,2025-09-07,3,PL,ItaLuxColab,EpiNetEKF,WIS,13.2104931328589,0.7127661710798856,8,2,0.552934524191196
2025-08-27,ILI incidence,2025-09-07,3,PL,QMUL,ARIMA,WIS,15.6992554870249,0.4637543497017523,8,4,0.39901742007642665
2025-08-27,ILI incidence,2025-09-07,3,PL,respicast,hubEnsemble,WIS,15.652866587261,0.4680236035864869,8,3,0.4018863340580199
2025-08-27,ILI incidence,2025-09-07,3,PL,respicast,quantileBaseline,WIS,21.6512526086957,0.0,8,7,0.0309171235039127
2025-08-27,ILI incidence,2025-09-07,3,PL,safinea,PRFM,WIS,21.0969302459444,0.037417401084650304,8,6,0.06519910011687381
2025-08-27,ILI incidence,2025-09-07,3,RO,ItaLuxColab,EpiEKF,WIS,1.11515293039931,0.4850682230816099,4,3,0.6305192938322477
2025-08-27,ILI incidence,2025-09-07,3,RO,ItaLuxColab,EpiNetEKF,WIS,0.853991005275763,0.8700170160827414,4,1,1.0
2025-08-27,ILI incidence,2025-09-07,3,RO,respicast,hubEnsemble,WIS,0.984571967837538,0.6647412261345194,4,2,0.8152596469161217
2025-08-27,ILI incidence,2025-09-07,3,RO,respicast,quantileBaseline,WIS,1.56082608695652,0.0,4,4,0.0
2025-08-27,ILI incidence,2025-09-07,3,SI,ECDC,SARIMA,WIS,3.35730293915245,-0.33549875508153254,4,4,0.0
2025-08-27,ILI incidence,2025-09-07,3,SI,respicast,hubEnsemble,WIS,1.67915146957622,0.6640715904456824,4,2,0.5000000000000014
2025-08-27,ILI incidence,2025-09-07,3,SI,respicast,quantileBaseline,WIS,2.66069652173913,0.0,4,3,0.2075517109278671
2025-08-27,ILI incidence,2025-09-07,3,SI,safinea,PRFM,WIS,0.001,11.377588251034918,4,1,1.0
2025-08-27,ILI incidence,2025-09-14,4,BE,ECDC,SARIMA,WIS,33.7161011748051,-0.12076805123374731,8,6,0.5967580097991961
2025-08-27,ILI incidence,2025-09-14,4,BE,ECDC,soca_simplex,WIS,57.9957464171335,-0.9032774265983451,8,8,0.0
2025-08-27,ILI incidence,2025-09-14,4,BE,ItaLuxColab,EpiEKF,WIS,26.8679006648782,0.20678606576939995,8,4,0.7650767173511974
2025-08-27,ILI incidence,2025-09-14,4,BE,ItaLuxColab,EpiNetEKF,WIS,17.426649444326,0.8313744512868345,8,2,0.9971288018095223
2025-08-27,ILI incidence,2025-09-14,4,BE,QMUL,ARIMA,WIS,17.3098321208205,0.8410779331052465,8,1,1.0
2025-08-27,ILI incidence,2025-09-14,4,BE,respicast,hubEnsemble,WIS,20.1882078955234,0.6191568174085035,8,3,0.9292537522018095
2025-08-27,ILI incidence,2025-09-14,4,BE,respicast,quantileBaseline,WIS,31.0086273913044,0.0,8,5,0.6633037377330047
2025-08-27,ILI incidence,2025-09-14,4,BE,safinea,PRFM,WIS,43.388815597403,-0.48465353892513197,8,7,0.3590168998870008
2025-08-27,ILI incidence,2025-09-14,4,CZ,ECDC,SARIMA,WIS,6.24518860633101,-0.7124432085047975,9,8,0.39444148052215083
2025-08-27,ILI incidence,2025-09-14,4,CZ,ECDC,soca_simplex,WIS,2.81417150929405,0.43759167765041834,9,3,0.8396844015412147
2025-08-27,ILI incidence,2025-09-14,4,CZ,ISI,FluBcast,WIS,6.08952912582966,-0.6760287419808492,9,7,0.41464140370020325
2025-08-27,ILI incidence,2025-09-14,4,CZ,ItaLuxColab,EpiEKF,WIS,3.04403845235023,0.3243153506472175,9,4,0.8098545795737161
2025-08-27,ILI incidence,2025-09-14,4,CZ,ItaLuxColab,EpiNetEKF,WIS,1.57878845598268,1.2714840582815934,9,1,1.0
2025-08-27,ILI incidence,2025-09-14,4,CZ,QMUL,ARIMA,WIS,9.28473263850693,-1.2845584334172913,9,9,0.0
2025-08-27,ILI incidence,2025-09-14,4,CZ,respicast,hubEnsemble,WIS,1.78713370035086,1.0926543633829133,9,2,0.9729630478195429
2025-08-27,ILI incidence,2025-09-14,4,CZ,respicast,quantileBaseline,WIS,3.81134956521739,0.0,9,6,0.7102806539531168
2025-08-27,ILI incidence,2025-09-14,4,CZ,safinea,PRFM,WIS,3.46758925272193,0.1363689170159178,9,5,0.7548904129071266
2025-08-27,ILI incidence,2025-09-14,4,DK,ECDC,SARIMA,WIS,8.3111541605736,0.7430053986890829,9,5,0.6073958997229842
2025-08-27,ILI incidence,2025-09-14,4,DK,ECDC,soca_simplex,WIS,5.22984284618809,1.4112866400690067,9,2,0.8875493119733202
2025-08-27,ILI incidence,2025-09-14,4,DK,ISI,FluBcast,WIS,13.4541286362737,0.0480771830374391,9,7,0.13979567972668036
2025-08-27,ILI incidence,2025-09-14,4,DK,ItaLuxColab,EpiEKF,WIS,14.9916933804758,-0.10803721136952465,9,9,0.0
2025-08-27,ILI incidence,2025-09-14,4,DK,ItaLuxColab,EpiNetEKF,WIS,11.3627847953025,0.2918096857512409,9,6,0.32994106052655825
2025-08-27,ILI incidence,2025-09-14,4,DK,QMUL,ARIMA,WIS,3.99303628886718,1.8005680517261857,9,1,1.0
2025-08-27,ILI incidence,2025-09-14,4,DK,respicast,hubEnsemble,WIS,6.30980316071697,1.1404592351238099,9,4,0.7893591142488334
2025-08-27,ILI incidence,2025-09-14,4,DK,respicast,quantileBaseline,WIS,13.9100358695652,0.0,9,8,0.09834450714313524
2025-08-27,ILI incidence,2025-09-14,4,DK,safinea,PRFM,WIS,6.1709171673472,1.172569305707154,9,3,0.8019866552488825
2025-08-27,ILI incidence,2025-09-14,4,EE,ECDC,soca_simplex,WIS,9.70545731717997,2.8920208857673155,6,1,1.0
2025-08-27,ILI incidence,2025-09-14,4,EE,ItaLuxColab,EpiEKF,WIS,56.3786810386887,0.35373925770938236,6,3,0.2513006938077702
2025-08-27,ILI incidence,2025-09-14,4,EE,ItaLuxColab,EpiNetEKF,WIS,57.3745510302834,0.3284780254873492,6,4,0.23532564189763158
2025-08-27,ILI incidence,2025-09-14,4,EE,respicast,hubEnsemble,WIS,49.1606703861133,0.5513843952706343,6,2,0.36708698703484177
2025-08-27,ILI incidence,2025-09-14,4,EE,respicast,quantileBaseline,WIS,72.0445343478261,0.0,6,6,0.0
2025-08-27,ILI incidence,2025-09-14,4,EE,safinea,PRFM,WIS,59.0989062518538,0.28575755404258235,6,5,0.20766473795574777
2025-08-27,ILI incidence,2025-09-14,4,ES,ECDC,soca_simplex,WIS,0.187352149323867,4.322348734199367,6,1,1.0
2025-08-27,ILI incidence,2025-09-14,4,ES,ItaLuxColab,EpiEKF,WIS,6.00485305640481,-0.6799557746265971,6,6,0.0
2025-08-27,ILI incidence,2025-09-14,4,ES,ItaLuxColab,EpiNetEKF,WIS,3.06592957612843,0.2898486089036063,6,4,0.5051865959658352
2025-08-27,ILI incidence,2025-09-14,4,ES,respicast,hubEnsemble,WIS,1.93984660593549,0.9502305925294804,6,3,0.6987547600588214
2025-08-27,ILI incidence,2025-09-14,4,ES,respicast,quantileBaseline,WIS,3.74813565217391,0.0,6,5,0.3879187025968608
2025-08-27,ILI incidence,2025-09-14,4,ES,safinea,PRFM,WIS,1.00575668812647,1.8978918361311632,6,2,0.8593202559184034
2025-08-27,ILI incidence,2025-09-14,4,FI,ECDC,SARIMA,WIS,3.69021853168319,-0.5293118651984048,8,6,0.5760354870459203
2025-08-27,ILI incidence,2025-09-14,4,FI,ISI,FluBcast,WIS,1.55977614123576,0.7130554001851934,8,2,0.9934902228314677
2025-08-27,ILI incidence,2025-09-14,4,FI,ItaLuxColab,EpiEKF,WIS,2.65331893853704,-0.05340371433245488,8,4,0.7792133094708955
2025-08-27,ILI incidence,2025-09-14,4,FI,ItaLuxColab,EpiNetEKF,WIS,1.52655408374464,0.744115685639344,8,1,1.0
2025-08-27,ILI incidence,2025-09-14,4,FI,QMUL,ARIMA,WIS,6.02720930132916,-1.2370957759783427,8,7,0.11810812479937262
2025-08-27,ILI incidence,2025-09-14,4,FI,respicast,hubEnsemble,WIS,2.70434164693664,-0.0808830339542875,8,5,0.7692155402988576
2025-08-27,ILI incidence,2025-09-14,4,FI,respicast,quantileBaseline,WIS,2.55689760869565,0.0,8,3,0.7981068223645134
2025-08-27,ILI incidence,2025-09-14,4,FI,safinea,PRFM,WIS,6.62996340652657,-1.374606518715448,8,8,0.0
2025-08-27,ILI incidence,2025-09-14,4,FR,respicast,quantileBaseline,WIS,31.473557826087,0.0,1,1,0.0
2025-08-27,ILI incidence,2025-09-14,4,GR,ECDC,SARIMA,WIS,79.6960899919305,-0.1021948524005562,8,6,0.5852068369190474
2025-08-27,ILI incidence,2025-09-14,4,GR,ECDC,soca_simplex,WIS,25.9998303656447,1.5138118822925732,8,2,0.9516055238927508
2025-08-27,ILI incidence,2025-09-14,4,GR,ItaLuxColab,EpiEKF,WIS,94.9593688011344,-0.35499625255932454,8,7,0.4810572117211649
2025-08-27,ILI incidence,2025-09-14,4,GR,ItaLuxColab,EpiNetEKF,WIS,76.2260824038515,-0.03797063872812911,8,5,0.6088845797061547
2025-08-27,ILI incidence,2025-09-14,4,GR,QMUL,ARIMA,WIS,165.459001725667,-1.1560877850762439,8,8,0.0
2025-08-27,ILI incidence,2025-09-14,4,GR,respicast,hubEnsemble,WIS,68.357199010209,0.11922081013310985,8,3,0.6625782366469897
2025-08-27,ILI incidence,2025-09-14,4,GR,respicast,quantileBaseline,WIS,74.2460406521739,0.0,8,4,0.6223954779142795
2025-08-27,ILI incidence,2025-09-14,4,GR,safinea,PRFM,WIS,18.9075496181445,1.9733516878829487,8,1,1.0
2025-08-27,ILI incidence,2025-09-14,4,HR,ItaLuxColab,EpiEKF,WIS,2.31914736951841,0.6514836821652262,4,3,0.4549931443154316
2025-08-27,ILI incidence,2025-09-14,4,HR,ItaLuxColab,EpiNetEKF,WIS,0.733537585012709,2.3121353869411507,4,1,1.0
2025-08-27,ILI incidence,2025-09-14,4,HR,respicast,hubEnsemble,WIS,1.52568469853846,1.255621338336342,4,2,0.7277226643017577
2025-08-27,ILI incidence,2025-09-14,4,HR,respicast,quantileBaseline,WIS,3.64287673913043,0.0,4,4,0.0
2025-08-27,ILI incidence,2025-09-14,4,IE,ECDC,soca_simplex,WIS,0.794668474251597,0.7609357135897927,7,3,0.6231528057714665
2025-08-27,ILI incidence,2025-09-14,4,IE,ISI,FluBcast,WIS,1.64172228026506,-0.2858493659105354,7,7,0.0
2025-08-27,ILI incidence,2025-09-14,4,IE,ItaLuxColab,EpiEKF,WIS,1.59090451021735,-0.2404865140767568,7,6,0.037385152824372436
2025-08-27,ILI incidence,2025-09-14,4,IE,ItaLuxColab,EpiNetEKF,WIS,0.95545306895284,0.4951038141899962,7,4,0.5048682639848552
2025-08-27,ILI incidence,2025-09-14,4,IE,respicast,hubEnsemble,WIS,0.722484545888128,0.8983220968099848,7,2,0.6762564187556307
2025-08-27,ILI incidence,2025-09-14,4,IE,respicast,quantileBaseline,WIS,1.34663673913043,0.0,7,5,0.2170858351561596
2025-08-27,ILI incidence,2025-09-14,4,IE,safinea,PRFM,WIS,0.28241875443915,2.2534529290631293,7,1,1.0
2025-08-27,ILI incidence,2025-09-14,4,IS,ECDC,SARIMA,WIS,2.28991266924826,-1.6263510771947802,8,8,0.0
2025-08-27,ILI incidence,2025-09-14,4,IS,ISI,FluBcast,WIS,0.0361693690533486,4.358029260153867,8,1,1.0
2025-08-27,ILI incidence,2025-09-14,4,IS,ItaLuxColab,EpiEKF,WIS,1.64019095559391,-1.1449222852977006,8,6,0.2882855885131904
2025-08-27,ILI incidence,2025-09-14,4,IS,ItaLuxColab,EpiNetEKF,WIS,0.850702511854789,-0.19778511714485209,8,3,0.6385865494393276
2025-08-27,ILI incidence,2025-09-14,4,IS,QMUL,ARIMA,WIS,1.54535917627388,-1.0590006900260212,8,5,0.3303630421929544
2025-08-27,ILI incidence,2025-09-14,4,IS,respicast,hubEnsemble,WIS,1.174721540222,-0.6633773143423467,8,4,0.4948172797362568
2025-08-27,ILI incidence,2025-09-14,4,IS,respicast,quantileBaseline,WIS,0.741717391304348,0.0,8,2,0.6869439291555604
2025-08-27,ILI incidence,2025-09-14,4,IS,safinea,PRFM,WIS,2.10764443137143,-1.5066899967864817,8,7,0.08087355727738234
2025-08-27,ILI incidence,2025-09-14,4,LT,ECDC,SARIMA,WIS,7.97836843084592,-0.7758170964097875,9,8,0.36378482085376546
2025-08-27,ILI incidence,2025-09-14,4,LT,ECDC,soca_simplex,WIS,2.59067974276808,0.8469459683384358,9,4,0.8693976203418242
2025-08-27,ILI incidence,2025-09-14,4,LT,ISI,FluBcast,WIS,2.99594369947733,0.6372661377989963,9,5,0.8313652365968615
2025-08-27,ILI incidence,2025-09-14,4,LT,ItaLuxColab,EpiEKF,WIS,4.30486559089007,0.11430845673407795,9,6,0.7085282094143365
2025-08-27,ILI incidence,2025-09-14,4,LT,ItaLuxColab,EpiNetEKF,WIS,1.56096108106105,1.5778420828503705,9,2,0.9660325533109257
2025-08-27,ILI incidence,2025-09-14,4,LT,QMUL,ARIMA,WIS,11.854772205024,-1.347119385550992,9,9,0.0
2025-08-27,ILI incidence,2025-09-14,4,LT,respicast,hubEnsemble,WIS,1.70522483557937,1.450314677807167,9,3,0.9524939832469065
2025-08-27,ILI incidence,2025-09-14,4,LT,respicast,quantileBaseline,WIS,4.65982782608696,0.0,9,7,0.6752164388497924
2025-08-27,ILI incidence,2025-09-14,4,LT,safinea,PRFM,WIS,1.19901211838663,1.9584304102547825,9,1,1.0
2025-08-27,ILI incidence,2025-09-14,4,LU,ECDC,SARIMA,WIS,706.818538633874,0.3399169017023132,8,4,0.7340341692045481
2025-08-27,ILI incidence,2025-09-14,4,LU,ECDC,soca_simplex,WIS,264.479457955284,1.758101108521438,8,1,1.0
2025-08-27,ILI incidence,2025-09-14,4,LU,ItaLuxColab,EpiEKF,WIS,938.007594360809,-0.06834282173732567,8,7,0.5950268059326859
2025-08-27,ILI incidence,2025-09-14,4,LU,ItaLuxColab,EpiNetEKF,WIS,1927.62197274991,-1.1074934647968078,8,8,0.0
2025-08-27,ILI incidence,2025-09-14,4,LU,QMUL,ARIMA,WIS,729.888533749297,0.29358062447043703,8,5,0.7201628413356481
2025-08-27,ILI incidence,2025-09-14,4,LU,respicast,hubEnsemble,WIS,527.393570308168,0.7623767987295816,8,3,0.8419172680548365
2025-08-27,ILI incidence,2025-09-14,4,LU,respicast,quantileBaseline,WIS,894.608695652174,0.0,8,6,0.6211213217799908
2025-08-27,ILI incidence,2025-09-14,4,LU,safinea,PRFM,WIS,307.679491402126,1.539828498495924,8,2,0.9740250561436844
2025-08-27,ILI incidence,2025-09-14,4,MT,ECDC,SARIMA,WIS,15962.29741554,0.643738501465162,8,7,0.43437324568091396
2025-08-27,ILI incidence,2025-09-14,4,MT,ECDC,soca_simplex,WIS,4567.51661511329,2.448924929617146,8,2,0.9857513745509106
2025-08-27,ILI incidence,2025-09-14,4,MT,ItaLuxColab,EpiEKF,WIS,10622.3527163782,1.2313034714544147,8,6,0.6927659930326516
2025-08-27,ILI incidence,2025-09-14,4,MT,ItaLuxColab,EpiNetEKF,WIS,6438.52133240618,1.953605508768546,8,4,0.895215970825614
2025-08-27,ILI incidence,2025-09-14,4,MT,QMUL,ARIMA,WIS,8522.03267782459,1.5491373229702268,8,5,0.7943976569644827
2025-08-27,ILI incidence,2025-09-14,4,MT,respicast,hubEnsemble,WIS,4782.4945236316,2.382571589964209,8,3,0.9753488824781563
2025-08-27,ILI incidence,2025-09-14,4,MT,respicast,quantileBaseline,WIS,24939.0552173913,0.0,8,8,0.0
2025-08-27,ILI incidence,2025-09-14,4,MT,safinea,PRFM,WIS,4273.05451152478,2.5450671848724804,8,1,1.0
2025-08-27,ILI incidence,2025-09-14,4,NL,ECDC,SARIMA,WIS,3.28543033528927,0.560537300955605,9,2,0.8944065584101578
2025-08-27,ILI incidence,2025-09-14,4,NL,ECDC,soca_simplex,WIS,6.20469068325136,-0.356739638494201,9,8,0.6290221053644978
2025-08-27,ILI incidence,2025-09-14,4,NL,ISI,FluBcast,WIS,13.1240081832342,-1.4375168411199755,9,9,0.0
2025-08-27,ILI incidence,2025-09-14,4,NL,ItaLuxColab,EpiEKF,WIS,5.09337622238128,-0.07200263357944012,9,5,0.7300496072677191
2025-08-27,ILI incidence,2025-09-14,4,NL,ItaLuxColab,EpiNetEKF,WIS,5.08223461900609,-0.0688433259740196,9,4,0.7310624694195448
2025-08-27,ILI incidence,2025-09-14,4,NL,QMUL,ARIMA,WIS,2.12388999824081,1.1899106051351913,9,1,1.0
2025-08-27,ILI incidence,2025-09-14,4,NL,respicast,hubEnsemble,WIS,5.0961274873805,-0.0727817169538742,9,6,0.7297994949550193
2025-08-27,ILI incidence,2025-09-14,4,NL,respicast,quantileBaseline,WIS,4.84541304347826,0.0,9,3,0.7525914722488879
2025-08-27,ILI incidence,2025-09-14,4,NL,safinea,PRFM,WIS,5.2674949428919,-0.12049737166766648,9,7,0.7142208027419499
2025-08-27,ILI incidence,2025-09-14,4,NO,ECDC,SARIMA,WIS,4.54052150670296,0.4652885168637063,8,1,1.0
2025-08-27,ILI incidence,2025-09-14,4,NO,ECDC,soca_simplex,WIS,7.68128555011673,-0.29320125624744964,8,7,0.7223790466634413
2025-08-27,ILI incidence,2025-09-14,4,NO,ISI,FluBcast,WIS,15.853659098325,-1.3385974281588073,8,8,0.0
2025-08-27,ILI incidence,2025-09-14,4,NO,ItaLuxColab,EpiEKF,WIS,5.92778259558893,0.08065398921061656,8,5,0.8773760968033033
2025-08-27,ILI incidence,2025-09-14,4,NO,ItaLuxColab,EpiNetEKF,WIS,4.90669287643134,0.3533955543249544,8,2,0.967633084388583
2025-08-27,ILI incidence,2025-09-14,4,NO,QMUL,ARIMA,WIS,5.74151646437809,0.12671469063032945,8,4,0.8938406831925627
2025-08-27,ILI incidence,2025-09-14,4,NO,respicast,hubEnsemble,WIS,4.97092932722679,0.3346309339375546,8,3,0.9619550441212198
2025-08-27,ILI incidence,2025-09-14,4,NO,respicast,quantileBaseline,WIS,6.26861413043478,0.0,8,6,0.8472490403536184
2025-08-27,ILI incidence,2025-09-14,4,PL,ECDC,SARIMA,WIS,28.2351665014358,0.7024186675165773,8,2,0.5764264970055858
2025-08-27,ILI incidence,2025-09-14,4,PL,ECDC,soca_simplex,WIS,41.7933431203173,0.13663863946840787,8,7,0.13513285631344546
2025-08-27,ILI incidence,2025-09-14,4,PL,ItaLuxColab,EpiEKF,WIS,37.7381871748948,0.28388668434357095,8,6,0.26712070254328046
2025-08-27,ILI incidence,2025-09-14,4,PL,ItaLuxColab,EpiNetEKF,WIS,33.7295506836888,0.4458987062340249,8,5,0.3975944263441728
2025-08-27,ILI incidence,2025-09-14,4,PL,QMUL,ARIMA,WIS,15.2214182052463,1.5938090229271895,8,1,1.0
2025-08-27,ILI incidence,2025-09-14,4,PL,respicast,hubEnsemble,WIS,29.0620413808235,0.6607757618060311,8,3,0.549513244864165
2025-08-27,ILI incidence,2025-09-14,4,PL,respicast,quantileBaseline,WIS,45.9451254347826,0.0,8,8,0.0
2025-08-27,ILI incidence,2025-09-14,4,PL,safinea,PRFM,WIS,31.3653402956253,0.5507405912327585,8,4,0.4745451136554574
2025-08-27,ILI incidence,2025-09-14,4,RO,ItaLuxColab,EpiEKF,WIS,1.05171219049018,0.61896897877689,4,3,0.4396775560425592
2025-08-27,ILI incidence,2025-09-14,4,RO,ItaLuxColab,EpiNetEKF,WIS,0.333612241923179,2.2754647976467877,4,1,1.0
2025-08-27,ILI incidence,2025-09-14,4,RO,respicast,hubEnsemble,WIS,0.69266221620668,1.2214850482869404,4,2,0.7198387780212793
2025-08-27,ILI incidence,2025-09-14,4,RO,respicast,quantileBaseline,WIS,1.61519565217391,0.0,4,4,0.0
2025-08-27,ILI incidence,2025-09-14,4,SI,ECDC,SARIMA,WIS,4.12216934951033,-0.2049843345134226,4,4,0.0
2025-08-27,ILI incidence,2025-09-14,4,SI,respicast,hubEnsemble,WIS,2.08714989214647,0.7768852275049695,4,2,0.6961688544335458
2025-08-27,ILI incidence,2025-09-14,4,SI,respicast,quantileBaseline,WIS,3.57618021739131,0.0,4,3,0.18677984982651813
2025-08-27,ILI incidence,2025-09-14,4,SI,safinea,PRFM,WIS,1.199,1.5765877825189403,4,1,1.0
2025-09-03,ILI incidence,2025-08-31,1,BE,ECDC,SARIMA,WIS,20.1245977601038,-0.6884275510741311,10,9,0.24719512992671158
2025-09-03,ILI incidence,2025-08-31,1,BE,ECDC,soca_simplex,WIS,13.4075338799714,-0.10251150235310422,10,6,0.5683111646518055
2025-09-03,ILI incidence,2025-08-31,1,BE,ISI,FluBcast,WIS,4.37752238940169,1.5123459339703051,10,1,1.0
2025-09-03,ILI incidence,2025-08-31,1,BE,ItaLuxColab,EpiEKF,WIS,13.4427860377377,-0.10629977322422103,10,7,0.5666258995837004
2025-09-03,ILI incidence,2025-08-31,1,BE,ItaLuxColab,EpiNetEKF,WIS,14.4190781266336,-0.20744653324955342,10,8,0.5199532685183619
2025-09-03,ILI incidence,2025-08-31,1,BE,NotreDame,Rt_cocirc,WIS,8.99036956521739,0.47408006997936153,10,2,0.7794781737490952
2025-09-03,ILI incidence,2025-08-31,1,BE,QMUL,ARIMA,WIS,25.2953936688065,-1.0183422951784877,10,10,0.0
2025-09-03,ILI incidence,2025-08-31,1,BE,respicast,hubEnsemble,WIS,12.478097844091,0.0011343694653272254,10,4,0.6127437946965032
2025-09-03,ILI incidence,2025-08-31,1,BE,respicast,quantileBaseline,WIS,12.4879130434783,0.0,10,5,0.6122745691593442
2025-09-03,ILI incidence,2025-08-31,1,BE,safinea,PRFM,WIS,11.3453745676387,0.1384281562244377,10,3,0.6668947769509713
2025-09-03,ILI incidence,2025-08-31,1,CZ,ECDC,SARIMA,WIS,2.13591904261075,-0.8716762061074402,10,9,0.5152212439052164
2025-09-03,ILI incidence,2025-08-31,1,CZ,ECDC,soca_simplex,WIS,1.03529880751776,0.17313354184363575,10,6,0.8488900705474877
2025-09-03,ILI incidence,2025-08-31,1,CZ,ISI,FluBcast,WIS,1.04662120371777,0.1574413674989514,10,7,0.8454575235759004
2025-09-03,ILI incidence,2025-08-31,1,CZ,ItaLuxColab,EpiEKF,WIS,0.991201640514325,0.23593027935725594,10,5,0.8622587598584209
2025-09-03,ILI incidence,2025-08-31,1,CZ,ItaLuxColab,EpiNetEKF,WIS,0.536856541416539,1.1205722312713042,10,1,1.0
2025-09-03,ILI incidence,2025-08-31,1,CZ,NotreDame,Rt_cocirc,WIS,0.640434782608695,0.8660571905166169,10,3,0.9685987690374083
2025-09-03,ILI incidence,2025-08-31,1,CZ,QMUL,ARIMA,WIS,3.83539733160241,-1.7161952831024738,10,10,0.0
2025-09-03,ILI incidence,2025-08-31,1,CZ,respicast,hubEnsemble,WIS,0.608534067110698,0.9397708240833583,10,2,0.9782699289614909
2025-09-03,ILI incidence,2025-08-31,1,CZ,respicast,quantileBaseline,WIS,1.16730434782609,0.0,10,8,0.8088706957072294
2025-09-03,ILI incidence,2025-08-31,1,CZ,safinea,PRFM,WIS,0.971077411358119,0.2655225470883253,10,4,0.8683597088647457
2025-09-03,ILI incidence,2025-08-31,1,DK,ECDC,SARIMA,WIS,5.75431277580092,0.5462085893595621,9,2,0.9197611964622482
2025-09-03,ILI incidence,2025-08-31,1,DK,ECDC,soca_simplex,WIS,14.6409870563681,-0.8010886841572001,9,9,0.0
2025-09-03,ILI incidence,2025-08-31,1,DK,ItaLuxColab,EpiEKF,WIS,8.23767529150502,0.02861497038202108,9,6,0.6627358564328257
2025-09-03,ILI incidence,2025-08-31,1,DK,ItaLuxColab,EpiNetEKF,WIS,7.92760536961135,0.08396708228017276,9,5,0.6948277586837628
2025-09-03,ILI incidence,2025-08-31,1,DK,NotreDame,Rt_cocirc,WIS,5.9075804347826,0.5082848629128024,9,3,0.9038981591826866
2025-09-03,ILI incidence,2025-08-31,1,DK,QMUL,ARIMA,WIS,4.97905055073086,0.7549815675832421,9,1,1.0
2025-09-03,ILI incidence,2025-08-31,1,DK,respicast,hubEnsemble,WIS,6.80415904111779,0.30443536719093195,9,4,0.8111032411233428
2025-09-03,ILI incidence,2025-08-31,1,DK,respicast,quantileBaseline,WIS,8.40269565217391,0.0,9,7,0.6456564272135789
2025-09-03,ILI incidence,2025-08-31,1,DK,safinea,PRFM,WIS,10.4875490581999,-0.3197534238546533,9,8,0.42987634991648777
2025-09-03,ILI incidence,2025-08-31,1,EE,ECDC,SARIMA,WIS,18.1129133956033,0.3073423381580609,9,4,0.5391595388378754
2025-09-03,ILI incidence,2025-08-31,1,EE,ECDC,soca_simplex,WIS,30.3252724854758,-0.43615965332298623,9,9,0.0
2025-09-03,ILI incidence,2025-08-31,1,EE,ItaLuxColab,EpiEKF,WIS,21.3398306127867,0.07081223064992873,9,6,0.3966954018205315
2025-09-03,ILI incidence,2025-08-31,1,EE,ItaLuxColab,EpiNetEKF,WIS,21.0089733518308,0.09335529193813324,9,5,0.4113023133046588
2025-09-03,ILI incidence,2025-08-31,1,EE,NotreDame,Rt_cocirc,WIS,7.78186304347826,1.5261734603044717,9,2,0.9952617794100334
2025-09-03,ILI incidence,2025-08-31,1,EE,QMUL,ARIMA,WIS,7.67453887108872,1.5462089822393843,9,1,1.0
2025-09-03,ILI incidence,2025-08-31,1,EE,respicast,hubEnsemble,WIS,17.9711368097095,0.31867928225183195,9,3,0.5454187880219172
2025-09-03,ILI incidence,2025-08-31,1,EE,respicast,quantileBaseline,WIS,22.4133913043478,0.0,9,7,0.34929911391932156
2025-09-03,ILI incidence,2025-08-31,1,EE,safinea,PRFM,WIS,26.8708505238819,-0.26168103136196263,9,8,0.15250817127617244
2025-09-03,ILI incidence,2025-08-31,1,ES,ECDC,SARIMA,WIS,1.16073615315249,-0.6585839975365158,8,7,0.6491187069334499
2025-09-03,ILI incidence,2025-08-31,1,ES,ECDC,soca_simplex,WIS,0.348153939639289,1.0786588191794617,8,1,1.0
2025-09-03,ILI incidence,2025-08-31,1,ES,ItaLuxColab,EpiEKF,WIS,1.09971539009598,-0.5806741248763844,8,6,0.6754680952034751
2025-09-03,ILI incidence,2025-08-31,1,ES,ItaLuxColab,EpiNetEKF,WIS,0.549974237579894,0.4190201278026441,8,3,0.9128519355570099
2025-09-03,ILI incidence,2025-08-31,1,ES,QMUL,ARIMA,WIS,2.66398618709707,-1.8571305289497506,8,8,0.0
2025-09-03,ILI incidence,2025-08-31,1,ES,respicast,hubEnsemble,WIS,0.649341054426414,0.17940774163624107,8,4,0.869944329897921
2025-09-03,ILI incidence,2025-08-31,1,ES,respicast,quantileBaseline,WIS,0.735326086956523,0.0,8,5,0.8328151152820958
2025-09-03,ILI incidence,2025-08-31,1,ES,safinea,PRFM,WIS,0.362281609512204,1.0212725957439748,8,2,0.9938995279608772
2025-09-03,ILI incidence,2025-08-31,1,FI,ECDC,soca_simplex,WIS,0.449147567432773,1.7596762455102737,7,1,1.0
2025-09-03,ILI incidence,2025-08-31,1,FI,ISI,FluBcast,WIS,1.83852561720385,-0.2736116076303189,7,7,0.0
2025-09-03,ILI incidence,2025-08-31,1,FI,ItaLuxColab,EpiEKF,WIS,1.51740672043799,0.003329838529624738,7,5,0.23112420468911948
2025-09-03,ILI incidence,2025-08-31,1,FI,ItaLuxColab,EpiNetEKF,WIS,0.98785225665013,0.622570477583402,7,3,0.612269180943144
2025-09-03,ILI incidence,2025-08-31,1,FI,respicast,hubEnsemble,WIS,0.948325686421403,0.681483152373745,7,2,0.6407182918494517
2025-09-03,ILI incidence,2025-08-31,1,FI,respicast,quantileBaseline,WIS,1.52091304347826,0.0,7,6,0.22860054092399246
2025-09-03,ILI incidence,2025-08-31,1,FI,safinea,PRFM,WIS,1.28629895624111,0.24171168412224386,7,4,0.39746321100562115
2025-09-03,ILI incidence,2025-08-31,1,FR,NotreDame,Rt_cocirc,WIS,31.1467391304348,0.03150577822443349,3,1,1.0
2025-09-03,ILI incidence,2025-08-31,1,FR,respicast,hubEnsemble,WIS,31.1467391304348,0.03150577822443349,3,1,1.0
2025-09-03,ILI incidence,2025-08-31,1,FR,respicast,quantileBaseline,WIS,31.8344073913043,0.0,3,3,0.0
2025-09-03,ILI incidence,2025-08-31,1,GR,ECDC,SARIMA,WIS,61.9321699646283,0.10968673410649597,9,2,0.6525282206254351
2025-09-03,ILI incidence,2025-08-31,1,GR,ECDC,soca_simplex,WIS,169.850900322471,-1.3458212305127912,9,9,0.0
2025-09-03,ILI incidence,2025-08-31,1,GR,ItaLuxColab,EpiEKF,WIS,81.6355856070564,-0.2888224417999855,9,6,0.5333919529287625
2025-09-03,ILI incidence,2025-08-31,1,GR,ItaLuxColab,EpiNetEKF,WIS,76.7846156390676,-0.20044155551361625,9,4,0.5627232357470756
2025-09-03,ILI incidence,2025-08-31,1,GR,NotreDame,Rt_cocirc,WIS,4.46536304347826,3.9035263504612705,9,1,1.0
2025-09-03,ILI incidence,2025-08-31,1,GR,QMUL,ARIMA,WIS,112.982441663942,-0.7576509492448472,9,8,0.3438538798141476
2025-09-03,ILI incidence,2025-08-31,1,GR,respicast,hubEnsemble,WIS,79.7608046516079,-0.2553042343093217,9,5,0.5447277745870124
2025-09-03,ILI incidence,2025-08-31,1,GR,respicast,quantileBaseline,WIS,66.8244347826087,0.0,9,3,0.6229472494082994
2025-09-03,ILI incidence,2025-08-31,1,GR,safinea,PRFM,WIS,96.035232262311,-0.5231880518676464,9,7,0.4463248073236212
2025-09-03,ILI incidence,2025-08-31,1,HR,ItaLuxColab,EpiEKF,WIS,1.06454094573328,1.553725507459397,5,4,0.7489949757093342
2025-09-03,ILI incidence,2025-08-31,1,HR,ItaLuxColab,EpiNetEKF,WIS,0.373961734502714,3.062994389558792,5,1,1.0
2025-09-03,ILI incidence,2025-08-31,1,HR,NotreDame,Rt_cocirc,WIS,0.450869565217391,2.7931749161143156,5,3,0.9720462886766009
2025-09-03,ILI incidence,2025-08-31,1,HR,respicast,hubEnsemble,WIS,0.425972830392974,2.8751236292770006,5,2,0.9810955120353889
2025-09-03,ILI incidence,2025-08-31,1,HR,respicast,quantileBaseline,WIS,3.12521826086957,0.0,5,5,0.0
2025-09-03,ILI incidence,2025-08-31,1,IE,ECDC,SARIMA,WIS,2.17602949381443,-1.2846850908978997,10,9,0.39721608091690114
2025-09-03,ILI incidence,2025-08-31,1,IE,ECDC,soca_simplex,WIS,1.16065702408012,-0.37792869654396144,10,7,0.7504498924933644
2025-09-03,ILI incidence,2025-08-31,1,IE,ISI,FluBcast,WIS,0.492055682144457,0.8601195314722203,10,2,0.9830469024348206
2025-09-03,ILI incidence,2025-08-31,1,IE,ItaLuxColab,EpiEKF,WIS,0.974662785307921,-0.12596204534442773,10,6,0.8151546740893809
2025-09-03,ILI incidence,2025-08-31,1,IE,ItaLuxColab,EpiNetEKF,WIS,0.951680898374323,-0.09153679944927044,10,5,0.8231497495525737
2025-09-03,ILI incidence,2025-08-31,1,IE,NotreDame,Rt_cocirc,WIS,0.443323913043478,1.0105799308736567,10,1,1.0
2025-09-03,ILI incidence,2025-08-31,1,IE,QMUL,ARIMA,WIS,3.31782923064815,-1.8932266123424337,10,10,0.0
2025-09-03,ILI incidence,2025-08-31,1,IE,respicast,hubEnsemble,WIS,0.934394892222654,-0.0650912729500101,10,4,0.8291633081450043
2025-09-03,ILI incidence,2025-08-31,1,IE,respicast,quantileBaseline,WIS,0.893173913043478,0.0,10,3,0.8435035074574638
2025-09-03,ILI incidence,2025-08-31,1,IE,safinea,PRFM,WIS,1.42361702278832,-0.6725480689234606,10,8,0.6589698047378388
2025-09-03,ILI incidence,2025-08-31,1,IS,ECDC,soca_simplex,WIS,0.231971457665172,1.3614702680487936,7,2,0.9304349850305562
2025-09-03,ILI incidence,2025-08-31,1,IS,ISI,FluBcast,WIS,0.0804704810486643,2.88888600940616,7,1,1.0
2025-09-03,ILI incidence,2025-08-31,1,IS,ItaLuxColab,EpiEKF,WIS,0.732656518110342,-0.297719425177955,7,6,0.7005343962507874
2025-09-03,ILI incidence,2025-08-31,1,IS,ItaLuxColab,EpiNetEKF,WIS,0.423479635793379,0.49312497641331504,7,4,0.842499781074861
2025-09-03,ILI incidence,2025-08-31,1,IS,respicast,hubEnsemble,WIS,0.423212763872586,0.4940344325737401,7,3,0.8426223212035091
2025-09-03,ILI incidence,2025-08-31,1,IS,respicast,quantileBaseline,WIS,0.59604347826087,0.0,7,5,0.7632632866803574
2025-09-03,ILI incidence,2025-08-31,1,IS,safinea,PRFM,WIS,2.25830335700009,-1.9217498190727307,7,7,0.0
2025-09-03,ILI incidence,2025-08-31,1,LT,ECDC,SARIMA,WIS,2.49086561849165,-0.9288051739392186,10,9,0.48808230659213275
2025-09-03,ILI incidence,2025-08-31,1,LT,ECDC,soca_simplex,WIS,0.372478032166826,1.8126147701313948,10,1,1.0
2025-09-03,ILI incidence,2025-08-31,1,LT,ISI,FluBcast,WIS,1.17415769433461,0.15621583524789523,10,6,0.8062705776042994
2025-09-03,ILI incidence,2025-08-31,1,LT,ItaLuxColab,EpiEKF,WIS,1.435307911767,-0.13351824986403496,10,8,0.7431624769885451
2025-09-03,ILI incidence,2025-08-31,1,LT,ItaLuxColab,EpiNetEKF,WIS,0.681715777827501,0.940599738047917,10,4,0.9252713363242925
2025-09-03,ILI incidence,2025-08-31,1,LT,NotreDame,Rt_cocirc,WIS,0.706530434782609,0.8890184036333703,10,5,0.9192747651429041
2025-09-03,ILI incidence,2025-08-31,1,LT,QMUL,ARIMA,WIS,4.51061901382071,-1.7854834182657147,10,10,0.0
2025-09-03,ILI incidence,2025-08-31,1,LT,respicast,hubEnsemble,WIS,0.628661376438482,1.0574869817760315,10,3,0.9380921661665409
2025-09-03,ILI incidence,2025-08-31,1,LT,respicast,quantileBaseline,WIS,1.3084347826087,0.0,10,7,0.7738219276261097
2025-09-03,ILI incidence,2025-08-31,1,LT,safinea,PRFM,WIS,0.45303070711326,1.530161269970434,10,2,0.9805340912009624
2025-09-03,ILI incidence,2025-08-31,1,LU,ECDC,SARIMA,WIS,1103.54476748304,-0.26318956856000597,9,6,0.6341370266063245
2025-09-03,ILI incidence,2025-08-31,1,LU,ECDC,soca_simplex,WIS,1014.2102289375,-0.1414011420309795,9,4,0.7266425783282977
2025-09-03,ILI incidence,2025-08-31,1,LU,ItaLuxColab,EpiEKF,WIS,1179.92687760596,-0.35974186767091515,9,7,0.5550436618937804
2025-09-03,ILI incidence,2025-08-31,1,LU,ItaLuxColab,EpiNetEKF,WIS,1450.69679973139,-0.6577904350035295,9,8,0.27466250759744915
2025-09-03,ILI incidence,2025-08-31,1,LU,NotreDame,Rt_cocirc,WIS,750.22327173913,0.293563667184291,9,1,1.0
2025-09-03,ILI incidence,2025-08-31,1,LU,QMUL,ARIMA,WIS,1715.94410559823,-0.9000469718633651,9,9,0.0
2025-09-03,ILI incidence,2025-08-31,1,LU,respicast,hubEnsemble,WIS,1069.98354740345,-0.2186330251725977,9,5,0.6688895336486305
2025-09-03,ILI incidence,2025-08-31,1,LU,respicast,quantileBaseline,WIS,919.521739130435,0.0,9,2,0.8246921248299321
2025-09-03,ILI incidence,2025-08-31,1,LU,safinea,PRFM,WIS,983.349871285981,-0.09682112913370769,9,3,0.7585983532992057
2025-09-03,ILI incidence,2025-08-31,1,MT,ECDC,SARIMA,WIS,847.063328357536,0.4856151596827561,9,5,0.49948373649593336
2025-09-03,ILI incidence,2025-08-31,1,MT,ECDC,soca_simplex,WIS,713.855423187295,0.7324530769236144,9,3,0.6361282492833743
2025-09-03,ILI incidence,2025-08-31,1,MT,ItaLuxColab,EpiEKF,WIS,1185.78895654788,0.0003096316663434635,9,7,0.1520193846353082
2025-09-03,ILI incidence,2025-08-31,1,MT,ItaLuxColab,EpiNetEKF,WIS,792.990589856403,0.58078124632448,9,4,0.5549514881892517
2025-09-03,ILI incidence,2025-08-31,1,MT,NotreDame,Rt_cocirc,WIS,1060.54331086957,0.16135335810927917,9,6,0.2804962209806369
2025-09-03,ILI incidence,2025-08-31,1,MT,QMUL,ARIMA,WIS,1333.98505575048,-0.1695856070093808,9,9,0.0
2025-09-03,ILI incidence,2025-08-31,1,MT,respicast,hubEnsemble,WIS,664.9974940854,0.8347360882884124,9,2,0.6862466556151874
2025-09-03,ILI incidence,2025-08-31,1,MT,respicast,quantileBaseline,WIS,1186.04347826087,0.0,9,8,0.15175829656083623
2025-09-03,ILI incidence,2025-08-31,1,MT,safinea,PRFM,WIS,359.135041996512,1.723558563986861,9,1,1.0
2025-09-03,ILI incidence,2025-08-31,1,NL,ECDC,SARIMA,WIS,1.57742786562758,0.011058175670365829,10,7,0.6442477143466157
2025-09-03,ILI incidence,2025-08-31,1,NL,ECDC,soca_simplex,WIS,0.896176826403768,0.826776882761211,10,1,1.0
2025-09-03,ILI incidence,2025-08-31,1,NL,ISI,FluBcast,WIS,2.81113582089795,-0.8225209504336469,10,10,0.0
2025-09-03,ILI incidence,2025-08-31,1,NL,ItaLuxColab,EpiEKF,WIS,1.10692302411039,0.5220773092346458,10,4,0.8899474096768905
2025-09-03,ILI incidence,2025-08-31,1,NL,ItaLuxColab,EpiNetEKF,WIS,0.91651941964495,0.7943948545229538,10,2,0.9893770084374285
2025-09-03,ILI incidence,2025-08-31,1,NL,NotreDame,Rt_cocirc,WIS,2.11968260869565,-0.41521604936359613,10,9,0.3610799052044145
2025-09-03,ILI incidence,2025-08-31,1,NL,QMUL,ARIMA,WIS,1.25686951476582,0.3387973288965395,10,6,0.8116446934899901
2025-09-03,ILI incidence,2025-08-31,1,NL,respicast,hubEnsemble,WIS,0.969234920930603,0.7137139189841505,10,3,0.9618487420686871
2025-09-03,ILI incidence,2025-08-31,1,NL,respicast,quantileBaseline,WIS,1.58956521739131,0.0,10,8,0.6379095359320246
2025-09-03,ILI incidence,2025-08-31,1,NL,safinea,PRFM,WIS,1.23701134456649,0.3617734779704485,10,5,0.8220147172118689
2025-09-03,ILI incidence,2025-08-31,1,NO,ECDC,SARIMA,WIS,2.89411815908421,0.5599659779813486,10,2,0.9116314788900322
2025-09-03,ILI incidence,2025-08-31,1,NO,ECDC,soca_simplex,WIS,4.10442102510446,0.05591107448157383,10,6,0.7548597351975542
2025-09-03,ILI incidence,2025-08-31,1,NO,ISI,FluBcast,WIS,9.93205857913342,-1.2190029681101688,10,10,0.0
2025-09-03,ILI incidence,2025-08-31,1,NO,ItaLuxColab,EpiEKF,WIS,3.21067892104301,0.4102114046223596,10,4,0.8706270460077999
2025-09-03,ILI incidence,2025-08-31,1,NO,ItaLuxColab,EpiNetEKF,WIS,3.16058123555253,0.43289990587569666,10,3,0.8771162494376202
2025-09-03,ILI incidence,2025-08-31,1,NO,NotreDame,Rt_cocirc,WIS,4.68391304347826,-0.13462449013055672,10,8,0.6797975530554407
2025-09-03,ILI incidence,2025-08-31,1,NO,QMUL,ARIMA,WIS,2.21189908154966,0.9478042386724109,10,1,1.0
2025-09-03,ILI incidence,2025-08-31,1,NO,respicast,hubEnsemble,WIS,3.44534693336533,0.3084405382618339,10,5,0.8402302630921404
2025-09-03,ILI incidence,2025-08-31,1,NO,respicast,quantileBaseline,WIS,4.26660869565217,0.0,10,7,0.7338514036211831
2025-09-03,ILI incidence,2025-08-31,1,NO,safinea,PRFM,WIS,7.04549695854514,-0.7236116690996687,10,9,0.37389922079870375
2025-09-03,ILI incidence,2025-08-31,1,PL,ECDC,SARIMA,WIS,14.2847455246956,-0.8269939388300583,9,7,0.21551884010988773
2025-09-03,ILI incidence,2025-08-31,1,PL,ECDC,soca_simplex,WIS,16.5763756526062,-1.0416472059443946,9,9,0.0
2025-09-03,ILI incidence,2025-08-31,1,PL,ItaLuxColab,EpiEKF,WIS,8.06479596438381,-0.0022285426243829455,9,3,0.8004807405726919
2025-09-03,ILI incidence,2025-08-31,1,PL,ItaLuxColab,EpiNetEKF,WIS,5.94329073649328,0.43814753463824335,9,1,1.0
2025-09-03,ILI incidence,2025-08-31,1,PL,NotreDame,Rt_cocirc,WIS,14.2336739130435,-0.8218266931635787,9,6,0.22032192520278565
2025-09-03,ILI incidence,2025-08-31,1,PL,QMUL,ARIMA,WIS,15.8449159727904,-0.9765386121690007,9,8,0.06879091868319201
2025-09-03,ILI incidence,2025-08-31,1,PL,respicast,hubEnsemble,WIS,10.5300987522923,-0.3870375693496519,9,5,0.5686286668464042
2025-09-03,ILI incidence,2025-08-31,1,PL,respicast,quantileBaseline,WIS,8.05234782608695,0.0,9,2,0.8016514392358802
2025-09-03,ILI incidence,2025-08-31,1,PL,safinea,PRFM,WIS,10.5002115729582,-0.38293700081094595,9,4,0.5714394390324525
2025-09-03,ILI incidence,2025-08-31,1,RO,ItaLuxColab,EpiEKF,WIS,0.76968185421732,0.9644262177358964,5,3,0.787707946155792
2025-09-03,ILI incidence,2025-08-31,1,RO,ItaLuxColab,EpiNetEKF,WIS,0.572352605060884,1.3917842414893413,5,1,1.0
2025-09-03,ILI incidence,2025-08-31,1,RO,NotreDame,Rt_cocirc,WIS,1.36347826086957,0.13946865973567,5,4,0.1488859809762564
2025-09-03,ILI incidence,2025-08-31,1,RO,respicast,hubEnsemble,WIS,0.595255521720343,1.3351793545942532,5,2,0.9753604331975907
2025-09-03,ILI incidence,2025-08-31,1,RO,respicast,quantileBaseline,WIS,1.50187043478261,0.0,5,5,0.0
2025-09-03,ILI incidence,2025-08-31,1,SI,ECDC,SARIMA,WIS,2.15221888590073,-1.104508168640635,8,7,0.4791080495608911
2025-09-03,ILI incidence,2025-08-31,1,SI,ISI,FluBcast,WIS,0.257023759138915,1.9613430096592082,8,1,1.0
2025-09-03,ILI incidence,2025-08-31,1,SI,ItaLuxColab,EpiEKF,WIS,0.998621359910394,0.003306971823721969,8,5,0.7961728503561271
2025-09-03,ILI incidence,2025-08-31,1,SI,ItaLuxColab,EpiNetEKF,WIS,0.638470245144264,0.648625350136226,8,2,0.895159922438719
2025-09-03,ILI incidence,2025-08-31,1,SI,NotreDame,Rt_cocirc,WIS,0.874619565217391,0.19458911536974322,8,4,0.8302545846237489
2025-09-03,ILI incidence,2025-08-31,1,SI,QMUL,ARIMA,WIS,3.8953889232851,-1.960450734672313,8,8,0.0
2025-09-03,ILI incidence,2025-08-31,1,SI,respicast,hubEnsemble,WIS,0.818113132558662,0.290944377535718,8,3,0.8457853051835115
2025-09-03,ILI incidence,2025-08-31,1,SI,respicast,quantileBaseline,WIS,1.00091304347826,0.0,8,6,0.7955429840660555
2025-09-03,ILI incidence,2025-09-07,2,BE,ECDC,SARIMA,WIS,25.4208443557446,-0.376089291495157,10,8,0.49685151667888644
2025-09-03,ILI incidence,2025-09-07,2,BE,ECDC,soca_simplex,WIS,17.9090248986009,0.1292358705526353,10,6,0.7430307306309964
2025-09-03,ILI incidence,2025-09-07,2,BE,ISI,FluBcast,WIS,40.5815836821195,-1.0509025079673866,10,10,0.0
2025-09-03,ILI incidence,2025-09-07,2,BE,ItaLuxColab,EpiEKF,WIS,14.637597087372,0.42024391911653897,10,3,0.8502427758171347
2025-09-03,ILI incidence,2025-09-07,2,BE,ItaLuxColab,EpiNetEKF,WIS,10.0679617700559,0.9601510154579393,10,1,1.0
2025-09-03,ILI incidence,2025-09-07,2,BE,NotreDame,Rt_cocirc,WIS,26.1296369565217,-0.41576442119050816,10,9,0.4736227894297991
2025-09-03,ILI incidence,2025-09-07,2,BE,QMUL,ARIMA,WIS,15.2116438664382,0.3647465906582936,10,4,0.831429972121771
2025-09-03,ILI incidence,2025-09-07,2,BE,respicast,hubEnsemble,WIS,11.7554997422526,0.7365867876761987,10,2,0.9446955862185102
2025-09-03,ILI incidence,2025-09-07,2,BE,respicast,quantileBaseline,WIS,19.5873558695652,0.0,10,7,0.6880280509818536
2025-09-03,ILI incidence,2025-09-07,2,BE,safinea,PRFM,WIS,16.058657089461,0.28657140684855875,10,5,0.8036714442923385
2025-09-03,ILI incidence,2025-09-07,2,CZ,ECDC,SARIMA,WIS,3.45908798480581,-0.6241443405571429,10,9,0.4748260386186366
2025-09-03,ILI incidence,2025-09-07,2,CZ,ECDC,soca_simplex,WIS,0.854646198474151,1.3928481596907725,10,1,1.0
2025-09-03,ILI incidence,2025-09-07,2,CZ,ISI,FluBcast,WIS,3.02766307348143,-0.43195729747850614,10,8,0.5618209297726274
2025-09-03,ILI incidence,2025-09-07,2,CZ,ItaLuxColab,EpiEKF,WIS,1.60398808764249,0.4845839424273917,10,5,0.8488985814815148
2025-09-03,ILI incidence,2025-09-07,2,CZ,ItaLuxColab,EpiNetEKF,WIS,0.921679499275705,1.283910303155461,10,3,0.986483036667905
2025-09-03,ILI incidence,2025-09-07,2,CZ,NotreDame,Rt_cocirc,WIS,1.36762608695652,0.7145735227643333,10,4,0.8965599148511938
2025-09-03,ILI incidence,2025-09-07,2,CZ,QMUL,ARIMA,WIS,5.81384444105496,-1.373245100538653,10,10,0.0
2025-09-03,ILI incidence,2025-09-07,2,CZ,respicast,hubEnsemble,WIS,0.903057703649967,1.3133572885777018,10,2,0.9902380379231175
2025-09-03,ILI incidence,2025-09-07,2,CZ,respicast,quantileBaseline,WIS,2.24427173913043,0.0,10,6,0.7197882656263593
2025-09-03,ILI incidence,2025-09-07,2,CZ,safinea,PRFM,WIS,2.44929969978917,-0.12612194513728597,10,7,0.6784453003667085
2025-09-03,ILI incidence,2025-09-07,2,DK,ECDC,SARIMA,WIS,6.8668908098518,0.4121253157392346,9,6,0.5257668938417348
2025-09-03,ILI incidence,2025-09-07,2,DK,ECDC,soca_simplex,WIS,3.7354278406454,1.2905088464272,9,2,0.8895390280801473
2025-09-03,ILI incidence,2025-09-07,2,DK,ItaLuxColab,EpiEKF,WIS,11.3928547403958,-0.31827504817795954,9,9,0.0
2025-09-03,ILI incidence,2025-09-07,2,DK,ItaLuxColab,EpiNetEKF,WIS,6.62988451204323,0.46279859948494523,9,5,0.5532991647418176
2025-09-03,ILI incidence,2025-09-07,2,DK,NotreDame,Rt_cocirc,WIS,2.78454565217391,1.7143403937220956,9,1,1.0
2025-09-03,ILI incidence,2025-09-07,2,DK,QMUL,ARIMA,WIS,11.2949281030926,-0.3058208429927031,9,8,0.011375827273347499
2025-09-03,ILI incidence,2025-09-07,2,DK,respicast,hubEnsemble,WIS,5.46897790470755,0.7405111058438882,9,4,0.6881580081497596
2025-09-03,ILI incidence,2025-09-07,2,DK,respicast,quantileBaseline,WIS,9.13739130434783,0.0,9,7,0.262010043195818
2025-09-03,ILI incidence,2025-09-07,2,DK,safinea,PRFM,WIS,4.33097916690136,1.0770891066055757,9,3,0.8203557169150303
2025-09-03,ILI incidence,2025-09-07,2,EE,ECDC,SARIMA,WIS,34.1725675940367,0.39428814923552713,9,2,0.6998547112355598
2025-09-03,ILI incidence,2025-09-07,2,EE,ECDC,soca_simplex,WIS,72.7510019263414,-0.6958403173661661,9,9,0.0
2025-09-03,ILI incidence,2025-09-07,2,EE,ItaLuxColab,EpiEKF,WIS,36.3171044501139,0.3064776179296296,9,5,0.660950482794979
2025-09-03,ILI incidence,2025-09-07,2,EE,ItaLuxColab,EpiNetEKF,WIS,36.8719530052399,0.2846029655620381,9,6,0.6508849272054924
2025-09-03,ILI incidence,2025-09-07,2,EE,NotreDame,Rt_cocirc,WIS,35.6277891304348,0.33412383924859385,9,4,0.6734554115810677
2025-09-03,ILI incidence,2025-09-07,2,EE,QMUL,ARIMA,WIS,17.6275117033545,1.349297961142317,9,1,1.0
2025-09-03,ILI incidence,2025-09-07,2,EE,respicast,hubEnsemble,WIS,34.5915346446678,0.37670777964809005,9,3,0.6922541937622233
2025-09-03,ILI incidence,2025-09-07,2,EE,respicast,quantileBaseline,WIS,44.9128041304348,0.0,9,7,0.5050151520394452
2025-09-03,ILI incidence,2025-09-07,2,EE,safinea,PRFM,WIS,52.8598292735833,-0.23504496579904655,9,8,0.360847482122301
2025-09-03,ILI incidence,2025-09-07,2,ES,ECDC,SARIMA,WIS,2.1554813913668,-0.5357320141978807,8,7,0.5379616084188924
2025-09-03,ILI incidence,2025-09-07,2,ES,ECDC,soca_simplex,WIS,0.430599355535181,1.7878600279613943,8,1,1.0
2025-09-03,ILI incidence,2025-09-07,2,ES,ItaLuxColab,EpiEKF,WIS,1.76277598992107,-0.24557105813621039,8,6,0.6431542930662909
2025-09-03,ILI incidence,2025-09-07,2,ES,ItaLuxColab,EpiNetEKF,WIS,0.813624879059082,0.8698423935654305,8,3,0.8974002319305442
2025-09-03,ILI incidence,2025-09-07,2,ES,QMUL,ARIMA,WIS,4.16380003162841,-1.4856226908785268,8,8,0.0
2025-09-03,ILI incidence,2025-09-07,2,ES,respicast,hubEnsemble,WIS,1.10064804369519,0.4339248840156632,8,4,0.8205162951858214
2025-09-03,ILI incidence,2025-09-07,2,ES,respicast,quantileBaseline,WIS,1.48686956521739,0.0,8,5,0.7170604258039541
2025-09-03,ILI incidence,2025-09-07,2,ES,safinea,PRFM,WIS,0.611735764356428,1.2812975643517521,8,2,0.9514795949810003
2025-09-03,ILI incidence,2025-09-07,2,FI,ISI,FluBcast,WIS,1.24134431513356,0.6837941605114378,6,2,0.9867814974675708
2025-09-03,ILI incidence,2025-09-07,2,FI,ItaLuxColab,EpiEKF,WIS,1.96235586024604,0.02311080735502789,6,4,0.6416277361410833
2025-09-03,ILI incidence,2025-09-07,2,FI,ItaLuxColab,EpiNetEKF,WIS,1.21373142487169,0.7162482792415664,6,1,1.0
2025-09-03,ILI incidence,2025-09-07,2,FI,respicast,hubEnsemble,WIS,1.54862081140333,0.3647135605351954,6,3,0.8396858799650935
2025-09-03,ILI incidence,2025-09-07,2,FI,respicast,quantileBaseline,WIS,1.99404434782609,0.0,6,5,0.6264582138870454
2025-09-03,ILI incidence,2025-09-07,2,FI,safinea,PRFM,WIS,3.30268894438851,-0.7279436035148572,6,6,0.0
2025-09-03,ILI incidence,2025-09-07,2,FR,NotreDame,Rt_cocirc,WIS,36.5507239130435,-0.1811393997665897,3,2,0.0
2025-09-03,ILI incidence,2025-09-07,2,FR,respicast,hubEnsemble,WIS,36.5507239130435,-0.1811393997665897,3,2,0.0
2025-09-03,ILI incidence,2025-09-07,2,FR,respicast,quantileBaseline,WIS,32.237962826087,0.0,3,1,1.0
2025-09-03,ILI incidence,2025-09-07,2,GR,ECDC,SARIMA,WIS,64.9882373369407,-0.08990728801051732,9,3,0.4567200968494444
2025-09-03,ILI incidence,2025-09-07,2,GR,ECDC,soca_simplex,WIS,66.0083731271022,-0.11237771060769348,9,5,0.4472267161997875
2025-09-03,ILI incidence,2025-09-07,2,GR,ItaLuxColab,EpiEKF,WIS,85.294340869566,-0.4821786938527661,9,8,0.26775155736115125
2025-09-03,ILI incidence,2025-09-07,2,GR,ItaLuxColab,EpiNetEKF,WIS,69.7619381602903,-0.1921687917591956,9,6,0.41229605108935613
2025-09-03,ILI incidence,2025-09-07,2,GR,NotreDame,Rt_cocirc,WIS,6.60868913043478,3.2078352917854684,9,1,1.0
2025-09-03,ILI incidence,2025-09-07,2,GR,QMUL,ARIMA,WIS,114.066277507908,-0.9015291014021689,9,9,0.0
2025-09-03,ILI incidence,2025-09-07,2,GR,respicast,hubEnsemble,WIS,65.918936017631,-0.11042162592880662,9,4,0.4480590176763201
2025-09-03,ILI incidence,2025-09-07,2,GR,respicast,quantileBaseline,WIS,61.0618513043478,0.0,9,2,0.4932590336698059
2025-09-03,ILI incidence,2025-09-07,2,GR,safinea,PRFM,WIS,72.4422874715947,-0.24656077164980872,9,7,0.3873527283163849
2025-09-03,ILI incidence,2025-09-07,2,HR,ItaLuxColab,EpiEKF,WIS,1.4873840707807,1.1956445390982573,5,4,0.6585046652595097
2025-09-03,ILI incidence,2025-09-07,2,HR,ItaLuxColab,EpiNetEKF,WIS,0.491984558061449,2.791736826357537,5,1,1.0
2025-09-03,ILI incidence,2025-09-07,2,HR,NotreDame,Rt_cocirc,WIS,0.504184782608696,2.756397285521846,5,2,0.9958144245476978
2025-09-03,ILI incidence,2025-09-07,2,HR,respicast,hubEnsemble,WIS,0.541727333426246,2.6527829753556302,5,3,0.9829345649590312
2025-09-03,ILI incidence,2025-09-07,2,HR,respicast,quantileBaseline,WIS,3.40681065217391,0.0,5,5,0.0
2025-09-03,ILI incidence,2025-09-07,2,IE,ECDC,SARIMA,WIS,2.71915465011745,-1.614869608911262,10,9,0.21533218937675647
2025-09-03,ILI incidence,2025-09-07,2,IE,ECDC,soca_simplex,WIS,0.292786526040174,1.6003675292970887,10,1,1.0
2025-09-03,ILI incidence,2025-09-07,2,IE,ISI,FluBcast,WIS,0.902467319509062,-0.02365799752650124,10,7,0.8028341665705802
2025-09-03,ILI incidence,2025-09-07,2,IE,ItaLuxColab,EpiEKF,WIS,0.943137902651221,-0.08725204064923839,10,8,0.7896816291982617
2025-09-03,ILI incidence,2025-09-07,2,IE,ItaLuxColab,EpiNetEKF,WIS,0.628589711850467,0.4980980323055752,10,3,0.8914039679324106
2025-09-03,ILI incidence,2025-09-07,2,IE,NotreDame,Rt_cocirc,WIS,0.575234782608695,0.6260657784232858,10,2,0.9086585201574653
2025-09-03,ILI incidence,2025-09-07,2,IE,QMUL,ARIMA,WIS,3.38500987358653,-1.9308714448316413,10,10,0.0
2025-09-03,ILI incidence,2025-09-07,2,IE,respicast,hubEnsemble,WIS,0.684937006141158,0.3742453829107575,10,4,0.8731817090728098
2025-09-03,ILI incidence,2025-09-07,2,IE,respicast,quantileBaseline,WIS,0.887788913043479,0.0,10,6,0.807581044404366
2025-09-03,ILI incidence,2025-09-07,2,IE,safinea,PRFM,WIS,0.730574834910117,0.2811846319390645,10,5,0.8584228046731092
2025-09-03,ILI incidence,2025-09-07,2,IS,ECDC,soca_simplex,WIS,0.207936973736845,1.4447687783576972,7,1,1.0
2025-09-03,ILI incidence,2025-09-07,2,IS,ISI,FluBcast,WIS,0.364892122875356,0.633445081168693,7,2,0.8001387746157291
2025-09-03,ILI incidence,2025-09-07,2,IS,ItaLuxColab,EpiEKF,WIS,0.993257632292476,-0.8112528859860919,7,7,0.0
2025-09-03,ILI incidence,2025-09-07,2,IS,ItaLuxColab,EpiNetEKF,WIS,0.387827210692878,0.5455010589680669,7,3,0.7709340318553587
2025-09-03,ILI incidence,2025-09-07,2,IS,respicast,hubEnsemble,WIS,0.393580515817631,0.5242562862808716,7,4,0.7636079733058044
2025-09-03,ILI incidence,2025-09-07,2,IS,respicast,quantileBaseline,WIS,0.566044347826087,0.0,7,6,0.5439985308066689
2025-09-03,ILI incidence,2025-09-07,2,IS,safinea,PRFM,WIS,0.513848924512412,0.13957082972684642,7,5,0.6104623666233318
2025-09-03,ILI incidence,2025-09-07,2,LT,ECDC,SARIMA,WIS,4.19415637965958,-0.7712817653546266,10,9,0.34590216951477576
2025-09-03,ILI incidence,2025-09-07,2,LT,ECDC,soca_simplex,WIS,0.19645653122048,3.6448168518799147,10,1,1.0
2025-09-03,ILI incidence,2025-09-07,2,LT,ISI,FluBcast,WIS,1.09686104952393,1.1637181115998942,10,6,0.8526771232684374
2025-09-03,ILI incidence,2025-09-07,2,LT,ItaLuxColab,EpiEKF,WIS,2.3590938973634,0.0588660458514656,10,7,0.6461524219051402
2025-09-03,ILI incidence,2025-09-07,2,LT,ItaLuxColab,EpiNetEKF,WIS,0.889671951617419,1.465753513274535,10,4,0.8865771019008387
2025-09-03,ILI incidence,2025-09-07,2,LT,NotreDame,Rt_cocirc,WIS,0.663913043478261,1.8880326871875843,10,2,0.9235154458548486
2025-09-03,ILI incidence,2025-09-07,2,LT,QMUL,ARIMA,WIS,6.30823318315268,-1.3601371020264847,10,10,0.0
2025-09-03,ILI incidence,2025-09-07,2,LT,respicast,hubEnsemble,WIS,0.926565642924183,1.4071337948431242,10,5,0.8805406098285867
2025-09-03,ILI incidence,2025-09-07,2,LT,respicast,quantileBaseline,WIS,2.45734239130435,0.0,10,8,0.630077146328784
2025-09-03,ILI incidence,2025-09-07,2,LT,safinea,PRFM,WIS,0.766955064961479,1.6798849287229163,10,3,0.9066558602790828
2025-09-03,ILI incidence,2025-09-07,2,LU,ECDC,SARIMA,WIS,1499.64982758395,-0.30026500888839774,8,3,0.8496878207073812
2025-09-03,ILI incidence,2025-09-07,2,LU,ItaLuxColab,EpiEKF,WIS,2264.85594853482,-0.8950586357211142,8,4,0.4414968649930726
2025-09-03,ILI incidence,2025-09-07,2,LU,ItaLuxColab,EpiNetEKF,WIS,2456.28604197158,-1.0121179188690579,8,6,0.33938054541197593
2025-09-03,ILI incidence,2025-09-07,2,LU,NotreDame,Rt_cocirc,WIS,1384.67078043478,-0.18518234377973242,8,2,0.9110221538470837
2025-09-03,ILI incidence,2025-09-07,2,LU,QMUL,ARIMA,WIS,2496.41435124685,-1.0354967526704455,8,7,0.31797453144293253
2025-09-03,ILI incidence,2025-09-07,2,LU,respicast,hubEnsemble,WIS,2280.04232214155,-0.9046999460988452,8,5,0.43339585771327904
2025-09-03,ILI incidence,2025-09-07,2,LU,respicast,quantileBaseline,WIS,1217.87043478261,0.0,8,1,1.0
2025-09-03,ILI incidence,2025-09-07,2,LU,safinea,PRFM,WIS,3092.49825354897,-1.344412122614769,8,8,0.0
2025-09-03,ILI incidence,2025-09-07,2,MT,ECDC,SARIMA,WIS,3088.74633621316,-0.5442595749262545,9,6,0.49552644774706794
2025-09-03,ILI incidence,2025-09-07,2,MT,ECDC,soca_simplex,WIS,2030.23069948993,0.06111814607105038,9,2,0.9967410641964339
2025-09-03,ILI incidence,2025-09-07,2,MT,ItaLuxColab,EpiEKF,WIS,2023.34814979178,0.06601723905977172,9,1,1.0
2025-09-03,ILI incidence,2025-09-07,2,MT,ItaLuxColab,EpiNetEKF,WIS,2559.93230023536,-0.2733438379890043,9,4,0.7459236218843799
2025-09-03,ILI incidence,2025-09-07,2,MT,NotreDame,Rt_cocirc,WIS,4135.24912391304,-0.9652124263792118,9,9,0.0
2025-09-03,ILI incidence,2025-09-07,2,MT,QMUL,ARIMA,WIS,3633.9371433362,-0.7787716459686408,9,7,0.23737475701739813
2025-09-03,ILI incidence,2025-09-07,2,MT,respicast,hubEnsemble,WIS,3056.2641320773,-0.5290074117173744,9,5,0.510907000402656
2025-09-03,ILI incidence,2025-09-07,2,MT,respicast,quantileBaseline,WIS,2118.08695652174,0.0,9,3,0.9551405071114285
2025-09-03,ILI incidence,2025-09-07,2,MT,safinea,PRFM,WIS,3767.70314313114,-0.8309234803197992,9,8,0.1740356130735875
2025-09-03,ILI incidence,2025-09-07,2,NL,ECDC,SARIMA,WIS,2.56322000598898,0.39082124797205015,10,4,0.7718669607509857
2025-09-03,ILI incidence,2025-09-07,2,NL,ECDC,soca_simplex,WIS,6.35927027309481,-0.9200826644638301,10,9,0.264764480258806
2025-09-03,ILI incidence,2025-09-07,2,NL,ISI,FluBcast,WIS,8.34123509218048,-1.3114824591509973,10,10,0.0
2025-09-03,ILI incidence,2025-09-07,2,NL,ItaLuxColab,EpiEKF,WIS,3.73553863231958,-0.1525377210021591,10,7,0.6152605826714147
2025-09-03,ILI incidence,2025-09-07,2,NL,ItaLuxColab,EpiNetEKF,WIS,3.84419840081538,-0.19390423503363588,10,8,0.6007450641042867
2025-09-03,ILI incidence,2025-09-07,2,NL,NotreDame,Rt_cocirc,WIS,0.855469565217391,1.9739901267279003,10,1,1.0
2025-09-03,ILI incidence,2025-09-07,2,NL,QMUL,ARIMA,WIS,1.62375008183899,1.049448962755284,10,2,0.897367809096569
2025-09-03,ILI incidence,2025-09-07,2,NL,respicast,hubEnsemble,WIS,3.00030390622295,0.16366991982268,10,5,0.7134782897914651
2025-09-03,ILI incidence,2025-09-07,2,NL,respicast,quantileBaseline,WIS,3.36073913043478,0.0,10,6,0.6653288756916548
2025-09-03,ILI incidence,2025-09-07,2,NL,safinea,PRFM,WIS,1.86023944054382,0.8532902315008889,10,3,0.8657759354461032
2025-09-03,ILI incidence,2025-09-07,2,NO,ECDC,SARIMA,WIS,3.34671222185511,0.5734264317443283,10,3,0.9860873829858068
2025-09-03,ILI incidence,2025-09-07,2,NO,ECDC,soca_simplex,WIS,3.75049745311852,0.4090889707645085,10,5,0.9402159129223792
2025-09-03,ILI incidence,2025-09-07,2,NO,ISI,FluBcast,WIS,12.0267811499775,-1.2720077326982537,10,10,0.0
2025-09-03,ILI incidence,2025-09-07,2,NO,ItaLuxColab,EpiEKF,WIS,3.9257297779224,0.3432100628449663,10,6,0.9203088838410151
2025-09-03,ILI incidence,2025-09-07,2,NO,ItaLuxColab,EpiNetEKF,WIS,3.26087423309746,0.6109121335552814,10,2,0.9958388905366928
2025-09-03,ILI incidence,2025-09-07,2,NO,NotreDame,Rt_cocirc,WIS,5.12160217391304,-0.04042426117555827,10,8,0.7844534325638027
2025-09-03,ILI incidence,2025-09-07,2,NO,QMUL,ARIMA,WIS,3.54583770923374,0.49004442668520976,10,4,0.9634660037823769
2025-09-03,ILI incidence,2025-09-07,2,NO,respicast,hubEnsemble,WIS,3.22424592045279,0.6272091475441381,10,1,1.0
2025-09-03,ILI incidence,2025-09-07,2,NO,respicast,quantileBaseline,WIS,4.98008695652174,0.0,10,7,0.8005300756786909
2025-09-03,ILI incidence,2025-09-07,2,NO,safinea,PRFM,WIS,7.86119891052605,-0.6585784213290697,10,9,0.4732252846293203
2025-09-03,ILI incidence,2025-09-07,2,PL,ECDC,SARIMA,WIS,17.6800846406277,-0.1005077643873467,9,9,0.0
2025-09-03,ILI incidence,2025-09-07,2,PL,ECDC,soca_simplex,WIS,14.0228843691887,0.23383428900328476,9,6,0.3438987586622899
2025-09-03,ILI incidence,2025-09-07,2,PL,ItaLuxColab,EpiEKF,WIS,13.837375264981,0.2530471049348408,9,5,0.3613427994373606
2025-09-03,ILI incidence,2025-09-07,2,PL,ItaLuxColab,EpiNetEKF,WIS,10.1412243879878,0.7013855722039215,9,2,0.7089042136571936
2025-09-03,ILI incidence,2025-09-07,2,PL,NotreDame,Rt_cocirc,WIS,7.04555869565217,1.2268313986461905,9,1,1.0
2025-09-03,ILI incidence,2025-09-07,2,PL,QMUL,ARIMA,WIS,12.7939119302076,0.36615995974240084,9,3,0.45946314256994786
2025-09-03,ILI incidence,2025-09-07,2,PL,respicast,hubEnsemble,WIS,13.1407564244782,0.3275690927871021,9,4,0.4268481961148618
2025-09-03,ILI incidence,2025-09-07,2,PL,respicast,quantileBaseline,WIS,16.4902973913043,0.0,9,8,0.11187966962321794
2025-09-03,ILI incidence,2025-09-07,2,PL,safinea,PRFM,WIS,14.6689344065988,0.16885334371580038,9,7,0.2831485154682962
2025-09-03,ILI incidence,2025-09-07,2,RO,ItaLuxColab,EpiEKF,WIS,1.09705223671838,0.6016262187607534,5,4,0.34251365656487337
2025-09-03,ILI incidence,2025-09-07,2,RO,ItaLuxColab,EpiNetEKF,WIS,0.712073803342604,1.2251597577197015,5,3,0.5748080289189267
2025-09-03,ILI incidence,2025-09-07,2,RO,NotreDame,Rt_cocirc,WIS,0.0074086956521739,7.811823156200023,5,1,1.0
2025-09-03,ILI incidence,2025-09-07,2,RO,respicast,hubEnsemble,WIS,0.558311531223402,1.576116182226872,5,2,0.6675875391383963
2025-09-03,ILI incidence,2025-09-07,2,RO,respicast,quantileBaseline,WIS,1.66469565217391,0.0,5,5,0.0
2025-09-03,ILI incidence,2025-09-07,2,SI,ECDC,SARIMA,WIS,2.89516392097591,-0.34574773856131025,8,7,0.5714962429487774
2025-09-03,ILI incidence,2025-09-07,2,SI,ISI,FluBcast,WIS,0.465367496166567,2.2914549421681514,8,2,0.9350327914576878
2025-09-03,ILI incidence,2025-09-07,2,SI,ItaLuxColab,EpiEKF,WIS,1.81407181793885,0.328665723394017,8,5,0.733244975371565
2025-09-03,ILI incidence,2025-09-07,2,SI,ItaLuxColab,EpiNetEKF,WIS,1.61509245801775,0.4962805395696585,8,4,0.7630154816541663
2025-09-03,ILI incidence,2025-09-07,2,SI,NotreDame,Rt_cocirc,WIS,0.0311413043478261,6.192924112836522,8,1,1.0
2025-09-03,ILI incidence,2025-09-07,2,SI,QMUL,ARIMA,WIS,6.714916112618,-1.5594720808581228,8,8,0.0
2025-09-03,ILI incidence,2025-09-07,2,SI,respicast,hubEnsemble,WIS,1.57208979232272,0.5352136740690471,8,3,0.7694493707256264
2025-09-03,ILI incidence,2025-09-07,2,SI,respicast,quantileBaseline,WIS,2.27820456521739,0.0,8,6,0.6638032660691742
2025-09-03,ILI incidence,2025-09-14,3,BE,ECDC,SARIMA,WIS,30.5928895491513,-0.2149503684173972,10,7,0.5676303451180237
2025-09-03,ILI incidence,2025-09-14,3,BE,ECDC,soca_simplex,WIS,25.8486386032275,0.028157711212399166,10,5,0.6889975957377876
2025-09-03,ILI incidence,2025-09-14,3,BE,ISI,FluBcast,WIS,52.7815836821195,-1.0017886287240285,10,10,0.0
2025-09-03,ILI incidence,2025-09-14,3,BE,ItaLuxColab,EpiEKF,WIS,21.2375924994324,0.31162577883326303,10,4,0.8069572050580772
2025-09-03,ILI incidence,2025-09-14,3,BE,ItaLuxColab,EpiNetEKF,WIS,13.6915415027243,0.9449611240218362,10,1,1.0
2025-09-03,ILI incidence,2025-09-14,3,BE,NotreDame,Rt_cocirc,WIS,35.6466739130435,-0.43552145943791054,10,9,0.43834462215310693
2025-09-03,ILI incidence,2025-09-14,3,BE,QMUL,ARIMA,WIS,16.9573345603887,0.6363365922350018,10,2,0.9164546038943432
2025-09-03,ILI incidence,2025-09-14,3,BE,respicast,hubEnsemble,WIS,17.5035815366088,0.5905958571425416,10,3,0.9024805341373137
2025-09-03,ILI incidence,2025-09-14,3,BE,respicast,quantileBaseline,WIS,26.3580932608696,0.0,10,6,0.6759647457013495
2025-09-03,ILI incidence,2025-09-14,3,BE,safinea,PRFM,WIS,33.219616413887,-0.3337894047780376,10,8,0.5004335165067647
2025-09-03,ILI incidence,2025-09-14,3,CZ,ECDC,SARIMA,WIS,4.77596164872557,-0.5136249065562369,10,8,0.4420870406361937
2025-09-03,ILI incidence,2025-09-14,3,CZ,ECDC,soca_simplex,WIS,3.49212045223564,-0.06193697693574692,10,5,0.6644548726089438
2025-09-03,ILI incidence,2025-09-14,3,CZ,ISI,FluBcast,WIS,5.69248367373732,-0.7668919035023517,10,9,0.28334075938712006
2025-09-03,ILI incidence,2025-09-14,3,CZ,ItaLuxColab,EpiEKF,WIS,2.44712263702686,0.4510799415784547,10,3,0.8454538148609575
2025-09-03,ILI incidence,2025-09-14,3,CZ,ItaLuxColab,EpiNetEKF,WIS,1.55484987670163,1.1053910526460238,10,1,1.0
2025-09-03,ILI incidence,2025-09-14,3,CZ,NotreDame,Rt_cocirc,WIS,3.58804347826087,-0.10103102711768912,10,7,0.6478405161045617
2025-09-03,ILI incidence,2025-09-14,3,CZ,QMUL,ARIMA,WIS,7.32835220885216,-1.1313224974874752,10,10,0.0
2025-09-03,ILI incidence,2025-09-14,3,CZ,respicast,hubEnsemble,WIS,1.96115225109706,0.7704648038291321,10,2,0.9296263600461578
2025-09-03,ILI incidence,2025-09-14,3,CZ,respicast,quantileBaseline,WIS,3.34537130434783,0.0,10,4,0.6898725722036279
2025-09-03,ILI incidence,2025-09-14,3,CZ,safinea,PRFM,WIS,3.52065854661821,-0.07367896809906899,10,6,0.6595119293587693
2025-09-03,ILI incidence,2025-09-14,3,DK,ECDC,SARIMA,WIS,10.3128035789668,0.11291953555638926,9,7,0.35917282578363363
2025-09-03,ILI incidence,2025-09-14,3,DK,ECDC,soca_simplex,WIS,3.6924259600043,1.5947152266105282,9,2,0.9371755079602597
2025-09-03,ILI incidence,2025-09-14,3,DK,ItaLuxColab,EpiEKF,WIS,14.4267286704612,-0.37138807464240203,9,9,0.0
2025-09-03,ILI incidence,2025-09-14,3,DK,ItaLuxColab,EpiNetEKF,WIS,8.05091084675241,0.47013220616606854,9,6,0.5566509971603018
2025-09-03,ILI incidence,2025-09-14,3,DK,NotreDame,Rt_cocirc,WIS,2.97284130434783,1.9074417675493354,9,1,1.0
2025-09-03,ILI incidence,2025-09-14,3,DK,QMUL,ARIMA,WIS,7.137155690466,0.6439349752879893,9,5,0.6364278560623527
2025-09-03,ILI incidence,2025-09-14,3,DK,respicast,hubEnsemble,WIS,5.52396190837677,1.01358084794875,9,4,0.7772703255685489
2025-09-03,ILI incidence,2025-09-14,3,DK,respicast,quantileBaseline,WIS,11.1524147826087,0.0,9,8,0.28586922353886984
2025-09-03,ILI incidence,2025-09-14,3,DK,safinea,PRFM,WIS,5.08910317109302,1.1318727798922517,9,3,0.8152363648165244
2025-09-03,ILI incidence,2025-09-14,3,EE,ECDC,SARIMA,WIS,58.6044932381624,0.4166906383937945,9,3,0.8240348579251635
2025-09-03,ILI incidence,2025-09-14,3,EE,ECDC,soca_simplex,WIS,119.778024428066,-0.6145894177740319,9,9,0.0
2025-09-03,ILI incidence,2025-09-14,3,EE,ItaLuxColab,EpiEKF,WIS,56.4043451167779,0.47189561436671573,9,2,0.8536718383210021
2025-09-03,ILI incidence,2025-09-14,3,EE,ItaLuxColab,EpiNetEKF,WIS,61.2354982924694,0.3533336920059939,9,4,0.7885940417101257
2025-09-03,ILI incidence,2025-09-14,3,EE,NotreDame,Rt_cocirc,WIS,75.9253891304348,0.04311952202292018,9,6,0.5907146341601355
2025-09-03,ILI incidence,2025-09-14,3,EE,QMUL,ARIMA,WIS,45.5414425631527,0.780521928723951,9,1,1.0
2025-09-03,ILI incidence,2025-09-14,3,EE,respicast,hubEnsemble,WIS,62.3334979766201,0.3276942445735486,9,5,0.7738034942931028
2025-09-03,ILI incidence,2025-09-14,3,EE,respicast,quantileBaseline,WIS,78.2289130434783,0.0,9,7,0.5596851355601706
2025-09-03,ILI incidence,2025-09-14,3,EE,safinea,PRFM,WIS,110.73564398666,-0.501345852130258,9,8,0.12180491361873629
2025-09-03,ILI incidence,2025-09-14,3,ES,ECDC,SARIMA,WIS,3.15196349914072,-0.5805830783576642,8,7,0.504453349541957
2025-09-03,ILI incidence,2025-09-14,3,ES,ECDC,soca_simplex,WIS,0.49824926014886,2.0807281816929115,8,1,1.0
2025-09-03,ILI incidence,2025-09-14,3,ES,ItaLuxColab,EpiEKF,WIS,2.68738571634433,-0.35053565440470535,8,6,0.5912072135259839
2025-09-03,ILI incidence,2025-09-14,3,ES,ItaLuxColab,EpiNetEKF,WIS,1.09653304083066,0.9427184655300986,8,3,0.8882782783526566
2025-09-03,ILI incidence,2025-09-14,3,ES,QMUL,ARIMA,WIS,5.85337422474903,-1.473600768067732,8,8,0.0
2025-09-03,ILI incidence,2025-09-14,3,ES,respicast,hubEnsemble,WIS,1.61883076360789,0.3807155788352189,8,4,0.7907459656186201
2025-09-03,ILI incidence,2025-09-14,3,ES,respicast,quantileBaseline,WIS,2.10769739130435,0.0,8,5,0.6994564754707537
2025-09-03,ILI incidence,2025-09-14,3,ES,safinea,PRFM,WIS,0.59363541401908,1.8280186843025175,8,2,0.9821878752595381
2025-09-03,ILI incidence,2025-09-14,3,FI,ISI,FluBcast,WIS,1.57389069923349,0.6426044984418567,6,2,0.98037782185845
2025-09-03,ILI incidence,2025-09-14,3,FI,ItaLuxColab,EpiEKF,WIS,2.51507858315804,-0.03366362442806247,6,5,0.797880500118882
2025-09-03,ILI incidence,2025-09-14,3,FI,ItaLuxColab,EpiNetEKF,WIS,1.47269383701657,0.7384823179355742,6,1,1.0
2025-09-03,ILI incidence,2025-09-14,3,FI,respicast,hubEnsemble,WIS,1.94827722296161,0.33474087801659236,6,3,0.9077838806882019
2025-09-03,ILI incidence,2025-09-14,3,FI,respicast,quantileBaseline,WIS,2.45707152173913,0.0,6,4,0.8091281304079502
2025-09-03,ILI incidence,2025-09-14,3,FI,safinea,PRFM,WIS,6.62996340652657,-1.4320610544946089,6,6,0.0
2025-09-03,ILI incidence,2025-09-14,3,FR,NotreDame,Rt_cocirc,WIS,69.0808695652174,-1.1079432936928502,3,2,0.0
2025-09-03,ILI incidence,2025-09-14,3,FR,respicast,hubEnsemble,WIS,69.0808695652174,-1.1079432936928502,3,2,0.0
2025-09-03,ILI incidence,2025-09-14,3,FR,respicast,quantileBaseline,WIS,32.0504130434783,0.0,3,1,1.0
2025-09-03,ILI incidence,2025-09-14,3,GR,ECDC,SARIMA,WIS,90.4421946899354,-0.034038080561503974,9,4,0.6332768819118095
2025-09-03,ILI incidence,2025-09-14,3,GR,ECDC,soca_simplex,WIS,186.405958334847,-1.0774181496411108,9,8,0.002864278706337012
2025-09-03,ILI incidence,2025-09-14,3,GR,ItaLuxColab,EpiEKF,WIS,136.927874888211,-0.6323863451720165,9,7,0.3278995441282692
2025-09-03,ILI incidence,2025-09-14,3,GR,ItaLuxColab,EpiNetEKF,WIS,106.095630418053,-0.2643354138101858,9,6,0.5304451171741682
2025-09-03,ILI incidence,2025-09-14,3,GR,NotreDame,Rt_cocirc,WIS,34.6182304347826,1.3514259397373474,9,1,1.0
2025-09-03,ILI incidence,2025-09-14,3,GR,QMUL,ARIMA,WIS,186.841969549392,-1.0807887323349468,9,9,0.0
2025-09-03,ILI incidence,2025-09-14,3,GR,respicast,hubEnsemble,WIS,104.872882562495,-0.24761185638685745,9,5,0.5384776872757173
2025-09-03,ILI incidence,2025-09-14,3,GR,respicast,quantileBaseline,WIS,88.3333313043478,0.0,9,3,0.6471305909183913
2025-09-03,ILI incidence,2025-09-14,3,GR,safinea,PRFM,WIS,64.7004344196793,0.44918252173161294,9,2,0.8023816511152195
2025-09-03,ILI incidence,2025-09-14,3,HR,ItaLuxColab,EpiEKF,WIS,1.85433204728639,1.0031550419380078,5,4,0.596871800085976
2025-09-03,ILI incidence,2025-09-14,3,HR,ItaLuxColab,EpiNetEKF,WIS,0.59642927371275,2.6396316719708817,5,1,1.0
2025-09-03,ILI incidence,2025-09-14,3,HR,NotreDame,Rt_cocirc,WIS,0.9,2.0460577396921162,5,3,0.9027127350334857
2025-09-03,ILI incidence,2025-09-14,3,HR,respicast,hubEnsemble,WIS,0.666737997099661,2.4788627931327514,5,2,0.9774677107860282
2025-09-03,ILI incidence,2025-09-14,3,HR,respicast,quantileBaseline,WIS,3.71678347826087,0.0,5,5,0.0
2025-09-03,ILI incidence,2025-09-14,3,IE,ECDC,SARIMA,WIS,3.48291967000336,-1.5653427665254018,10,9,0.2602586436714411
2025-09-03,ILI incidence,2025-09-14,3,IE,ECDC,soca_simplex,WIS,0.522186783505735,1.1723165837294258,10,3,0.9369950578251001
2025-09-03,ILI incidence,2025-09-14,3,IE,ISI,FluBcast,WIS,0.471947538112235,1.318256029468318,10,2,0.9484782709621018
2025-09-03,ILI incidence,2025-09-14,3,IE,ItaLuxColab,EpiEKF,WIS,1.42249764376134,-0.2734718303495494,10,8,0.73121048807497
2025-09-03,ILI incidence,2025-09-14,3,IE,ItaLuxColab,EpiNetEKF,WIS,1.08424544180002,0.11826305440942164,10,6,0.8085249878999331
2025-09-03,ILI incidence,2025-09-14,3,IE,NotreDame,Rt_cocirc,WIS,0.246539130434783,2.255065879541907,10,1,1.0
2025-09-03,ILI incidence,2025-09-14,3,IE,QMUL,ARIMA,WIS,4.62155549511553,-1.9734240744307994,10,10,0.0
2025-09-03,ILI incidence,2025-09-14,3,IE,respicast,hubEnsemble,WIS,0.816581513623104,0.5272856202435657,10,5,0.8697050854963103
2025-09-03,ILI incidence,2025-09-14,3,IE,respicast,quantileBaseline,WIS,1.17686956521739,0.0,10,7,0.7873538388808987
2025-09-03,ILI incidence,2025-09-14,3,IE,safinea,PRFM,WIS,0.553194420051608,1.0890959229582449,10,4,0.9299076245537193
2025-09-03,ILI incidence,2025-09-14,3,IS,ISI,FluBcast,WIS,0.0540705842870958,3.7763460498723105,6,1,1.0
2025-09-03,ILI incidence,2025-09-14,3,IS,ItaLuxColab,EpiEKF,WIS,1.56953236495927,-1.083000972329279,6,5,0.26203687156231176
2025-09-03,ILI incidence,2025-09-14,3,IS,ItaLuxColab,EpiNetEKF,WIS,0.820032310684968,-0.14641885425791154,6,3,0.6270103812018326
2025-09-03,ILI incidence,2025-09-14,3,IS,respicast,hubEnsemble,WIS,0.89930923385456,-0.2795553807043313,6,4,0.588406011905764
2025-09-03,ILI incidence,2025-09-14,3,IS,respicast,quantileBaseline,WIS,0.740891304347826,0.0,6,2,0.6655485649878728
2025-09-03,ILI incidence,2025-09-14,3,IS,safinea,PRFM,WIS,2.10764443137143,-1.5082976923063376,6,6,0.0
2025-09-03,ILI incidence,2025-09-14,3,LT,ECDC,SARIMA,WIS,5.77323419202402,-0.6686929202165102,10,9,0.3377091561167592
2025-09-03,ILI incidence,2025-09-14,3,LT,ECDC,soca_simplex,WIS,0.424760851249731,3.0959641203051924,10,1,1.0
2025-09-03,ILI incidence,2025-09-14,3,LT,ISI,FluBcast,WIS,2.28515547428071,0.668394504701894,10,6,0.7696310243429841
2025-09-03,ILI incidence,2025-09-14,3,LT,ItaLuxColab,EpiEKF,WIS,3.5730946431019,0.023512701315171313,10,7,0.6101480719860823
2025-09-03,ILI incidence,2025-09-14,3,LT,ItaLuxColab,EpiNetEKF,WIS,1.21014922230972,1.5855018736605169,10,3,0.9027469160068577
2025-09-03,ILI incidence,2025-09-14,3,LT,NotreDame,Rt_cocirc,WIS,2.22565217391304,0.7064586842755836,10,5,0.7769991999892774
2025-09-03,ILI incidence,2025-09-14,3,LT,QMUL,ARIMA,WIS,8.50047772121933,-1.2268570925994946,10,10,0.0
2025-09-03,ILI incidence,2025-09-14,3,LT,respicast,hubEnsemble,WIS,1.35051495393769,1.427177214873569,10,4,0.885365705906497
2025-09-03,ILI incidence,2025-09-14,3,LT,respicast,quantileBaseline,WIS,3.6318052173913,0.0,10,8,0.6028780580375099
2025-09-03,ILI incidence,2025-09-14,3,LT,safinea,PRFM,WIS,1.1777996666661,1.6245926591003126,10,2,0.9067526973095573
2025-09-03,ILI incidence,2025-09-14,3,LU,ECDC,SARIMA,WIS,711.708392494422,0.15500595793313,8,4,0.5716562403221744
2025-09-03,ILI incidence,2025-09-14,3,LU,ItaLuxColab,EpiEKF,WIS,878.548042958884,-0.14882897512524876,8,7,0.4405152762573907
2025-09-03,ILI incidence,2025-09-14,3,LU,ItaLuxColab,EpiNetEKF,WIS,1438.97868520071,-0.8606811109562419,8,8,0.0
2025-09-03,ILI incidence,2025-09-14,3,LU,NotreDame,Rt_cocirc,WIS,629.293013043478,0.33256028137200927,8,3,0.6364371978755705
2025-09-03,ILI incidence,2025-09-14,3,LU,QMUL,ARIMA,WIS,764.503740105781,0.0517686467628533,8,5,0.5301575152612287
2025-09-03,ILI incidence,2025-09-14,3,LU,respicast,hubEnsemble,WIS,366.891425567459,1.1109390178301541,8,2,0.8426927076296186
2025-09-03,ILI incidence,2025-09-14,3,LU,respicast,quantileBaseline,WIS,792.434782608696,0.0,8,6,0.5082028789923944
2025-09-03,ILI incidence,2025-09-14,3,LU,safinea,PRFM,WIS,166.762550034561,2.248496868050682,8,1,1.0
2025-09-03,ILI incidence,2025-09-14,3,MT,ECDC,SARIMA,WIS,1638.15627156409,0.18976141486417827,9,4,0.6032326914029277
2025-09-03,ILI incidence,2025-09-14,3,MT,ECDC,soca_simplex,WIS,1823.24350955775,0.035327145646407446,9,6,0.5254498950997429
2025-09-03,ILI incidence,2025-09-14,3,MT,ItaLuxColab,EpiEKF,WIS,1662.20621762348,0.16873502628186451,9,5,0.5931257165746352
2025-09-03,ILI incidence,2025-09-14,3,MT,ItaLuxColab,EpiNetEKF,WIS,1101.27174779983,0.7626638943715776,9,2,0.8288580775882156
2025-09-03,ILI incidence,2025-09-14,3,MT,NotreDame,Rt_cocirc,WIS,3073.57230217391,-0.7180820191836726,9,9,0.0
2025-09-03,ILI incidence,2025-09-14,3,MT,QMUL,ARIMA,WIS,2132.14918353669,-0.1904739810201829,9,8,0.39563247831585335
2025-09-03,ILI incidence,2025-09-14,3,MT,respicast,hubEnsemble,WIS,1582.98892841445,0.23918323883551262,9,3,0.6264167329463178
2025-09-03,ILI incidence,2025-09-14,3,MT,respicast,quantileBaseline,WIS,1868.4402173913,0.0,9,7,0.5064560068279216
2025-09-03,ILI incidence,2025-09-14,3,MT,safinea,PRFM,WIS,694.032779421093,1.4287586954521887,9,1,1.0
2025-09-03,ILI incidence,2025-09-14,3,NL,ECDC,SARIMA,WIS,3.34738584690183,0.5937701167142574,10,3,0.812602098433813
2025-09-03,ILI incidence,2025-09-14,3,NL,ECDC,soca_simplex,WIS,10.0935279352942,-0.9985536406575,10,9,0.22946433322089768
2025-09-03,ILI incidence,2025-09-14,3,NL,ISI,FluBcast,WIS,12.7481304811629,-1.3354088115520164,10,10,0.0
2025-09-03,ILI incidence,2025-09-14,3,NL,ItaLuxColab,EpiEKF,WIS,5.98399640209971,-0.24430433371889693,10,6,0.5846929962018336
2025-09-03,ILI incidence,2025-09-14,3,NL,ItaLuxColab,EpiNetEKF,WIS,6.20784008178446,-0.29728641910950293,10,7,0.5653439072828501
2025-09-03,ILI incidence,2025-09-14,3,NL,NotreDame,Rt_cocirc,WIS,1.17943695652174,2.098706668639982,10,1,1.0
2025-09-03,ILI incidence,2025-09-14,3,NL,QMUL,ARIMA,WIS,2.51403705704934,1.0067990587589255,10,2,0.8846369213874566
2025-09-03,ILI incidence,2025-09-14,3,NL,respicast,hubEnsemble,WIS,5.6354472075295,-0.1577251276180241,10,5,0.6148216528066441
2025-09-03,ILI incidence,2025-09-14,3,NL,respicast,quantileBaseline,WIS,5.05182608695652,0.0,10,4,0.6652699700111647
2025-09-03,ILI incidence,2025-09-14,3,NL,safinea,PRFM,WIS,6.39827372715402,-0.34087774021684525,10,8,0.548882787886443
2025-09-03,ILI incidence,2025-09-14,3,NO,ECDC,SARIMA,WIS,4.00333882296702,0.45692740098375234,10,4,0.899905168917051
2025-09-03,ILI incidence,2025-09-14,3,NO,ECDC,soca_simplex,WIS,2.95364273782305,0.8956357911434335,10,1,1.0
2025-09-03,ILI incidence,2025-09-14,3,NO,ISI,FluBcast,WIS,13.4406586385151,-1.2904008072464288,10,10,0.0
2025-09-03,ILI incidence,2025-09-14,3,NO,ItaLuxColab,EpiEKF,WIS,4.64396450716588,0.24277417847645735,10,5,0.8388176593466131
2025-09-03,ILI incidence,2025-09-14,3,NO,ItaLuxColab,EpiNetEKF,WIS,3.43274540772699,0.6787682618641693,10,3,0.9543146807022268
2025-09-03,ILI incidence,2025-09-14,3,NO,NotreDame,Rt_cocirc,WIS,5.30247173913044,0.05146609794360933,10,6,0.7760250367168425
2025-09-03,ILI incidence,2025-09-14,3,NO,QMUL,ARIMA,WIS,5.30718157201969,0.050185216693335546,10,7,0.7755759258416565
2025-09-03,ILI incidence,2025-09-14,3,NO,respicast,hubEnsemble,WIS,3.06275023294659,0.8433034044496674,10,2,0.9895959445321009
2025-09-03,ILI incidence,2025-09-14,3,NO,respicast,quantileBaseline,WIS,5.49504434782609,0.0,10,8,0.7576620809895663
2025-09-03,ILI incidence,2025-09-14,3,NO,safinea,PRFM,WIS,7.82387871920515,-0.5097528822115941,10,9,0.5355937258509631
2025-09-03,ILI incidence,2025-09-14,3,PL,ECDC,SARIMA,WIS,26.8156256033603,0.694194488756852,9,3,0.8464259783410413
2025-09-03,ILI incidence,2025-09-14,3,PL,ECDC,soca_simplex,WIS,84.1228360509081,-0.9552290884643369,9,9,0.0
2025-09-03,ILI incidence,2025-09-14,3,PL,ItaLuxColab,EpiEKF,WIS,33.7568040192793,0.3620900793131341,9,5,0.7439049572400158
2025-09-03,ILI incidence,2025-09-14,3,PL,ItaLuxColab,EpiNetEKF,WIS,35.5333185938503,0.2880959664844735,9,7,0.7176658840924113
2025-09-03,ILI incidence,2025-09-14,3,PL,NotreDame,Rt_cocirc,WIS,23.1472782608696,0.906425834052537,9,2,0.9006073712934062
2025-09-03,ILI incidence,2025-09-14,3,PL,QMUL,ARIMA,WIS,16.4179074287178,1.4019981425336048,9,1,1.0
2025-09-03,ILI incidence,2025-09-14,3,PL,respicast,hubEnsemble,WIS,31.2626332870865,0.47282909701076203,9,4,0.7807437928011737
2025-09-03,ILI incidence,2025-09-14,3,PL,respicast,quantileBaseline,WIS,43.3871673913043,0.0,9,8,0.6016647456630311
2025-09-03,ILI incidence,2025-09-14,3,PL,safinea,PRFM,WIS,34.4789653361227,0.33155191842212817,9,6,0.7332386537442507
2025-09-03,ILI incidence,2025-09-14,3,RO,ItaLuxColab,EpiEKF,WIS,0.954160670924136,0.8303173841216799,5,3,0.5276836446280693
2025-09-03,ILI incidence,2025-09-14,3,RO,ItaLuxColab,EpiNetEKF,WIS,0.289648173511431,2.5502480383705275,5,1,1.0
2025-09-03,ILI incidence,2025-09-14,3,RO,NotreDame,Rt_cocirc,WIS,1.2,0.4995871052162842,5,4,0.35294812593085123
2025-09-03,ILI incidence,2025-09-14,3,RO,respicast,hubEnsemble,WIS,0.321084107023982,2.401598349422926,5,2,0.9776562433330114
2025-09-03,ILI incidence,2025-09-14,3,RO,respicast,quantileBaseline,WIS,1.69657065217391,0.0,5,5,0.0
2025-09-03,ILI incidence,2025-09-14,3,SI,ECDC,SARIMA,WIS,3.72676378163739,-0.30462157609655127,8,7,0.58002906325234
2025-09-03,ILI incidence,2025-09-14,3,SI,ISI,FluBcast,WIS,0.525109333878249,2.522612056558427,8,1,1.0
2025-09-03,ILI incidence,2025-09-14,3,SI,ItaLuxColab,EpiEKF,WIS,2.56332378483767,0.23528607826143935,8,5,0.7326410934630503
2025-09-03,ILI incidence,2025-09-14,3,SI,ItaLuxColab,EpiNetEKF,WIS,1.60987997093705,0.9063486734114679,8,3,0.8577072735251617
2025-09-03,ILI incidence,2025-09-14,3,SI,NotreDame,Rt_cocirc,WIS,1.2,1.3302673958000937,8,2,0.9114724996472428
2025-09-03,ILI incidence,2025-09-14,3,SI,QMUL,ARIMA,WIS,8.14862364787674,-1.4332545983149778,8,8,0.0
2025-09-03,ILI incidence,2025-09-14,3,SI,respicast,hubEnsemble,WIS,1.95572436219881,0.6255987489871614,8,4,0.8123417928535099
2025-09-03,ILI incidence,2025-09-14,3,SI,respicast,quantileBaseline,WIS,3.01739130434783,0.0,8,6,0.6730796496448902
2025-09-03,ILI incidence,2025-09-21,4,BE,ECDC,SARIMA,WIS,35.4096507962256,0.4053901829616157,10,4,0.7904907824755277
2025-09-03,ILI incidence,2025-09-21,4,BE,ECDC,soca_simplex,WIS,57.2616023846683,-0.28803524352039117,10,8,0.5422043601607087
2025-09-03,ILI incidence,2025-09-21,4,BE,ISI,FluBcast,WIS,104.98158368212,-1.1625315620927779,10,10,0.0
2025-09-03,ILI incidence,2025-09-21,4,BE,ItaLuxColab,EpiEKF,WIS,38.1709903569641,0.29705618099152614,10,5,0.7591158676283457
2025-09-03,ILI incidence,2025-09-21,4,BE,ItaLuxColab,EpiNetEKF,WIS,32.6537492555526,0.5222841497459481,10,3,0.8218039094068309
2025-09-03,ILI incidence,2025-09-21,4,BE,NotreDame,Rt_cocirc,WIS,84.0155217391304,-0.8411230890627234,10,9,0.23822075976998588
2025-09-03,ILI incidence,2025-09-21,4,BE,QMUL,ARIMA,WIS,16.9705221640836,1.4665018434701795,10,1,1.0
2025-09-03,ILI incidence,2025-09-21,4,BE,respicast,hubEnsemble,WIS,31.1408573899063,0.5907241329928922,10,2,0.8389937016846601
2025-09-03,ILI incidence,2025-09-21,4,BE,respicast,quantileBaseline,WIS,46.8982080434783,0.0,10,7,0.6599554037504534
2025-09-03,ILI incidence,2025-09-21,4,BE,safinea,PRFM,WIS,41.6484631967999,0.17126953715965476,10,6,0.7196040974047454
2025-09-03,ILI incidence,2025-09-21,4,CZ,ECDC,SARIMA,WIS,5.89259763172799,-0.40755937285398014,10,5,0.4421487326340497
2025-09-03,ILI incidence,2025-09-21,4,CZ,ECDC,soca_simplex,WIS,6.09634887775909,-0.45660108260941284,10,6,0.40986032820371815
2025-09-03,ILI incidence,2025-09-21,4,CZ,ISI,FluBcast,WIS,8.68271243593401,-0.9668014196284412,10,10,0.0
2025-09-03,ILI incidence,2025-09-21,4,CZ,ItaLuxColab,EpiEKF,WIS,3.49922617526137,0.34430846683650196,10,3,0.8214256550760868
2025-09-03,ILI incidence,2025-09-21,4,CZ,ItaLuxColab,EpiNetEKF,WIS,2.37235893207065,0.9050220815584391,10,1,1.0
2025-09-03,ILI incidence,2025-09-21,4,CZ,NotreDame,Rt_cocirc,WIS,6.35608695652174,-0.5167944779145891,10,7,0.36869970564847904
2025-09-03,ILI incidence,2025-09-21,4,CZ,QMUL,ARIMA,WIS,8.20858342986942,-0.8857888908160824,10,9,0.07513509437693408
2025-09-03,ILI incidence,2025-09-21,4,CZ,respicast,hubEnsemble,WIS,3.18447161429629,0.480290372022605,10,2,0.8713047245723327
2025-09-03,ILI incidence,2025-09-21,4,CZ,respicast,quantileBaseline,WIS,4.44241565217391,0.0,10,4,0.6719586757166744
2025-09-03,ILI incidence,2025-09-21,4,CZ,safinea,PRFM,WIS,7.47463505190824,-0.750658757463956,10,8,0.19144369380988782
2025-09-03,ILI incidence,2025-09-21,4,DK,ECDC,SARIMA,WIS,11.5752655618685,0.2459153666739107,9,6,0.6968707919278853
2025-09-03,ILI incidence,2025-09-21,4,DK,ECDC,soca_simplex,WIS,5.88416852694619,1.222050186961736,9,1,1.0
2025-09-03,ILI incidence,2025-09-21,4,DK,ItaLuxColab,EpiEKF,WIS,18.9253377696115,-0.46335838979980587,9,8,0.305378333807039
2025-09-03,ILI incidence,2025-09-21,4,DK,ItaLuxColab,EpiNetEKF,WIS,8.73791902264541,0.6515990181169954,9,2,0.8479985277902543
2025-09-03,ILI incidence,2025-09-21,4,DK,NotreDame,Rt_cocirc,WIS,8.92024347826087,0.6218056649221275,9,3,0.8382872423379499
2025-09-03,ILI incidence,2025-09-21,4,DK,QMUL,ARIMA,WIS,24.6586609987122,-0.8451338023072689,9,9,0.0
2025-09-03,ILI incidence,2025-09-21,4,DK,respicast,hubEnsemble,WIS,9.31826738305762,0.558827025542603,9,5,0.8170869938947328
2025-09-03,ILI incidence,2025-09-21,4,DK,respicast,quantileBaseline,WIS,13.72647,0.0,9,7,0.5822895620295759
2025-09-03,ILI incidence,2025-09-21,4,DK,safinea,PRFM,WIS,9.24938910051614,0.5695306716975715,9,4,0.8207557099809366
2025-09-03,ILI incidence,2025-09-21,4,EE,ECDC,SARIMA,WIS,39.2842117803279,0.6084280074937719,9,2,0.7641732172819579
2025-09-03,ILI incidence,2025-09-21,4,EE,ECDC,soca_simplex,WIS,93.0745840830917,-0.6360096430246391,9,8,0.04609242808156385
2025-09-03,ILI incidence,2025-09-21,4,EE,ItaLuxColab,EpiEKF,WIS,49.7974242490391,0.26630649975519133,9,5,0.6238258728897036
2025-09-03,ILI incidence,2025-09-21,4,EE,ItaLuxColab,EpiNetEKF,WIS,48.2308121684924,0.3124225170395792,9,4,0.6447395418421688
2025-09-03,ILI incidence,2025-09-21,4,EE,NotreDame,Rt_cocirc,WIS,50.0305673913044,0.2595678073069748,9,6,0.62071350157812
2025-09-03,ILI incidence,2025-09-21,4,EE,QMUL,ARIMA,WIS,21.6187754782485,1.4700928123301338,9,1,1.0
2025-09-03,ILI incidence,2025-09-21,4,EE,respicast,hubEnsemble,WIS,40.5237113474301,0.5636113123586426,9,3,0.7476263746174656
2025-09-03,ILI incidence,2025-09-21,4,EE,respicast,quantileBaseline,WIS,59.8925941304348,0.0,9,7,0.48905923631128
2025-09-03,ILI incidence,2025-09-21,4,EE,safinea,PRFM,WIS,96.5272998556533,-0.6885594019917317,9,9,0.0
2025-09-03,ILI incidence,2025-09-21,4,ES,ECDC,SARIMA,WIS,3.84387241961481,-0.35494197162994623,8,6,0.44812937581356843
2025-09-03,ILI incidence,2025-09-21,4,ES,ECDC,soca_simplex,WIS,3.35390402279426,-0.15822292313958225,8,5,0.5620318814598658
2025-09-03,ILI incidence,2025-09-21,4,ES,ItaLuxColab,EpiEKF,WIS,3.84974381768936,-0.35714396306502777,8,7,0.4467644572664178
2025-09-03,ILI incidence,2025-09-21,4,ES,ItaLuxColab,EpiNetEKF,WIS,1.58697759468722,0.9213367213616638,8,2,0.9727876541995598
2025-09-03,ILI incidence,2025-09-21,4,ES,QMUL,ARIMA,WIS,5.77156690350438,-0.941344563146188,8,8,0.0
2025-09-03,ILI incidence,2025-09-21,4,ES,respicast,hubEnsemble,WIS,2.19049767392713,0.45635979870511306,8,3,0.832487892665237
2025-09-03,ILI incidence,2025-09-21,4,ES,respicast,quantileBaseline,WIS,3.00552804347826,0.0,8,4,0.6430185271467469
2025-09-03,ILI incidence,2025-09-21,4,ES,safinea,PRFM,WIS,1.46991968301167,1.0318811535878694,8,1,1.0
2025-09-03,ILI incidence,2025-09-21,4,FI,ISI,FluBcast,WIS,1.74218536254802,0.701635381156492,6,1,1.0
2025-09-03,ILI incidence,2025-09-21,4,FI,ItaLuxColab,EpiEKF,WIS,3.19494805078113,-0.17325896236447927,6,5,0.8312040574990618
2025-09-03,ILI incidence,2025-09-21,4,FI,ItaLuxColab,EpiNetEKF,WIS,1.78990802418318,0.6626480556777914,6,2,0.9944551221513284
2025-09-03,ILI incidence,2025-09-21,4,FI,respicast,hubEnsemble,WIS,2.45729760407008,0.20546091754208498,6,3,0.9169113814806993
2025-09-03,ILI incidence,2025-09-21,4,FI,respicast,quantileBaseline,WIS,2.83339847826087,0.0,6,4,0.8732123643950715
2025-09-03,ILI incidence,2025-09-21,4,FI,safinea,PRFM,WIS,10.3488062724377,-1.8688589472810766,6,6,0.0
2025-09-03,ILI incidence,2025-09-21,4,FR,NotreDame,Rt_cocirc,WIS,92.4926260869565,-1.445387057559937,3,2,0.0
2025-09-03,ILI incidence,2025-09-21,4,FR,respicast,hubEnsemble,WIS,92.4926260869565,-1.445387057559937,3,2,0.0
2025-09-03,ILI incidence,2025-09-21,4,FR,respicast,quantileBaseline,WIS,33.9627032608696,0.0,3,1,1.0
2025-09-03,ILI incidence,2025-09-21,4,GR,ECDC,SARIMA,WIS,88.8722018115085,-0.11992094552212368,9,6,0.5153963814470746
2025-09-03,ILI incidence,2025-09-21,4,GR,ECDC,soca_simplex,WIS,51.5637037943184,0.6654553904409934,9,3,0.7443539150721473
2025-09-03,ILI incidence,2025-09-21,4,GR,ItaLuxColab,EpiEKF,WIS,134.538088190422,-0.7181314714629091,9,8,0.23515061247236557
2025-09-03,ILI incidence,2025-09-21,4,GR,ItaLuxColab,EpiNetEKF,WIS,95.2839404947925,-0.22042179159938394,9,7,0.4760483520920257
2025-09-03,ILI incidence,2025-09-21,4,GR,NotreDame,Rt_cocirc,WIS,9.90632173913045,3.045389902974826,9,1,1.0
2025-09-03,ILI incidence,2025-09-21,4,GR,QMUL,ARIMA,WIS,172.855744832953,-1.0796853611175778,9,9,0.0
2025-09-03,ILI incidence,2025-09-21,4,GR,respicast,hubEnsemble,WIS,76.346782255486,0.09924393205104741,9,4,0.5922632970716278
2025-09-03,ILI incidence,2025-09-21,4,GR,respicast,quantileBaseline,WIS,81.7835839130435,0.0,9,5,0.5588983329353197
2025-09-03,ILI incidence,2025-09-21,4,GR,safinea,PRFM,WIS,48.3495301994491,0.7583094144495286,9,2,0.7640788919014219
2025-09-03,ILI incidence,2025-09-21,4,HR,ItaLuxColab,EpiEKF,WIS,2.50654419977899,0.6695350204356127,5,4,0.46063429582415766
2025-09-03,ILI incidence,2025-09-21,4,HR,ItaLuxColab,EpiNetEKF,WIS,0.773272538431448,2.3661858109017158,5,1,1.0
2025-09-03,ILI incidence,2025-09-21,4,HR,NotreDame,Rt_cocirc,WIS,1.1,1.8577311711569144,5,3,0.8983277743977537
2025-09-03,ILI incidence,2025-09-21,4,HR,respicast,hubEnsemble,WIS,0.851075169415489,2.227876229265282,5,2,0.9757890977027713
2025-09-03,ILI incidence,2025-09-21,4,HR,respicast,quantileBaseline,WIS,3.98680956521739,0.0,5,5,0.0
2025-09-03,ILI incidence,2025-09-21,4,IE,ECDC,SARIMA,WIS,3.63713706167267,-1.3840387516420367,10,9,0.16762104786619836
2025-09-03,ILI incidence,2025-09-21,4,IE,ECDC,soca_simplex,WIS,0.90905349819874,0.6163274363473642,10,3,0.8825213780375198
2025-09-03,ILI incidence,2025-09-21,4,IE,ISI,FluBcast,WIS,2.08257787527916,-0.5796059026796153,10,8,0.5749967201159101
2025-09-03,ILI incidence,2025-09-21,4,IE,ItaLuxColab,EpiEKF,WIS,1.70502854251116,-0.2910313488323131,10,7,0.6739343576082539
2025-09-03,ILI incidence,2025-09-21,4,IE,ItaLuxColab,EpiNetEKF,WIS,0.967292735480605,0.5267400724330763,10,4,0.8672596571286805
2025-09-03,ILI incidence,2025-09-21,4,IE,NotreDame,Rt_cocirc,WIS,1.10984565217391,0.3284054887585656,10,5,0.8299033500949049
2025-09-03,ILI incidence,2025-09-21,4,IE,QMUL,ARIMA,WIS,4.27678458493856,-1.617762001097688,10,10,0.0
2025-09-03,ILI incidence,2025-09-21,4,IE,respicast,hubEnsemble,WIS,0.881380992824612,0.6609268515894466,10,2,0.8897730192605036
2025-09-03,ILI incidence,2025-09-21,4,IE,respicast,quantileBaseline,WIS,1.3935497826087,0.0,10,6,0.7555580553853365
2025-09-03,ILI incidence,2025-09-21,4,IE,safinea,PRFM,WIS,0.460751148752901,1.5967048736904714,10,1,1.0
2025-09-03,ILI incidence,2025-09-21,4,IS,ECDC,soca_simplex,WIS,0.639960691191648,0.2749174510650663,7,2,0.6787255452039499
2025-09-03,ILI incidence,2025-09-21,4,IS,ISI,FluBcast,WIS,0.0536392523899918,3.8515397085228242,7,1,1.0
2025-09-03,ILI incidence,2025-09-21,4,IS,ItaLuxColab,EpiEKF,WIS,1.87862542869169,-1.2787047942484036,7,7,0.0
2025-09-03,ILI incidence,2025-09-21,4,IS,ItaLuxColab,EpiNetEKF,WIS,0.890855222334169,-0.2022902475707167,7,5,0.5412480484423282
2025-09-03,ILI incidence,2025-09-21,4,IS,respicast,hubEnsemble,WIS,0.739819117252847,0.0657281622872996,7,3,0.6240081849532765
2025-09-03,ILI incidence,2025-09-21,4,IS,respicast,quantileBaseline,WIS,0.774304347826089,0.0,7,4,0.6051120250694106
2025-09-03,ILI incidence,2025-09-21,4,IS,safinea,PRFM,WIS,1.62886570403844,-1.0728950138964621,7,6,0.1368556802766493
2025-09-03,ILI incidence,2025-09-21,4,LT,ECDC,SARIMA,WIS,7.41498088369253,-0.6172560589674424,10,9,0.3178948744770611
2025-09-03,ILI incidence,2025-09-21,4,LT,ECDC,soca_simplex,WIS,1.81498773532497,1.4132271150293738,10,2,0.9941729466688971
2025-09-03,ILI incidence,2025-09-21,4,LT,ISI,FluBcast,WIS,4.28357841315196,0.1743704163357442,10,6,0.6960558418081111
2025-09-03,ILI incidence,2025-09-21,4,LT,ItaLuxColab,EpiEKF,WIS,4.70971200978532,0.03754806996408139,10,7,0.6445942061253264
2025-09-03,ILI incidence,2025-09-21,4,LT,ItaLuxColab,EpiNetEKF,WIS,1.7667361949141,1.452100278371387,10,1,1.0
2025-09-03,ILI incidence,2025-09-21,4,LT,NotreDame,Rt_cocirc,WIS,3.96153043478261,0.2871290284629744,10,5,0.7349476726005096
2025-09-03,ILI incidence,2025-09-21,4,LT,QMUL,ARIMA,WIS,10.0473435051849,-1.0555552870607126,10,10,0.0
2025-09-03,ILI incidence,2025-09-21,4,LT,respicast,hubEnsemble,WIS,2.10281529699811,1.2008647793622502,10,4,0.9594137133314901
2025-09-03,ILI incidence,2025-09-21,4,LT,respicast,quantileBaseline,WIS,4.83389760869565,0.0,10,8,0.6295970453788801
2025-09-03,ILI incidence,2025-09-21,4,LT,safinea,PRFM,WIS,2.05135925325256,1.236606742137612,10,3,0.9656277555892031
2025-09-03,ILI incidence,2025-09-21,4,LU,ECDC,SARIMA,WIS,1105.86441195047,-0.1033220758140288,8,5,0.6817923769970058
2025-09-03,ILI incidence,2025-09-21,4,LU,ItaLuxColab,EpiEKF,WIS,2023.94770510286,-0.9753195797086159,8,7,0.23691335063128113
2025-09-03,ILI incidence,2025-09-21,4,LU,ItaLuxColab,EpiNetEKF,WIS,2512.85856906552,-1.2874770401082878,8,8,0.0
2025-09-03,ILI incidence,2025-09-21,4,LU,NotreDame,Rt_cocirc,WIS,449.189034782609,1.1964578189062847,8,1,1.0
2025-09-03,ILI incidence,2025-09-21,4,LU,QMUL,ARIMA,WIS,1716.14021550683,-0.7373149972439883,8,6,0.38606876746646146
2025-09-03,ILI incidence,2025-09-21,4,LU,respicast,hubEnsemble,WIS,1041.15939349937,-0.016338516712169068,8,4,0.7131467277669239
2025-09-03,ILI incidence,2025-09-21,4,LU,respicast,quantileBaseline,WIS,1029.4347826087,0.0,8,3,0.7188281659506514
2025-09-03,ILI incidence,2025-09-21,4,LU,safinea,PRFM,WIS,904.978010420405,0.1858977918990296,8,2,0.7791366456373187
2025-09-03,ILI incidence,2025-09-21,4,MT,ECDC,SARIMA,WIS,1354.54389084642,0.264489032515855,9,5,0.7123767572819025
2025-09-03,ILI incidence,2025-09-21,4,MT,ECDC,soca_simplex,WIS,1250.04863014142,0.38031195342601204,9,4,0.7520397225012109
2025-09-03,ILI incidence,2025-09-21,4,MT,ItaLuxColab,EpiEKF,WIS,1504.41155394743,0.11309688249743508,9,6,0.6554919199316671
2025-09-03,ILI incidence,2025-09-21,4,MT,ItaLuxColab,EpiNetEKF,WIS,932.548510468007,0.8030454936555902,9,2,0.8725523287071901
2025-09-03,ILI incidence,2025-09-21,4,MT,NotreDame,Rt_cocirc,WIS,3231.35755217391,-0.9898442207480226,9,9,0.0
2025-09-03,ILI incidence,2025-09-21,4,MT,QMUL,ARIMA,WIS,1685.79869786974,-0.051136099580391975,9,8,0.586643324004139
2025-09-03,ILI incidence,2025-09-21,4,MT,respicast,hubEnsemble,WIS,1140.20515652748,0.5130027428697206,9,3,0.7937326934945762
2025-09-03,ILI incidence,2025-09-21,4,MT,respicast,quantileBaseline,WIS,1627.09239130435,0.0,9,7,0.6089263077466323
2025-09-03,ILI incidence,2025-09-21,4,MT,safinea,PRFM,WIS,596.777406004437,1.4470313526944176,9,1,1.0
2025-09-03,ILI incidence,2025-09-21,4,NL,ECDC,SARIMA,WIS,3.93307837419955,0.7254094970542339,10,3,0.8674601342673559
2025-09-03,ILI incidence,2025-09-21,4,NL,ECDC,soca_simplex,WIS,11.1266922086152,-0.7748844285455319,10,9,0.36470478016548985
2025-09-03,ILI incidence,2025-09-21,4,NL,ISI,FluBcast,WIS,16.3450261968484,-1.329711352148613,10,10,0.0
2025-09-03,ILI incidence,2025-09-21,4,NL,ItaLuxColab,EpiEKF,WIS,7.3192998998523,-0.1706372274191593,10,7,0.6308000853150337
2025-09-03,ILI incidence,2025-09-21,4,NL,ItaLuxColab,EpiNetEKF,WIS,7.88961028928409,-0.27888560733986867,10,8,0.5909415929929972
2025-09-03,ILI incidence,2025-09-21,4,NL,NotreDame,Rt_cocirc,WIS,2.03664782608696,1.6748718987816464,10,1,1.0
2025-09-03,ILI incidence,2025-09-21,4,NL,QMUL,ARIMA,WIS,3.45235435070524,0.9134878813361514,10,2,0.9010575141407208
2025-09-03,ILI incidence,2025-09-21,4,NL,respicast,hubEnsemble,WIS,6.75067144287067,-0.05396257214319231,10,5,0.6705410288550507
2025-09-03,ILI incidence,2025-09-21,4,NL,respicast,quantileBaseline,WIS,6.50283326086957,0.0,10,4,0.6878622217658802
2025-09-03,ILI incidence,2025-09-21,4,NL,safinea,PRFM,WIS,6.87365210081371,-0.08000840168475237,10,6,0.6619460186619776
2025-09-03,ILI incidence,2025-09-21,4,NO,ECDC,SARIMA,WIS,4.86914882363854,0.24317262670868786,10,6,0.7559809444611114
2025-09-03,ILI incidence,2025-09-21,4,NO,ECDC,soca_simplex,WIS,1.90315766909432,1.5984471352541771,10,1,1.0
2025-09-03,ILI incidence,2025-09-21,4,NO,ISI,FluBcast,WIS,14.0579098788927,-1.2864679828581425,10,10,0.0
2025-09-03,ILI incidence,2025-09-21,4,NO,ItaLuxColab,EpiEKF,WIS,5.35720984331615,0.10536041549409857,10,7,0.7158270185518553
2025-09-03,ILI incidence,2025-09-21,4,NO,ItaLuxColab,EpiNetEKF,WIS,3.72720130424316,0.6287494830069686,10,3,0.8499316478308448
2025-09-03,ILI incidence,2025-09-21,4,NO,NotreDame,Rt_cocirc,WIS,4.09546956521739,0.4928133501503197,10,5,0.8196333534174584
2025-09-03,ILI incidence,2025-09-21,4,NO,QMUL,ARIMA,WIS,7.62899653685038,-0.4046510844422229,10,9,0.5289217938033934
2025-09-03,ILI incidence,2025-09-21,4,NO,respicast,hubEnsemble,WIS,3.02833850928942,0.9283157438454458,10,2,0.9074287306911898
2025-09-03,ILI incidence,2025-09-21,4,NO,respicast,quantileBaseline,WIS,5.76308869565217,0.0,10,8,0.6824344124887859
2025-09-03,ILI incidence,2025-09-21,4,NO,safinea,PRFM,WIS,3.96546902988637,0.539350707517655,10,4,0.8303288026612713
2025-09-03,ILI incidence,2025-09-21,4,PL,ECDC,SARIMA,WIS,92.7845779492362,0.5242612170627953,9,1,1.0
2025-09-03,ILI incidence,2025-09-21,4,PL,ECDC,soca_simplex,WIS,215.103569796281,-0.6888133154648982,9,9,0.0
2025-09-03,ILI incidence,2025-09-21,4,PL,ItaLuxColab,EpiEKF,WIS,97.9253674654663,0.4464636100223465,9,2,0.957972270384157
2025-09-03,ILI incidence,2025-09-21,4,PL,ItaLuxColab,EpiNetEKF,WIS,126.712772125023,0.07465620252184285,9,6,0.7226252958476579
2025-09-03,ILI incidence,2025-09-21,4,PL,NotreDame,Rt_cocirc,WIS,139.518384782609,-0.06423709106668424,9,8,0.6179349900805949
2025-09-03,ILI incidence,2025-09-21,4,PL,QMUL,ARIMA,WIS,119.172459075898,0.1631672865898149,9,3,0.7842699589965649
2025-09-03,ILI incidence,2025-09-21,4,PL,respicast,hubEnsemble,WIS,120.622343310036,0.14572098446458776,9,5,0.7724166546793497
2025-09-03,ILI incidence,2025-09-21,4,PL,respicast,quantileBaseline,WIS,133.442493478261,0.0,9,7,0.6676074997424277
2025-09-03,ILI incidence,2025-09-21,4,PL,safinea,PRFM,WIS,120.183286733571,0.15098187016175782,9,4,0.7760060938157842
2025-09-03,ILI incidence,2025-09-21,4,RO,ItaLuxColab,EpiEKF,WIS,1.45912113220058,0.3383858420666717,5,4,0.20907425650824976
2025-09-03,ILI incidence,2025-09-21,4,RO,ItaLuxColab,EpiNetEKF,WIS,0.869885064004767,1.0845888002944042,5,3,0.5284733557640229
2025-09-03,ILI incidence,2025-09-21,4,RO,NotreDame,Rt_cocirc,WIS,0.0,10.0,5,1,1.0
2025-09-03,ILI incidence,2025-09-21,4,RO,respicast,hubEnsemble,WIS,0.656371591378296,1.4909007952605284,5,2,0.6442096701493198
2025-09-03,ILI incidence,2025-09-21,4,RO,respicast,quantileBaseline,WIS,1.84482695652174,0.0,5,5,0.0
2025-09-03,ILI incidence,2025-09-21,4,SI,ECDC,SARIMA,WIS,4.39784587205162,-0.16952985919663952,9,8,0.550296109699161
2025-09-03,ILI incidence,2025-09-21,4,SI,ECDC,soca_simplex,WIS,0.211894005045696,4.205852508512374,9,1,1.0
2025-09-03,ILI incidence,2025-09-21,4,SI,ISI,FluBcast,WIS,1.6599403183298,1.2361358131557973,9,2,0.844433934954578
2025-09-03,ILI incidence,2025-09-21,4,SI,ItaLuxColab,EpiEKF,WIS,3.40240783972518,0.20071110055559993,9,6,0.6572377014596996
2025-09-03,ILI incidence,2025-09-21,4,SI,ItaLuxColab,EpiNetEKF,WIS,2.02635825587216,0.9483779227158358,9,3,0.8050690360679909
2025-09-03,ILI incidence,2025-09-21,4,SI,NotreDame,Rt_cocirc,WIS,2.2,0.8297636611000629,9,5,0.7864144097526705
2025-09-03,ILI incidence,2025-09-21,4,SI,QMUL,ARIMA,WIS,9.52013428779184,-1.2837147389946646,9,9,0.0
2025-09-03,ILI incidence,2025-09-21,4,SI,respicast,hubEnsemble,WIS,2.0828189856528,0.9087297222590995,9,4,0.7990033643550145
2025-09-03,ILI incidence,2025-09-21,4,SI,respicast,quantileBaseline,WIS,3.91026717391305,0.0,9,7,0.6026775140600207
2025-09-10,ILI incidence,2025-09-07,1,BE,ECDC,SARIMA,WIS,23.7280408461742,0.3933679418778075,9,3,0.6813258100057318
2025-09-10,ILI incidence,2025-09-07,1,BE,ECDC,soca_simplex,WIS,21.2501063736228,0.552490865184022,9,2,0.7781251576361271
2025-09-10,ILI incidence,2025-09-07,1,BE,ItaLuxColab,EpiEKF,WIS,33.8078114454714,-0.1173956978563269,9,8,0.287564300537176
2025-09-10,ILI incidence,2025-09-07,1,BE,ItaLuxColab,EpiNetEKF,WIS,41.1690748301892,-0.40160009985263967,9,9,0.0
2025-09-10,ILI incidence,2025-09-07,1,BE,NotreDame,Rt_cocirc,WIS,24.868947826087,0.32561545805159037,9,4,0.636756814099714
2025-09-10,ILI incidence,2025-09-07,1,BE,QMUL,ARIMA,WIS,15.5704056943931,1.0011543932660734,9,1,1.0
2025-09-10,ILI incidence,2025-09-07,1,BE,respicast,hubEnsemble,WIS,26.2803990534685,0.2459737459236908,9,5,0.5816191340940067
2025-09-10,ILI incidence,2025-09-07,1,BE,respicast,quantileBaseline,WIS,31.1657391304348,0.0,9,7,0.3907756159778697
2025-09-10,ILI incidence,2025-09-07,1,BE,safinea,PRFM,WIS,28.0253631260609,0.1532278620593213,9,6,0.5134529312599572
2025-09-10,ILI incidence,2025-09-07,1,CZ,ECDC,SARIMA,WIS,2.17889870935415,-0.6486947657770291,10,8,0.397677235636721
2025-09-10,ILI incidence,2025-09-07,1,CZ,ECDC,soca_simplex,WIS,0.927782757512724,0.5830454259363976,10,4,0.9179110928926489
2025-09-10,ILI incidence,2025-09-07,1,CZ,ISI,FluBcast,WIS,2.23470843731162,-0.6851822495337715,10,9,0.3744706655302608
2025-09-10,ILI incidence,2025-09-07,1,CZ,ItaLuxColab,EpiEKF,WIS,1.12654236510358,0.3030027965177937,10,6,0.8352636954460121
2025-09-10,ILI incidence,2025-09-07,1,CZ,ItaLuxColab,EpiNetEKF,WIS,0.730366269295365,0.928212321956347,10,1,1.0
2025-09-10,ILI incidence,2025-09-07,1,CZ,NotreDame,Rt_cocirc,WIS,0.849619565217391,0.7100154712300697,10,3,0.9504125880285623
2025-09-10,ILI incidence,2025-09-07,1,CZ,QMUL,ARIMA,WIS,3.13527693474239,-1.1736885143929923,10,10,0.0
2025-09-10,ILI incidence,2025-09-07,1,CZ,respicast,hubEnsemble,WIS,0.753635300308872,0.8829659180091892,10,2,0.9903243678246229
2025-09-10,ILI incidence,2025-09-07,1,CZ,respicast,quantileBaseline,WIS,1.38982608695652,0.0,10,7,0.7257861478448828
2025-09-10,ILI incidence,2025-09-07,1,CZ,safinea,PRFM,WIS,1.00302485045154,0.4705470156537091,10,5,0.8866242372019699
2025-09-10,ILI incidence,2025-09-07,1,DK,ECDC,SARIMA,WIS,9.75983497037263,0.688621913179323,9,3,0.6488738155929167
2025-09-10,ILI incidence,2025-09-07,1,DK,ECDC,soca_simplex,WIS,2.58834812872677,2.603446995977556,9,1,1.0
2025-09-10,ILI incidence,2025-09-07,1,DK,ItaLuxColab,EpiEKF,WIS,21.0108238511635,-0.41758216067293863,9,8,0.09800941553888619
2025-09-10,ILI incidence,2025-09-07,1,DK,ItaLuxColab,EpiNetEKF,WIS,14.8453623021255,0.0835382688409435,9,6,0.3998791723445006
2025-09-10,ILI incidence,2025-09-07,1,DK,NotreDame,Rt_cocirc,WIS,3.80289347826087,2.0483811379330574,9,2,0.9405341341638155
2025-09-10,ILI incidence,2025-09-07,1,DK,QMUL,ARIMA,WIS,23.012592061875,-0.548872921417766,9,9,0.0
2025-09-10,ILI incidence,2025-09-07,1,DK,respicast,hubEnsemble,WIS,9.80786075969575,0.6815401690465377,9,4,0.6465224047166895
2025-09-10,ILI incidence,2025-09-07,1,DK,respicast,quantileBaseline,WIS,15.730347826087,0.0,9,7,0.356549023778992
2025-09-10,ILI incidence,2025-09-07,1,DK,safinea,PRFM,WIS,9.85807332974813,0.6741729539530091,9,5,0.6440639259491653
2025-09-10,ILI incidence,2025-09-07,1,EE,ECDC,SARIMA,WIS,18.1330491747448,0.11369710465875314,9,4,0.5893049053510059
2025-09-10,ILI incidence,2025-09-07,1,EE,ECDC,soca_simplex,WIS,11.2293625733829,0.8050426109426972,9,2,0.9787660259118736
2025-09-10,ILI incidence,2025-09-07,1,EE,ItaLuxColab,EpiEKF,WIS,21.868871870942,-0.15656015187614133,9,7,0.37855407358661763
2025-09-10,ILI incidence,2025-09-07,1,EE,ItaLuxColab,EpiNetEKF,WIS,19.9254798699069,-0.022295821921636958,9,6,0.48818761724470416
2025-09-10,ILI incidence,2025-09-07,1,EE,NotreDame,Rt_cocirc,WIS,28.5792173913043,-0.5426477629770803,9,9,0.0
2025-09-10,ILI incidence,2025-09-07,1,EE,QMUL,ARIMA,WIS,10.8529637631634,0.8542295750715468,9,1,1.0
2025-09-10,ILI incidence,2025-09-07,1,EE,respicast,hubEnsemble,WIS,16.3952803245479,0.25903807849880917,9,3,0.6873385274942739
2025-09-10,ILI incidence,2025-09-07,1,EE,respicast,quantileBaseline,WIS,19.6199130434783,0.0,9,5,0.50542571125141
2025-09-10,ILI incidence,2025-09-07,1,EE,safinea,PRFM,WIS,23.2528551486636,-0.24508922384561485,9,8,0.3004787336555401
2025-09-10,ILI incidence,2025-09-07,1,ES,ECDC,SARIMA,WIS,1.16485672553351,-0.5654778893586762,8,7,0.6078315552562766
2025-09-10,ILI incidence,2025-09-07,1,ES,ECDC,soca_simplex,WIS,0.42061900115024,0.904088699218922,8,1,1.0
2025-09-10,ILI incidence,2025-09-07,1,ES,ItaLuxColab,EpiEKF,WIS,1.14213378512598,-0.5370570237580996,8,6,0.6198051759256801
2025-09-10,ILI incidence,2025-09-07,1,ES,ItaLuxColab,EpiNetEKF,WIS,0.649156939308048,0.27803541903158163,8,2,0.8795742746760722
2025-09-10,ILI incidence,2025-09-07,1,ES,QMUL,ARIMA,WIS,2.31836914999156,-1.5584356739742184,8,8,0.0
2025-09-10,ILI incidence,2025-09-07,1,ES,respicast,hubEnsemble,WIS,0.716042994103638,0.13655650812735293,8,3,0.8443293532956536
2025-09-10,ILI incidence,2025-09-07,1,ES,respicast,quantileBaseline,WIS,0.787130434782609,0.0,8,4,0.8068705546638244
2025-09-10,ILI incidence,2025-09-07,1,ES,safinea,PRFM,WIS,1.00347391862806,-0.3503284914363019,8,5,0.6928705721173651
2025-09-10,ILI incidence,2025-09-07,1,FI,ECDC,SARIMA,WIS,1.64847226904345,-0.6954536745565885,9,8,0.541152129949448
2025-09-10,ILI incidence,2025-09-07,1,FI,ECDC,soca_simplex,WIS,0.970089574371347,0.06948607180770373,9,5,0.7534127403251685
2025-09-10,ILI incidence,2025-09-07,1,FI,ISI,FluBcast,WIS,0.181999266923724,2.483671398822636,9,1,1.0
2025-09-10,ILI incidence,2025-09-07,1,FI,ItaLuxColab,EpiEKF,WIS,1.34817673512943,-0.4053336913083213,9,7,0.6351122409934096
2025-09-10,ILI incidence,2025-09-07,1,FI,ItaLuxColab,EpiNetEKF,WIS,0.950507243886432,0.09890641641364986,9,4,0.7595398975388652
2025-09-10,ILI incidence,2025-09-07,1,FI,QMUL,ARIMA,WIS,3.37798882650948,-1.7304886127666195,9,9,0.0
2025-09-10,ILI incidence,2025-09-07,1,FI,respicast,hubEnsemble,WIS,0.887018851110517,0.19863927290612932,9,3,0.7794049163670693
2025-09-10,ILI incidence,2025-09-07,1,FI,respicast,quantileBaseline,WIS,1.01795652173913,0.0,9,6,0.7384355489184522
2025-09-10,ILI incidence,2025-09-07,1,FI,safinea,PRFM,WIS,0.460535468720455,1.1442917666404429,9,2,0.9128482128606098
2025-09-10,ILI incidence,2025-09-07,1,FR,NotreDame,Rt_cocirc,WIS,31.7593565217391,0.002508138611885569,3,1,1.0
2025-09-10,ILI incidence,2025-09-07,1,FR,respicast,hubEnsemble,WIS,31.7593565217391,0.002508138611885569,3,1,1.0
2025-09-10,ILI incidence,2025-09-07,1,FR,respicast,quantileBaseline,WIS,31.8146184782609,0.0,3,3,0.0
2025-09-10,ILI incidence,2025-09-07,1,GR,ECDC,SARIMA,WIS,37.549172625001,-0.6432215944998049,10,9,0.03294153362326187
2025-09-10,ILI incidence,2025-09-07,1,GR,ECDC,soca_simplex,WIS,3.81302094768452,2.6565531626456065,10,1,1.0
2025-09-10,ILI incidence,2025-09-07,1,GR,ISI,FluBcast,WIS,23.274240296825,0.04682544760768789,10,5,0.44213741040726406
2025-09-10,ILI incidence,2025-09-07,1,GR,ItaLuxColab,EpiEKF,WIS,25.3141108230744,-0.07438228479158232,10,7,0.38366381562412694
2025-09-10,ILI incidence,2025-09-07,1,GR,ItaLuxColab,EpiNetEKF,WIS,20.4787313566563,0.2314331804732291,10,4,0.5222716419070509
2025-09-10,ILI incidence,2025-09-07,1,GR,NotreDame,Rt_cocirc,WIS,5.40601304347826,2.152922626728343,10,2,0.9543363301231429
2025-09-10,ILI incidence,2025-09-07,1,GR,QMUL,ARIMA,WIS,38.698348826272,-0.6867124864351494,10,10,0.0
2025-09-10,ILI incidence,2025-09-07,1,GR,respicast,hubEnsemble,WIS,15.1729647708171,0.6640565113910545,10,3,0.6743632778035238
2025-09-10,ILI incidence,2025-09-07,1,GR,respicast,quantileBaseline,WIS,24.0420434782609,0.0,10,6,0.4201280664186362
2025-09-10,ILI incidence,2025-09-07,1,GR,safinea,PRFM,WIS,30.0421491103244,-0.32142849729126194,10,8,0.24813296140067972
2025-09-10,ILI incidence,2025-09-07,1,HR,ECDC,soca_simplex,WIS,1.06141855114477,-0.28521159732755474,8,8,0.0
2025-09-10,ILI incidence,2025-09-07,1,HR,ISI,FluBcast,WIS,0.458801294796088,0.9248407037896295,8,5,0.5934526601079428
2025-09-10,ILI incidence,2025-09-07,1,HR,ItaLuxColab,EpiEKF,WIS,0.672379181892208,0.3734351098708785,8,6,0.3831228630400539
2025-09-10,ILI incidence,2025-09-07,1,HR,ItaLuxColab,EpiNetEKF,WIS,0.300942935819001,1.5332202145704568,8,3,0.7489103109937674
2025-09-10,ILI incidence,2025-09-07,1,HR,NotreDame,Rt_cocirc,WIS,0.39631304347826,1.1360697164679703,8,4,0.6549905908249509
2025-09-10,ILI incidence,2025-09-07,1,HR,respicast,hubEnsemble,WIS,0.200844579819856,2.1166306386318494,8,2,0.8474863723565915
2025-09-10,ILI incidence,2025-09-07,1,HR,respicast,quantileBaseline,WIS,0.871022608695652,0.0,8,7,0.18750040316603528
2025-09-10,ILI incidence,2025-09-07,1,HR,safinea,PRFM,WIS,0.0459757081738206,4.243766464553402,8,1,1.0
2025-09-10,ILI incidence,2025-09-07,1,IE,ECDC,SARIMA,WIS,1.56656690223802,-1.010086856936604,10,9,0.08320446636550827
2025-09-10,ILI incidence,2025-09-07,1,IE,ECDC,soca_simplex,WIS,1.10396617011207,-0.5051764366936007,10,7,0.4794719834535453
2025-09-10,ILI incidence,2025-09-07,1,IE,ISI,FluBcast,WIS,1.66369938319351,-1.0968752476696289,10,10,0.0
2025-09-10,ILI incidence,2025-09-07,1,IE,ItaLuxColab,EpiEKF,WIS,0.657090610310614,0.24335529465086467,10,5,0.862269191136382
2025-09-10,ILI incidence,2025-09-07,1,IE,ItaLuxColab,EpiNetEKF,WIS,0.515164109397069,0.5944155342514809,10,2,0.9838445761720699
2025-09-10,ILI incidence,2025-09-07,1,IE,NotreDame,Rt_cocirc,WIS,0.496304347826087,0.648222527827207,10,1,1.0
2025-09-10,ILI incidence,2025-09-07,1,IE,QMUL,ARIMA,WIS,1.39207772635666,-0.8397202397787639,10,8,0.2326733013314217
2025-09-10,ILI incidence,2025-09-07,1,IE,respicast,hubEnsemble,WIS,0.526428450357829,0.563210160755872,10,3,0.9741954508807202
2025-09-10,ILI incidence,2025-09-07,1,IE,respicast,quantileBaseline,WIS,0.777826086956522,0.0,10,6,0.758846208351546
2025-09-10,ILI incidence,2025-09-07,1,IE,safinea,PRFM,WIS,0.526702144179052,0.5624602884617078,10,4,0.9739610025466676
2025-09-10,ILI incidence,2025-09-07,1,IS,ECDC,SARIMA,WIS,0.470719897797716,-0.645105351483778,9,7,0.24643271326942606
2025-09-10,ILI incidence,2025-09-07,1,IS,ECDC,soca_simplex,WIS,0.131396603467597,1.1958355037432031,9,1,1.0
2025-09-10,ILI incidence,2025-09-07,1,IS,ISI,FluBcast,WIS,0.503460251622696,-0.7421143944239318,9,8,0.17372311740393753
2025-09-10,ILI incidence,2025-09-07,1,IS,ItaLuxColab,EpiEKF,WIS,0.462832973906695,-0.6207281639709081,9,6,0.2639479500259841
2025-09-10,ILI incidence,2025-09-07,1,IS,ItaLuxColab,EpiNetEKF,WIS,0.255344341088811,0.23731940041780603,9,2,0.7247375529581475
2025-09-10,ILI incidence,2025-09-07,1,IS,QMUL,ARIMA,WIS,0.581685914462381,-0.9504768827106976,9,9,0.0
2025-09-10,ILI incidence,2025-09-07,1,IS,respicast,hubEnsemble,WIS,0.282480285853495,0.09161330085125312,9,3,0.6644741975950477
2025-09-10,ILI incidence,2025-09-07,1,IS,respicast,quantileBaseline,WIS,0.301,0.0,9,4,0.6233457193160696
2025-09-10,ILI incidence,2025-09-07,1,IS,safinea,PRFM,WIS,0.316159439411589,-0.07088880698206554,9,5,0.5896797204983347
2025-09-10,ILI incidence,2025-09-07,1,LT,ECDC,SARIMA,WIS,1.82239217414481,-0.5213507344258523,10,9,0.23245249447686608
2025-09-10,ILI incidence,2025-09-07,1,LT,ECDC,soca_simplex,WIS,0.263556974254485,2.2682959480800524,10,2,0.9108826171113739
2025-09-10,ILI incidence,2025-09-07,1,LT,ISI,FluBcast,WIS,0.384690221609815,1.722713658877657,10,4,0.858163481782524
2025-09-10,ILI incidence,2025-09-07,1,LT,ItaLuxColab,EpiEKF,WIS,1.60013938311519,-0.33371485680411617,10,8,0.3291804797601695
2025-09-10,ILI incidence,2025-09-07,1,LT,ItaLuxColab,EpiNetEKF,WIS,0.824689223713853,0.6225602614295862,10,6,0.6666688472133881
2025-09-10,ILI incidence,2025-09-07,1,LT,NotreDame,Rt_cocirc,WIS,0.375226086956521,1.7586506850396741,10,3,0.8622824252307574
2025-09-10,ILI incidence,2025-09-07,1,LT,QMUL,ARIMA,WIS,2.35650043172886,-0.8921632232507759,10,10,0.0
2025-09-10,ILI incidence,2025-09-07,1,LT,respicast,hubEnsemble,WIS,0.597571995139507,1.0872982786467817,10,5,0.7655139138663248
2025-09-10,ILI incidence,2025-09-07,1,LT,respicast,quantileBaseline,WIS,1.26969565217391,0.0,10,7,0.47299490024674157
2025-09-10,ILI incidence,2025-09-07,1,LT,safinea,PRFM,WIS,0.0587911351000605,4.432740279430407,10,1,1.0
2025-09-10,ILI incidence,2025-09-07,1,LU,ECDC,SARIMA,WIS,789.546319152176,-1.0353510674247857,8,6,0.5198243603954079
2025-09-10,ILI incidence,2025-09-07,1,LU,ItaLuxColab,EpiEKF,WIS,523.869065551452,-0.4435334358237832,8,3,0.8055814761255757
2025-09-10,ILI incidence,2025-09-07,1,LU,ItaLuxColab,EpiNetEKF,WIS,602.260340028523,-0.64471442026749,8,4,0.7212653964108813
2025-09-10,ILI incidence,2025-09-07,1,LU,NotreDame,Rt_cocirc,WIS,1272.84315,-1.7243099069488033,8,8,0.0
2025-09-10,ILI incidence,2025-09-07,1,LU,QMUL,ARIMA,WIS,926.275062432177,-1.2657678356593258,8,7,0.37276167140878413
2025-09-10,ILI incidence,2025-09-07,1,LU,respicast,hubEnsemble,WIS,606.210823265153,-0.6541467725643362,8,5,0.7170163360184688
2025-09-10,ILI incidence,2025-09-07,1,LU,respicast,quantileBaseline,WIS,385.217391304348,0.0,8,2,0.954712431023038
2025-09-10,ILI incidence,2025-09-07,1,LU,safinea,PRFM,WIS,343.112133777134,0.1669926915152324,8,1,1.0
2025-09-10,ILI incidence,2025-09-07,1,MT,ECDC,SARIMA,WIS,4232.14393131429,0.09332340185109136,9,5,0.1839150282832252
2025-09-10,ILI incidence,2025-09-07,1,MT,ECDC,soca_simplex,WIS,2541.33408676706,0.8291260486209003,9,1,1.0
2025-09-10,ILI incidence,2025-09-07,1,MT,ItaLuxColab,EpiEKF,WIS,3485.16978989829,0.3734831520929777,9,2,0.544448989589724
2025-09-10,ILI incidence,2025-09-07,1,MT,ItaLuxColab,EpiNetEKF,WIS,4239.22515051984,0.09091150311028026,9,6,0.18049721249884346
2025-09-10,ILI incidence,2025-09-07,1,MT,NotreDame,Rt_cocirc,WIS,4613.18922826087,-0.03105237661291616,9,9,0.0
2025-09-10,ILI incidence,2025-09-07,1,MT,QMUL,ARIMA,WIS,4495.49977529763,0.006230582404766536,9,7,0.056803900333681524
2025-09-10,ILI incidence,2025-09-07,1,MT,respicast,hubEnsemble,WIS,3616.67220452795,0.32004924896855863,9,3,0.48097813586254395
2025-09-10,ILI incidence,2025-09-07,1,MT,respicast,quantileBaseline,WIS,4514.95652173913,0.0,9,8,0.047412922146146626
2025-09-10,ILI incidence,2025-09-07,1,MT,safinea,PRFM,WIS,3687.91872301926,0.29190523388969786,9,4,0.4465903463571727
2025-09-10,ILI incidence,2025-09-07,1,NL,ECDC,SARIMA,WIS,2.09871218116455,0.323075922103949,10,6,0.7353795940334964
2025-09-10,ILI incidence,2025-09-07,1,NL,ECDC,soca_simplex,WIS,1.37827157686086,0.9297200630901112,10,4,0.8680914036996767
2025-09-10,ILI incidence,2025-09-07,1,NL,ISI,FluBcast,WIS,6.09080090673262,-1.2140516969407567,10,10,0.0
2025-09-10,ILI incidence,2025-09-07,1,NL,ItaLuxColab,EpiEKF,WIS,2.80101971658531,-0.09337188857842439,10,8,0.6060080630410605
2025-09-10,ILI incidence,2025-09-07,1,NL,ItaLuxColab,EpiNetEKF,WIS,3.26798812694094,-0.3158224918727409,10,9,0.519988171290051
2025-09-10,ILI incidence,2025-09-07,1,NL,NotreDame,Rt_cocirc,WIS,0.662191304347826,1.987260279074686,10,1,1.0
2025-09-10,ILI incidence,2025-09-07,1,NL,QMUL,ARIMA,WIS,1.36744211298078,0.9411004884480102,10,3,0.8700862909126609
2025-09-10,ILI incidence,2025-09-07,1,NL,respicast,hubEnsemble,WIS,1.57447977083971,0.7377050284842597,10,5,0.8319480431801333
2025-09-10,ILI incidence,2025-09-07,1,NL,respicast,quantileBaseline,WIS,2.62547826086957,0.0,10,7,0.6383444195988472
2025-09-10,ILI incidence,2025-09-07,1,NL,safinea,PRFM,WIS,1.05194277922333,1.319524019218173,10,2,0.928204180550341
2025-09-10,ILI incidence,2025-09-07,1,NO,ECDC,SARIMA,WIS,2.44076125077886,-0.06468787815785902,9,8,0.40050189855152535
2025-09-10,ILI incidence,2025-09-07,1,NO,ECDC,soca_simplex,WIS,1.16811125663749,0.998465612902531,9,1,1.0
2025-09-10,ILI incidence,2025-09-07,1,NO,ItaLuxColab,EpiEKF,WIS,2.40617479699455,-0.04409814815121707,9,7,0.4167942911771337
2025-09-10,ILI incidence,2025-09-07,1,NO,ItaLuxColab,EpiNetEKF,WIS,1.71947199145474,0.4406776870654504,9,3,0.7402744546750378
2025-09-10,ILI incidence,2025-09-07,1,NO,NotreDame,Rt_cocirc,WIS,1.44986304347826,0.6867266757503224,9,2,0.8672772073481864
2025-09-10,ILI incidence,2025-09-07,1,NO,QMUL,ARIMA,WIS,3.29097034671044,-0.49586972410995356,9,9,0.0
2025-09-10,ILI incidence,2025-09-07,1,NO,respicast,hubEnsemble,WIS,1.92358717471644,0.278844090642077,9,5,0.6441233798268784
2025-09-10,ILI incidence,2025-09-07,1,NO,respicast,quantileBaseline,WIS,2.33373913043479,0.0,9,6,0.4509160408959389
2025-09-10,ILI incidence,2025-09-07,1,NO,safinea,PRFM,WIS,1.88249160457533,0.30999987214108726,9,4,0.6634819751916313
2025-09-10,ILI incidence,2025-09-07,1,PL,ECDC,SARIMA,WIS,12.9508057425094,0.18165162109357272,9,6,0.4404453158287509
2025-09-10,ILI incidence,2025-09-07,1,PL,ECDC,soca_simplex,WIS,20.1656388386756,-0.4572056304443811,9,9,0.0
2025-09-10,ILI incidence,2025-09-07,1,PL,ItaLuxColab,EpiEKF,WIS,11.6289534531747,0.3369722125582158,9,4,0.5211406889988315
2025-09-10,ILI incidence,2025-09-07,1,PL,ItaLuxColab,EpiNetEKF,WIS,12.1806908747987,0.27009751640442226,9,5,0.4874586675739903
2025-09-10,ILI incidence,2025-09-07,1,PL,NotreDame,Rt_cocirc,WIS,3.78486956521739,1.956377992183143,9,1,1.0
2025-09-10,ILI incidence,2025-09-07,1,PL,QMUL,ARIMA,WIS,9.81026286904245,0.5823297804382807,9,2,0.6321666459469631
2025-09-10,ILI incidence,2025-09-07,1,PL,respicast,hubEnsemble,WIS,10.9625506999207,0.4221099650722703,9,3,0.5618227071708214
2025-09-10,ILI incidence,2025-09-07,1,PL,respicast,quantileBaseline,WIS,14.6885652173913,0.0,9,8,0.3343599760091129
2025-09-10,ILI incidence,2025-09-07,1,PL,safinea,PRFM,WIS,14.1710263124551,0.05174923320346136,9,7,0.36595427395058805
2025-09-10,ILI incidence,2025-09-07,1,RO,ItaLuxColab,EpiEKF,WIS,1.08153881190677,0.5418688723473756,5,4,0.3347509249095425
2025-09-10,ILI incidence,2025-09-07,1,RO,ItaLuxColab,EpiNetEKF,WIS,0.611466354066009,1.3646092891106036,5,3,0.6539162084545921
2025-09-10,ILI incidence,2025-09-07,1,RO,NotreDame,Rt_cocirc,WIS,0.101747826086957,3.9518844351194264,5,1,1.0
2025-09-10,ILI incidence,2025-09-07,1,RO,respicast,hubEnsemble,WIS,0.51229160696497,1.619917149899619,5,2,0.7212529259138702
2025-09-10,ILI incidence,2025-09-07,1,RO,respicast,quantileBaseline,WIS,1.57456608695652,0.0,5,5,0.0
2025-09-10,ILI incidence,2025-09-07,1,SI,ECDC,SARIMA,WIS,2.99840777561112,-1.1327704434438486,8,7,0.36466827276383745
2025-09-10,ILI incidence,2025-09-07,1,SI,ISI,FluBcast,WIS,0.719269074142006,0.9268226758306708,8,2,0.9290681677442523
2025-09-10,ILI incidence,2025-09-07,1,SI,ItaLuxColab,EpiEKF,WIS,1.32736254022655,0.04286369061291314,8,5,0.7784815061360034
2025-09-10,ILI incidence,2025-09-07,1,SI,ItaLuxColab,EpiNetEKF,WIS,1.25662298976803,0.1218742765627645,8,3,0.7959992617794027
2025-09-10,ILI incidence,2025-09-07,1,SI,NotreDame,Rt_cocirc,WIS,0.432834782608696,1.6595378120069975,8,1,1.0
2025-09-10,ILI incidence,2025-09-07,1,SI,QMUL,ARIMA,WIS,4.47099765566912,-1.7091706334805457,8,8,0.0
2025-09-10,ILI incidence,2025-09-07,1,SI,respicast,hubEnsemble,WIS,1.2610824821542,0.11676351650732197,8,4,0.7948949248503699
2025-09-10,ILI incidence,2025-09-07,1,SI,respicast,quantileBaseline,WIS,1.36739130434783,0.0,8,6,0.7685688885968939
2025-09-10,ILI incidence,2025-09-14,2,BE,ECDC,SARIMA,WIS,26.6836501069592,0.36045651904217907,9,2,0.7120200882271506
2025-09-10,ILI incidence,2025-09-14,2,BE,ECDC,soca_simplex,WIS,54.6982984768746,-0.6750834071438102,9,9,0.0
2025-09-10,ILI incidence,2025-09-14,2,BE,ItaLuxColab,EpiEKF,WIS,36.5936884183434,-0.09518228973112423,9,5,0.460146630469111
2025-09-10,ILI incidence,2025-09-14,2,BE,ItaLuxColab,EpiNetEKF,WIS,43.1373988163796,-0.3325266366146063,9,8,0.2938317371525781
2025-09-10,ILI incidence,2025-09-14,2,BE,NotreDame,Rt_cocirc,WIS,34.084852173913,0.007281821961851341,9,3,0.5239111932263982
2025-09-10,ILI incidence,2025-09-14,2,BE,QMUL,ARIMA,WIS,15.3529923076783,1.157892682892321,9,1,1.0
2025-09-10,ILI incidence,2025-09-14,2,BE,respicast,hubEnsemble,WIS,37.1691765702324,-0.11769417966870373,9,6,0.4455200280120291
2025-09-10,ILI incidence,2025-09-14,2,BE,respicast,quantileBaseline,WIS,34.2573260869565,0.0,9,4,0.5195275975745607
2025-09-10,ILI incidence,2025-09-14,2,BE,safinea,PRFM,WIS,41.8695926354733,-0.2894903335939536,9,7,0.3260542893282903
2025-09-10,ILI incidence,2025-09-14,2,CZ,ECDC,SARIMA,WIS,3.52699796298191,-0.3687157444936658,10,8,0.4139223099588526
2025-09-10,ILI incidence,2025-09-14,2,CZ,ECDC,soca_simplex,WIS,2.97282704850822,-0.12211053532881197,10,7,0.5747583644007178
2025-09-10,ILI incidence,2025-09-14,2,CZ,ISI,FluBcast,WIS,4.95319376110049,-0.8586340599807889,10,10,0.0
2025-09-10,ILI incidence,2025-09-14,2,CZ,ItaLuxColab,EpiEKF,WIS,1.99445240562529,0.4537323017855062,10,3,0.8587103243780947
2025-09-10,ILI incidence,2025-09-14,2,CZ,ItaLuxColab,EpiNetEKF,WIS,1.50762978978337,0.8574427909305042,10,1,1.0
2025-09-10,ILI incidence,2025-09-14,2,CZ,NotreDame,Rt_cocirc,WIS,2.1679347826087,0.33340364089925756,10,4,0.8083608377838598
2025-09-10,ILI incidence,2025-09-14,2,CZ,QMUL,ARIMA,WIS,4.47879895154213,-0.7133869085795366,10,9,0.13768277515887054
2025-09-10,ILI incidence,2025-09-14,2,CZ,respicast,hubEnsemble,WIS,1.75111202362341,0.6414536180076822,10,2,0.9293345774837072
2025-09-10,ILI incidence,2025-09-14,2,CZ,respicast,quantileBaseline,WIS,2.73155978260869,0.0,10,6,0.6447809406488965
2025-09-10,ILI incidence,2025-09-14,2,CZ,safinea,PRFM,WIS,2.27054626120473,0.266685566815701,10,5,0.7785800879704105
2025-09-10,ILI incidence,2025-09-14,2,DK,ECDC,SARIMA,WIS,16.0033156100501,0.03256038382202618,9,6,0.465269896053154
2025-09-10,ILI incidence,2025-09-14,2,DK,ECDC,soca_simplex,WIS,5.64315778755677,1.536356627092579,9,2,0.9827250209658137
2025-09-10,ILI incidence,2025-09-14,2,DK,ItaLuxColab,EpiEKF,WIS,25.3186539284779,-0.6292694842734915,9,9,0.0
2025-09-10,ILI incidence,2025-09-14,2,DK,ItaLuxColab,EpiNetEKF,WIS,12.0123017406991,0.4464186013855838,9,3,0.6646076489790226
2025-09-10,ILI incidence,2025-09-14,2,DK,NotreDame,Rt_cocirc,WIS,5.29728913043478,1.6276050619595674,9,1,1.0
2025-09-10,ILI incidence,2025-09-14,2,DK,QMUL,ARIMA,WIS,13.5186267061652,0.27598261890259923,9,4,0.5893717706729977
2025-09-10,ILI incidence,2025-09-14,2,DK,respicast,hubEnsemble,WIS,14.0083323404715,0.2246460048614675,9,5,0.5649126172013942
2025-09-10,ILI incidence,2025-09-14,2,DK,respicast,quantileBaseline,WIS,16.3686032608696,0.0,9,7,0.4470250034344848
2025-09-10,ILI incidence,2025-09-14,2,DK,safinea,PRFM,WIS,24.4425003391491,-0.5784606514670274,9,8,0.043760932292409765
2025-09-10,ILI incidence,2025-09-14,2,EE,ECDC,SARIMA,WIS,40.3345123650017,0.28913590537827394,9,6,0.49973337813835617
2025-09-10,ILI incidence,2025-09-14,2,EE,ECDC,soca_simplex,WIS,15.5267033528711,1.666399171959159,9,1,1.0
2025-09-10,ILI incidence,2025-09-14,2,EE,ItaLuxColab,EpiEKF,WIS,38.8549299956745,0.3430530571194015,9,3,0.5295701796594992
2025-09-10,ILI incidence,2025-09-14,2,EE,ItaLuxColab,EpiNetEKF,WIS,39.0966616434951,0.33410529453721444,9,5,0.5246954938380658
2025-09-10,ILI incidence,2025-09-14,2,EE,NotreDame,Rt_cocirc,WIS,65.1158782608696,-0.4018586624606417,9,9,0.0
2025-09-10,ILI incidence,2025-09-14,2,EE,QMUL,ARIMA,WIS,35.4413533624134,0.4757170239110726,9,2,0.5984073127554667
2025-09-10,ILI incidence,2025-09-14,2,EE,respicast,hubEnsemble,WIS,38.8985432861335,0.34143459091319406,9,4,0.5286906875013837
2025-09-10,ILI incidence,2025-09-14,2,EE,respicast,quantileBaseline,WIS,49.2850715217391,0.0,9,8,0.3192391639607027
2025-09-10,ILI incidence,2025-09-14,2,EE,safinea,PRFM,WIS,44.6349731749574,0.14297616067431185,9,7,0.4130116123914117
2025-09-10,ILI incidence,2025-09-14,2,ES,ECDC,SARIMA,WIS,2.13076892761885,-0.5699300618141044,8,7,0.5162607628224152
2025-09-10,ILI incidence,2025-09-14,2,ES,ECDC,soca_simplex,WIS,0.418465039256472,1.7782650832668823,8,1,1.0
2025-09-10,ILI incidence,2025-09-14,2,ES,ItaLuxColab,EpiEKF,WIS,1.86071489670796,-0.37441293311376217,8,6,0.5925531381405041
2025-09-10,ILI incidence,2025-09-14,2,ES,ItaLuxColab,EpiNetEKF,WIS,0.792995167109478,0.8560601073529776,8,2,0.8941923103842803
2025-09-10,ILI incidence,2025-09-14,2,ES,QMUL,ARIMA,WIS,3.95819007449023,-1.4633968071172183,8,8,0.0
2025-09-10,ILI incidence,2025-09-14,2,ES,respicast,hubEnsemble,WIS,1.16715608680113,0.2984465766652968,8,4,0.7884889249610272
2025-09-10,ILI incidence,2025-09-14,2,ES,respicast,quantileBaseline,WIS,1.43539130434783,0.0,8,5,0.7127103786398479
2025-09-10,ILI incidence,2025-09-14,2,ES,safinea,PRFM,WIS,1.0507952622881,0.4499624850187767,8,3,0.8213617677255912
2025-09-10,ILI incidence,2025-09-14,2,FI,ECDC,SARIMA,WIS,2.57434836039427,-0.6645382463906159,9,8,0.4669994470642832
2025-09-10,ILI incidence,2025-09-14,2,FI,ECDC,soca_simplex,WIS,1.4295666655246,0.1840911463495296,9,5,0.7457891941602565
2025-09-10,ILI incidence,2025-09-14,2,FI,ISI,FluBcast,WIS,0.385712362434953,2.074071754112895,9,1,1.0
2025-09-10,ILI incidence,2025-09-14,2,FI,ItaLuxColab,EpiEKF,WIS,1.87492650256074,-0.2071649971924494,9,7,0.6373303003026423
2025-09-10,ILI incidence,2025-09-14,2,FI,ItaLuxColab,EpiNetEKF,WIS,1.3549969281454,0.26137946472071505,9,4,0.763949231412885
2025-09-10,ILI incidence,2025-09-14,2,FI,QMUL,ARIMA,WIS,4.49196701058591,-1.4676782868614926,9,9,0.0
2025-09-10,ILI incidence,2025-09-14,2,FI,respicast,hubEnsemble,WIS,1.32428725341364,0.29445295209306843,9,3,0.7714279869609824
2025-09-10,ILI incidence,2025-09-14,2,FI,respicast,quantileBaseline,WIS,1.62413217391304,0.0,9,6,0.6984064755857881
2025-09-10,ILI incidence,2025-09-14,2,FI,safinea,PRFM,WIS,0.614262230833678,1.4027424615384683,9,2,0.944341038736689
2025-09-10,ILI incidence,2025-09-14,2,FR,NotreDame,Rt_cocirc,WIS,63.910497826087,-1.0089276510748009,3,2,0.0
2025-09-10,ILI incidence,2025-09-14,2,FR,respicast,hubEnsemble,WIS,63.910497826087,-1.0089276510748009,3,2,0.0
2025-09-10,ILI incidence,2025-09-14,2,FR,respicast,quantileBaseline,WIS,31.7581147826087,0.0,3,1,1.0
2025-09-10,ILI incidence,2025-09-14,2,GR,ECDC,SARIMA,WIS,53.5370220230556,-0.31948284923858494,10,9,0.4490043428359972
2025-09-10,ILI incidence,2025-09-14,2,GR,ECDC,soca_simplex,WIS,35.374979753588,0.2783247203597894,10,6,0.6678348911933852
2025-09-10,ILI incidence,2025-09-14,2,GR,ISI,FluBcast,WIS,30.9894715663322,0.4692758883544696,10,4,0.7206749378800035
2025-09-10,ILI incidence,2025-09-14,2,GR,ItaLuxColab,EpiEKF,WIS,36.9844496058882,0.21413523650867078,10,7,0.6484427344569357
2025-09-10,ILI incidence,2025-09-14,2,GR,ItaLuxColab,EpiNetEKF,WIS,27.1404462403037,0.6606096010079319,10,3,0.7670510177414772
2025-09-10,ILI incidence,2025-09-14,2,GR,NotreDame,Rt_cocirc,WIS,34.4956282608696,0.314640506387202,10,5,0.6784300085538348
2025-09-10,ILI incidence,2025-09-14,2,GR,QMUL,ARIMA,WIS,90.8025496880672,-1.0816787656098588,10,10,0.0
2025-09-10,ILI incidence,2025-09-14,2,GR,respicast,hubEnsemble,WIS,27.1066832803753,0.6624054439059581,10,2,0.7674578203975706
2025-09-10,ILI incidence,2025-09-14,2,GR,respicast,quantileBaseline,WIS,42.9022717391304,0.0,10,8,0.5771401659855521
2025-09-10,ILI incidence,2025-09-14,2,GR,safinea,PRFM,WIS,7.80663158706308,2.4582819503075757,10,1,1.0
2025-09-10,ILI incidence,2025-09-14,2,HR,ECDC,soca_simplex,WIS,2.78911467655635,-1.0340057135371161,8,8,0.0
2025-09-10,ILI incidence,2025-09-14,2,HR,ISI,FluBcast,WIS,0.868529016830147,0.6491555854530974,8,5,0.7421477557614052
2025-09-10,ILI incidence,2025-09-14,2,HR,ItaLuxColab,EpiEKF,WIS,1.13318667521648,0.26541599681081934,8,6,0.6398794261913061
2025-09-10,ILI incidence,2025-09-14,2,HR,ItaLuxColab,EpiNetEKF,WIS,0.406274739010438,1.7452739696842705,8,3,0.9207708612384673
2025-09-10,ILI incidence,2025-09-14,2,HR,NotreDame,Rt_cocirc,WIS,0.60304347826087,1.1754676130528912,8,4,0.8447359926559707
2025-09-10,ILI incidence,2025-09-14,2,HR,respicast,hubEnsemble,WIS,0.309616490644518,2.1372473207744593,8,2,0.9581212922058746
2025-09-10,ILI incidence,2025-09-14,2,HR,respicast,quantileBaseline,WIS,1.36207065217391,0.0,8,7,0.5514346703073546
2025-09-10,ILI incidence,2025-09-14,2,HR,safinea,PRFM,WIS,0.201239627664258,2.758815208983611,8,1,1.0
2025-09-10,ILI incidence,2025-09-14,2,IE,ECDC,SARIMA,WIS,2.49656262610393,-1.625731489261158,10,10,0.0
2025-09-10,ILI incidence,2025-09-14,2,IE,ECDC,soca_simplex,WIS,0.513580438579906,0.655549448990216,10,5,0.9234002167164005
2025-09-10,ILI incidence,2025-09-14,2,IE,ISI,FluBcast,WIS,1.14867219716814,-0.5057555392210934,10,8,0.6276618731221919
2025-09-10,ILI incidence,2025-09-14,2,IE,ItaLuxColab,EpiEKF,WIS,0.811429613148657,-0.004326252049543188,10,7,0.7847030594368403
2025-09-10,ILI incidence,2025-09-14,2,IE,ItaLuxColab,EpiNetEKF,WIS,0.452398238785935,0.8385463898167845,10,3,0.9518904658494398
2025-09-10,ILI incidence,2025-09-14,2,IE,NotreDame,Rt_cocirc,WIS,0.363695652173913,1.1534080235612758,10,2,0.9931959239701292
2025-09-10,ILI incidence,2025-09-14,2,IE,QMUL,ARIMA,WIS,2.45093579140868,-1.5991210818103196,10,9,0.021246700707021345
2025-09-10,ILI incidence,2025-09-14,2,IE,respicast,hubEnsemble,WIS,0.459914342163029,0.8147745146246209,10,4,0.9483904992179003
2025-09-10,ILI incidence,2025-09-14,2,IE,respicast,quantileBaseline,WIS,0.809,0.0,10,6,0.785834438892552
2025-09-10,ILI incidence,2025-09-14,2,IE,safinea,PRFM,WIS,0.349084044633066,1.2125652846210588,10,1,1.0
2025-09-10,ILI incidence,2025-09-14,2,IS,ECDC,SARIMA,WIS,0.817124807718883,-1.2817218995951951,8,7,0.2463449920478289
2025-09-10,ILI incidence,2025-09-14,2,IS,ISI,FluBcast,WIS,0.167059014906328,1.0084767169119817,8,1,1.0
2025-09-10,ILI incidence,2025-09-14,2,IS,ItaLuxColab,EpiEKF,WIS,0.770416854244477,-1.196804712076485,8,6,0.30049594636105387
2025-09-10,ILI incidence,2025-09-14,2,IS,ItaLuxColab,EpiNetEKF,WIS,0.318209267796597,0.07885869842565259,8,2,0.82476366807254
2025-09-10,ILI incidence,2025-09-14,2,IS,QMUL,ARIMA,WIS,1.02960989820625,-1.6151913700657397,8,8,0.0
2025-09-10,ILI incidence,2025-09-14,2,IS,respicast,hubEnsemble,WIS,0.431437769797709,-0.3603179283733207,8,4,0.6934919898523222
2025-09-10,ILI incidence,2025-09-14,2,IS,respicast,quantileBaseline,WIS,0.336086956521739,0.0,8,3,0.8040371357933704
2025-09-10,ILI incidence,2025-09-14,2,IS,safinea,PRFM,WIS,0.600944419410338,-0.8383970110855996,8,5,0.49697413462256984
2025-09-10,ILI incidence,2025-09-14,2,LT,ECDC,SARIMA,WIS,3.29111803228881,-0.3363917143994108,10,9,0.32244088601295967
2025-09-10,ILI incidence,2025-09-14,2,LT,ECDC,soca_simplex,WIS,0.305984052368881,3.0906576857047496,10,1,1.0
2025-09-10,ILI incidence,2025-09-14,2,LT,ISI,FluBcast,WIS,1.51288561206527,0.7848831428540953,10,6,0.7260601510825999
2025-09-10,ILI incidence,2025-09-14,2,LT,ItaLuxColab,EpiEKF,WIS,2.60325723484764,0.001868178282037898,10,7,0.47857000972926245
2025-09-10,ILI incidence,2025-09-14,2,LT,ItaLuxColab,EpiNetEKF,WIS,0.979510487725742,1.4120532088626585,10,4,0.8471244581124345
2025-09-10,ILI incidence,2025-09-14,2,LT,NotreDame,Rt_cocirc,WIS,0.998260869565216,1.384697272800234,10,5,0.8428685378785248
2025-09-10,ILI incidence,2025-09-14,2,LT,QMUL,ARIMA,WIS,4.71170145517106,-0.8540620757641544,10,10,0.0
2025-09-10,ILI incidence,2025-09-14,2,LT,respicast,hubEnsemble,WIS,0.892754343033724,1.5458509013410655,10,3,0.8668161761143286
2025-09-10,ILI incidence,2025-09-14,2,LT,respicast,quantileBaseline,WIS,2.60663043478261,0.0,10,8,0.47780436826237577
2025-09-10,ILI incidence,2025-09-14,2,LT,safinea,PRFM,WIS,0.681272965657714,1.9358811897993267,10,2,0.9148177518035686
2025-09-10,ILI incidence,2025-09-14,2,LU,ECDC,SARIMA,WIS,570.053080152316,0.33943576527448355,8,4,0.6521470820436468
2025-09-10,ILI incidence,2025-09-14,2,LU,ItaLuxColab,EpiEKF,WIS,740.506976007633,-0.037981300112724735,8,7,0.3839069112133612
2025-09-10,ILI incidence,2025-09-14,2,LU,ItaLuxColab,EpiNetEKF,WIS,556.771306444548,0.3734471635777048,8,3,0.6730483658214312
2025-09-10,ILI incidence,2025-09-14,2,LU,NotreDame,Rt_cocirc,WIS,739.941317391304,-0.03687883280742874,8,6,0.3847970778071745
2025-09-10,ILI incidence,2025-09-14,2,LU,QMUL,ARIMA,WIS,349.009062521509,1.0472675279243362,8,1,1.0
2025-09-10,ILI incidence,2025-09-14,2,LU,respicast,hubEnsemble,WIS,502.525735087331,0.5213345457605014,8,2,0.7584136269357753
2025-09-10,ILI incidence,2025-09-14,2,LU,respicast,quantileBaseline,WIS,721.266304347826,0.0,8,5,0.4141856034486908
2025-09-10,ILI incidence,2025-09-14,2,LU,safinea,PRFM,WIS,984.461594958056,-0.4488028994454521,8,8,0.0
2025-09-10,ILI incidence,2025-09-14,2,MT,ECDC,SARIMA,WIS,1081.12820870861,-0.6568058649838544,9,6,0.7311128893991532
2025-09-10,ILI incidence,2025-09-14,2,MT,ECDC,soca_simplex,WIS,2069.21457417616,-1.5933515036891455,9,8,0.19160168386558
2025-09-10,ILI incidence,2025-09-14,2,MT,ItaLuxColab,EpiEKF,WIS,953.449702826839,-0.4754969850184058,9,4,0.8008274275573684
2025-09-10,ILI incidence,2025-09-14,2,MT,ItaLuxColab,EpiNetEKF,WIS,588.675623647096,0.22018696066323815,9,1,1.0
2025-09-10,ILI incidence,2025-09-14,2,MT,NotreDame,Rt_cocirc,WIS,2420.12296956522,-1.8193486001668109,9,9,0.0
2025-09-10,ILI incidence,2025-09-14,2,MT,QMUL,ARIMA,WIS,1490.88403200104,-1.1204362879651828,9,7,0.5073795540096965
2025-09-10,ILI incidence,2025-09-14,2,MT,respicast,hubEnsemble,WIS,1063.11575922537,-0.6325669414151245,9,5,0.7409479794023605
2025-09-10,ILI incidence,2025-09-14,2,MT,respicast,quantileBaseline,WIS,685.739130434783,0.0,9,3,0.9470017486421222
2025-09-10,ILI incidence,2025-09-14,2,MT,safinea,PRFM,WIS,626.572536842499,0.13017831261759155,9,2,0.9793076698165162
2025-09-10,ILI incidence,2025-09-14,2,NL,ECDC,SARIMA,WIS,3.04879895023972,0.5253796875563341,10,3,0.9051618325086055
2025-09-10,ILI incidence,2025-09-14,2,NL,ECDC,soca_simplex,WIS,5.4027340214361,-0.3000689552397697,10,8,0.6218629863924561
2025-09-10,ILI incidence,2025-09-14,2,NL,ISI,FluBcast,WIS,10.5698044603604,-1.2682560781630592,10,10,0.0
2025-09-10,ILI incidence,2025-09-14,2,NL,ItaLuxColab,EpiEKF,WIS,4.87173447649941,-0.15081480029833877,10,7,0.6857694042922108
2025-09-10,ILI incidence,2025-09-14,2,NL,ItaLuxColab,EpiNetEKF,WIS,5.74403188884393,-0.38844305444702076,10,9,0.580787387833402
2025-09-10,ILI incidence,2025-09-14,2,NL,NotreDame,Rt_cocirc,WIS,2.26078695652174,0.9567956568076594,10,1,1.0
2025-09-10,ILI incidence,2025-09-14,2,NL,QMUL,ARIMA,WIS,2.30439701842748,0.9292314077892054,10,2,0.9947514779111257
2025-09-10,ILI incidence,2025-09-14,2,NL,respicast,hubEnsemble,WIS,4.19635397915172,0.06448432395722022,10,5,0.7670522391202361
2025-09-10,ILI incidence,2025-09-14,2,NL,respicast,quantileBaseline,WIS,4.38817391304348,0.0,10,6,0.743966485142327
2025-09-10,ILI incidence,2025-09-14,2,NL,safinea,PRFM,WIS,3.61559814297927,0.2793863662929846,10,4,0.8369468850159932
2025-09-10,ILI incidence,2025-09-14,2,NO,ECDC,SARIMA,WIS,3.29023331083576,0.15978186270875944,9,5,0.4665610986172048
2025-09-10,ILI incidence,2025-09-14,2,NO,ECDC,soca_simplex,WIS,1.25710779391191,1.5478633893476945,9,2,0.9750296219336664
2025-09-10,ILI incidence,2025-09-14,2,NO,ItaLuxColab,EpiEKF,WIS,3.69664009893026,-0.008242839086411935,9,7,0.3649219928718529
2025-09-10,ILI incidence,2025-09-14,2,NO,ItaLuxColab,EpiNetEKF,WIS,2.49898845481861,0.556627515700865,9,3,0.664445144718553
2025-09-10,ILI incidence,2025-09-14,2,NO,NotreDame,Rt_cocirc,WIS,1.15726304347826,1.6672549286781755,9,1,1.0
2025-09-10,ILI incidence,2025-09-14,2,NO,QMUL,ARIMA,WIS,5.15579082581351,-0.48822198172531533,9,9,0.0
2025-09-10,ILI incidence,2025-09-14,2,NO,respicast,hubEnsemble,WIS,2.74662982394396,0.42030926716853817,9,4,0.6025120076726174
2025-09-10,ILI incidence,2025-09-14,2,NO,respicast,quantileBaseline,WIS,3.67557956521739,0.0,9,6,0.37018906486917935
2025-09-10,ILI incidence,2025-09-14,2,NO,safinea,PRFM,WIS,4.82313563460574,-0.3919996296836132,9,8,0.08319441787484337
2025-09-10,ILI incidence,2025-09-14,2,PL,ECDC,SARIMA,WIS,31.781778149034,0.5672130729981872,9,3,0.6849032144503949
2025-09-10,ILI incidence,2025-09-14,2,PL,ECDC,soca_simplex,WIS,66.5948224410065,-0.4999970993512056,9,9,0.0
2025-09-10,ILI incidence,2025-09-14,2,PL,ItaLuxColab,EpiEKF,WIS,38.765996706282,0.28062115855071046,9,4,0.5474974276951617
2025-09-10,ILI incidence,2025-09-14,2,PL,ItaLuxColab,EpiNetEKF,WIS,48.023045092069,-0.028313969434137186,9,7,0.36537654959630717
2025-09-10,ILI incidence,2025-09-14,2,PL,NotreDame,Rt_cocirc,WIS,23.0196891304348,1.0325445661328634,9,2,0.8572863845003322
2025-09-10,ILI incidence,2025-09-14,2,PL,QMUL,ARIMA,WIS,15.7656781802244,1.5786256861737595,9,1,1.0
2025-09-10,ILI incidence,2025-09-14,2,PL,respicast,hubEnsemble,WIS,40.3405403623812,0.22318250783798882,9,5,0.5165202456277066
2025-09-10,ILI incidence,2025-09-14,2,PL,respicast,quantileBaseline,WIS,47.0897452173913,0.0,9,6,0.3837380602660392
2025-09-10,ILI incidence,2025-09-14,2,PL,safinea,PRFM,WIS,56.8373924151672,-0.27142745131414475,9,8,0.19196526260167185
2025-09-10,ILI incidence,2025-09-14,2,RO,ItaLuxColab,EpiEKF,WIS,0.940012097658331,0.7754918433135723,5,4,0.5100726187410853
2025-09-10,ILI incidence,2025-09-14,2,RO,ItaLuxColab,EpiNetEKF,WIS,0.297361409405389,2.435953735974557,5,1,1.0
2025-09-10,ILI incidence,2025-09-14,2,RO,NotreDame,Rt_cocirc,WIS,0.761584782608696,1.0791665151218865,5,3,0.6460974123112443
2025-09-10,ILI incidence,2025-09-14,2,RO,respicast,hubEnsemble,WIS,0.318500721753064,2.3368745254820418,5,2,0.983884358751306
2025-09-10,ILI incidence,2025-09-14,2,RO,respicast,quantileBaseline,WIS,1.60908782608696,0.0,5,5,0.0
2025-09-10,ILI incidence,2025-09-14,2,SI,ECDC,SARIMA,WIS,3.84197251484632,-0.9354158439915508,9,8,0.3769443826697979
2025-09-10,ILI incidence,2025-09-14,2,SI,ECDC,soca_simplex,WIS,1.23059266708662,0.7070780532495743,9,5,0.8333903874440101
2025-09-10,ILI incidence,2025-09-14,2,SI,ISI,FluBcast,WIS,0.389204854683025,2.3678297435635267,9,2,0.9804575043809849
2025-09-10,ILI incidence,2025-09-14,2,SI,ItaLuxColab,EpiEKF,WIS,1.8889985482179,0.08880976117843818,9,6,0.7183068869643542
2025-09-10,ILI incidence,2025-09-14,2,SI,ItaLuxColab,EpiNetEKF,WIS,1.11650901682316,0.8474364518491406,9,3,0.853331196291673
2025-09-10,ILI incidence,2025-09-14,2,SI,NotreDame,Rt_cocirc,WIS,0.2774,2.856391661353627,9,1,1.0
2025-09-10,ILI incidence,2025-09-14,2,SI,QMUL,ARIMA,WIS,5.99851448111252,-1.5781739105794612,9,9,0.0
2025-09-10,ILI incidence,2025-09-14,2,SI,respicast,hubEnsemble,WIS,1.12714453352149,0.8337588302547122,9,4,0.8514722024306967
2025-09-10,ILI incidence,2025-09-14,2,SI,respicast,quantileBaseline,WIS,2.00893565217392,0.0,9,7,0.697342946397883
2025-09-10,ILI incidence,2025-09-21,3,BE,ECDC,SARIMA,WIS,40.1641546617431,0.5817286738321568,9,2,0.8057595874711708
2025-09-10,ILI incidence,2025-09-21,3,BE,ECDC,soca_simplex,WIS,101.362884910101,-0.7538203997604518,9,9,0.0
2025-09-10,ILI incidence,2025-09-21,3,BE,ItaLuxColab,EpiEKF,WIS,65.8074260750572,-0.13061320871387103,9,4,0.4681331087590958
2025-09-10,ILI incidence,2025-09-21,3,BE,ItaLuxColab,EpiNetEKF,WIS,76.8979603800837,-0.3553081469107269,9,6,0.3221120342990941
2025-09-10,ILI incidence,2025-09-21,3,BE,NotreDame,Rt_cocirc,WIS,80.7332130434783,-0.42552512348594773,9,7,0.27161602578121374
2025-09-10,ILI incidence,2025-09-21,3,BE,QMUL,ARIMA,WIS,25.4112844576304,1.2421678853776705,9,1,1.0
2025-09-10,ILI incidence,2025-09-21,3,BE,respicast,hubEnsemble,WIS,73.2979828516831,-0.2861363100318873,9,5,0.3695103446303347
2025-09-10,ILI incidence,2025-09-21,3,BE,respicast,quantileBaseline,WIS,60.1113402173913,0.0,9,3,0.5431293672149057
2025-09-10,ILI incidence,2025-09-21,3,BE,safinea,PRFM,WIS,84.7861250654212,-0.49619100627149837,9,8,0.21825425331298046
2025-09-10,ILI incidence,2025-09-21,3,CZ,ECDC,SARIMA,WIS,4.86540157366904,-0.2690788368437173,10,7,0.5822805270400334
2025-09-10,ILI incidence,2025-09-21,3,CZ,ECDC,soca_simplex,WIS,5.13397692935071,-0.34659676465163486,10,8,0.53289932976288
2025-09-10,ILI incidence,2025-09-21,3,CZ,ISI,FluBcast,WIS,8.03231951570607,-0.9923366108389176,10,10,0.0
2025-09-10,ILI incidence,2025-09-21,3,CZ,ItaLuxColab,EpiEKF,WIS,3.00748502948436,0.42492249216964295,10,2,0.9238835127645064
2025-09-10,ILI incidence,2025-09-21,3,CZ,ItaLuxColab,EpiNetEKF,WIS,2.59350129154915,0.6385789600546559,10,1,1.0
2025-09-10,ILI incidence,2025-09-21,3,CZ,NotreDame,Rt_cocirc,WIS,4.69701956521739,-0.21826555487731686,10,6,0.613239827665998
2025-09-10,ILI incidence,2025-09-21,3,CZ,QMUL,ARIMA,WIS,5.47168920983685,-0.4385062397327305,10,9,0.4708063774766341
2025-09-10,ILI incidence,2025-09-21,3,CZ,respicast,hubEnsemble,WIS,3.12337297297993,0.3703751912629548,10,3,0.902575953158847
2025-09-10,ILI incidence,2025-09-21,3,CZ,respicast,quantileBaseline,WIS,4.03754978260869,0.0,10,5,0.7344922313002317
2025-09-10,ILI incidence,2025-09-21,3,CZ,safinea,PRFM,WIS,3.94151201116989,0.03473087726894601,10,4,0.7521500693600223
2025-09-10,ILI incidence,2025-09-21,3,DK,ECDC,SARIMA,WIS,15.8832494100276,0.3954600254915273,9,3,0.9144515437533534
2025-09-10,ILI incidence,2025-09-21,3,DK,ECDC,soca_simplex,WIS,18.9600127681776,0.14000618028308387,9,5,0.7983543963286323
2025-09-10,ILI incidence,2025-09-21,3,DK,ItaLuxColab,EpiEKF,WIS,32.2073795505761,-0.6244251692039096,9,7,0.29848446312381366
2025-09-10,ILI incidence,2025-09-21,3,DK,ItaLuxColab,EpiNetEKF,WIS,13.7667563681017,0.6017774348019048,9,2,0.9943143008487233
2025-09-10,ILI incidence,2025-09-21,3,DK,NotreDame,Rt_cocirc,WIS,13.6160760869565,0.6176551120956651,9,1,1.0
2025-09-10,ILI incidence,2025-09-21,3,DK,QMUL,ARIMA,WIS,34.7509419863881,-0.7340859691247478,9,8,0.20250686955548433
2025-09-10,ILI incidence,2025-09-21,3,DK,respicast,hubEnsemble,WIS,18.8594592993005,0.1476778015298551,9,4,0.8021486338247883
2025-09-10,ILI incidence,2025-09-21,3,DK,respicast,quantileBaseline,WIS,20.8922245652174,0.0,9,6,0.7254452214119115
2025-09-10,ILI incidence,2025-09-21,3,DK,safinea,PRFM,WIS,40.1177036152729,-0.9412729106769697,9,9,0.0
2025-09-10,ILI incidence,2025-09-21,3,EE,ECDC,SARIMA,WIS,25.2792298764381,0.42808041219692333,9,4,0.4869823322518569
2025-09-10,ILI incidence,2025-09-21,3,EE,ECDC,soca_simplex,WIS,9.57478969765038,1.8287202202506976,9,1,1.0
2025-09-10,ILI incidence,2025-09-21,3,EE,ItaLuxColab,EpiEKF,WIS,40.1866792407948,-0.24068444248013257,9,9,0.0
2025-09-10,ILI incidence,2025-09-21,3,EE,ItaLuxColab,EpiNetEKF,WIS,34.0183824635526,-0.00028161893556764666,9,7,0.20150003378747994
2025-09-10,ILI incidence,2025-09-21,3,EE,NotreDame,Rt_cocirc,WIS,37.7786391304348,-0.15153780847430606,9,8,0.07866355675189902
2025-09-10,ILI incidence,2025-09-21,3,EE,QMUL,ARIMA,WIS,15.9904957121014,1.0888182614782635,9,2,0.7904178373109338
2025-09-10,ILI incidence,2025-09-21,3,EE,respicast,hubEnsemble,WIS,24.7313046461098,0.4596945771737039,9,3,0.5048814308865902
2025-09-10,ILI incidence,2025-09-21,3,EE,respicast,quantileBaseline,WIS,34.0117426086957,0.0,9,6,0.2017169382306879
2025-09-10,ILI incidence,2025-09-21,3,EE,safinea,PRFM,WIS,28.5611254209351,0.25198009678455596,9,5,0.3797724999456384
2025-09-10,ILI incidence,2025-09-21,3,ES,ECDC,SARIMA,WIS,3.06738070373972,-0.2733146723569023,8,6,0.3328463950252288
2025-09-10,ILI incidence,2025-09-21,3,ES,ECDC,soca_simplex,WIS,0.664066055965968,1.9342939019164265,8,1,1.0
2025-09-10,ILI incidence,2025-09-21,3,ES,ItaLuxColab,EpiEKF,WIS,2.83149169644613,-0.15786973555166747,8,5,0.3983285414165131
2025-09-10,ILI incidence,2025-09-21,3,ES,ItaLuxColab,EpiNetEKF,WIS,1.50629251476106,0.7526906018184462,8,2,0.766200227377311
2025-09-10,ILI incidence,2025-09-21,3,ES,QMUL,ARIMA,WIS,4.26640685102865,-0.7493289863534589,8,8,0.0
2025-09-10,ILI incidence,2025-09-21,3,ES,respicast,hubEnsemble,WIS,1.78509691096897,0.507690164748169,8,3,0.688804885828828
2025-09-10,ILI incidence,2025-09-21,3,ES,respicast,quantileBaseline,WIS,2.53800086956522,0.0,8,4,0.47980079614687177
2025-09-10,ILI incidence,2025-09-21,3,ES,safinea,PRFM,WIS,3.14734739865758,-0.31044386608814084,8,7,0.3106478581662338
2025-09-10,ILI incidence,2025-09-21,3,FI,ECDC,SARIMA,WIS,3.27401563551775,-0.5936624851759439,9,8,0.45174182158492476
2025-09-10,ILI incidence,2025-09-21,3,FI,ECDC,soca_simplex,WIS,1.42899038219087,0.602402520025542,9,3,0.8290866420515167
2025-09-10,ILI incidence,2025-09-21,3,FI,ISI,FluBcast,WIS,0.593310535953875,1.8705394190599818,9,1,1.0
2025-09-10,ILI incidence,2025-09-21,3,FI,ItaLuxColab,EpiEKF,WIS,2.57397876407637,-0.24660142459427448,9,7,0.5949134595328214
2025-09-10,ILI incidence,2025-09-21,3,FI,ItaLuxColab,EpiNetEKF,WIS,1.8035403867496,0.26656699663068645,9,5,0.7524836232195922
2025-09-10,ILI incidence,2025-09-21,3,FI,QMUL,ARIMA,WIS,5.48280458292524,-1.3375153278459673,9,9,0.0
2025-09-10,ILI incidence,2025-09-21,3,FI,respicast,hubEnsemble,WIS,1.76609950808277,0.29683209479757383,9,4,0.7601410369125328
2025-09-10,ILI incidence,2025-09-21,3,FI,respicast,quantileBaseline,WIS,2.16955434782609,0.0,9,6,0.6776263971834536
2025-09-10,ILI incidence,2025-09-21,3,FI,safinea,PRFM,WIS,1.21728256020499,0.8337346357212326,9,2,0.8723851551393924
2025-09-10,ILI incidence,2025-09-21,3,FR,NotreDame,Rt_cocirc,WIS,87.1434782608696,-1.3512749793656067,3,2,0.0
2025-09-10,ILI incidence,2025-09-21,3,FR,respicast,hubEnsemble,WIS,87.1434782608696,-1.3512749793656067,3,2,0.0
2025-09-10,ILI incidence,2025-09-21,3,FR,respicast,quantileBaseline,WIS,34.1554954347826,0.0,3,1,1.0
2025-09-10,ILI incidence,2025-09-21,3,GR,ECDC,SARIMA,WIS,62.1815829291317,-0.27162825779019023,10,9,0.31332804479083487
2025-09-10,ILI incidence,2025-09-21,3,GR,ECDC,soca_simplex,WIS,7.54934340482698,2.7704360070880543,10,2,0.9298275764994829
2025-09-10,ILI incidence,2025-09-21,3,GR,ISI,FluBcast,WIS,1.33088507436233,5.274401184406624,10,1,1.0
2025-09-10,ILI incidence,2025-09-21,3,GR,ItaLuxColab,EpiEKF,WIS,47.8924648162252,0.10506039870323826,10,7,0.4745741277235577
2025-09-10,ILI incidence,2025-09-21,3,GR,ItaLuxColab,EpiNetEKF,WIS,33.6640903082084,0.6136486054464386,10,6,0.6351347471956048
2025-09-10,ILI incidence,2025-09-21,3,GR,NotreDame,Rt_cocirc,WIS,14.2478847826087,1.8541113303511747,10,3,0.8542376380585329
2025-09-10,ILI incidence,2025-09-21,3,GR,QMUL,ARIMA,WIS,89.94772371638,-0.8042276866234129,10,10,0.0
2025-09-10,ILI incidence,2025-09-21,3,GR,respicast,hubEnsemble,WIS,25.9624143577577,0.9884345333494227,10,4,0.7220445949003158
2025-09-10,ILI incidence,2025-09-21,3,GR,respicast,quantileBaseline,WIS,51.5102336956522,0.0,10,8,0.43374928072081625
2025-09-10,ILI incidence,2025-09-21,3,GR,safinea,PRFM,WIS,29.3807504524398,0.8099878392688277,10,5,0.6834702545484665
2025-09-10,ILI incidence,2025-09-21,3,HR,ECDC,soca_simplex,WIS,4.33954573641379,-1.2253937894271272,8,8,0.0
2025-09-10,ILI incidence,2025-09-21,3,HR,ISI,FluBcast,WIS,1.09987979455416,0.7548043790790145,8,4,0.8076309117551096
2025-09-10,ILI incidence,2025-09-21,3,HR,ItaLuxColab,EpiEKF,WIS,1.52867958823982,0.2798641908352319,8,6,0.700733480183519
2025-09-10,ILI incidence,2025-09-21,3,HR,ItaLuxColab,EpiNetEKF,WIS,0.512317955434604,1.857038879285952,8,3,0.954106848582178
2025-09-10,ILI incidence,2025-09-21,3,HR,NotreDame,Rt_cocirc,WIS,1.1,0.7546467161001525,8,5,0.8076009451981978
2025-09-10,ILI incidence,2025-09-21,3,HR,respicast,hubEnsemble,WIS,0.430866115974077,2.1068386877588363,8,2,0.9744123444413822
2025-09-10,ILI incidence,2025-09-21,3,HR,respicast,quantileBaseline,WIS,1.8559402173913,0.0,8,7,0.6191492041975066
2025-09-10,ILI incidence,2025-09-21,3,HR,safinea,PRFM,WIS,0.328225844237642,2.4993894947720707,8,1,1.0
2025-09-10,ILI incidence,2025-09-21,3,IE,ECDC,SARIMA,WIS,2.89791035569379,-1.188788877300271,10,10,0.0
2025-09-10,ILI incidence,2025-09-21,3,IE,ECDC,soca_simplex,WIS,1.73002601943662,-0.44456964624601697,10,7,0.4835709699783536
2025-09-10,ILI incidence,2025-09-21,3,IE,ISI,FluBcast,WIS,2.69370969820271,-1.0833702897729731,10,8,0.08455076153314824
2025-09-10,ILI incidence,2025-09-21,3,IE,ItaLuxColab,EpiEKF,WIS,1.2355302507507,0.04109375570629854,10,5,0.6883205252981762
2025-09-10,ILI incidence,2025-09-21,3,IE,ItaLuxColab,EpiNetEKF,WIS,0.732976851757406,0.7943845475425618,10,3,0.8964064008189797
2025-09-10,ILI incidence,2025-09-21,3,IE,NotreDame,Rt_cocirc,WIS,0.893486956521739,0.5087055162869192,10,4,0.8299460291515547
2025-09-10,ILI incidence,2025-09-21,3,IE,QMUL,ARIMA,WIS,2.83013308101854,-1.1546458045496941,10,9,0.02806367158090118
2025-09-10,ILI incidence,2025-09-21,3,IE,respicast,hubEnsemble,WIS,0.718061065246035,0.8240456459408483,10,2,0.9025823902790401
2025-09-10,ILI incidence,2025-09-21,3,IE,respicast,quantileBaseline,WIS,1.27122913043478,0.0,10,6,0.6735391455501651
2025-09-10,ILI incidence,2025-09-21,3,IE,safinea,PRFM,WIS,0.482785361094861,1.3967702529773878,10,1,1.0
2025-09-10,ILI incidence,2025-09-21,3,IS,ECDC,SARIMA,WIS,1.26443018940676,-1.6257098032951494,9,8,0.002561459577453085
2025-09-10,ILI incidence,2025-09-21,3,IS,ECDC,soca_simplex,WIS,0.224807406841178,0.8660161084674707,9,2,0.9471083866460374
2025-09-10,ILI incidence,2025-09-21,3,IS,ISI,FluBcast,WIS,0.166591849018039,1.2983878635433401,9,1,1.0
2025-09-10,ILI incidence,2025-09-21,3,IS,ItaLuxColab,EpiEKF,WIS,1.17776263078895,-1.5232712210055892,9,7,0.08130307388391415
2025-09-10,ILI incidence,2025-09-21,3,IS,ItaLuxColab,EpiNetEKF,WIS,0.418444752726722,-0.03033147828066077,9,6,0.7711796141247701
2025-09-10,ILI incidence,2025-09-21,3,IS,QMUL,ARIMA,WIS,1.26724947943569,-1.6289229881818175,9,9,0.0
2025-09-10,ILI incidence,2025-09-21,3,IS,respicast,hubEnsemble,WIS,0.404454298810479,0.018728983018075164,9,4,0.7838906093785206
2025-09-10,ILI incidence,2025-09-21,3,IS,respicast,quantileBaseline,WIS,0.409739130434783,0.0,9,5,0.7790890875626052
2025-09-10,ILI incidence,2025-09-21,3,IS,safinea,PRFM,WIS,0.31422960339235,0.3828865754840754,9,3,0.8658640522772836
2025-09-10,ILI incidence,2025-09-21,3,LT,ECDC,SARIMA,WIS,5.26896361768018,-0.3771751829569728,10,9,0.2955342698352276
2025-09-10,ILI incidence,2025-09-21,3,LT,ECDC,soca_simplex,WIS,0.933906118348484,2.118994600668968,10,1,1.0
2025-09-10,ILI incidence,2025-09-21,3,LT,ISI,FluBcast,WIS,3.51603001989127,0.20639664666981927,10,6,0.5803936164729824
2025-09-10,ILI incidence,2025-09-21,3,LT,ItaLuxColab,EpiEKF,WIS,3.97188073732056,0.030521730875171328,10,7,0.5063158888881772
2025-09-10,ILI incidence,2025-09-21,3,LT,ItaLuxColab,EpiNetEKF,WIS,1.42461499272831,1.5097719564611531,10,4,0.9202576700443743
2025-09-10,ILI incidence,2025-09-21,3,LT,NotreDame,Rt_cocirc,WIS,2.50615,0.6948712684178278,10,5,0.7445035194445563
2025-09-10,ILI incidence,2025-09-21,3,LT,QMUL,ARIMA,WIS,7.08758728935128,-0.8049505631717264,10,10,0.0
2025-09-10,ILI incidence,2025-09-21,3,LT,respicast,hubEnsemble,WIS,1.4202980497903,1.514150323641853,10,3,0.9209591920794048
2025-09-10,ILI incidence,2025-09-21,3,LT,respicast,quantileBaseline,WIS,4.05680521739131,0.0,10,8,0.4925152908866219
2025-09-10,ILI incidence,2025-09-21,3,LT,safinea,PRFM,WIS,1.12607949946695,1.849035351898094,10,2,0.9687709883274389
2025-09-10,ILI incidence,2025-09-21,3,LU,ECDC,SARIMA,WIS,701.76111685482,-0.25131317402101866,8,6,0.22620014241797332
2025-09-10,ILI incidence,2025-09-21,3,LU,ItaLuxColab,EpiEKF,WIS,393.941773348649,0.5816844315804056,8,3,0.7985366472455684
2025-09-10,ILI incidence,2025-09-21,3,LU,ItaLuxColab,EpiNetEKF,WIS,711.95593493553,-0.2721211121215211,8,7,0.2072446522229598
2025-09-10,ILI incidence,2025-09-21,3,LU,NotreDame,Rt_cocirc,WIS,341.153743478261,0.7892447920873172,8,2,0.8966868030110292
2025-09-10,ILI incidence,2025-09-21,3,LU,QMUL,ARIMA,WIS,823.418181803136,-0.4819584658376288,8,8,0.0
2025-09-10,ILI incidence,2025-09-21,3,LU,respicast,hubEnsemble,WIS,460.386908285235,0.3568200300593026,8,4,0.6749934811168902
2025-09-10,ILI incidence,2025-09-21,3,LU,respicast,quantileBaseline,WIS,589.57152173913,0.0,8,5,0.4347971721405377
2025-09-10,ILI incidence,2025-09-21,3,LU,safinea,PRFM,WIS,285.588878744972,1.0457270393846079,8,1,1.0
2025-09-10,ILI incidence,2025-09-21,3,MT,ECDC,SARIMA,WIS,778.374321017913,-0.18468066031323102,9,5,0.7752659005555905
2025-09-10,ILI incidence,2025-09-21,3,MT,ECDC,soca_simplex,WIS,1666.48274275961,-1.282951017287575,9,8,0.3328411313349176
2025-09-10,ILI incidence,2025-09-21,3,MT,ItaLuxColab,EpiEKF,WIS,933.299059769735,-0.44655598686932374,9,6,0.6980877766791983
2025-09-10,ILI incidence,2025-09-21,3,MT,ItaLuxColab,EpiNetEKF,WIS,646.106576270467,0.08401129600788253,9,2,0.8411570969598146
2025-09-10,ILI incidence,2025-09-21,3,MT,NotreDame,Rt_cocirc,WIS,2334.6167,-1.7693303456516993,9,9,0.0
2025-09-10,ILI incidence,2025-09-21,3,MT,QMUL,ARIMA,WIS,1130.12153511093,-0.7226225703303466,9,7,0.6000376556596315
2025-09-10,ILI incidence,2025-09-21,3,MT,respicast,hubEnsemble,WIS,771.179192611809,-0.17128267104391456,9,4,0.7788502636205649
2025-09-10,ILI incidence,2025-09-21,3,MT,respicast,quantileBaseline,WIS,684.847826086957,0.0,9,3,0.8218575518932707
2025-09-10,ILI incidence,2025-09-21,3,MT,safinea,PRFM,WIS,327.250739667147,1.0653870022957797,9,1,1.0
2025-09-10,ILI incidence,2025-09-21,3,NL,ECDC,SARIMA,WIS,3.61232367964029,0.6687954730681005,10,3,0.9585270411191082
2025-09-10,ILI incidence,2025-09-21,3,NL,ECDC,soca_simplex,WIS,5.8923044850988,-0.037109340310642044,10,7,0.7539695320701018
2025-09-10,ILI incidence,2025-09-21,3,NL,ISI,FluBcast,WIS,14.295985528206,-1.315815530622782,10,10,0.0
2025-09-10,ILI incidence,2025-09-21,3,NL,ItaLuxColab,EpiEKF,WIS,6.32617088282441,-0.1396098832072997,10,8,0.7150434896374908
2025-09-10,ILI incidence,2025-09-21,3,NL,ItaLuxColab,EpiNetEKF,WIS,7.58850961122379,-0.40209392379190434,10,9,0.6017877704493029
2025-09-10,ILI incidence,2025-09-21,3,NL,NotreDame,Rt_cocirc,WIS,3.15006956521739,0.866338954299619,10,1,1.0
2025-09-10,ILI incidence,2025-09-21,3,NL,QMUL,ARIMA,WIS,3.28327620244558,0.8065865229747519,10,2,0.9880488389047145
2025-09-10,ILI incidence,2025-09-21,3,NL,respicast,hubEnsemble,WIS,5.52625007347819,0.055421794958695286,10,5,0.7868115535635473
2025-09-10,ILI incidence,2025-09-21,3,NL,respicast,quantileBaseline,WIS,5.74267391304348,0.0,10,6,0.7673942315342093
2025-09-10,ILI incidence,2025-09-21,3,NL,safinea,PRFM,WIS,5.5187030312739,0.05739338903479496,10,4,0.787488666349015
2025-09-10,ILI incidence,2025-09-21,3,NO,ECDC,SARIMA,WIS,4.46378990823054,0.005055138211883162,9,5,0.4998797896470426
2025-09-10,ILI incidence,2025-09-21,3,NO,ECDC,soca_simplex,WIS,1.59130363388535,1.4931151253318455,9,2,0.9124610219857737
2025-09-10,ILI incidence,2025-09-21,3,NO,ItaLuxColab,EpiEKF,WIS,5.26304053943337,-0.23257224206438362,9,7,0.3850817440256259
2025-09-10,ILI incidence,2025-09-21,3,NO,ItaLuxColab,EpiNetEKF,WIS,3.30277589495435,0.4396451844296896,9,3,0.6666386691021661
2025-09-10,ILI incidence,2025-09-21,3,NO,NotreDame,Rt_cocirc,WIS,0.981836956521739,2.189768889261858,9,1,1.0
2025-09-10,ILI incidence,2025-09-21,3,NO,QMUL,ARIMA,WIS,7.56843999151582,-0.7566716968361161,9,8,0.05395238216643322
2025-09-10,ILI incidence,2025-09-21,3,NO,respicast,hubEnsemble,WIS,3.91347354779443,0.1948745720532957,9,4,0.5789228834966916
2025-09-10,ILI incidence,2025-09-21,3,NO,respicast,quantileBaseline,WIS,4.47945826086957,0.0,9,6,0.49762931127286747
2025-09-10,ILI incidence,2025-09-21,3,NO,safinea,PRFM,WIS,7.94406899519786,-0.8265538874968376,9,9,0.0
2025-09-10,ILI incidence,2025-09-21,3,PL,ECDC,SARIMA,WIS,110.894737853726,0.351353149448037,9,1,1.0
2025-09-10,ILI incidence,2025-09-21,3,PL,ECDC,soca_simplex,WIS,221.804340735821,-0.6487435412718229,9,9,0.0
2025-09-10,ILI incidence,2025-09-21,3,PL,ItaLuxColab,EpiEKF,WIS,119.854137633196,0.23926434329790303,9,3,0.9192188994762293
2025-09-10,ILI incidence,2025-09-21,3,PL,ItaLuxColab,EpiNetEKF,WIS,161.635818527651,-0.19220287680128953,9,7,0.542500564826055
2025-09-10,ILI incidence,2025-09-21,3,PL,NotreDame,Rt_cocirc,WIS,145.172043478261,-0.03721959472252321,9,5,0.6909437529861658
2025-09-10,ILI incidence,2025-09-21,3,PL,QMUL,ARIMA,WIS,111.055007994956,0.3492696059210149,9,2,0.9985549480201423
2025-09-10,ILI incidence,2025-09-21,3,PL,respicast,hubEnsemble,WIS,152.938327713999,-0.11240594609457433,9,6,0.6209202019687294
2025-09-10,ILI incidence,2025-09-21,3,PL,respicast,quantileBaseline,WIS,141.474698043478,0.0,9,4,0.7242803202328589
2025-09-10,ILI incidence,2025-09-21,3,PL,safinea,PRFM,WIS,210.001850817199,-0.5698579846980132,9,8,0.10641540147942743
2025-09-10,ILI incidence,2025-09-21,3,RO,ItaLuxColab,EpiEKF,WIS,1.41757172696242,0.3125471023241927,5,4,0.1947811239193743
2025-09-10,ILI incidence,2025-09-21,3,RO,ItaLuxColab,EpiNetEKF,WIS,0.72420212104208,1.2815045302062806,5,3,0.5886337129407434
2025-09-10,ILI incidence,2025-09-21,3,RO,NotreDame,Rt_cocirc,WIS,0.0,10.0,5,1,1.0
2025-09-10,ILI incidence,2025-09-21,3,RO,respicast,hubEnsemble,WIS,0.590013641924972,1.5771486204406047,5,2,0.6648563789847246
2025-09-10,ILI incidence,2025-09-21,3,RO,respicast,quantileBaseline,WIS,1.76048,0.0,5,5,0.0
2025-09-10,ILI incidence,2025-09-21,3,SI,ECDC,SARIMA,WIS,5.23480720775355,-0.8118101872489678,9,8,0.3103954410074408
2025-09-10,ILI incidence,2025-09-21,3,SI,ECDC,soca_simplex,WIS,0.535451621661858,2.477498080285025,9,2,0.9802295172026031
2025-09-10,ILI incidence,2025-09-21,3,SI,ISI,FluBcast,WIS,1.55602721697223,0.9384589228113708,9,5,0.8347592929243435
2025-09-10,ILI incidence,2025-09-21,3,SI,ItaLuxColab,EpiEKF,WIS,2.70446149719674,0.14098485968244887,9,6,0.6710644200694866
2025-09-10,ILI incidence,2025-09-21,3,SI,ItaLuxColab,EpiNetEKF,WIS,1.42471108429454,1.065656831714917,9,4,0.8534767572256213
2025-09-10,ILI incidence,2025-09-21,3,SI,NotreDame,Rt_cocirc,WIS,0.396747826086957,2.910031994809172,9,1,1.0
2025-09-10,ILI incidence,2025-09-21,3,SI,QMUL,ARIMA,WIS,7.41244880801564,-1.3136240181282948,9,9,0.0
2025-09-10,ILI incidence,2025-09-21,3,SI,respicast,hubEnsemble,WIS,1.40841188034781,1.0822569160980209,9,3,0.8558000038960131
2025-09-10,ILI incidence,2025-09-21,3,SI,respicast,quantileBaseline,WIS,2.982095,0.0,9,7,0.6314912536078031
2025-09-10,ILI incidence,2025-09-28,4,BE,ECDC,SARIMA,WIS,35.4181318372851,0.427534924552652,9,2,0.6571906711992245
2025-09-10,ILI incidence,2025-09-28,4,BE,ECDC,soca_simplex,WIS,68.469839991384,-0.5234455986285972,9,8,0.05653563621110287
2025-09-10,ILI incidence,2025-09-28,4,BE,ItaLuxColab,EpiEKF,WIS,49.3899734837492,-0.05219515182854558,9,4,0.4032777117274271
2025-09-10,ILI incidence,2025-09-28,4,BE,ItaLuxColab,EpiNetEKF,WIS,54.7313825615861,-0.20034525837685596,9,6,0.3062072595264231
2025-09-10,ILI incidence,2025-09-28,4,BE,NotreDame,Rt_cocirc,WIS,58.6890847826087,-0.30106916807651246,9,7,0.23428317757103748
2025-09-10,ILI incidence,2025-09-28,4,BE,QMUL,ARIMA,WIS,16.5546690707575,1.5247848709142526,9,1,1.0
2025-09-10,ILI incidence,2025-09-28,4,BE,respicast,hubEnsemble,WIS,53.0331951861898,-0.15487262939640692,9,5,0.3370687445858134
2025-09-10,ILI incidence,2025-09-28,4,BE,respicast,quantileBaseline,WIS,47.6350347826087,0.0,9,3,0.4351705495202851
2025-09-10,ILI incidence,2025-09-28,4,BE,safinea,PRFM,WIS,71.5807759521433,-0.5875491406456426,9,9,0.0
2025-09-10,ILI incidence,2025-09-28,4,CZ,ECDC,SARIMA,WIS,5.90459058425432,-0.19594758903937706,10,6,0.6954921553645923
2025-09-10,ILI incidence,2025-09-28,4,CZ,ECDC,soca_simplex,WIS,6.32557275023352,-0.2953066751588209,10,8,0.6387286506091063
2025-09-10,ILI incidence,2025-09-28,4,CZ,ISI,FluBcast,WIS,11.0626546475666,-1.101736278342595,10,10,0.0
2025-09-10,ILI incidence,2025-09-28,4,CZ,ItaLuxColab,EpiEKF,WIS,4.18044494449215,0.3022329363468444,10,3,0.9279688660921106
2025-09-10,ILI incidence,2025-09-28,4,CZ,ItaLuxColab,EpiNetEKF,WIS,3.64623158150296,0.4994832461270464,10,1,1.0
2025-09-10,ILI incidence,2025-09-28,4,CZ,NotreDame,Rt_cocirc,WIS,7.82282608695652,-0.6018004524005055,10,9,0.43684516535134227
2025-09-10,ILI incidence,2025-09-28,4,CZ,QMUL,ARIMA,WIS,6.00254176299359,-0.219684096445981,10,7,0.6822848210651943
2025-09-10,ILI incidence,2025-09-28,4,CZ,respicast,hubEnsemble,WIS,4.15890828321893,0.30968457021903767,10,2,0.9308727809687803
2025-09-10,ILI incidence,2025-09-28,4,CZ,respicast,quantileBaseline,WIS,5.15470347826087,0.0,10,5,0.7966038502225642
2025-09-10,ILI incidence,2025-09-28,4,CZ,safinea,PRFM,WIS,4.92567849946726,0.06556697390367824,10,4,0.8274846369243897
2025-09-10,ILI incidence,2025-09-28,4,DK,ECDC,SARIMA,WIS,12.986777414236,0.27569347800999866,9,6,0.5692914514812148
2025-09-10,ILI incidence,2025-09-28,4,DK,ECDC,soca_simplex,WIS,9.99866563966828,0.652929478005532,9,4,0.7005915329293165
2025-09-10,ILI incidence,2025-09-28,4,DK,ItaLuxColab,EpiEKF,WIS,25.9426451530093,-0.7225886288934161,9,9,0.0
2025-09-10,ILI incidence,2025-09-28,4,DK,ItaLuxColab,EpiNetEKF,WIS,9.5745244393406,0.7154642214907587,9,2,0.7192286450422248
2025-09-10,ILI incidence,2025-09-28,4,DK,NotreDame,Rt_cocirc,WIS,3.18476304347826,2.303479017179637,9,1,1.0
2025-09-10,ILI incidence,2025-09-28,4,DK,QMUL,ARIMA,WIS,9.97696774869533,0.6560636416545296,9,3,0.7015449560496456
2025-09-10,ILI incidence,2025-09-28,4,DK,respicast,hubEnsemble,WIS,10.6179347103929,0.5662337821776102,9,5,0.6733803421979405
2025-09-10,ILI incidence,2025-09-28,4,DK,respicast,quantileBaseline,WIS,15.7214791304348,0.0,9,7,0.44912641577899104
2025-09-10,ILI incidence,2025-09-28,4,DK,safinea,PRFM,WIS,22.0852790076291,-0.49034810068315965,9,8,0.1694958312383878
2025-09-10,ILI incidence,2025-09-28,4,EE,ECDC,SARIMA,WIS,31.6136903287539,0.5652781520718113,9,4,0.4337982296413108
2025-09-10,ILI incidence,2025-09-28,4,EE,ECDC,soca_simplex,WIS,6.89996822123814,2.7611659833105584,9,1,1.0
2025-09-10,ILI incidence,2025-09-28,4,EE,ItaLuxColab,EpiEKF,WIS,47.7258323394455,-0.028942752681285117,9,8,0.06466227792038987
2025-09-10,ILI incidence,2025-09-28,4,EE,ItaLuxColab,EpiNetEKF,WIS,42.4861216400476,0.13883595303880825,9,6,0.18470625435015786
2025-09-10,ILI incidence,2025-09-28,4,EE,NotreDame,Rt_cocirc,WIS,50.5482282608696,-0.11183292007907196,9,9,0.0
2025-09-10,ILI incidence,2025-09-28,4,EE,QMUL,ARIMA,WIS,24.0206124146641,0.9615546722248426,9,2,0.6077588390034134
2025-09-10,ILI incidence,2025-09-28,4,EE,respicast,hubEnsemble,WIS,31.0253641756821,0.5923794609895124,9,3,0.4472770293125375
2025-09-10,ILI incidence,2025-09-28,4,EE,respicast,quantileBaseline,WIS,46.7779165217391,0.0,9,7,0.08637942808504064
2025-09-10,ILI incidence,2025-09-28,4,EE,safinea,PRFM,WIS,35.3176857126992,0.4054367962251155,9,5,0.3489381371523509
2025-09-10,ILI incidence,2025-09-28,4,ES,ECDC,SARIMA,WIS,3.9636307524662,-0.149842117460293,8,5,0.40500530969802984
2025-09-10,ILI incidence,2025-09-28,4,ES,ECDC,soca_simplex,WIS,3.17921917672971,0.16830797150412125,8,3,0.6738237915640171
2025-09-10,ILI incidence,2025-09-28,4,ES,ItaLuxColab,EpiEKF,WIS,4.11192268679104,-0.20283268751871603,8,6,0.35418554378528694
2025-09-10,ILI incidence,2025-09-28,4,ES,ItaLuxColab,EpiNetEKF,WIS,2.2274379158171,0.6815952305795604,8,1,1.0
2025-09-10,ILI incidence,2025-09-28,4,ES,QMUL,ARIMA,WIS,4.48278356532275,-0.3274143944372761,8,7,0.22709122055736036
2025-09-10,ILI incidence,2025-09-28,4,ES,respicast,hubEnsemble,WIS,2.50549485341409,0.511884877119221,8,2,0.9047096624409856
2025-09-10,ILI incidence,2025-09-28,4,ES,respicast,quantileBaseline,WIS,3.572615,0.0,8,4,0.5390067245355912
2025-09-10,ILI incidence,2025-09-28,4,ES,safinea,PRFM,WIS,5.14543510965416,-0.5263126284183234,8,8,0.0
2025-09-10,ILI incidence,2025-09-28,4,FI,ECDC,SARIMA,WIS,3.84292803685962,-0.5426980294997606,9,8,0.24288742689372245
2025-09-10,ILI incidence,2025-09-28,4,FI,ECDC,soca_simplex,WIS,0.284747573910802,3.2117524759354934,9,1,1.0
2025-09-10,ILI incidence,2025-09-28,4,FI,ISI,FluBcast,WIS,3.35734404403057,-0.3478124538009227,9,7,0.3462103893174275
2025-09-10,ILI incidence,2025-09-28,4,FI,ItaLuxColab,EpiEKF,WIS,2.94190380803676,-0.15724214423195146,9,6,0.4346081053187356
2025-09-10,ILI incidence,2025-09-28,4,FI,ItaLuxColab,EpiNetEKF,WIS,1.49046475374821,0.8237456719395833,9,2,0.7434465041976497
2025-09-10,ILI incidence,2025-09-28,4,FI,QMUL,ARIMA,WIS,4.98441918067112,-0.9179174704469851,9,9,0.0
2025-09-10,ILI incidence,2025-09-28,4,FI,respicast,hubEnsemble,WIS,1.76378938576303,0.5808296322245907,9,3,0.6852882636044875
2025-09-10,ILI incidence,2025-09-28,4,FI,respicast,quantileBaseline,WIS,2.63811586956522,0.0,9,5,0.49924835338086654
2025-09-10,ILI incidence,2025-09-28,4,FI,safinea,PRFM,WIS,1.82902091512703,0.5284363584561598,9,4,0.6714082449942155
2025-09-10,ILI incidence,2025-09-28,4,FR,NotreDame,Rt_cocirc,WIS,104.83872173913,-1.5087191918331617,3,2,0.0
2025-09-10,ILI incidence,2025-09-28,4,FR,respicast,hubEnsemble,WIS,104.83872173913,-1.5087191918331617,3,2,0.0
2025-09-10,ILI incidence,2025-09-28,4,FR,respicast,quantileBaseline,WIS,36.8427454347826,0.0,3,1,1.0
2025-09-10,ILI incidence,2025-09-28,4,GR,ECDC,SARIMA,WIS,83.6545769921515,-0.1204500328368975,10,7,0.5562932224780274
2025-09-10,ILI incidence,2025-09-28,4,GR,ECDC,soca_simplex,WIS,133.877421149868,-0.7988463172400839,10,10,0.0
2025-09-10,ILI incidence,2025-09-28,4,GR,ISI,FluBcast,WIS,121.078218424057,-0.6538730033894166,10,9,0.1417703407463631
2025-09-10,ILI incidence,2025-09-28,4,GR,ItaLuxColab,EpiEKF,WIS,82.859321150703,-0.10666955691563583,10,6,0.5651018720508113
2025-09-10,ILI incidence,2025-09-28,4,GR,ItaLuxColab,EpiNetEKF,WIS,70.6389379376698,0.12353079163849902,10,2,0.7004609197412662
2025-09-10,ILI incidence,2025-09-28,4,GR,NotreDame,Rt_cocirc,WIS,84.832252173913,-0.14061842015845996,10,8,0.5432487059262135
2025-09-10,ILI incidence,2025-09-28,4,GR,QMUL,ARIMA,WIS,43.5961771433401,0.8197928100789814,10,1,1.0
2025-09-10,ILI incidence,2025-09-28,4,GR,respicast,hubEnsemble,WIS,70.9493306034825,0.11720537101339262,10,3,0.6970228560633858
2025-09-10,ILI incidence,2025-09-28,4,GR,respicast,quantileBaseline,WIS,76.9539,0.0,10,5,0.6305132563941196
2025-09-10,ILI incidence,2025-09-28,4,GR,safinea,PRFM,WIS,75.6949144336883,0.023798067813386933,10,4,0.644458407240963
2025-09-10,ILI incidence,2025-09-28,4,IE,ECDC,SARIMA,WIS,3.2343292506005,-1.0428360395077787,10,8,0.06380870955774445
2025-09-10,ILI incidence,2025-09-28,4,IE,ECDC,soca_simplex,WIS,1.24777633696882,0.3312711559955784,10,4,0.7998470861260233
2025-09-10,ILI incidence,2025-09-28,4,IE,ISI,FluBcast,WIS,3.40654768638101,-1.1176798911007086,10,10,0.0
2025-09-10,ILI incidence,2025-09-28,4,IE,ItaLuxColab,EpiEKF,WIS,1.6250635653776,-0.04986563986525988,10,7,0.660058270438111
2025-09-10,ILI incidence,2025-09-28,4,IE,ItaLuxColab,EpiNetEKF,WIS,0.918249984800671,0.7736716391088985,10,3,0.9219400037734614
2025-09-10,ILI incidence,2025-09-28,4,IE,NotreDame,Rt_cocirc,WIS,1.32478260869565,0.24487487244352,10,5,0.7713154669386069
2025-09-10,ILI incidence,2025-09-28,4,IE,QMUL,ARIMA,WIS,3.24688892560891,-1.0484275203186093,10,9,0.05915522021951417
2025-09-10,ILI incidence,2025-09-28,4,IE,respicast,hubEnsemble,WIS,0.851140174930818,0.8831618561498858,10,2,0.9468048816075542
2025-09-10,ILI incidence,2025-09-28,4,IE,respicast,quantileBaseline,WIS,1.56985413043478,0.0,10,6,0.6805139364250175
2025-09-10,ILI incidence,2025-09-28,4,IE,safinea,PRFM,WIS,0.707567610241737,1.1496905977461953,10,1,1.0
2025-09-10,ILI incidence,2025-09-28,4,IS,ECDC,SARIMA,WIS,1.43298100363604,-1.316949335507076,8,7,0.04529285396109377
2025-09-10,ILI incidence,2025-09-28,4,IS,ISI,FluBcast,WIS,1.00354985081363,-0.8030421345203671,8,6,0.3630142876091682
2025-09-10,ILI incidence,2025-09-28,4,IS,ItaLuxColab,EpiEKF,WIS,1.49419866297933,-1.377301827051834,8,8,0.0
2025-09-10,ILI incidence,2025-09-28,4,IS,ItaLuxColab,EpiNetEKF,WIS,0.470199551102465,0.29072508231196736,8,2,0.7576219464786214
2025-09-10,ILI incidence,2025-09-28,4,IS,QMUL,ARIMA,WIS,0.722068947250217,-0.3281383564496594,8,5,0.5712723882079097
2025-09-10,ILI incidence,2025-09-28,4,IS,respicast,hubEnsemble,WIS,0.496160590849207,0.21319109488164514,8,3,0.7384142604197094
2025-09-10,ILI incidence,2025-09-28,4,IS,respicast,quantileBaseline,WIS,0.575173913043476,0.0,8,4,0.6799550037033198
2025-09-10,ILI incidence,2025-09-28,4,IS,safinea,PRFM,WIS,0.142602241259569,2.0120015873716106,8,1,1.0
2025-09-10,ILI incidence,2025-09-28,4,LT,ECDC,SARIMA,WIS,6.81233261665194,-0.4443752509399042,10,9,0.23061712986638422
2025-09-10,ILI incidence,2025-09-28,4,LT,ECDC,soca_simplex,WIS,1.51756816044194,1.7220123108293617,10,2,0.9451688284800988
2025-09-10,ILI incidence,2025-09-28,4,LT,ISI,FluBcast,WIS,4.16010178966423,0.267154797574826,10,6,0.5885473188697833
2025-09-10,ILI incidence,2025-09-28,4,LT,ItaLuxColab,EpiEKF,WIS,5.09539402574937,-0.02542008767211407,10,8,0.46232552722596065
2025-09-10,ILI incidence,2025-09-28,4,LT,ItaLuxColab,EpiNetEKF,WIS,1.78288064648624,1.489563500203114,10,3,0.909363744205947
2025-09-10,ILI incidence,2025-09-28,4,LT,NotreDame,Rt_cocirc,WIS,2.8095652173913,0.8334267369035306,10,5,0.7708081559171661
2025-09-10,ILI incidence,2025-09-28,4,LT,QMUL,ARIMA,WIS,8.52118501260685,-0.7672804488241458,10,10,0.0
2025-09-10,ILI incidence,2025-09-28,4,LT,respicast,hubEnsemble,WIS,1.87811178980632,1.4144906880529986,10,4,0.8965118835078796
2025-09-10,ILI incidence,2025-09-28,4,LT,respicast,quantileBaseline,WIS,5.0064002173913,0.0,10,7,0.474335632199333
2025-09-10,ILI incidence,2025-09-28,4,LT,safinea,PRFM,WIS,1.11127406217142,2.1715589685873544,10,1,1.0
2025-09-10,ILI incidence,2025-09-28,4,LU,ECDC,SARIMA,WIS,800.414768112282,-0.22858671755855126,9,6,0.3267857648597931
2025-09-10,ILI incidence,2025-09-28,4,LU,ECDC,soca_simplex,WIS,946.699347510079,-0.47074525929727273,9,7,0.14643802401305955
2025-09-10,ILI incidence,2025-09-28,4,LU,ItaLuxColab,EpiEKF,WIS,469.50750407947,0.5410128520059868,9,3,0.7347465885075519
2025-09-10,ILI incidence,2025-09-28,4,LU,ItaLuxColab,EpiNetEKF,WIS,999.763271098783,-0.5494254583614804,9,8,0.08101787665998461
2025-09-10,ILI incidence,2025-09-28,4,LU,NotreDame,Rt_cocirc,WIS,387.851195652174,0.8166578193481534,9,2,0.8354170133149441
2025-09-10,ILI incidence,2025-09-28,4,LU,QMUL,ARIMA,WIS,1065.47890443727,-0.6412690556911259,9,9,0.0
2025-09-10,ILI incidence,2025-09-28,4,LU,respicast,hubEnsemble,WIS,563.975863151074,0.27652764851383016,9,4,0.6182807572477029
2025-09-10,ILI incidence,2025-09-28,4,LU,respicast,quantileBaseline,WIS,683.130434782607,0.0,9,5,0.4713803943128596
2025-09-10,ILI incidence,2025-09-28,4,LU,safinea,PRFM,WIS,254.35380405625,1.425324397510059,9,1,1.0
2025-09-10,ILI incidence,2025-09-28,4,MT,ECDC,SARIMA,WIS,1030.85362543999,0.37623955971925666,9,3,0.684138855773978
2025-09-10,ILI incidence,2025-09-28,4,MT,ECDC,soca_simplex,WIS,587.993729455577,1.1862063786690311,9,1,1.0
2025-09-10,ILI incidence,2025-09-28,4,MT,ItaLuxColab,EpiEKF,WIS,1677.90796870345,-0.32658453422064476,9,7,0.2226400226378048
2025-09-10,ILI incidence,2025-09-28,4,MT,ItaLuxColab,EpiNetEKF,WIS,1990.06519053885,-0.5727366377495601,9,9,0.0
2025-09-10,ILI incidence,2025-09-28,4,MT,NotreDame,Rt_cocirc,WIS,712.08077173913,0.9099662522555609,9,2,0.9114973482252607
2025-09-10,ILI incidence,2025-09-28,4,MT,QMUL,ARIMA,WIS,1231.45670218596,0.11971314977602929,9,5,0.5410626415338141
2025-09-10,ILI incidence,2025-09-28,4,MT,respicast,hubEnsemble,WIS,1035.58035723289,0.3696395478461537,9,4,0.6807676069296089
2025-09-10,ILI incidence,2025-09-28,4,MT,respicast,quantileBaseline,WIS,1338.00086956522,0.0,9,6,0.46507210158163403
2025-09-10,ILI incidence,2025-09-28,4,MT,safinea,PRFM,WIS,1791.05501852007,-0.4207306018438319,9,8,0.1419401061519504
2025-09-10,ILI incidence,2025-09-28,4,NL,ECDC,SARIMA,WIS,3.51885657180301,0.69322845581054,10,3,0.8757817094396825
2025-09-10,ILI incidence,2025-09-28,4,NL,ECDC,soca_simplex,WIS,8.79756870779687,-0.6287697092586473,10,9,0.46502151141689746
2025-09-10,ILI incidence,2025-09-28,4,NL,ISI,FluBcast,WIS,14.7735973192117,-1.3766140879470339,10,10,0.0
2025-09-10,ILI incidence,2025-09-28,4,NL,ItaLuxColab,EpiEKF,WIS,5.73668809965231,-0.011882914634500634,10,7,0.7032023199805081
2025-09-10,ILI incidence,2025-09-28,4,NL,ItaLuxColab,EpiNetEKF,WIS,6.88707409790357,-0.27555603203328016,10,8,0.6136856408605622
2025-09-10,ILI incidence,2025-09-28,4,NL,NotreDame,Rt_cocirc,WIS,1.92251739130435,1.565338517984776,10,1,1.0
2025-09-10,ILI incidence,2025-09-28,4,NL,QMUL,ARIMA,WIS,2.76270953720545,1.0422512774109842,10,2,0.9346208917371573
2025-09-10,ILI incidence,2025-09-28,4,NL,respicast,hubEnsemble,WIS,4.60783130690581,0.3042472664499034,10,5,0.7910437153402148
2025-09-10,ILI incidence,2025-09-28,4,NL,respicast,quantileBaseline,WIS,5.68963130434783,0.0,10,6,0.7068640196639947
2025-09-10,ILI incidence,2025-09-28,4,NL,safinea,PRFM,WIS,3.58992434731341,0.6643817254417531,10,4,0.8702516080078121
2025-09-10,ILI incidence,2025-09-28,4,NO,ECDC,SARIMA,WIS,5.42481610056861,-0.0633744604263196,9,7,0.46734527126503494
2025-09-10,ILI incidence,2025-09-28,4,NO,ECDC,soca_simplex,WIS,1.69983413046108,1.6108057958028728,9,2,0.9052047627759849
2025-09-10,ILI incidence,2025-09-28,4,NO,ItaLuxColab,EpiEKF,WIS,6.69552837014915,-0.3669981376253451,9,8,0.31797718500844596
2025-09-10,ILI incidence,2025-09-28,4,NO,ItaLuxColab,EpiNetEKF,WIS,4.07783846000895,0.3483951456968742,9,4,0.6256781033445004
2025-09-10,ILI incidence,2025-09-28,4,NO,NotreDame,Rt_cocirc,WIS,0.893386956521739,2.5388426745720762,9,1,1.0
2025-09-10,ILI incidence,2025-09-28,4,NO,QMUL,ARIMA,WIS,9.40064109243985,-0.8565593760604633,9,9,0.0
2025-09-10,ILI incidence,2025-09-28,4,NO,respicast,hubEnsemble,WIS,3.92143941574087,0.40481645940443384,9,3,0.6440623013206433
2025-09-10,ILI incidence,2025-09-28,4,NO,respicast,quantileBaseline,WIS,5.19167391304347,0.0,9,6,0.4947503756383486
2025-09-10,ILI incidence,2025-09-28,4,NO,safinea,PRFM,WIS,4.73844348594801,0.1317865397857806,9,5,0.5480261353434567
2025-09-10,ILI incidence,2025-09-28,4,PL,ECDC,SARIMA,WIS,107.065788320191,0.4249965230142185,9,2,0.9817252027524537
2025-09-10,ILI incidence,2025-09-28,4,PL,ECDC,soca_simplex,WIS,209.309977369126,-0.5421470038767646,9,9,0.0
2025-09-10,ILI incidence,2025-09-28,4,PL,ItaLuxColab,EpiEKF,WIS,112.65840076918,0.35153918240771104,9,3,0.9280262234611037
2025-09-10,ILI incidence,2025-09-28,4,PL,ItaLuxColab,EpiNetEKF,WIS,152.995737760121,-0.08999738246831553,9,7,0.540716385080239
2025-09-10,ILI incidence,2025-09-28,4,PL,NotreDame,Rt_cocirc,WIS,132.60007826087,0.11641245268041549,9,4,0.7365508197158254
2025-09-10,ILI incidence,2025-09-28,4,PL,QMUL,ARIMA,WIS,105.162514553387,0.45087353567943106,9,1,1.0
2025-09-10,ILI incidence,2025-09-28,4,PL,respicast,hubEnsemble,WIS,144.471499742378,-0.007290837087168135,9,6,0.6225641592581308
2025-09-10,ILI incidence,2025-09-28,4,PL,respicast,quantileBaseline,WIS,143.743236956522,0.0,9,5,0.6295567711390796
2025-09-10,ILI incidence,2025-09-28,4,PL,safinea,PRFM,WIS,199.622301397531,-0.4737788250217196,9,8,0.09301883799833635
2025-09-10,ILI incidence,2025-09-28,4,RO,ItaLuxColab,EpiEKF,WIS,1.3650118056294,0.49051006375794587,5,3,0.8689637935783984
2025-09-10,ILI incidence,2025-09-28,4,RO,ItaLuxColab,EpiNetEKF,WIS,1.0732234545673,0.8374730032757159,5,1,1.0
2025-09-10,ILI incidence,2025-09-28,4,RO,NotreDame,Rt_cocirc,WIS,3.3,-0.7830425320227151,5,5,0.0
2025-09-10,ILI incidence,2025-09-28,4,RO,respicast,hubEnsemble,WIS,1.11474233187967,0.7827132168129047,5,2,0.9813547176983121
2025-09-10,ILI incidence,2025-09-28,4,RO,respicast,quantileBaseline,WIS,1.91776173913043,0.0,5,4,0.6207350547609517
2025-09-10,ILI incidence,2025-09-28,4,SI,ECDC,SARIMA,WIS,6.57695448813591,-0.7859421684078997,9,8,0.35652082788145667
2025-09-10,ILI incidence,2025-09-28,4,SI,ECDC,soca_simplex,WIS,1.65816531679418,1.2018896698851111,9,3,0.8838237958072586
2025-09-10,ILI incidence,2025-09-28,4,SI,ISI,FluBcast,WIS,0.574450090614661,2.7312240594275954,9,1,1.0
2025-09-10,ILI incidence,2025-09-28,4,SI,ItaLuxColab,EpiEKF,WIS,3.66942363888208,0.05592404370743358,9,6,0.6682133181959308
2025-09-10,ILI incidence,2025-09-28,4,SI,ItaLuxColab,EpiNetEKF,WIS,2.20361859739799,0.7916029749294182,9,4,0.8253502317433615
2025-09-10,ILI incidence,2025-09-28,4,SI,NotreDame,Rt_cocirc,WIS,1.40260869565217,1.4433649412703848,9,2,0.9112199211761599
2025-09-10,ILI incidence,2025-09-28,4,SI,QMUL,ARIMA,WIS,9.90265317411004,-1.3763375932962605,9,9,0.0
2025-09-10,ILI incidence,2025-09-28,4,SI,respicast,hubEnsemble,WIS,2.25430866870458,0.7587924501467666,9,5,0.8199161657337699
2025-09-10,ILI incidence,2025-09-28,4,SI,respicast,quantileBaseline,WIS,3.81445652173913,0.0,9,7,0.652665534602576
2025-09-17,ILI incidence,2025-09-14,1,BE,ECDC,SARIMA,WIS,18.3699857715114,0.1192520240665396,9,6,0.8384417498960308
2025-09-17,ILI incidence,2025-09-14,1,BE,ECDC,soca_simplex,WIS,13.4502487811039,0.5689696753906125,9,1,1.0
2025-09-17,ILI incidence,2025-09-14,1,BE,ISI,FluBcast,WIS,43.9020331204456,-1.1376852200077774,9,9,0.0
2025-09-17,ILI incidence,2025-09-14,1,BE,ItaLuxColab,EpiEKF,WIS,17.363256687341,0.20056496513024474,9,5,0.871501523108393
2025-09-17,ILI incidence,2025-09-14,1,BE,ItaLuxColab,EpiNetEKF,WIS,14.7425550150645,0.43661595517395396,9,2,0.9575622164021756
2025-09-17,ILI incidence,2025-09-14,1,BE,NotreDame,Rt_cocirc,WIS,28.4071913043478,-0.5096536623518662,9,8,0.5088319831583559
2025-09-17,ILI incidence,2025-09-14,1,BE,respicast,hubEnsemble,WIS,15.8951210722746,0.32801852762795114,9,3,0.9197133322656538
2025-09-17,ILI incidence,2025-09-14,1,BE,respicast,quantileBaseline,WIS,19.9529565217391,0.0,9,7,0.7864588929117652
2025-09-17,ILI incidence,2025-09-14,1,BE,safinea,PRFM,WIS,17.1125087887975,0.2215512506397534,9,4,0.879735782741565
2025-09-17,ILI incidence,2025-09-14,1,CZ,ECDC,SARIMA,WIS,2.24325879271508,-0.4818117493365951,9,7,0.5320479670160293
2025-09-17,ILI incidence,2025-09-14,1,CZ,ECDC,soca_simplex,WIS,0.960774773544043,0.7415141399431168,9,2,0.9920743001967072
2025-09-17,ILI incidence,2025-09-14,1,CZ,ISI,FluBcast,WIS,3.72652826212283,-1.2140478844865605,9,9,0.0
2025-09-17,ILI incidence,2025-09-14,1,CZ,ItaLuxColab,EpiEKF,WIS,1.35743455538605,0.2429016721496642,9,4,0.8497926481578987
2025-09-17,ILI incidence,2025-09-14,1,CZ,ItaLuxColab,EpiNetEKF,WIS,0.938679118131904,0.7750803461081582,9,1,1.0
2025-09-17,ILI incidence,2025-09-14,1,CZ,NotreDame,Rt_cocirc,WIS,1.5440847826087,0.05703234638325414,9,5,0.7828413112733452
2025-09-17,ILI incidence,2025-09-14,1,CZ,respicast,hubEnsemble,WIS,1.11497362500437,0.5267747334478499,9,3,0.9367632544779332
2025-09-17,ILI incidence,2025-09-14,1,CZ,respicast,quantileBaseline,WIS,1.60634782608696,0.0,9,6,0.7605075908091427
2025-09-17,ILI incidence,2025-09-14,1,CZ,safinea,PRFM,WIS,3.09510124851716,-0.9462022877164147,9,8,0.2264925327708928
2025-09-17,ILI incidence,2025-09-14,1,DK,ECDC,SARIMA,WIS,6.20145121429485,0.258593512915258,9,5,0.46011147064340385
2025-09-17,ILI incidence,2025-09-14,1,DK,ECDC,soca_simplex,WIS,5.2737268556246,0.4923765249229156,9,4,0.5705770900655726
2025-09-17,ILI incidence,2025-09-14,1,DK,ISI,FluBcast,WIS,10.0656093229653,-0.44016322757819043,9,9,0.0
2025-09-17,ILI incidence,2025-09-14,1,DK,ItaLuxColab,EpiEKF,WIS,7.40195858153096,0.0032923130404628517,9,7,0.3171651432097933
2025-09-17,ILI incidence,2025-09-14,1,DK,ItaLuxColab,EpiNetEKF,WIS,6.56634165514848,0.17610955881258877,9,6,0.41666338372683354
2025-09-17,ILI incidence,2025-09-14,1,DK,NotreDame,Rt_cocirc,WIS,4.24251739130435,0.8062788021394522,9,3,0.6933648461113622
2025-09-17,ILI incidence,2025-09-14,1,DK,respicast,hubEnsemble,WIS,3.64388258245334,1.0257229043009546,9,2,0.7646452478270006
2025-09-17,ILI incidence,2025-09-14,1,DK,respicast,quantileBaseline,WIS,7.41886956521739,0.0,9,8,0.31515152540348995
2025-09-17,ILI incidence,2025-09-14,1,DK,safinea,PRFM,WIS,1.66730074946474,2.153685013294842,9,1,1.0
2025-09-17,ILI incidence,2025-09-14,1,EE,ECDC,SARIMA,WIS,23.0164651644032,0.16091193622984812,8,4,0.639917480206121
2025-09-17,ILI incidence,2025-09-14,1,EE,ECDC,soca_simplex,WIS,6.00040264890909,2.100447000501293,8,1,1.0
2025-09-17,ILI incidence,2025-09-14,1,EE,ItaLuxColab,EpiEKF,WIS,25.8366385475077,-0.005840162023485828,8,7,0.580238859660432
2025-09-17,ILI incidence,2025-09-14,1,EE,ItaLuxColab,EpiNetEKF,WIS,23.5185283341289,0.1297804329570768,8,5,0.6292931556253952
2025-09-17,ILI incidence,2025-09-14,1,EE,NotreDame,Rt_cocirc,WIS,53.2564108695652,-1.0493769840211264,8,8,0.0
2025-09-17,ILI incidence,2025-09-14,1,EE,respicast,hubEnsemble,WIS,18.5084008469403,0.4753979700646333,8,3,0.7353141183735482
2025-09-17,ILI incidence,2025-09-14,1,EE,respicast,quantileBaseline,WIS,25.7322608695652,0.0,8,6,0.5824476301823753
2025-09-17,ILI incidence,2025-09-14,1,EE,safinea,PRFM,WIS,10.1700140939928,1.339256541145512,8,2,0.911765474865879
2025-09-17,ILI incidence,2025-09-14,1,ES,ECDC,SARIMA,WIS,1.1686313217357,-0.6552442364269918,7,6,0.023151373568142838
2025-09-17,ILI incidence,2025-09-14,1,ES,ECDC,soca_simplex,WIS,0.155009054907656,2.259151227092345,7,1,1.0
2025-09-17,ILI incidence,2025-09-14,1,ES,ItaLuxColab,EpiEKF,WIS,1.19265423288217,-0.6846002205139895,7,7,0.0
2025-09-17,ILI incidence,2025-09-14,1,ES,ItaLuxColab,EpiNetEKF,WIS,0.581917054539904,0.35069019207598545,7,3,0.5885799802341167
2025-09-17,ILI incidence,2025-09-14,1,ES,respicast,hubEnsemble,WIS,0.590317422518595,0.3300127987372871,7,4,0.5804843728367128
2025-09-17,ILI incidence,2025-09-14,1,ES,respicast,quantileBaseline,WIS,0.74204347826087,0.0,7,5,0.4342628522602431
2025-09-17,ILI incidence,2025-09-14,1,ES,safinea,PRFM,WIS,0.369824154024803,1.0046642671946604,7,2,0.7929782707259656
2025-09-17,ILI incidence,2025-09-14,1,FI,ECDC,soca_simplex,WIS,1.43512715887299,0.12500412524657833,7,4,0.31043306399173654
2025-09-17,ILI incidence,2025-09-14,1,FI,ISI,FluBcast,WIS,0.378072954683942,2.0494461417874636,7,1,1.0
2025-09-17,ILI incidence,2025-09-14,1,FI,ItaLuxColab,EpiEKF,WIS,1.91099767742091,-0.288143327667543,7,7,0.0
2025-09-17,ILI incidence,2025-09-14,1,FI,ItaLuxColab,EpiNetEKF,WIS,1.58792020103997,-0.020955716219594783,7,6,0.21075886610015646
2025-09-17,ILI incidence,2025-09-14,1,FI,respicast,hubEnsemble,WIS,0.818624987799554,0.9349080876846556,7,3,0.7126068706563581
2025-09-17,ILI incidence,2025-09-14,1,FI,respicast,quantileBaseline,WIS,1.56502173913043,0.0,7,5,0.225696626297967
2025-09-17,ILI incidence,2025-09-14,1,FI,safinea,PRFM,WIS,0.614262230833678,1.3492561131392657,7,2,0.8459224561738227
2025-09-17,ILI incidence,2025-09-14,1,FR,NotreDame,Rt_cocirc,WIS,61.4063847826087,-0.9568625720729201,3,2,0.0
2025-09-17,ILI incidence,2025-09-14,1,FR,respicast,hubEnsemble,WIS,61.4063847826087,-0.9568625720729201,3,2,0.0
2025-09-17,ILI incidence,2025-09-14,1,FR,respicast,quantileBaseline,WIS,31.6350986956522,0.0,3,1,1.0
2025-09-17,ILI incidence,2025-09-14,1,GR,ECDC,SARIMA,WIS,43.7659116008206,-0.26038077002936344,9,8,0.02508394001283674
2025-09-17,ILI incidence,2025-09-14,1,GR,ECDC,soca_simplex,WIS,15.6984773235801,1.2188022192114778,9,2,0.8937965546002361
2025-09-17,ILI incidence,2025-09-14,1,GR,ISI,FluBcast,WIS,34.2872614889426,0.09175416932021715,9,5,0.318456780583651
2025-09-17,ILI incidence,2025-09-14,1,GR,ItaLuxColab,EpiEKF,WIS,34.1892249577174,0.09588513226527938,9,4,0.3214911003766355
2025-09-17,ILI incidence,2025-09-14,1,GR,ItaLuxColab,EpiNetEKF,WIS,35.4735855883255,0.04268168873371264,9,6,0.2817389708991855
2025-09-17,ILI incidence,2025-09-14,1,GR,NotreDame,Rt_cocirc,WIS,44.5763543478261,-0.2868517807474863,9,9,0.0
2025-09-17,ILI incidence,2025-09-14,1,GR,respicast,hubEnsemble,WIS,22.040264477566,0.7292853146825332,9,3,0.6975124751479435
2025-09-17,ILI incidence,2025-09-14,1,GR,respicast,quantileBaseline,WIS,36.5387391304348,0.0,9,7,0.24877150015131158
2025-09-17,ILI incidence,2025-09-14,1,GR,safinea,PRFM,WIS,12.2671259494664,1.5746295694055887,9,1,1.0
2025-09-17,ILI incidence,2025-09-14,1,HR,ECDC,soca_simplex,WIS,2.74081335970637,-1.0442098876063561,7,7,0.0
2025-09-17,ILI incidence,2025-09-14,1,HR,ItaLuxColab,EpiEKF,WIS,0.849951871023274,0.6449411458559935,7,5,0.7445586102997782
2025-09-17,ILI incidence,2025-09-14,1,HR,ItaLuxColab,EpiNetEKF,WIS,0.396181379422506,1.7461612210831252,7,2,0.923238396547167
2025-09-17,ILI incidence,2025-09-14,1,HR,NotreDame,Rt_cocirc,WIS,0.42044347826087,1.6604104292475983,7,3,0.9136847858241365
2025-09-17,ILI incidence,2025-09-14,1,HR,respicast,hubEnsemble,WIS,0.425205573575058,1.6441617882722004,7,4,0.9118096304568777
2025-09-17,ILI incidence,2025-09-14,1,HR,respicast,quantileBaseline,WIS,1.32904891304348,0.0,7,6,0.5559060675618454
2025-09-17,ILI incidence,2025-09-14,1,HR,safinea,PRFM,WIS,0.201239627664258,2.723407870596745,7,1,1.0
2025-09-17,ILI incidence,2025-09-14,1,IE,ECDC,soca_simplex,WIS,0.526292709829961,0.6475414837603445,8,4,0.7628165329797151
2025-09-17,ILI incidence,2025-09-14,1,IE,ISI,FluBcast,WIS,1.15340364696146,-0.48441868945979155,8,8,0.0
2025-09-17,ILI incidence,2025-09-14,1,IE,ItaLuxColab,EpiEKF,WIS,0.756074030459348,0.12487939278062551,8,6,0.48331097827232755
2025-09-17,ILI incidence,2025-09-14,1,IE,ItaLuxColab,EpiNetEKF,WIS,0.540655014860678,0.608698572482036,8,5,0.7453462528738662
2025-09-17,ILI incidence,2025-09-14,1,IE,NotreDame,Rt_cocirc,WIS,0.331304347826087,1.3152497580690536,8,1,1.0
2025-09-17,ILI incidence,2025-09-14,1,IE,respicast,hubEnsemble,WIS,0.404867302148918,1.0259577616862285,8,3,0.9105181644112829
2025-09-17,ILI incidence,2025-09-14,1,IE,respicast,quantileBaseline,WIS,0.824435652173911,0.0,8,7,0.400156033624569
2025-09-17,ILI incidence,2025-09-14,1,IE,safinea,PRFM,WIS,0.349084044633066,1.2398324765838065,8,2,0.9783728111364667
2025-09-17,ILI incidence,2025-09-14,1,IS,ISI,FluBcast,WIS,0.164673677611875,1.0668273009470164,6,1,1.0
2025-09-17,ILI incidence,2025-09-14,1,IS,ItaLuxColab,EpiEKF,WIS,0.638039081003003,-0.8872075285121571,6,6,0.0
2025-09-17,ILI incidence,2025-09-14,1,IS,ItaLuxColab,EpiNetEKF,WIS,0.373412655984978,-0.11433355954345094,6,4,0.559032035552822
2025-09-17,ILI incidence,2025-09-14,1,IS,respicast,hubEnsemble,WIS,0.346044008996788,-0.004518262051524301,6,3,0.6168492034153751
2025-09-17,ILI incidence,2025-09-14,1,IS,respicast,quantileBaseline,WIS,0.344961956521739,0.0,6,2,0.6191350748949918
2025-09-17,ILI incidence,2025-09-14,1,IS,safinea,PRFM,WIS,0.600944419410338,-0.8007942983021222,6,5,0.07836369393902391
2025-09-17,ILI incidence,2025-09-14,1,LT,ECDC,SARIMA,WIS,2.13438705012861,-0.6841416343628811,9,9,0.0
2025-09-17,ILI incidence,2025-09-14,1,LT,ECDC,soca_simplex,WIS,0.353673807647162,1.9091888990115073,9,2,0.9801159399441505
2025-09-17,ILI incidence,2025-09-14,1,LT,ISI,FluBcast,WIS,1.34473696977146,-0.017643825473280285,9,7,0.43462844677771595
2025-09-17,ILI incidence,2025-09-14,1,LT,ItaLuxColab,EpiEKF,WIS,1.57786591352493,-0.24829442675764207,9,8,0.3063127874205077
2025-09-17,ILI incidence,2025-09-14,1,LT,ItaLuxColab,EpiNetEKF,WIS,0.806033733953359,0.7207680596023754,9,5,0.7311341478242528
2025-09-17,ILI incidence,2025-09-14,1,LT,NotreDame,Rt_cocirc,WIS,0.80375,0.7248614465462851,9,4,0.7323911295756547
2025-09-17,ILI incidence,2025-09-14,1,LT,respicast,hubEnsemble,WIS,0.579909124038701,1.1957814417997965,9,3,0.8555945771082892
2025-09-17,ILI incidence,2025-09-14,1,LT,respicast,quantileBaseline,WIS,1.32839130434783,0.0,9,6,0.4436252054070665
2025-09-17,ILI incidence,2025-09-14,1,LT,safinea,PRFM,WIS,0.317547664185231,2.0646351210467353,9,1,1.0
2025-09-17,ILI incidence,2025-09-14,1,LU,ECDC,SARIMA,WIS,750.013822388798,0.3147581920535308,8,1,1.0
2025-09-17,ILI incidence,2025-09-14,1,LU,ECDC,soca_simplex,WIS,1214.26334228031,-0.38033405754264765,8,7,0.29719615300647734
2025-09-17,ILI incidence,2025-09-14,1,LU,ItaLuxColab,EpiEKF,WIS,1410.58152115353,-0.5965427642243655,8,8,0.0
2025-09-17,ILI incidence,2025-09-14,1,LU,ItaLuxColab,EpiNetEKF,WIS,781.286730752493,0.25582326417377627,8,2,0.952657527120724
2025-09-17,ILI incidence,2025-09-14,1,LU,NotreDame,Rt_cocirc,WIS,933.442091304348,-0.0008851475255551626,8,4,0.722317229167332
2025-09-17,ILI incidence,2025-09-14,1,LU,respicast,hubEnsemble,WIS,974.202367976923,-0.06254611384388407,8,5,0.6606123096733919
2025-09-17,ILI incidence,2025-09-14,1,LU,respicast,quantileBaseline,WIS,932.869565217391,0.0,8,3,0.7231839474280455
2025-09-17,ILI incidence,2025-09-14,1,LU,safinea,PRFM,WIS,984.461594958056,-0.07765954986690544,8,6,0.645081385287719
2025-09-17,ILI incidence,2025-09-14,1,MT,ECDC,SARIMA,WIS,4283.19960845997,0.4074007829964616,8,6,0.6639610784612544
2025-09-17,ILI incidence,2025-09-14,1,MT,ECDC,soca_simplex,WIS,3825.95440697054,0.5702700136893242,8,3,0.8786446698037313
2025-09-17,ILI incidence,2025-09-14,1,MT,ItaLuxColab,EpiEKF,WIS,3944.70725463181,0.5261714565553425,8,4,0.8228883978187603
2025-09-17,ILI incidence,2025-09-14,1,MT,ItaLuxColab,EpiNetEKF,WIS,3785.76301473039,0.585505592716169,8,2,0.8975151410499321
2025-09-17,ILI incidence,2025-09-14,1,MT,NotreDame,Rt_cocirc,WIS,3567.48499130435,0.6711823350267537,8,1,1.0
2025-09-17,ILI incidence,2025-09-14,1,MT,respicast,hubEnsemble,WIS,4122.94865117741,0.46241320175981765,8,5,0.7392013454196055
2025-09-17,ILI incidence,2025-09-14,1,MT,respicast,quantileBaseline,WIS,5680.78260869565,0.0,8,7,0.007774558160011303
2025-09-17,ILI incidence,2025-09-14,1,MT,safinea,PRFM,WIS,5697.34130044352,-0.0041991385441384746,8,8,0.0
2025-09-17,ILI incidence,2025-09-14,1,NL,ECDC,SARIMA,WIS,1.83049514793798,0.37466317121555803,8,1,1.0
2025-09-17,ILI incidence,2025-09-14,1,NL,ECDC,soca_simplex,WIS,7.04487803120188,-1.5696776084668436,8,8,0.0
2025-09-17,ILI incidence,2025-09-14,1,NL,ItaLuxColab,EpiEKF,WIS,2.11684359983223,0.16498243905322932,8,4,0.9450848818920998
2025-09-17,ILI incidence,2025-09-14,1,NL,ItaLuxColab,EpiNetEKF,WIS,1.92870535957546,0.29926435513360333,8,2,0.9811655158748132
2025-09-17,ILI incidence,2025-09-14,1,NL,NotreDame,Rt_cocirc,WIS,2.1028347826087,0.17456161715937654,8,3,0.9477714543086542
2025-09-17,ILI incidence,2025-09-14,1,NL,respicast,hubEnsemble,WIS,2.2251174345548,0.09301564183509309,8,5,0.9243204238255305
2025-09-17,ILI incidence,2025-09-14,1,NL,respicast,quantileBaseline,WIS,2.37330434782609,0.0,8,6,0.8959015453908626
2025-09-17,ILI incidence,2025-09-14,1,NL,safinea,PRFM,WIS,3.21266884499073,-0.4368751578286116,8,7,0.734930531954418
2025-09-17,ILI incidence,2025-09-14,1,NO,ECDC,SARIMA,WIS,2.43491919755163,0.15823301091336042,9,6,0.7661558282486576
2025-09-17,ILI incidence,2025-09-14,1,NO,ECDC,soca_simplex,WIS,1.71298106478197,0.6655977043629833,9,2,0.8829011308811152
2025-09-17,ILI incidence,2025-09-14,1,NO,ISI,FluBcast,WIS,7.17272958978449,-1.4004153341478525,9,9,0.0
2025-09-17,ILI incidence,2025-09-14,1,NO,ItaLuxColab,EpiEKF,WIS,2.47078728891369,0.13713609457723092,9,7,0.7603555650531847
2025-09-17,ILI incidence,2025-09-14,1,NO,ItaLuxColab,EpiNetEKF,WIS,1.80207770677431,0.5924456859344599,9,4,0.868493228097221
2025-09-17,ILI incidence,2025-09-14,1,NO,NotreDame,Rt_cocirc,WIS,0.98885652173913,1.458273795120788,9,1,1.0
2025-09-17,ILI incidence,2025-09-14,1,NO,respicast,hubEnsemble,WIS,1.76268749986204,0.6243301809537334,9,3,0.8748630559508707
2025-09-17,ILI incidence,2025-09-14,1,NO,respicast,quantileBaseline,WIS,2.71717391304348,0.0,9,8,0.7205121495401833
2025-09-17,ILI incidence,2025-09-14,1,NO,safinea,PRFM,WIS,2.07105752866204,0.39173927990487145,9,5,0.8249962450692767
2025-09-17,ILI incidence,2025-09-14,1,PL,ECDC,SARIMA,WIS,26.1158035513134,0.45592629529046347,8,5,0.5611241429365691
2025-09-17,ILI incidence,2025-09-14,1,PL,ECDC,soca_simplex,WIS,32.7278954149357,0.13032855756589212,8,7,0.17887645604108193
2025-09-17,ILI incidence,2025-09-14,1,PL,ItaLuxColab,EpiEKF,WIS,25.6151638521506,0.48385126935568984,8,4,0.5900663250659316
2025-09-17,ILI incidence,2025-09-14,1,PL,ItaLuxColab,EpiNetEKF,WIS,28.8399661277788,0.3127799194939597,8,6,0.4036392100199396
2025-09-17,ILI incidence,2025-09-14,1,PL,NotreDame,Rt_cocirc,WIS,25.436002173913,0.4939774523987148,8,3,0.6004237336590299
2025-09-17,ILI incidence,2025-09-14,1,PL,respicast,hubEnsemble,WIS,24.3546259878586,0.5566535616540056,8,2,0.6629385253934433
2025-09-17,ILI incidence,2025-09-14,1,PL,respicast,quantileBaseline,WIS,35.8220869565217,0.0,8,8,0.0
2025-09-17,ILI incidence,2025-09-14,1,PL,safinea,PRFM,WIS,18.5241618406788,0.9514411229918738,8,1,1.0
2025-09-17,ILI incidence,2025-09-14,1,RO,NotreDame,Rt_cocirc,WIS,0.436521739130435,1.9212648580615639,3,1,1.0
2025-09-17,ILI incidence,2025-09-14,1,RO,respicast,hubEnsemble,WIS,0.436521739130435,1.9212648580615639,3,1,1.0
2025-09-17,ILI incidence,2025-09-14,1,RO,respicast,quantileBaseline,WIS,1.65334782608696,0.0,3,3,0.0
2025-09-17,ILI incidence,2025-09-14,1,SI,ECDC,SARIMA,WIS,2.33761101470872,-1.1335925956004802,7,7,0.0
2025-09-17,ILI incidence,2025-09-14,1,SI,ItaLuxColab,EpiEKF,WIS,0.874441478226066,0.28500854508709583,7,4,0.702347956728498
2025-09-17,ILI incidence,2025-09-14,1,SI,ItaLuxColab,EpiNetEKF,WIS,0.537597136661466,0.986844926380158,7,2,0.8640393596278351
2025-09-17,ILI incidence,2025-09-14,1,SI,NotreDame,Rt_cocirc,WIS,0.254356521739131,2.066518294874719,7,1,1.0
2025-09-17,ILI incidence,2025-09-14,1,SI,respicast,hubEnsemble,WIS,0.549184516521052,0.9560794291485897,7,3,0.8584772068046009
2025-09-17,ILI incidence,2025-09-14,1,SI,respicast,quantileBaseline,WIS,1.0654347826087,0.0,7,5,0.610667701134578
2025-09-17,ILI incidence,2025-09-14,1,SI,safinea,PRFM,WIS,1.199,-0.17038937317411185,7,6,0.5465539705068291
2025-09-17,ILI incidence,2025-09-21,2,BE,ECDC,SARIMA,WIS,31.6720601801794,0.5948880503050126,9,1,1.0
2025-09-17,ILI incidence,2025-09-21,2,BE,ECDC,soca_simplex,WIS,52.8344116429854,-0.1433791150685081,9,7,0.6717290181700608
2025-09-17,ILI incidence,2025-09-21,2,BE,ISI,FluBcast,WIS,96.1381648137262,-1.0070105000027378,9,9,0.0
2025-09-17,ILI incidence,2025-09-21,2,BE,ItaLuxColab,EpiEKF,WIS,41.3586589807632,0.2099093558023885,9,3,0.8497412112047623
2025-09-17,ILI incidence,2025-09-21,2,BE,ItaLuxColab,EpiNetEKF,WIS,40.1841919880381,0.2514706911537629,9,2,0.8679595757143178
2025-09-17,ILI incidence,2025-09-21,2,BE,NotreDame,Rt_cocirc,WIS,73.4544086956522,-0.6187503191334671,9,8,0.3518710529667997
2025-09-17,ILI incidence,2025-09-21,2,BE,respicast,hubEnsemble,WIS,50.8231479747122,-0.08738697431778757,9,5,0.702927795879775
2025-09-17,ILI incidence,2025-09-21,2,BE,respicast,quantileBaseline,WIS,47.8360665217391,0.0,9,4,0.7492634860839988
2025-09-17,ILI incidence,2025-09-21,2,BE,safinea,PRFM,WIS,52.1888063466965,-0.1256416412081082,9,6,0.6817436654014827
2025-09-17,ILI incidence,2025-09-21,2,CZ,ECDC,SARIMA,WIS,3.61100999972839,-0.19045458061499215,9,7,0.5441458566395041
2025-09-17,ILI incidence,2025-09-21,2,CZ,ECDC,soca_simplex,WIS,0.919818894880347,1.7825260959213198,9,1,1.0
2025-09-17,ILI incidence,2025-09-21,2,CZ,ISI,FluBcast,WIS,6.82344211306356,-1.1085518614072294,9,9,0.0
2025-09-17,ILI incidence,2025-09-21,2,CZ,ItaLuxColab,EpiEKF,WIS,2.32269235712255,0.4461497544066325,9,4,0.762370766155716
2025-09-17,ILI incidence,2025-09-21,2,CZ,ItaLuxColab,EpiNetEKF,WIS,1.76328260468918,0.8436841181418622,9,2,0.8571277876929956
2025-09-17,ILI incidence,2025-09-21,2,CZ,NotreDame,Rt_cocirc,WIS,3.13876739130435,0.011749717622232354,9,5,0.6241378532441533
2025-09-17,ILI incidence,2025-09-21,2,CZ,respicast,hubEnsemble,WIS,1.93360217770779,0.7106568317923062,9,3,0.8282777803798552
2025-09-17,ILI incidence,2025-09-21,2,CZ,respicast,quantileBaseline,WIS,3.1644347826087,0.0,9,6,0.6197901179033724
2025-09-17,ILI incidence,2025-09-21,2,CZ,safinea,PRFM,WIS,5.2467400451393,-0.7294734771804212,9,8,0.26707362744085755
2025-09-17,ILI incidence,2025-09-21,2,DK,ECDC,SARIMA,WIS,7.66203738925873,0.22551466475902962,9,5,0.5278863169865132
2025-09-17,ILI incidence,2025-09-21,2,DK,ECDC,soca_simplex,WIS,12.8183554981922,-0.5168965508213813,9,8,0.1293884687199947
2025-09-17,ILI incidence,2025-09-21,2,DK,ISI,FluBcast,WIS,1.55317546243198,2.5280219102339685,9,1,1.0
2025-09-17,ILI incidence,2025-09-21,2,DK,ItaLuxColab,EpiEKF,WIS,8.73348385378849,0.03668545980635547,9,6,0.4450812802087897
2025-09-17,ILI incidence,2025-09-21,2,DK,ItaLuxColab,EpiNetEKF,WIS,6.09502758576152,0.5556099801913073,9,4,0.648990178640103
2025-09-17,ILI incidence,2025-09-21,2,DK,NotreDame,Rt_cocirc,WIS,14.4925630434783,-0.6939981257089702,9,9,0.0
2025-09-17,ILI incidence,2025-09-21,2,DK,respicast,hubEnsemble,WIS,5.90668012109238,0.6008952463304394,9,3,0.6635463130390007
2025-09-17,ILI incidence,2025-09-21,2,DK,respicast,quantileBaseline,WIS,8.9584102173913,0.0,9,7,0.42769820375374296
2025-09-17,ILI incidence,2025-09-21,2,DK,safinea,PRFM,WIS,4.44981093902465,1.0094986896158529,9,2,0.7761381318513346
2025-09-17,ILI incidence,2025-09-21,2,EE,ECDC,SARIMA,WIS,14.1848786954118,0.136114878885264,8,3,0.8512197784637989
2025-09-17,ILI incidence,2025-09-21,2,EE,ECDC,soca_simplex,WIS,12.8150875627702,0.28262535578758924,8,2,0.9164023464174876
2025-09-17,ILI incidence,2025-09-21,2,EE,ItaLuxColab,EpiEKF,WIS,32.0729942004235,-1.0408903519546173,8,8,0.0
2025-09-17,ILI incidence,2025-09-21,2,EE,ItaLuxColab,EpiNetEKF,WIS,24.0311399123915,-0.6244363919667841,8,7,0.3826778412504596
2025-09-17,ILI incidence,2025-09-21,2,EE,NotreDame,Rt_cocirc,WIS,22.0984043478261,-0.5034735090944215,8,6,0.4746485543553439
2025-09-17,ILI incidence,2025-09-21,2,EE,respicast,hubEnsemble,WIS,15.0001336243626,0.05549333946847933,8,4,0.8124252436331962
2025-09-17,ILI incidence,2025-09-21,2,EE,respicast,quantileBaseline,WIS,15.588355,0.0,8,5,0.7844342756121403
2025-09-17,ILI incidence,2025-09-21,2,EE,safinea,PRFM,WIS,11.0583092065028,0.4953378748491119,8,1,1.0
2025-09-17,ILI incidence,2025-09-21,2,ES,ECDC,SARIMA,WIS,2.23954082026249,-0.20640219815692074,7,7,0.0
2025-09-17,ILI incidence,2025-09-21,2,ES,ECDC,soca_simplex,WIS,1.04247616452955,0.896786366517964,7,1,1.0
2025-09-17,ILI incidence,2025-09-21,2,ES,ItaLuxColab,EpiEKF,WIS,1.98331704923667,-0.031114558071279514,7,6,0.21404338504083456
2025-09-17,ILI incidence,2025-09-21,2,ES,ItaLuxColab,EpiNetEKF,WIS,1.10354051215897,0.814661170900578,7,2,0.948988262800198
2025-09-17,ILI incidence,2025-09-21,2,ES,respicast,hubEnsemble,WIS,1.18836974067874,0.7078169888000592,7,3,0.8781238962737046
2025-09-17,ILI incidence,2025-09-21,2,ES,respicast,quantileBaseline,WIS,1.94100086956522,0.0,7,5,0.2493933383359977
2025-09-17,ILI incidence,2025-09-21,2,ES,safinea,PRFM,WIS,1.25181026690303,0.6327848504616679,7,4,0.8251271546854678
2025-09-17,ILI incidence,2025-09-21,2,FI,ECDC,soca_simplex,WIS,1.43059786117474,0.5831020533462619,7,4,0.5715292550151567
2025-09-17,ILI incidence,2025-09-21,2,FI,ISI,FluBcast,WIS,0.596801263008079,1.8443977491961574,7,1,1.0
2025-09-17,ILI incidence,2025-09-21,2,FI,ItaLuxColab,EpiEKF,WIS,2.54278382523915,-0.24668857345102402,7,7,0.0
2025-09-17,ILI incidence,2025-09-21,2,FI,ItaLuxColab,EpiNetEKF,WIS,2.09436059447088,0.03321038482352624,7,5,0.23043537977758247
2025-09-17,ILI incidence,2025-09-21,2,FI,respicast,hubEnsemble,WIS,1.31475540614588,0.7049258140228359,7,3,0.6310582853760694
2025-09-17,ILI incidence,2025-09-21,2,FI,respicast,quantileBaseline,WIS,2.14313130434783,0.0,7,6,0.20537312545756728
2025-09-17,ILI incidence,2025-09-21,2,FI,safinea,PRFM,WIS,1.21728256020499,0.8160561523523256,7,2,0.6811475553586007
2025-09-17,ILI incidence,2025-09-21,2,FR,NotreDame,Rt_cocirc,WIS,83.7717391304348,-1.2974948528380525,3,2,0.0
2025-09-17,ILI incidence,2025-09-21,2,FR,respicast,hubEnsemble,WIS,83.7717391304348,-1.2974948528380525,3,2,0.0
2025-09-17,ILI incidence,2025-09-21,2,FR,respicast,quantileBaseline,WIS,34.0810260869565,0.0,3,1,1.0
2025-09-17,ILI incidence,2025-09-21,2,GR,ECDC,SARIMA,WIS,52.2893414403609,-0.3577334121311542,9,9,0.0
2025-09-17,ILI incidence,2025-09-21,2,GR,ECDC,soca_simplex,WIS,15.6178067101166,1.3855916255716392,9,2,0.7685871762563461
2025-09-17,ILI incidence,2025-09-21,2,GR,ISI,FluBcast,WIS,4.57642628496507,3.1564901404543675,9,1,1.0
2025-09-17,ILI incidence,2025-09-21,2,GR,ItaLuxColab,EpiEKF,WIS,41.2008493843969,-0.01389059178168906,9,8,0.23240022161400054
2025-09-17,ILI incidence,2025-09-21,2,GR,ItaLuxColab,EpiNetEKF,WIS,35.4901142579189,0.20136626904192959,9,6,0.3520897251347717
2025-09-17,ILI incidence,2025-09-21,2,GR,NotreDame,Rt_cocirc,WIS,23.3395239130435,0.806008355305389,9,5,0.606750131133907
2025-09-17,ILI incidence,2025-09-21,2,GR,respicast,hubEnsemble,WIS,17.9133309956524,1.1877498557442225,9,3,0.7204760038817484
2025-09-17,ILI incidence,2025-09-21,2,GR,respicast,quantileBaseline,WIS,40.8060619565218,0.0,9,7,0.2406744472946013
2025-09-17,ILI incidence,2025-09-21,2,GR,safinea,PRFM,WIS,17.981725643052,1.182252010231241,9,4,0.719042541952691
2025-09-17,ILI incidence,2025-09-21,2,HR,ECDC,soca_simplex,WIS,4.43736563387532,-1.316654259449972,7,7,0.0
2025-09-17,ILI incidence,2025-09-21,2,HR,ItaLuxColab,EpiEKF,WIS,1.32511736590624,0.4269290299156249,7,5,0.7573965421710566
2025-09-17,ILI incidence,2025-09-21,2,HR,ItaLuxColab,EpiNetEKF,WIS,0.526802353414091,1.7577154792796166,7,2,0.9516744332531072
2025-09-17,ILI incidence,2025-09-21,2,HR,NotreDame,Rt_cocirc,WIS,0.767399999999999,1.2149985049812788,7,4,0.893122605156959
2025-09-17,ILI incidence,2025-09-21,2,HR,respicast,hubEnsemble,WIS,0.572140369192015,1.6386081280000675,7,3,0.9406409765933322
2025-09-17,ILI incidence,2025-09-21,2,HR,respicast,quantileBaseline,WIS,1.78144652173913,0.0,7,6,0.646344307592995
2025-09-17,ILI incidence,2025-09-21,2,HR,safinea,PRFM,WIS,0.328225844237642,2.440288429956604,7,1,1.0
2025-09-17,ILI incidence,2025-09-21,2,IE,ECDC,soca_simplex,WIS,1.72282435089667,-0.4255906077947834,8,7,0.4405038728298428
2025-09-17,ILI incidence,2025-09-21,2,IE,ISI,FluBcast,WIS,2.699134911312,-1.0733120765647786,8,8,0.0
2025-09-17,ILI incidence,2025-09-21,2,IE,ItaLuxColab,EpiEKF,WIS,1.08846651384962,0.23688798812221257,8,5,0.7267212869488843
2025-09-17,ILI incidence,2025-09-21,2,IE,ItaLuxColab,EpiNetEKF,WIS,0.707298863747351,0.858793163734942,8,3,0.8987012212805087
2025-09-17,ILI incidence,2025-09-21,2,IE,NotreDame,Rt_cocirc,WIS,0.768269565217391,0.7395005045667263,8,4,0.8711917061572888
2025-09-17,ILI incidence,2025-09-21,2,IE,respicast,hubEnsemble,WIS,0.68420492249296,0.9066846238254309,8,2,0.9091210313019596
2025-09-17,ILI incidence,2025-09-21,2,IE,respicast,quantileBaseline,WIS,1.28270108695652,0.0,8,6,0.6390841301259135
2025-09-17,ILI incidence,2025-09-21,2,IE,safinea,PRFM,WIS,0.482785361094861,1.4097311757037165,8,1,1.0
2025-09-17,ILI incidence,2025-09-21,2,IS,ECDC,soca_simplex,WIS,0.225891210471718,0.9203879856621348,7,2,0.9224826837989181
2025-09-17,ILI incidence,2025-09-21,2,IS,ISI,FluBcast,WIS,0.163780330210847,1.384254019853341,7,1,1.0
2025-09-17,ILI incidence,2025-09-21,2,IS,ItaLuxColab,EpiEKF,WIS,0.965032015702044,-1.1745606841518537,7,7,0.0
2025-09-17,ILI incidence,2025-09-21,2,IS,ItaLuxColab,EpiNetEKF,WIS,0.448973595724248,-0.07061448054619407,7,6,0.6440653159580352
2025-09-17,ILI incidence,2025-09-21,2,IS,respicast,hubEnsemble,WIS,0.258775569381931,0.724314700516098,7,3,0.8814414485595142
2025-09-17,ILI incidence,2025-09-21,2,IS,respicast,quantileBaseline,WIS,0.427527173913043,0.0,7,5,0.6708314647219625
2025-09-17,ILI incidence,2025-09-21,2,IS,safinea,PRFM,WIS,0.31422960339235,0.4441970190596912,7,4,0.8122321913254111
2025-09-17,ILI incidence,2025-09-21,2,LT,ECDC,SARIMA,WIS,4.49480921421841,-0.6465481601761998,9,9,0.0
2025-09-17,ILI incidence,2025-09-21,2,LT,ECDC,soca_simplex,WIS,0.860076301677509,1.7391751612055368,9,2,0.8941120759844446
2025-09-17,ILI incidence,2025-09-21,2,LT,ISI,FluBcast,WIS,3.37135014281538,-0.2316147504944352,9,8,0.2763609725352595
2025-09-17,ILI incidence,2025-09-21,2,LT,ItaLuxColab,EpiEKF,WIS,2.74104538261264,0.06698550591287594,9,6,0.43141035613736417
2025-09-17,ILI incidence,2025-09-21,2,LT,ItaLuxColab,EpiNetEKF,WIS,1.27767128437598,1.1681950089567759,9,4,0.7913874120585318
2025-09-17,ILI incidence,2025-09-21,2,LT,NotreDame,Rt_cocirc,WIS,2.20586956521739,0.3803642347433715,9,5,0.5630588630900891
2025-09-17,ILI incidence,2025-09-21,2,LT,respicast,hubEnsemble,WIS,1.14181096868406,1.3303878939083762,9,3,0.8248078453696239
2025-09-17,ILI incidence,2025-09-21,2,LT,respicast,quantileBaseline,WIS,2.8713152173913,0.0,9,7,0.39936513157348424
2025-09-17,ILI incidence,2025-09-21,2,LT,safinea,PRFM,WIS,0.42962207474381,2.7405716919459806,9,1,1.0
2025-09-17,ILI incidence,2025-09-21,2,LU,ECDC,SARIMA,WIS,437.973059108206,0.09553504624887084,8,5,0.211619247912658
2025-09-17,ILI incidence,2025-09-21,2,LU,ECDC,soca_simplex,WIS,107.509519434603,2.1219127658227874,8,1,1.0
2025-09-17,ILI incidence,2025-09-21,2,LU,ItaLuxColab,EpiEKF,WIS,488.84873710229,-0.06301095094451602,8,7,0.09024608426638936
2025-09-17,ILI incidence,2025-09-21,2,LU,ItaLuxColab,EpiNetEKF,WIS,526.676956994002,-0.17054116574685937,8,8,0.0
2025-09-17,ILI incidence,2025-09-21,2,LU,NotreDame,Rt_cocirc,WIS,151.409706521739,1.6279194786930349,8,2,0.8952681359440879
2025-09-17,ILI incidence,2025-09-21,2,LU,respicast,hubEnsemble,WIS,182.933455102036,1.3550582336698653,8,3,0.8200625122347562
2025-09-17,ILI incidence,2025-09-21,2,LU,respicast,quantileBaseline,WIS,467.957391304348,0.0,8,6,0.14008618138743908
2025-09-17,ILI incidence,2025-09-21,2,LU,safinea,PRFM,WIS,285.588878744972,0.712437375008583,8,4,0.5751593674660526
2025-09-17,ILI incidence,2025-09-21,2,MT,ECDC,SARIMA,WIS,3505.98637339876,0.4625144479129379,8,3,0.8182523087378596
2025-09-17,ILI incidence,2025-09-21,2,MT,ECDC,soca_simplex,WIS,6861.02725166757,-0.5060897600506693,8,8,0.0
2025-09-17,ILI incidence,2025-09-21,2,MT,ItaLuxColab,EpiEKF,WIS,3349.79630379384,0.5282614666806408,8,2,0.8563451039356632
2025-09-17,ILI incidence,2025-09-21,2,MT,ItaLuxColab,EpiNetEKF,WIS,2760.77499152558,0.8072615264509213,8,1,1.0
2025-09-17,ILI incidence,2025-09-21,2,MT,NotreDame,Rt_cocirc,WIS,3636.75929782609,0.40968139385732744,8,4,0.7863584358416584
2025-09-17,ILI incidence,2025-09-21,2,MT,respicast,hubEnsemble,WIS,4120.15733578817,0.22963540632136845,8,5,0.6684637290546814
2025-09-17,ILI incidence,2025-09-21,2,MT,respicast,quantileBaseline,WIS,4831.04347826087,0.0,8,6,0.49508753233060904
2025-09-17,ILI incidence,2025-09-21,2,MT,safinea,PRFM,WIS,4893.54767814709,-0.018545919217059264,8,7,0.47984354344392155
2025-09-17,ILI incidence,2025-09-21,2,NL,ECDC,SARIMA,WIS,2.63446160734994,0.5051030462591009,8,2,0.8081323636087039
2025-09-17,ILI incidence,2025-09-21,2,NL,ECDC,soca_simplex,WIS,1.97217501494588,0.9228236161980898,8,1,1.0
2025-09-17,ILI incidence,2025-09-21,2,NL,ItaLuxColab,EpiEKF,WIS,3.06066779329409,0.2887647389946053,8,5,0.6846583654176573
2025-09-17,ILI incidence,2025-09-21,2,NL,ItaLuxColab,EpiNetEKF,WIS,2.97235046505143,0.33100696962563403,8,4,0.7102443235461516
2025-09-17,ILI incidence,2025-09-21,2,NL,NotreDame,Rt_cocirc,WIS,3.84728260869565,-0.0412286077702557,8,7,0.4567722401170965
2025-09-17,ILI incidence,2025-09-21,2,NL,respicast,hubEnsemble,WIS,2.8608756059382,0.38615443234223334,8,3,0.7425391306287916
2025-09-17,ILI incidence,2025-09-21,2,NL,respicast,quantileBaseline,WIS,3.73889304347826,0.0,8,6,0.4881732226015086
2025-09-17,ILI incidence,2025-09-21,2,NL,safinea,PRFM,WIS,5.42396399228747,-0.5367363996036956,8,8,0.0
2025-09-17,ILI incidence,2025-09-21,2,NO,ECDC,SARIMA,WIS,3.31029826814176,0.11735456703552587,9,6,0.7890486306445317
2025-09-17,ILI incidence,2025-09-21,2,NO,ECDC,soca_simplex,WIS,2.31404393140874,0.633899527397989,9,2,0.9609724244688964
2025-09-17,ILI incidence,2025-09-21,2,NO,ISI,FluBcast,WIS,7.88263292110974,-1.1343618113748912,9,9,0.0
2025-09-17,ILI incidence,2025-09-21,2,NO,ItaLuxColab,EpiEKF,WIS,3.64549517022679,-0.021799008942886583,9,8,0.7312036397021474
2025-09-17,ILI incidence,2025-09-21,2,NO,ItaLuxColab,EpiNetEKF,WIS,2.51266385325087,0.5150981023184072,9,4,0.9266965480855862
2025-09-17,ILI incidence,2025-09-21,2,NO,NotreDame,Rt_cocirc,WIS,2.08788913043478,0.7822706762204675,9,1,1.0
2025-09-17,ILI incidence,2025-09-21,2,NO,respicast,hubEnsemble,WIS,2.48323507687523,0.5320949396883027,9,3,0.9317750774285052
2025-09-17,ILI incidence,2025-09-21,2,NO,respicast,quantileBaseline,WIS,3.59082608695652,0.0,9,7,0.7406378934405518
2025-09-17,ILI incidence,2025-09-21,2,NO,safinea,PRFM,WIS,2.95215402664757,0.2825477862189172,9,5,0.850853648162394
2025-09-17,ILI incidence,2025-09-21,2,PL,ECDC,SARIMA,WIS,112.146214254704,0.27060656066603045,8,2,0.8612721749601602
2025-09-17,ILI incidence,2025-09-21,2,PL,ECDC,soca_simplex,WIS,183.971523300641,-0.4434949902530432,8,8,0.0
2025-09-17,ILI incidence,2025-09-21,2,PL,ItaLuxColab,EpiEKF,WIS,100.577085242475,0.42768583117615755,8,1,1.0
2025-09-17,ILI incidence,2025-09-21,2,PL,ItaLuxColab,EpiNetEKF,WIS,127.296615473575,0.08779341874584352,8,3,0.679600572253228
2025-09-17,ILI incidence,2025-09-21,2,PL,NotreDame,Rt_cocirc,WIS,139.640143478261,-0.045726263825558715,8,6,0.5315867683101326
2025-09-17,ILI incidence,2025-09-21,2,PL,respicast,hubEnsemble,WIS,130.607440151869,0.05075039708485026,8,4,0.6398997869804167
2025-09-17,ILI incidence,2025-09-21,2,PL,respicast,quantileBaseline,WIS,135.283649130435,0.0,8,5,0.58382639542756
2025-09-17,ILI incidence,2025-09-21,2,PL,safinea,PRFM,WIS,140.017847512071,-0.049623252900655425,8,7,0.5270576409174094
2025-09-17,ILI incidence,2025-09-21,2,RO,NotreDame,Rt_cocirc,WIS,0.03115,5.859036744792464,3,1,1.0
2025-09-17,ILI incidence,2025-09-21,2,RO,respicast,hubEnsemble,WIS,0.03115,5.859036744792464,3,1,1.0
2025-09-17,ILI incidence,2025-09-21,2,RO,respicast,quantileBaseline,WIS,1.80802260869565,0.0,3,3,0.0
2025-09-17,ILI incidence,2025-09-21,2,SI,ECDC,SARIMA,WIS,3.10405495671624,-0.587859840674433,7,7,0.0
2025-09-17,ILI incidence,2025-09-21,2,SI,ItaLuxColab,EpiEKF,WIS,1.64317165179846,0.32981106229504653,7,4,0.5459643025031473
2025-09-17,ILI incidence,2025-09-21,2,SI,ItaLuxColab,EpiNetEKF,WIS,0.934863341783579,1.143466867194924,7,2,0.8106747356586702
2025-09-17,ILI incidence,2025-09-21,2,SI,NotreDame,Rt_cocirc,WIS,0.428269565217391,2.269703198209421,7,1,1.0
2025-09-17,ILI incidence,2025-09-21,2,SI,respicast,hubEnsemble,WIS,0.956485367922671,1.1104794558645465,7,3,0.8025941077399341
2025-09-17,ILI incidence,2025-09-21,2,SI,respicast,quantileBaseline,WIS,2.06521826086957,0.0,7,5,0.3882361788606531
2025-09-17,ILI incidence,2025-09-21,2,SI,safinea,PRFM,WIS,2.199,-0.09055334446852692,7,6,0.33823899315380856
2025-09-17,ILI incidence,2025-09-28,3,BE,ECDC,SARIMA,WIS,31.4785103506587,0.25418425330175726,9,3,0.8366552017757921
2025-09-17,ILI incidence,2025-09-28,3,BE,ECDC,soca_simplex,WIS,38.0690322268701,-0.020066371366753533,9,6,0.7177545585338702
2025-09-17,ILI incidence,2025-09-28,3,BE,ISI,FluBcast,WIS,77.8533175830329,-1.0522069950603188,9,9,0.0
2025-09-17,ILI incidence,2025-09-28,3,BE,ItaLuxColab,EpiEKF,WIS,30.0468437852885,0.32133806979783475,9,2,0.8624841237834563
2025-09-17,ILI incidence,2025-09-28,3,BE,ItaLuxColab,EpiNetEKF,WIS,22.4245015857808,0.7434756037864335,9,1,1.0
2025-09-17,ILI incidence,2025-09-28,3,BE,NotreDame,Rt_cocirc,WIS,52.7345826086957,-0.4901978481574048,9,8,0.45317105412431086
2025-09-17,ILI incidence,2025-09-28,3,BE,respicast,hubEnsemble,WIS,36.5216708313072,0.03979875473888935,9,4,0.7456707491961353
2025-09-17,ILI incidence,2025-09-28,3,BE,respicast,quantileBaseline,WIS,37.5431973913043,0.0,9,5,0.7272412276265651
2025-09-17,ILI incidence,2025-09-28,3,BE,safinea,PRFM,WIS,40.2782314154328,-0.10144881368183307,9,7,0.6778980480020158
2025-09-17,ILI incidence,2025-09-28,3,CZ,ECDC,SARIMA,WIS,4.9079749908668,-0.14249093384664702,9,6,0.6751482033221867
2025-09-17,ILI incidence,2025-09-28,3,CZ,ECDC,soca_simplex,WIS,2.51673419902985,0.8210841072093212,9,1,1.0
2025-09-17,ILI incidence,2025-09-28,3,CZ,ISI,FluBcast,WIS,9.87775487458601,-1.1515462036196997,9,9,0.0
2025-09-17,ILI incidence,2025-09-28,3,CZ,ItaLuxColab,EpiEKF,WIS,3.43889704762844,0.37069103809533327,9,4,0.8747235078878627
2025-09-17,ILI incidence,2025-09-28,3,CZ,ItaLuxColab,EpiNetEKF,WIS,2.56534280810142,0.7934853369519619,9,2,0.9933964851867643
2025-09-17,ILI incidence,2025-09-28,3,CZ,NotreDame,Rt_cocirc,WIS,6.12132173913044,-0.4612062350087922,9,7,0.5103141671547816
2025-09-17,ILI incidence,2025-09-28,3,CZ,respicast,hubEnsemble,WIS,3.0776414630844,0.5308117923789607,9,3,0.9238003411786136
2025-09-17,ILI incidence,2025-09-28,3,CZ,respicast,quantileBaseline,WIS,4.44639760869565,0.0,9,5,0.7378538256150184
2025-09-17,ILI incidence,2025-09-28,3,CZ,safinea,PRFM,WIS,7.90955620996981,-0.8309597863572519,9,8,0.26738121673153614
2025-09-17,ILI incidence,2025-09-28,3,DK,ECDC,SARIMA,WIS,7.95657093748319,0.734066213879097,9,3,0.7583452343382162
2025-09-17,ILI incidence,2025-09-28,3,DK,ECDC,soca_simplex,WIS,7.83140244601336,0.7569423286411541,9,2,0.7675247766788295
2025-09-17,ILI incidence,2025-09-28,3,DK,ISI,FluBcast,WIS,18.2970569305035,-0.46732668867695937,9,9,0.0
2025-09-17,ILI incidence,2025-09-28,3,DK,ItaLuxColab,EpiEKF,WIS,14.4921112408802,-0.13098286306614315,9,8,0.27904514667774954
2025-09-17,ILI incidence,2025-09-28,3,DK,ItaLuxColab,EpiNetEKF,WIS,12.7149346102516,0.0577608793259328,9,6,0.4093788108134716
2025-09-17,ILI incidence,2025-09-28,3,DK,NotreDame,Rt_cocirc,WIS,4.6614652173913,1.5054295148324088,9,1,1.0
2025-09-17,ILI incidence,2025-09-28,3,DK,respicast,hubEnsemble,WIS,8.20257510049769,0.6901361191194223,9,5,0.7403039077723923
2025-09-17,ILI incidence,2025-09-28,3,DK,respicast,quantileBaseline,WIS,13.234327826087,0.0,9,7,0.3712878187418959
2025-09-17,ILI incidence,2025-09-28,3,DK,safinea,PRFM,WIS,8.12524743619359,0.7038012690980556,9,4,0.7459749241779172
2025-09-17,ILI incidence,2025-09-28,3,EE,ECDC,SARIMA,WIS,19.7991890487937,0.37023878738016763,8,2,0.88812958133906
2025-09-17,ILI incidence,2025-09-28,3,EE,ECDC,soca_simplex,WIS,20.4169353970277,0.3259137953653544,8,3,0.8633258772106653
2025-09-17,ILI incidence,2025-09-28,3,EE,ItaLuxColab,EpiEKF,WIS,41.9184178055474,-0.7119041361129124,8,8,0.0
2025-09-17,ILI incidence,2025-09-28,3,EE,ItaLuxColab,EpiNetEKF,WIS,31.9376434769548,-0.3195777394166287,8,6,0.4007472875014259
2025-09-17,ILI incidence,2025-09-28,3,EE,NotreDame,Rt_cocirc,WIS,32.2095630434783,-0.3318089613570887,8,7,0.38982919386307174
2025-09-17,ILI incidence,2025-09-28,3,EE,respicast,hubEnsemble,WIS,17.0130107326247,0.5890416555665772,8,1,1.0
2025-09-17,ILI incidence,2025-09-28,3,EE,respicast,quantileBaseline,WIS,25.5917734782609,0.0,8,5,0.6555461743501041
2025-09-17,ILI incidence,2025-09-28,3,EE,safinea,PRFM,WIS,22.0369699732652,0.2157542571392847,8,4,0.7982783728075428
2025-09-17,ILI incidence,2025-09-28,3,ES,ECDC,SARIMA,WIS,3.38707253363654,-0.12346681370997267,7,6,0.03476461082168003
2025-09-17,ILI incidence,2025-09-28,3,ES,ECDC,soca_simplex,WIS,3.44671777979349,-0.14865110588950864,7,7,0.0
2025-09-17,ILI incidence,2025-09-28,3,ES,ItaLuxColab,EpiEKF,WIS,3.10257302727056,0.0031069001422245985,7,4,0.2005869563569406
2025-09-17,ILI incidence,2025-09-28,3,ES,ItaLuxColab,EpiNetEKF,WIS,1.7310291888039,0.844942016753415,7,1,1.0
2025-09-17,ILI incidence,2025-09-28,3,ES,respicast,hubEnsemble,WIS,1.99970625861122,0.6367839737291271,7,2,0.8433998621787476
2025-09-17,ILI incidence,2025-09-28,3,ES,respicast,quantileBaseline,WIS,3.10926173913044,0.0,7,5,0.1966883981366391
2025-09-17,ILI incidence,2025-09-28,3,ES,safinea,PRFM,WIS,2.98481370438791,0.05893117931385744,7,3,0.2692237261653402
2025-09-17,ILI incidence,2025-09-28,3,FI,ECDC,soca_simplex,WIS,0.287094213837455,3.156474141927674,7,1,1.0
2025-09-17,ILI incidence,2025-09-28,3,FI,ISI,FluBcast,WIS,3.39354573465714,-0.40672315491713024,7,7,0.0
2025-09-17,ILI incidence,2025-09-28,3,FI,ItaLuxColab,EpiEKF,WIS,2.80792920721004,-0.13343626177205728,7,6,0.18851622937691176
2025-09-17,ILI incidence,2025-09-28,3,FI,ItaLuxColab,EpiNetEKF,WIS,1.81351415065427,0.4972822989270248,7,3,0.5086290815785706
2025-09-17,ILI incidence,2025-09-28,3,FI,respicast,hubEnsemble,WIS,1.49255801120934,0.7782832957055921,7,2,0.6119482987927638
2025-09-17,ILI incidence,2025-09-28,3,FI,respicast,quantileBaseline,WIS,2.55986956521739,0.0,7,5,0.2683692836834523
2025-09-17,ILI incidence,2025-09-28,3,FI,safinea,PRFM,WIS,1.82902091512703,0.4849987288581244,7,4,0.5036372880904596
2025-09-17,ILI incidence,2025-09-28,3,FR,NotreDame,Rt_cocirc,WIS,101.650280434783,-1.4690911224301555,3,2,0.0
2025-09-17,ILI incidence,2025-09-28,3,FR,respicast,hubEnsemble,WIS,101.650280434783,-1.4690911224301555,3,2,0.0
2025-09-17,ILI incidence,2025-09-28,3,FR,respicast,quantileBaseline,WIS,36.7170758695652,0.0,3,1,1.0
2025-09-17,ILI incidence,2025-09-28,3,GR,ECDC,SARIMA,WIS,72.5672343725761,-0.12932331728315632,9,6,0.6605841297528199
2025-09-17,ILI incidence,2025-09-28,3,GR,ECDC,soca_simplex,WIS,74.3807778399438,-0.16493486416574252,9,7,0.6348225969923841
2025-09-17,ILI incidence,2025-09-28,3,GR,ISI,FluBcast,WIS,119.070602176835,-0.8437503883282117,9,9,0.0
2025-09-17,ILI incidence,2025-09-28,3,GR,ItaLuxColab,EpiEKF,WIS,64.0117688012729,0.0516577965672786,9,3,0.7821152154762919
2025-09-17,ILI incidence,2025-09-28,3,GR,ItaLuxColab,EpiNetEKF,WIS,48.6732588109571,0.4468656005813382,9,1,1.0
2025-09-17,ILI incidence,2025-09-28,3,GR,NotreDame,Rt_cocirc,WIS,68.9516369565217,-0.055589831756699966,9,5,0.7119439857244148
2025-09-17,ILI incidence,2025-09-28,3,GR,respicast,hubEnsemble,WIS,62.2882125436554,0.09103579824518991,9,2,0.8065984725881351
2025-09-17,ILI incidence,2025-09-28,3,GR,respicast,quantileBaseline,WIS,66.3453323913043,0.0,9,4,0.7489667544910085
2025-09-17,ILI incidence,2025-09-28,3,GR,safinea,PRFM,WIS,91.364888404582,-0.4616448720952575,9,8,0.39356192219154323
2025-09-17,ILI incidence,2025-09-28,3,IE,ECDC,soca_simplex,WIS,1.23273024607213,0.34306329630657484,8,5,0.8055438837709581
2025-09-17,ILI incidence,2025-09-28,3,IE,ISI,FluBcast,WIS,3.40824191154181,-1.1241073085620383,8,8,0.0
2025-09-17,ILI incidence,2025-09-28,3,IE,ItaLuxColab,EpiEKF,WIS,1.49712277567094,0.06272789239224882,8,6,0.7076451740037217
2025-09-17,ILI incidence,2025-09-28,3,IE,ItaLuxColab,EpiNetEKF,WIS,0.870669512744485,0.8447233187073035,8,3,0.939606970590925
2025-09-17,ILI incidence,2025-09-28,3,IE,NotreDame,Rt_cocirc,WIS,1.12913913043478,0.4696971675371285,8,4,0.8439013841876069
2025-09-17,ILI incidence,2025-09-28,3,IE,respicast,hubEnsemble,WIS,0.850029453438808,0.8793356943414811,8,2,0.947249528338722
2025-09-17,ILI incidence,2025-09-28,3,IE,respicast,quantileBaseline,WIS,1.56365304347826,0.0,8,7,0.6830104863720835
2025-09-17,ILI incidence,2025-09-28,3,IE,safinea,PRFM,WIS,0.707567610241737,1.1439805172628812,8,1,1.0
2025-09-17,ILI incidence,2025-09-28,3,IS,ISI,FluBcast,WIS,1.00375864287506,-0.778367861359333,6,5,0.30343687108475115
2025-09-17,ILI incidence,2025-09-28,3,IS,ItaLuxColab,EpiEKF,WIS,1.37889564507002,-1.236468728931372,6,6,0.0
2025-09-17,ILI incidence,2025-09-28,3,IS,ItaLuxColab,EpiNetEKF,WIS,0.494459210758943,0.24312112948221634,6,3,0.7153936368058784
2025-09-17,ILI incidence,2025-09-28,3,IS,respicast,hubEnsemble,WIS,0.370629055378106,0.658996658127035,6,2,0.8155560699299029
2025-09-17,ILI incidence,2025-09-28,3,IS,respicast,quantileBaseline,WIS,0.585217391304348,0.0,6,4,0.6419821146982023
2025-09-17,ILI incidence,2025-09-28,3,IS,safinea,PRFM,WIS,0.142602241259569,2.0369759870688853,6,1,1.0
2025-09-17,ILI incidence,2025-09-28,3,LT,ECDC,SARIMA,WIS,6.71407254156719,-0.8090411300834803,9,9,0.0
2025-09-17,ILI incidence,2025-09-28,3,LT,ECDC,soca_simplex,WIS,0.692412771265083,2.468442754527927,9,2,0.951489992312832
2025-09-17,ILI incidence,2025-09-28,3,LT,ISI,FluBcast,WIS,3.99708033868099,-0.06079957576997895,9,8,0.4293153364439446
2025-09-17,ILI incidence,2025-09-28,3,LT,ItaLuxColab,EpiEKF,WIS,3.97572455106761,-0.05307081205501248,9,7,0.43268979115696304
2025-09-17,ILI incidence,2025-09-28,3,LT,ItaLuxColab,EpiNetEKF,WIS,1.56087135811226,1.2957953544682053,9,4,0.8142637647204725
2025-09-17,ILI incidence,2025-09-28,3,LT,NotreDame,Rt_cocirc,WIS,3.26109565217391,0.23279023667187865,9,5,0.5456091973426732
2025-09-17,ILI incidence,2025-09-28,3,LT,respicast,hubEnsemble,WIS,1.36757212563751,1.4865300718614802,9,3,0.8448072182261905
2025-09-17,ILI incidence,2025-09-28,3,LT,respicast,quantileBaseline,WIS,3.83213130434783,0.0,9,6,0.4553791396803392
2025-09-17,ILI incidence,2025-09-28,3,LT,safinea,PRFM,WIS,0.385409267174811,3.313683827700262,9,1,1.0
2025-09-17,ILI incidence,2025-09-28,3,LU,ECDC,SARIMA,WIS,579.823283868195,-0.10847353459791835,8,7,0.4403855375792521
2025-09-17,ILI incidence,2025-09-28,3,LU,ECDC,soca_simplex,WIS,396.407666591758,0.4401548692700748,8,4,0.7077943076076123
2025-09-17,ILI incidence,2025-09-28,3,LU,ItaLuxColab,EpiEKF,WIS,485.9342319035,0.1463786665534173,8,5,0.5772700421695451
2025-09-17,ILI incidence,2025-09-28,3,LU,ItaLuxColab,EpiNetEKF,WIS,881.88362843411,-0.7134485592137861,8,8,0.0
2025-09-17,ILI incidence,2025-09-28,3,LU,NotreDame,Rt_cocirc,WIS,195.983845652174,1.4564049917220407,8,1,1.0
2025-09-17,ILI incidence,2025-09-28,3,LU,respicast,hubEnsemble,WIS,211.093543865064,1.3492572783989794,8,2,0.9779709826534619
2025-09-17,ILI incidence,2025-09-28,3,LU,respicast,quantileBaseline,WIS,537.826086956522,0.0,8,6,0.5016148861895356
2025-09-17,ILI incidence,2025-09-28,3,LU,safinea,PRFM,WIS,254.35380405625,1.080303063059102,8,3,0.9149001649084453
2025-09-17,ILI incidence,2025-09-28,3,MT,ECDC,SARIMA,WIS,1214.92395429812,0.5245341213955973,8,5,0.7467755971946389
2025-09-17,ILI incidence,2025-09-28,3,MT,ECDC,soca_simplex,WIS,3152.29326929935,-0.8510016247196152,8,8,0.0
2025-09-17,ILI incidence,2025-09-28,3,MT,ItaLuxColab,EpiEKF,WIS,1579.27164682146,0.1461407883395872,8,6,0.6063346582555224
2025-09-17,ILI incidence,2025-09-28,3,MT,ItaLuxColab,EpiNetEKF,WIS,992.474695896545,0.8162979105514061,8,2,0.8325205692565275
2025-09-17,ILI incidence,2025-09-28,3,MT,NotreDame,Rt_cocirc,WIS,557.980704347826,1.6471129976028887,8,1,1.0
2025-09-17,ILI incidence,2025-09-28,3,MT,respicast,hubEnsemble,WIS,1158.74468048126,0.592837419682099,8,3,0.7684303794964429
2025-09-17,ILI incidence,2025-09-28,3,MT,respicast,quantileBaseline,WIS,1747.63043478261,0.0,8,7,0.54143932134214
2025-09-17,ILI incidence,2025-09-28,3,MT,safinea,PRFM,WIS,1191.82351202677,0.5522295214724908,8,4,0.7556798605372411
2025-09-17,ILI incidence,2025-09-28,3,NL,ECDC,SARIMA,WIS,2.85803951655217,0.4708569692685461,8,4,0.8766468219755464
2025-09-17,ILI incidence,2025-09-28,3,NL,ECDC,soca_simplex,WIS,6.4232630340946,-0.6974235431501716,8,8,0.0
2025-09-17,ILI incidence,2025-09-28,3,NL,ItaLuxColab,EpiEKF,WIS,3.25027183804094,0.2853224495195065,8,5,0.7802014753044794
2025-09-17,ILI incidence,2025-09-28,3,NL,ItaLuxColab,EpiNetEKF,WIS,2.64395947215048,0.5831827704873466,8,2,0.9292866044883947
2025-09-17,ILI incidence,2025-09-28,3,NL,NotreDame,Rt_cocirc,WIS,2.35637608695652,0.7493130158087137,8,1,1.0
2025-09-17,ILI incidence,2025-09-28,3,NL,respicast,hubEnsemble,WIS,2.75706980560411,0.5227470381288547,8,3,0.9014740945947457
2025-09-17,ILI incidence,2025-09-28,3,NL,respicast,quantileBaseline,WIS,3.9610497826087,0.0,8,6,0.6054294804576732
2025-09-17,ILI incidence,2025-09-28,3,NL,safinea,PRFM,WIS,6.09590375873802,-0.6219572927498845,8,7,0.08049382232937345
2025-09-17,ILI incidence,2025-09-28,3,NO,ECDC,SARIMA,WIS,4.28051060831161,0.0817494728086008,9,6,0.6708604132143885
2025-09-17,ILI incidence,2025-09-28,3,NO,ECDC,soca_simplex,WIS,3.0362589928921,0.5772375162515646,9,3,0.8260717228757748
2025-09-17,ILI incidence,2025-09-28,3,NO,ISI,FluBcast,WIS,9.65846376574615,-1.0922613642173935,9,9,0.0
2025-09-17,ILI incidence,2025-09-28,3,NO,ItaLuxColab,EpiEKF,WIS,5.12012536497586,-0.17664676054046008,9,8,0.5661245990286486
2025-09-17,ILI incidence,2025-09-28,3,NO,ItaLuxColab,EpiNetEKF,WIS,3.46364334176956,0.38724199360029204,9,4,0.7727586439968827
2025-09-17,ILI incidence,2025-09-28,3,NO,NotreDame,Rt_cocirc,WIS,3.69533478260869,0.2938273014256282,9,5,0.7438568274154749
2025-09-17,ILI incidence,2025-09-28,3,NO,respicast,hubEnsemble,WIS,2.89780147005547,0.6445736156771569,9,2,0.8433432885186284
2025-09-17,ILI incidence,2025-09-28,3,NO,respicast,quantileBaseline,WIS,4.53006695652174,0.0,9,7,0.6397300797995127
2025-09-17,ILI incidence,2025-09-28,3,NO,safinea,PRFM,WIS,1.64196278953503,1.4641109412769735,9,1,1.0
2025-09-17,ILI incidence,2025-09-28,3,PL,ECDC,SARIMA,WIS,102.911394414419,0.4101080406825396,8,3,0.8390117852419509
2025-09-17,ILI incidence,2025-09-28,3,PL,ECDC,soca_simplex,WIS,176.568724179032,-0.36871905152437295,8,8,0.0
2025-09-17,ILI incidence,2025-09-28,3,PL,ItaLuxColab,EpiEKF,WIS,88.778145953278,0.6232342830785902,8,1,1.0
2025-09-17,ILI incidence,2025-09-28,3,PL,ItaLuxColab,EpiNetEKF,WIS,114.994994646824,0.24993970108665856,8,5,0.7013705886965544
2025-09-17,ILI incidence,2025-09-28,3,PL,NotreDame,Rt_cocirc,WIS,131.682034782609,0.05445223394520574,8,6,0.511292786806764
2025-09-17,ILI incidence,2025-09-28,3,PL,respicast,hubEnsemble,WIS,105.306810628015,0.37691202341160845,8,4,0.8117262124389539
2025-09-17,ILI incidence,2025-09-28,3,PL,respicast,quantileBaseline,WIS,136.747150217391,0.0,8,7,0.4535973536845784
2025-09-17,ILI incidence,2025-09-28,3,PL,safinea,PRFM,WIS,95.5730184715384,0.5168354789728069,8,2,0.9226013468007085
2025-09-17,ILI incidence,2025-09-28,3,RO,NotreDame,Rt_cocirc,WIS,3.3,-0.7350021538069408,3,2,0.0
2025-09-17,ILI incidence,2025-09-28,3,RO,respicast,hubEnsemble,WIS,3.3,-0.7350021538069408,3,2,0.0
2025-09-17,ILI incidence,2025-09-28,3,RO,respicast,quantileBaseline,WIS,1.98269652173913,0.0,3,1,1.0
2025-09-17,ILI incidence,2025-09-28,3,SI,ECDC,SARIMA,WIS,4.62229101762345,-0.7646728611273018,7,7,0.0
2025-09-17,ILI incidence,2025-09-28,3,SI,ItaLuxColab,EpiEKF,WIS,2.36074755452774,0.20469145717701245,7,5,0.5460515261499181
2025-09-17,ILI incidence,2025-09-28,3,SI,ItaLuxColab,EpiNetEKF,WIS,1.34723414026798,1.013934629726365,7,3,0.790765172233197
2025-09-17,ILI incidence,2025-09-28,3,SI,NotreDame,Rt_cocirc,WIS,0.480660869565217,2.5008439689840145,7,1,1.0
2025-09-17,ILI incidence,2025-09-28,3,SI,respicast,hubEnsemble,WIS,1.35822858788365,1.0022089295689975,7,4,0.7881105538286964
2025-09-17,ILI incidence,2025-09-28,3,SI,respicast,quantileBaseline,WIS,2.72061956521739,0.0,7,6,0.45916013367288283
2025-09-17,ILI incidence,2025-09-28,3,SI,safinea,PRFM,WIS,1.099,1.307743846762604,7,2,0.8507015092294791
2025-09-17,ILI incidence,2025-10-05,4,AT,NotreDame,Rt_cocirc,WIS,38.3065086956521,3.9614339027986816,3,1,1.0
2025-09-17,ILI incidence,2025-10-05,4,AT,respicast,hubEnsemble,WIS,38.3065086956521,3.9614339027986816,3,1,1.0
2025-09-17,ILI incidence,2025-10-05,4,AT,respicast,quantileBaseline,WIS,596.737048913044,0.0,3,3,0.0
2025-09-17,ILI incidence,2025-10-05,4,BE,ECDC,SARIMA,WIS,47.8144838205208,0.7801787756762024,9,1,1.0
2025-09-17,ILI incidence,2025-10-05,4,BE,ECDC,soca_simplex,WIS,143.966530119722,-0.8100350654136772,9,7,0.19433565557951493
2025-09-17,ILI incidence,2025-10-05,4,BE,ISI,FluBcast,WIS,167.159527404848,-1.0255272029086147,9,9,0.0
2025-09-17,ILI incidence,2025-10-05,4,BE,ItaLuxColab,EpiEKF,WIS,68.0681349142123,0.27064689692661714,9,3,0.830293320230089
2025-09-17,ILI incidence,2025-10-05,4,BE,ItaLuxColab,EpiNetEKF,WIS,65.2507117786556,0.331632837740964,9,2,0.8539006947044713
2025-09-17,ILI incidence,2025-10-05,4,BE,NotreDame,Rt_cocirc,WIS,138.242465217391,-0.7515024677250822,9,5,0.24229797332994987
2025-09-17,ILI incidence,2025-10-05,4,BE,respicast,hubEnsemble,WIS,138.65900655079,-0.755842947141636,9,6,0.23880774599508206
2025-09-17,ILI incidence,2025-10-05,4,BE,respicast,quantileBaseline,WIS,82.1139010869565,0.0,9,4,0.7126029180910197
2025-09-17,ILI incidence,2025-10-05,4,BE,safinea,PRFM,WIS,145.027585932745,-0.8206289616421576,9,8,0.18544499886553675
2025-09-17,ILI incidence,2025-10-05,4,CZ,ECDC,SARIMA,WIS,6.00211346035523,-0.2712721758660199,9,6,0.5716585139101663
2025-09-17,ILI incidence,2025-10-05,4,CZ,ECDC,soca_simplex,WIS,5.01984067939244,-0.013443161217354256,9,4,0.6921671205158427
2025-09-17,ILI incidence,2025-10-05,4,CZ,ISI,FluBcast,WIS,10.6617358229056,-1.1001720201808731,9,9,0.0
2025-09-17,ILI incidence,2025-10-05,4,CZ,ItaLuxColab,EpiEKF,WIS,4.11767333002252,0.2723690348966472,9,2,0.8028481169811452
2025-09-17,ILI incidence,2025-10-05,4,CZ,ItaLuxColab,EpiNetEKF,WIS,2.51067666928892,0.9861221681811349,9,1,1.0
2025-09-17,ILI incidence,2025-10-05,4,CZ,NotreDame,Rt_cocirc,WIS,6.10011739130435,-0.29463859114838176,9,7,0.5596350542465673
2025-09-17,ILI incidence,2025-10-05,4,CZ,respicast,hubEnsemble,WIS,5.3391354382066,-0.10240773123817064,9,5,0.652994940214282
2025-09-17,ILI incidence,2025-10-05,4,CZ,respicast,quantileBaseline,WIS,4.97328260869565,0.0,9,3,0.6978790249222943
2025-09-17,ILI incidence,2025-10-05,4,CZ,safinea,PRFM,WIS,9.03633394691712,-0.8615391728093788,9,8,0.1994098981930806
2025-09-17,ILI incidence,2025-10-05,4,DK,ECDC,SARIMA,WIS,10.527473865167,0.811828153215238,9,2,0.7219896908920936
2025-09-17,ILI incidence,2025-10-05,4,DK,ECDC,soca_simplex,WIS,14.6620098797489,0.3339045643950576,9,5,0.5855149886673098
2025-09-17,ILI incidence,2025-10-05,4,DK,ISI,FluBcast,WIS,32.4003362381037,-0.8100213377320157,9,9,0.0
2025-09-17,ILI incidence,2025-10-05,4,DK,ItaLuxColab,EpiEKF,WIS,20.0762373301576,-0.11950145886824314,9,7,0.4067996318616686
2025-09-17,ILI incidence,2025-10-05,4,DK,ItaLuxColab,EpiNetEKF,WIS,20.3072760289186,-0.13600928564868642,9,8,0.399173398227567
2025-09-17,ILI incidence,2025-10-05,4,DK,NotreDame,Rt_cocirc,WIS,2.10508043478261,3.1340401825828517,9,1,1.0
2025-09-17,ILI incidence,2025-10-05,4,DK,respicast,hubEnsemble,WIS,11.6684761575405,0.6633712823263177,9,3,0.6843269525484742
2025-09-17,ILI incidence,2025-10-05,4,DK,respicast,quantileBaseline,WIS,18.4802906521739,0.0,9,6,0.45947938767375673
2025-09-17,ILI incidence,2025-10-05,4,DK,safinea,PRFM,WIS,13.2298582310487,0.4821898451639899,9,4,0.6327881213979863
2025-09-17,ILI incidence,2025-10-05,4,ES,ECDC,SARIMA,WIS,4.93027537421703,0.019872732860686162,7,4,0.6458481001570923
2025-09-17,ILI incidence,2025-10-05,4,ES,ECDC,soca_simplex,WIS,8.21115373293076,-0.7160439848671738,7,7,0.0
2025-09-17,ILI incidence,2025-10-05,4,ES,ItaLuxColab,EpiEKF,WIS,4.81921527740764,0.05274271297695445,7,3,0.6677105237782254
2025-09-17,ILI incidence,2025-10-05,4,ES,ItaLuxColab,EpiNetEKF,WIS,3.13120016812859,0.6748252230558973,7,1,1.0
2025-09-17,ILI incidence,2025-10-05,4,ES,respicast,hubEnsemble,WIS,3.628287101817,0.46225234256209263,7,2,0.9021473469496629
2025-09-17,ILI incidence,2025-10-05,4,ES,respicast,quantileBaseline,WIS,4.99865847826087,0.0,7,5,0.6323867361561197
2025-09-17,ILI incidence,2025-10-05,4,ES,safinea,PRFM,WIS,6.27876898466589,-0.3289407704795718,7,6,0.38039417557946187
2025-09-17,ILI incidence,2025-10-05,4,FI,ECDC,soca_simplex,WIS,0.519608638305097,2.5280221820630535,7,1,1.0
2025-09-17,ILI incidence,2025-10-05,4,FI,ISI,FluBcast,WIS,4.38796907691929,-0.550033856313108,7,7,0.0
2025-09-17,ILI incidence,2025-10-05,4,FI,ItaLuxColab,EpiEKF,WIS,3.5241040954961,-0.233737036979847,7,6,0.22331553512957084
2025-09-17,ILI incidence,2025-10-05,4,FI,ItaLuxColab,EpiNetEKF,WIS,2.09098461659407,0.5193370544055267,7,3,0.5937875998825215
2025-09-17,ILI incidence,2025-10-05,4,FI,respicast,hubEnsemble,WIS,1.7523386597131,0.7742378830550813,7,2,0.681330103290577
2025-09-17,ILI incidence,2025-10-05,4,FI,respicast,quantileBaseline,WIS,2.99700086956522,0.0,7,5,0.35957564695092686
2025-09-17,ILI incidence,2025-10-05,4,FI,safinea,PRFM,WIS,2.1660033493905,0.4684840285889008,7,4,0.5743946984228776
2025-09-17,ILI incidence,2025-10-05,4,FR,NotreDame,Rt_cocirc,WIS,111.125126086957,-1.4962200062345847,3,2,0.0
2025-09-17,ILI incidence,2025-10-05,4,FR,respicast,hubEnsemble,WIS,111.125126086957,-1.4962200062345847,3,2,0.0
2025-09-17,ILI incidence,2025-10-05,4,FR,respicast,quantileBaseline,WIS,39.39174,0.0,3,1,1.0
2025-09-17,ILI incidence,2025-10-05,4,GR,ECDC,SARIMA,WIS,131.254278681601,0.0012933232096084993,9,3,0.8494081570051182
2025-09-17,ILI incidence,2025-10-05,4,GR,ECDC,soca_simplex,WIS,137.735639182899,-0.0682441296938571,9,5,0.8097602111919022
2025-09-17,ILI incidence,2025-10-05,4,GR,ISI,FluBcast,WIS,270.109403843173,-1.0398860917368231,9,9,0.0
2025-09-17,ILI incidence,2025-10-05,4,GR,ItaLuxColab,EpiEKF,WIS,123.310046421793,0.09136743131216528,9,2,0.8980048197121824
2025-09-17,ILI incidence,2025-10-05,4,GR,ItaLuxColab,EpiNetEKF,WIS,106.636609266825,0.3009549635542154,9,1,1.0
2025-09-17,ILI incidence,2025-10-05,4,GR,NotreDame,Rt_cocirc,WIS,210.431834782609,-0.6796952002067126,9,8,0.36506116638687747
2025-09-17,ILI incidence,2025-10-05,4,GR,respicast,hubEnsemble,WIS,146.583369433211,-0.15806365594813518,9,6,0.7556366472481797
2025-09-17,ILI incidence,2025-10-05,4,GR,respicast,quantileBaseline,WIS,131.371996086956,0.0,9,4,0.8486880530535091
2025-09-17,ILI incidence,2025-10-05,4,GR,safinea,PRFM,WIS,155.808678401205,-0.24611781610653882,9,7,0.6992033490232239
2025-09-17,ILI incidence,2025-10-05,4,HR,ECDC,soca_simplex,WIS,14.3207466638881,-2.448084827969466,7,7,0.0
2025-09-17,ILI incidence,2025-10-05,4,HR,ItaLuxColab,EpiEKF,WIS,2.50538658213049,0.06691675259532859,7,5,0.8613944027711038
2025-09-17,ILI incidence,2025-10-05,4,HR,ItaLuxColab,EpiNetEKF,WIS,0.91387351340786,1.5218835766398744,7,2,0.9774230671409163
2025-09-17,ILI incidence,2025-10-05,4,HR,NotreDame,Rt_cocirc,WIS,1.0,1.3919499816014909,7,4,0.9711440478839956
2025-09-17,ILI incidence,2025-10-05,4,HR,respicast,hubEnsemble,WIS,0.93404734807608,1.490382392610452,7,3,0.9759523012780575
2025-09-17,ILI incidence,2025-10-05,4,HR,respicast,quantileBaseline,WIS,2.62433152173913,0.0,7,6,0.8527227664851288
2025-09-17,ILI incidence,2025-10-05,4,HR,safinea,PRFM,WIS,0.6041958670085,2.1188617611200113,7,1,1.0
2025-09-17,ILI incidence,2025-10-05,4,HU,NotreDame,Rt_cocirc,WIS,202.642532608696,-1.1994398875393362,3,2,0.0
2025-09-17,ILI incidence,2025-10-05,4,HU,respicast,hubEnsemble,WIS,202.642532608696,-1.1994398875393362,3,2,0.0
2025-09-17,ILI incidence,2025-10-05,4,HU,respicast,quantileBaseline,WIS,88.2395369565217,0.0,3,1,1.0
2025-09-17,ILI incidence,2025-10-05,4,IE,ECDC,soca_simplex,WIS,3.16699098347483,-0.3639158928946107,8,6,0.6326313688026807
2025-09-17,ILI incidence,2025-10-05,4,IE,ISI,FluBcast,WIS,5.98793345370343,-1.2828613211609288,8,8,0.0
2025-09-17,ILI incidence,2025-10-05,4,IE,ItaLuxColab,EpiEKF,WIS,2.34782135412306,0.06787422921192632,8,4,0.8163403275523424
2025-09-17,ILI incidence,2025-10-05,4,IE,ItaLuxColab,EpiNetEKF,WIS,1.52887149544562,0.6867297165432344,8,1,1.0
2025-09-17,ILI incidence,2025-10-05,4,IE,NotreDame,Rt_cocirc,WIS,3.45109565217391,-0.4878575936568797,8,7,0.5689173699036653
2025-09-17,ILI incidence,2025-10-05,4,IE,respicast,hubEnsemble,WIS,2.22859715895769,0.1430610083528986,8,3,0.8430778333958253
2025-09-17,ILI incidence,2025-10-05,4,IE,respicast,quantileBaseline,WIS,2.46091847826087,0.0,8,5,0.7909768934497139
2025-09-17,ILI incidence,2025-10-05,4,IE,safinea,PRFM,WIS,1.6238525417902,0.5997762363326666,8,2,0.9786993212398221
2025-09-17,ILI incidence,2025-10-05,4,IS,ISI,FluBcast,WIS,0.16274898477503,1.6865591055596112,6,1,1.0
2025-09-17,ILI incidence,2025-10-05,4,IS,ItaLuxColab,EpiEKF,WIS,1.68128804418821,-1.6822873587561111,6,6,0.0
2025-09-17,ILI incidence,2025-10-05,4,IS,ItaLuxColab,EpiNetEKF,WIS,0.690749950201855,-0.39895590355448146,6,5,0.6522967505156804
2025-09-17,ILI incidence,2025-10-05,4,IS,respicast,hubEnsemble,WIS,0.440004358291793,0.25168983560074865,6,3,0.8174196628014925
2025-09-17,ILI incidence,2025-10-05,4,IS,respicast,quantileBaseline,WIS,0.523869565217391,0.0,6,4,0.7621921028610806
2025-09-17,ILI incidence,2025-10-05,4,IS,safinea,PRFM,WIS,0.25322784751707,1.0487715825224222,6,2,0.9404171646549518
2025-09-17,ILI incidence,2025-10-05,4,LT,ECDC,SARIMA,WIS,7.9556401060967,-0.687125257859556,9,9,0.0
2025-09-17,ILI incidence,2025-10-05,4,LT,ECDC,soca_simplex,WIS,1.24454291374345,1.9892367782478246,9,2,0.9324880885551848
2025-09-17,ILI incidence,2025-10-05,4,LT,ISI,FluBcast,WIS,5.26486069471411,-0.09154260309121774,9,8,0.3738762348580997
2025-09-17,ILI incidence,2025-10-05,4,LT,ItaLuxColab,EpiEKF,WIS,5.14668594852146,-0.05879099602571278,9,7,0.39029628362720975
2025-09-17,ILI incidence,2025-10-05,4,LT,ItaLuxColab,EpiNetEKF,WIS,2.10768916863175,1.2291906344825472,9,4,0.8125563429262517
2025-09-17,ILI incidence,2025-10-05,4,LT,NotreDame,Rt_cocirc,WIS,4.14045217391304,0.2550644243990293,9,5,0.5301096378717872
2025-09-17,ILI incidence,2025-10-05,4,LT,respicast,hubEnsemble,WIS,1.99868960289426,1.3057983172584908,9,3,0.8277015261645021
2025-09-17,ILI incidence,2025-10-05,4,LT,respicast,quantileBaseline,WIS,4.9411702173913,0.0,9,6,0.41885211671929246
2025-09-17,ILI incidence,2025-10-05,4,LT,safinea,PRFM,WIS,0.758661104733203,2.7033252755508297,9,1,1.0
2025-09-17,ILI incidence,2025-10-05,4,LU,ECDC,SARIMA,WIS,778.400110669224,0.5869660791172534,7,1,1.0
2025-09-17,ILI incidence,2025-10-05,4,LU,ItaLuxColab,EpiEKF,WIS,1545.36279473032,-0.4023956705199814,7,5,0.19989695833860882
2025-09-17,ILI incidence,2025-10-05,4,LU,ItaLuxColab,EpiNetEKF,WIS,1077.4654683914,0.11790826623247552,7,2,0.6880120671555334
2025-09-17,ILI incidence,2025-10-05,4,LU,NotreDame,Rt_cocirc,WIS,1703.13425,-0.5426422608459193,7,6,0.03530821905314002
2025-09-17,ILI incidence,2025-10-05,4,LU,respicast,hubEnsemble,WIS,1178.43284175722,-0.011319643065439089,7,4,0.5826819067482525
2025-09-17,ILI incidence,2025-10-05,4,LU,respicast,quantileBaseline,WIS,1169.22282608696,0.0,7,3,0.5922898859950463
2025-09-17,ILI incidence,2025-10-05,4,LU,safinea,PRFM,WIS,1736.9799986653,-0.5710312420377915,7,7,0.0
2025-09-17,ILI incidence,2025-10-05,4,LV,NotreDame,Rt_cocirc,WIS,9.9,1.859162056358667,3,1,1.0
2025-09-17,ILI incidence,2025-10-05,4,LV,respicast,hubEnsemble,WIS,9.9,1.859162056358667,3,1,1.0
2025-09-17,ILI incidence,2025-10-05,4,LV,respicast,quantileBaseline,WIS,35.9168913043478,0.0,3,3,0.0
2025-09-17,ILI incidence,2025-10-05,4,MT,ECDC,SARIMA,WIS,1017.46920959097,0.8492900882604806,8,2,0.9970834448676907
2025-09-17,ILI incidence,2025-10-05,4,MT,ECDC,soca_simplex,WIS,3949.08528822937,-1.1072433010375262,8,8,0.0
2025-09-17,ILI incidence,2025-10-05,4,MT,ItaLuxColab,EpiEKF,WIS,1488.89081426828,0.3000372651514946,8,6,0.836746393573095
2025-09-17,ILI incidence,2025-10-05,4,MT,ItaLuxColab,EpiNetEKF,WIS,1008.89397953964,0.8615006493164982,8,1,1.0
2025-09-17,ILI incidence,2025-10-05,4,MT,NotreDame,Rt_cocirc,WIS,1128.43785652174,0.6999482539384968,8,4,0.9593414630439904
2025-09-17,ILI incidence,2025-10-05,4,MT,respicast,hubEnsemble,WIS,1343.75826075442,0.4480016012238249,8,5,0.8861079956854885
2025-09-17,ILI incidence,2025-10-05,4,MT,respicast,quantileBaseline,WIS,1833.08695652174,0.0,8,7,0.7196804933929982
2025-09-17,ILI incidence,2025-10-05,4,MT,safinea,PRFM,WIS,1100.001,0.7367703896312126,8,3,0.9690132338698189
2025-09-17,ILI incidence,2025-10-05,4,NL,ECDC,SARIMA,WIS,3.70255657690868,0.7051179959783778,8,2,0.8125540112420679
2025-09-17,ILI incidence,2025-10-05,4,NL,ECDC,soca_simplex,WIS,2.34417177040859,1.3645614888950006,8,1,1.0
2025-09-17,ILI incidence,2025-10-05,4,NL,ItaLuxColab,EpiEKF,WIS,5.06546718150637,0.25294444369376495,8,6,0.6244834993775289
2025-09-17,ILI incidence,2025-10-05,4,NL,ItaLuxColab,EpiNetEKF,WIS,4.775767664361,0.33790712391484695,8,5,0.6644596623721094
2025-09-17,ILI incidence,2025-10-05,4,NL,NotreDame,Rt_cocirc,WIS,4.03293260869565,0.5818104786065563,8,3,0.7669648220492143
2025-09-17,ILI incidence,2025-10-05,4,NL,respicast,hubEnsemble,WIS,4.07543594344991,0.5666853861733151,8,4,0.7610997096227518
2025-09-17,ILI incidence,2025-10-05,4,NL,respicast,quantileBaseline,WIS,6.03619652173913,0.0,8,7,0.49053079310051534
2025-09-17,ILI incidence,2025-10-05,4,NL,safinea,PRFM,WIS,9.59097825317793,-0.6680381968810242,8,8,0.0
2025-09-17,ILI incidence,2025-10-05,4,NO,ECDC,SARIMA,WIS,5.47164507520993,-0.12068486330593338,9,6,0.5552424132684562
2025-09-17,ILI incidence,2025-10-05,4,NO,ECDC,soca_simplex,WIS,2.77005854834918,0.8613733182136211,9,2,0.8960155017851988
2025-09-17,ILI incidence,2025-10-05,4,NO,ISI,FluBcast,WIS,9.8735050617388,-0.9722725397747888,9,9,0.0
2025-09-17,ILI incidence,2025-10-05,4,NO,ItaLuxColab,EpiEKF,WIS,6.58848363976998,-0.3886566748200144,9,7,0.4143664786146148
2025-09-17,ILI incidence,2025-10-05,4,NO,ItaLuxColab,EpiNetEKF,WIS,4.6026380287097,0.12882880054919835,9,4,0.6648573422127476
2025-09-17,ILI incidence,2025-10-05,4,NO,NotreDame,Rt_cocirc,WIS,8.51964565217392,-0.7595036395261087,9,8,0.17077330221622689
2025-09-17,ILI incidence,2025-10-05,4,NO,respicast,hubEnsemble,WIS,3.75222381730798,0.42354390173057316,9,3,0.7721270055963004
2025-09-17,ILI incidence,2025-10-05,4,NO,respicast,quantileBaseline,WIS,5.03255065217391,0.0,9,5,0.6106289652817778
2025-09-17,ILI incidence,2025-10-05,4,NO,safinea,PRFM,WIS,1.94568852370247,1.3710090136053588,9,1,1.0
2025-09-17,ILI incidence,2025-10-05,4,PL,ECDC,SARIMA,WIS,321.742534297588,0.11465906169920075,8,4,0.5496272029568747
2025-09-17,ILI incidence,2025-10-05,4,PL,ECDC,soca_simplex,WIS,428.896508267076,-0.300063836461411,8,8,0.0
2025-09-17,ILI incidence,2025-10-05,4,PL,ItaLuxColab,EpiEKF,WIS,238.885840244154,0.5442443924867961,8,2,0.9746258410084137
2025-09-17,ILI incidence,2025-10-05,4,PL,ItaLuxColab,EpiNetEKF,WIS,325.51634150286,0.09783576320704095,8,5,0.53027013180128
2025-09-17,ILI incidence,2025-10-05,4,PL,NotreDame,Rt_cocirc,WIS,357.578458695652,-0.03769409376205139,8,7,0.36581321862540733
2025-09-17,ILI incidence,2025-10-05,4,PL,respicast,hubEnsemble,WIS,317.361456567283,0.13443881026118396,8,3,0.5720991599888169
2025-09-17,ILI incidence,2025-10-05,4,PL,respicast,quantileBaseline,WIS,348.356802173913,0.0,8,6,0.41311406144917096
2025-09-17,ILI incidence,2025-10-05,4,PL,safinea,PRFM,WIS,233.938956324554,0.5744336100225095,8,1,1.0
2025-09-17,ILI incidence,2025-10-05,4,RO,NotreDame,Rt_cocirc,WIS,0.9,1.1207910764471236,3,1,1.0
2025-09-17,ILI incidence,2025-10-05,4,RO,respicast,hubEnsemble,WIS,0.9,1.1207910764471236,3,1,1.0
2025-09-17,ILI incidence,2025-10-05,4,RO,respicast,quantileBaseline,WIS,1.95719565217391,0.0,3,3,0.0
2025-09-17,ILI incidence,2025-10-05,4,SI,ECDC,SARIMA,WIS,5.92961766225948,-0.77772842476039,7,7,0.0
2025-09-17,ILI incidence,2025-10-05,4,SI,ItaLuxColab,EpiEKF,WIS,3.21572025895807,0.1050687495585153,7,5,0.4577622572252543
2025-09-17,ILI incidence,2025-10-05,4,SI,ItaLuxColab,EpiNetEKF,WIS,2.1500437521229,0.6858446409012832,7,4,0.6375135192469353
2025-09-17,ILI incidence,2025-10-05,4,SI,NotreDame,Rt_cocirc,WIS,1.91636739130435,0.8518364889558518,7,2,0.6769285016476545
2025-09-17,ILI incidence,2025-10-05,4,SI,respicast,hubEnsemble,WIS,2.12454429036644,0.7030572391858168,7,3,0.6418145997363697
2025-09-17,ILI incidence,2025-10-05,4,SI,respicast,quantileBaseline,WIS,3.45865391304348,0.0,7,6,0.416785815848054
2025-09-17,ILI incidence,2025-10-05,4,SI,safinea,PRFM,WIS,0.001,11.755994943670428,7,1,1.0
2025-09-24,ILI incidence,2025-09-21,1,BE,ECDC,SARIMA,WIS,29.493641064387,0.457977886668074,10,3,0.8438240951503345
2025-09-24,ILI incidence,2025-09-21,1,BE,ECDC,soca_simplex,WIS,33.019218604033,0.2950758449595039,10,7,0.7956713136803713
2025-09-24,ILI incidence,2025-09-21,1,BE,ISI,FluBcast,WIS,91.2754776781215,-1.1718454894289698,10,10,0.0
2025-09-24,ILI incidence,2025-09-21,1,BE,ItaLuxColab,EpiEKF,WIS,31.5667763419016,0.35997488694051016,10,5,0.8155089527791202
2025-09-24,ILI incidence,2025-09-21,1,BE,ItaLuxColab,EpiNetEKF,WIS,28.5436301445915,0.5052129977001227,10,2,0.8567994637815928
2025-09-24,ILI incidence,2025-09-21,1,BE,NotreDame,Rt_cocirc,WIS,66.8390826086956,-0.7223101076038592,10,9,0.33375535737327755
2025-09-24,ILI incidence,2025-09-21,1,BE,QMUL,ARIMA,WIS,18.0589898238282,1.165664630196514,10,1,1.0
2025-09-24,ILI incidence,2025-09-21,1,BE,respicast,hubEnsemble,WIS,31.2354228240264,0.3751987650628638,10,4,0.8200346208026208
2025-09-24,ILI incidence,2025-09-21,1,BE,respicast,quantileBaseline,WIS,40.5129130434783,0.0,10,8,0.6933214924985857
2025-09-24,ILI incidence,2025-09-21,1,BE,safinea,PRFM,WIS,31.7664715522202,0.35087697221300584,10,6,0.8127814904796993
2025-09-24,ILI incidence,2025-09-21,1,CZ,ECDC,SARIMA,WIS,2.29349438012032,-0.3423202904294188,9,7,0.548753344841086
2025-09-24,ILI incidence,2025-09-21,1,CZ,ECDC,soca_simplex,WIS,0.704865593885079,1.359806990915026,9,1,1.0
2025-09-24,ILI incidence,2025-09-21,1,CZ,ISI,FluBcast,WIS,4.22539869495766,-1.2238603939794035,9,9,0.0
2025-09-24,ILI incidence,2025-09-21,1,CZ,ItaLuxColab,EpiEKF,WIS,1.53621282469676,0.23584898309336022,9,4,0.7638575730026799
2025-09-24,ILI incidence,2025-09-21,1,CZ,ItaLuxColab,EpiNetEKF,WIS,0.965184827525817,0.9063499398528501,9,2,0.9260568708865631
2025-09-24,ILI incidence,2025-09-21,1,CZ,NotreDame,Rt_cocirc,WIS,1.99441956521739,-0.14074185894483954,9,6,0.6337049150483971
2025-09-24,ILI incidence,2025-09-21,1,CZ,QMUL,ARIMA,WIS,2.96994652579632,-0.7152098735048394,9,8,0.3566085399903918
2025-09-24,ILI incidence,2025-09-21,1,CZ,respicast,hubEnsemble,WIS,1.22106804654105,0.5670834821481013,9,3,0.8533737823687263
2025-09-24,ILI incidence,2025-09-21,1,CZ,respicast,quantileBaseline,WIS,1.80904347826087,0.0,9,5,0.6863606014556751
2025-09-24,ILI incidence,2025-09-21,1,DK,ECDC,SARIMA,WIS,5.865576016481,0.29094206206282164,10,3,0.7604631485185713
2025-09-24,ILI incidence,2025-09-21,1,DK,ECDC,soca_simplex,WIS,4.14997862120084,0.7901109497161748,10,2,0.8960541426830902
2025-09-24,ILI incidence,2025-09-21,1,DK,ISI,FluBcast,WIS,2.83477886798804,1.339978654545842,10,1,1.0
2025-09-24,ILI incidence,2025-09-21,1,DK,ItaLuxColab,EpiEKF,WIS,7.43870327102362,-0.051836295806011706,10,7,0.6361321784567394
2025-09-24,ILI incidence,2025-09-21,1,DK,ItaLuxColab,EpiNetEKF,WIS,6.05576564551483,0.24490547911301375,10,5,0.7454316493151891
2025-09-24,ILI incidence,2025-09-21,1,DK,NotreDame,Rt_cocirc,WIS,15.4875173913043,-1.1098191432036617,10,10,0.0
2025-09-24,ILI incidence,2025-09-21,1,DK,QMUL,ARIMA,WIS,13.3873614657616,-0.8995848866482011,10,9,0.16598429831396314
2025-09-24,ILI incidence,2025-09-21,1,DK,respicast,hubEnsemble,WIS,6.03577641492161,0.24967548941856751,10,4,0.7470114836377261
2025-09-24,ILI incidence,2025-09-21,1,DK,respicast,quantileBaseline,WIS,7.17617391304348,0.0,10,6,0.6568809955998706
2025-09-24,ILI incidence,2025-09-21,1,DK,safinea,PRFM,WIS,8.56861316475501,-0.25584686807596135,10,8,0.5468305706151475
2025-09-24,ILI incidence,2025-09-21,1,EE,ECDC,SARIMA,WIS,11.7932202792687,-0.18943037697796292,9,5,0.9082749661285241
2025-09-24,ILI incidence,2025-09-21,1,EE,ECDC,soca_simplex,WIS,10.9892977945395,-0.08757186221946826,9,4,0.9329821988060375
2025-09-24,ILI incidence,2025-09-21,1,EE,ItaLuxColab,EpiEKF,WIS,26.7399792385523,-1.3704710050944426,9,8,0.448910962264243
2025-09-24,ILI incidence,2025-09-21,1,EE,ItaLuxColab,EpiNetEKF,WIS,21.8326666699247,-1.0779610135143372,9,7,0.5997291266488469
2025-09-24,ILI incidence,2025-09-21,1,EE,NotreDame,Rt_cocirc,WIS,9.19058695652175,0.17029843296163338,9,2,0.9882626120780205
2025-09-24,ILI incidence,2025-09-21,1,EE,QMUL,ARIMA,WIS,8.80867651816431,0.23153016101736296,9,1,1.0
2025-09-24,ILI incidence,2025-09-21,1,EE,respicast,hubEnsemble,WIS,11.8106665550029,-0.19156304777442162,9,6,0.9077387835958686
2025-09-24,ILI incidence,2025-09-21,1,EE,respicast,quantileBaseline,WIS,10.3420869565217,0.0,9,3,0.952873157287813
2025-09-24,ILI incidence,2025-09-21,1,EE,safinea,PRFM,WIS,41.3466177446162,-1.9992419780077122,9,9,0.0
2025-09-24,ILI incidence,2025-09-21,1,ES,ECDC,SARIMA,WIS,1.69871100105261,-0.04818430705426936,8,8,0.0
2025-09-24,ILI incidence,2025-09-21,1,ES,ECDC,soca_simplex,WIS,0.921418849747611,0.8343271059656515,8,1,1.0
2025-09-24,ILI incidence,2025-09-21,1,ES,ItaLuxColab,EpiEKF,WIS,1.43685401448355,0.1933426327049926,8,6,0.33688361078833395
2025-09-24,ILI incidence,2025-09-21,1,ES,ItaLuxColab,EpiNetEKF,WIS,0.935240151041099,0.8128473499443023,8,2,0.9822186532177337
2025-09-24,ILI incidence,2025-09-21,1,ES,QMUL,ARIMA,WIS,1.36389454051456,0.26852402682466964,8,4,0.4307472550390807
2025-09-24,ILI incidence,2025-09-21,1,ES,respicast,hubEnsemble,WIS,1.05881875077239,0.6338004739120244,8,3,0.8232326149259351
2025-09-24,ILI incidence,2025-09-21,1,ES,respicast,quantileBaseline,WIS,1.64291304347826,0.0,8,7,0.07178505209485353
2025-09-24,ILI incidence,2025-09-21,1,ES,safinea,PRFM,WIS,1.39682524981485,0.23410457967738507,8,5,0.3883813193416696
2025-09-24,ILI incidence,2025-09-21,1,FI,ECDC,soca_simplex,WIS,0.63023067184268,1.7847406567640263,6,1,1.0
2025-09-24,ILI incidence,2025-09-21,1,FI,ItaLuxColab,EpiEKF,WIS,2.46491155148655,-0.18284334874084548,6,6,0.0
2025-09-24,ILI incidence,2025-09-21,1,FI,ItaLuxColab,EpiNetEKF,WIS,2.40990183666774,-0.15028185136462097,6,5,0.029983260538196672
2025-09-24,ILI incidence,2025-09-21,1,FI,respicast,hubEnsemble,WIS,1.64223772153098,0.4030295514767706,6,3,0.4484015934778038
2025-09-24,ILI incidence,2025-09-21,1,FI,respicast,quantileBaseline,WIS,2.17150086956522,0.0,6,4,0.15992464148767072
2025-09-24,ILI incidence,2025-09-21,1,FI,safinea,PRFM,WIS,1.21728256020499,0.8350284397884944,6,2,0.6800250687322459
2025-09-24,ILI incidence,2025-09-21,1,FR,NotreDame,Rt_cocirc,WIS,81.6069826086957,-1.2637007375304308,3,2,0.0
2025-09-24,ILI incidence,2025-09-21,1,FR,respicast,hubEnsemble,WIS,81.6069826086957,-1.2637007375304308,3,2,0.0
2025-09-24,ILI incidence,2025-09-21,1,FR,respicast,quantileBaseline,WIS,33.9872082608696,0.0,3,1,1.0
2025-09-24,ILI incidence,2025-09-21,1,GR,ECDC,SARIMA,WIS,38.6412405016583,-0.5405119875011024,10,10,0.0
2025-09-24,ILI incidence,2025-09-21,1,GR,ECDC,soca_simplex,WIS,15.3369262890605,0.7926200445609843,10,3,0.687043255619756
2025-09-24,ILI incidence,2025-09-21,1,GR,ISI,FluBcast,WIS,4.72152144179233,2.4923056951603053,10,1,1.0
2025-09-24,ILI incidence,2025-09-21,1,GR,ItaLuxColab,EpiEKF,WIS,26.2984563156484,0.014651304600471647,10,7,0.3638822645973493
2025-09-24,ILI incidence,2025-09-21,1,GR,ItaLuxColab,EpiNetEKF,WIS,18.8418654735287,0.4956876136296668,10,5,0.5837128247785622
2025-09-24,ILI incidence,2025-09-21,1,GR,NotreDame,Rt_cocirc,WIS,21.4049869565218,0.3116824659210727,10,6,0.5081484759562926
2025-09-24,ILI incidence,2025-09-21,1,GR,QMUL,ARIMA,WIS,35.2816065589795,-0.4092868336342687,10,9,0.09904663233646724
2025-09-24,ILI incidence,2025-09-21,1,GR,respicast,hubEnsemble,WIS,14.5800354125997,0.8656351985792509,10,2,0.7093574403311605
2025-09-24,ILI incidence,2025-09-21,1,GR,respicast,quantileBaseline,WIS,26.5668913043478,0.0,10,8,0.3559684316960323
2025-09-24,ILI incidence,2025-09-21,1,GR,safinea,PRFM,WIS,18.2848885786749,0.5389775868684996,10,4,0.6001332701799754
2025-09-24,ILI incidence,2025-09-21,1,HR,ECDC,SARIMA,WIS,1.33896424364962,-1.806520245576287,10,9,0.39555788258446745
2025-09-24,ILI incidence,2025-09-21,1,HR,ECDC,soca_simplex,WIS,0.376396526123677,0.02427197099674654,10,4,0.9449827101303169
2025-09-24,ILI incidence,2025-09-21,1,HR,ISI,FluBcast,WIS,0.447347247476952,-0.2248698554607462,10,6,0.9044846889168369
2025-09-24,ILI incidence,2025-09-21,1,HR,ItaLuxColab,EpiEKF,WIS,0.609597455206001,-0.6713315961839067,10,7,0.8118737579893633
2025-09-24,ILI incidence,2025-09-21,1,HR,ItaLuxColab,EpiNetEKF,WIS,0.317469577192449,0.2699069376443856,10,2,0.9786176722891953
2025-09-24,ILI incidence,2025-09-21,1,HR,NotreDame,Rt_cocirc,WIS,0.280008695652174,0.45105365339146325,10,1,1.0
2025-09-24,ILI incidence,2025-09-21,1,HR,QMUL,ARIMA,WIS,2.03196395734922,-2.4082776228713283,10,10,0.0
2025-09-24,ILI incidence,2025-09-21,1,HR,respicast,hubEnsemble,WIS,0.356732871934094,0.10168112182607192,10,3,0.9562065436490654
2025-09-24,ILI incidence,2025-09-21,1,HR,respicast,quantileBaseline,WIS,0.382782608695652,0.0,10,5,0.941337592751127
2025-09-24,ILI incidence,2025-09-21,1,HR,safinea,PRFM,WIS,0.867824894121332,-1.1808786873336825,10,8,0.6644799034994964
2025-09-24,ILI incidence,2025-09-21,1,IE,ECDC,SARIMA,WIS,1.65474099539068,-1.0057369383606527,10,10,0.0
2025-09-24,ILI incidence,2025-09-21,1,IE,ECDC,soca_simplex,WIS,0.317573442938439,1.3757063044040425,10,1,1.0
2025-09-24,ILI incidence,2025-09-21,1,IE,ISI,FluBcast,WIS,1.34672894724514,-0.7085910306584983,10,9,0.23034663650091902
2025-09-24,ILI incidence,2025-09-21,1,IE,ItaLuxColab,EpiEKF,WIS,0.75684227001634,0.12280391047488962,10,6,0.6714930553973413
2025-09-24,ILI incidence,2025-09-21,1,IE,ItaLuxColab,EpiNetEKF,WIS,0.525675423248072,0.6486242900562811,10,4,0.8443710513854502
2025-09-24,ILI incidence,2025-09-21,1,IE,NotreDame,Rt_cocirc,WIS,0.49570652173913,0.7333103369549294,10,2,0.8667832774778214
2025-09-24,ILI incidence,2025-09-21,1,IE,QMUL,ARIMA,WIS,1.27075458666246,-0.6248169563112772,10,8,0.2871640192166079
2025-09-24,ILI incidence,2025-09-21,1,IE,respicast,hubEnsemble,WIS,0.503609020309225,0.710492452755612,10,3,0.8608733983788239
2025-09-24,ILI incidence,2025-09-21,1,IE,respicast,quantileBaseline,WIS,0.824086956521739,0.0,10,7,0.6212041545172097
2025-09-24,ILI incidence,2025-09-21,1,IE,safinea,PRFM,WIS,0.560778450516443,0.5553656658227074,10,5,0.8181192722393026
2025-09-24,ILI incidence,2025-09-21,1,IS,ECDC,SARIMA,WIS,0.478185930702312,-1.220724373059782,9,7,0.7378762995897616
2025-09-24,ILI incidence,2025-09-21,1,IS,ECDC,soca_simplex,WIS,0.449732103816597,-1.1322185631700046,9,6,0.7540951724421923
2025-09-24,ILI incidence,2025-09-21,1,IS,ISI,FluBcast,WIS,0.0183252201598874,3.4849448741365285,9,1,1.0
2025-09-24,ILI incidence,2025-09-21,1,IS,ItaLuxColab,EpiEKF,WIS,0.411509629354834,-1.0040788799041915,9,5,0.7758822401674069
2025-09-24,ILI incidence,2025-09-21,1,IS,ItaLuxColab,EpiNetEKF,WIS,0.226624165958938,-0.14345440014808825,9,3,0.881268198798728
2025-09-24,ILI incidence,2025-09-21,1,IS,QMUL,ARIMA,WIS,0.498858021687183,-1.2817819630665688,9,8,0.7260930685810069
2025-09-24,ILI incidence,2025-09-21,1,IS,respicast,hubEnsemble,WIS,0.296072322495459,-0.5291023201466364,9,4,0.8416822821054971
2025-09-24,ILI incidence,2025-09-21,1,IS,respicast,quantileBaseline,WIS,0.205173913043478,0.0,9,2,0.8934949873458595
2025-09-24,ILI incidence,2025-09-21,1,IS,safinea,PRFM,WIS,1.77269046764692,-3.111021431492371,9,9,0.0
2025-09-24,ILI incidence,2025-09-21,1,LT,ECDC,SARIMA,WIS,2.84134584329849,-0.7668390272630597,10,9,0.5808127248156918
2025-09-24,ILI incidence,2025-09-21,1,LT,ECDC,soca_simplex,WIS,0.39106159480237,2.094267652484863,10,1,1.0
2025-09-24,ILI incidence,2025-09-21,1,LT,ISI,FluBcast,WIS,2.458378465664,-0.5579716176193582,10,8,0.6463296343798011
2025-09-24,ILI incidence,2025-09-21,1,LT,ItaLuxColab,EpiEKF,WIS,1.82041374776933,-0.12453096960393163,10,7,0.7554707235910334
2025-09-24,ILI incidence,2025-09-21,1,LT,ItaLuxColab,EpiNetEKF,WIS,1.06991276324847,0.6422422477181641,10,4,0.8838641795411046
2025-09-24,ILI incidence,2025-09-21,1,LT,NotreDame,Rt_cocirc,WIS,1.62462826086957,0.039625771291670046,10,5,0.7889651170780402
2025-09-24,ILI incidence,2025-09-21,1,LT,QMUL,ARIMA,WIS,6.23638275207934,-1.9009740577007987,10,10,0.0
2025-09-24,ILI incidence,2025-09-21,1,LT,respicast,hubEnsemble,WIS,0.964804802960437,0.791426422745769,10,3,0.9018457339262187
2025-09-24,ILI incidence,2025-09-21,1,LT,respicast,quantileBaseline,WIS,1.66986956521739,0.0,10,6,0.7812253705131319
2025-09-24,ILI incidence,2025-09-21,1,LT,safinea,PRFM,WIS,0.760211017154597,1.1352635787570542,10,2,0.936847024753693
2025-09-24,ILI incidence,2025-09-21,1,LU,ECDC,SARIMA,WIS,570.759885079418,0.17738738611563495,9,6,0.6587221238958748
2025-09-24,ILI incidence,2025-09-21,1,LU,ECDC,soca_simplex,WIS,188.564467518197,1.7752134822321237,9,1,1.0
2025-09-24,ILI incidence,2025-09-21,1,LU,ItaLuxColab,EpiEKF,WIS,457.651482688586,0.4960219723872823,9,3,0.7597212294942319
2025-09-24,ILI incidence,2025-09-21,1,LU,ItaLuxColab,EpiNetEKF,WIS,1308.45955689285,-1.0195261007355478,9,9,0.0
2025-09-24,ILI incidence,2025-09-21,1,LU,NotreDame,Rt_cocirc,WIS,321.524786956522,1.0053413651008354,9,2,0.8812743080134678
2025-09-24,ILI incidence,2025-09-21,1,LU,QMUL,ARIMA,WIS,1012.49528184093,-0.6495719529973542,9,8,0.2642785720376592
2025-09-24,ILI incidence,2025-09-21,1,LU,respicast,hubEnsemble,WIS,516.114858800031,0.322579161042413,9,4,0.7075168965472137
2025-09-24,ILI incidence,2025-09-21,1,LU,respicast,quantileBaseline,WIS,645.434782608696,0.0,9,7,0.592041862291213
2025-09-24,ILI incidence,2025-09-21,1,LU,safinea,PRFM,WIS,540.47720468644,0.2560375552975962,9,5,0.6857627642918318
2025-09-24,ILI incidence,2025-09-21,1,MT,ECDC,soca_simplex,WIS,6848.89674809107,-0.5168480834369189,7,7,0.0
2025-09-24,ILI incidence,2025-09-21,1,MT,ItaLuxColab,EpiEKF,WIS,3073.32508824916,0.6392231478823728,7,2,0.9464021182120086
2025-09-24,ILI incidence,2025-09-21,1,MT,ItaLuxColab,EpiNetEKF,WIS,2859.50197901034,0.7432596233688996,7,1,1.0
2025-09-24,ILI incidence,2025-09-21,1,MT,NotreDame,Rt_cocirc,WIS,3500.19248695652,0.4515892646473143,7,3,0.839401577173619
2025-09-24,ILI incidence,2025-09-21,1,MT,respicast,hubEnsemble,WIS,4680.23510772571,0.032442523157082,7,4,0.543606678680506
2025-09-24,ILI incidence,2025-09-21,1,MT,respicast,quantileBaseline,WIS,4786.67391304348,0.0,7,5,0.5169262392958882
2025-09-24,ILI incidence,2025-09-21,1,MT,safinea,PRFM,WIS,4893.54767814709,-0.031857228589299,7,6,0.49013677089533764
2025-09-24,ILI incidence,2025-09-21,1,NL,ECDC,SARIMA,WIS,1.82419291631941,0.2846005078931786,9,5,0.8457910925046723
2025-09-24,ILI incidence,2025-09-21,1,NL,ECDC,soca_simplex,WIS,3.59182762734027,-0.692859299736126,9,8,0.4074970671368621
2025-09-24,ILI incidence,2025-09-21,1,NL,ItaLuxColab,EpiEKF,WIS,1.70179468323709,0.38480182632085264,9,4,0.8761403575089644
2025-09-24,ILI incidence,2025-09-21,1,NL,ItaLuxColab,EpiNetEKF,WIS,1.20227018440766,0.8860976695107746,9,1,1.0
2025-09-24,ILI incidence,2025-09-21,1,NL,NotreDame,Rt_cocirc,WIS,2.5917652173913,-0.2220762166781134,9,7,0.6554676328554001
2025-09-24,ILI incidence,2025-09-21,1,NL,QMUL,ARIMA,WIS,1.35978811256592,0.7084769540498854,9,2,0.9609426278123894
2025-09-24,ILI incidence,2025-09-21,1,NL,respicast,hubEnsemble,WIS,1.55480023964555,0.5151295815707664,9,3,0.9125883781247337
2025-09-24,ILI incidence,2025-09-21,1,NL,respicast,quantileBaseline,WIS,2.222,0.0,9,6,0.7471528009282983
2025-09-24,ILI incidence,2025-09-21,1,NL,safinea,PRFM,WIS,5.23525856369822,-1.236401975319869,9,9,0.0
2025-09-24,ILI incidence,2025-09-21,1,NO,ECDC,SARIMA,WIS,2.55563130621502,-0.5285843283981627,10,8,0.509477021491636
2025-09-24,ILI incidence,2025-09-21,1,NO,ECDC,soca_simplex,WIS,1.7517527274707,0.01629624681523074,10,3,0.8682333354756161
2025-09-24,ILI incidence,2025-09-21,1,NO,ISI,FluBcast,WIS,3.69723536438882,-1.0613514984670533,10,10,0.0
2025-09-24,ILI incidence,2025-09-21,1,NO,ItaLuxColab,EpiEKF,WIS,2.52249577989799,-0.5097564664061318,10,7,0.524264801136151
2025-09-24,ILI incidence,2025-09-21,1,NO,ItaLuxColab,EpiNetEKF,WIS,1.86635136401873,-0.07512522785157309,10,5,0.8170900589626624
2025-09-24,ILI incidence,2025-09-21,1,NO,NotreDame,Rt_cocirc,WIS,1.73653043478261,0.02888769341201543,10,2,0.8750267664234775
2025-09-24,ILI incidence,2025-09-21,1,NO,QMUL,ARIMA,WIS,3.60837951976983,-1.0262556960866833,10,9,0.039654739079172614
2025-09-24,ILI incidence,2025-09-21,1,NO,respicast,hubEnsemble,WIS,1.92594044002304,-0.12046769900786027,10,6,0.790496543690231
2025-09-24,ILI incidence,2025-09-21,1,NO,respicast,quantileBaseline,WIS,1.77165217391304,0.0,10,4,0.8593525763103117
2025-09-24,ILI incidence,2025-09-21,1,NO,safinea,PRFM,WIS,1.45649827514496,0.28259139634715147,10,1,1.0
2025-09-24,ILI incidence,2025-09-21,1,PL,ECDC,SARIMA,WIS,80.5851512693822,0.28155515633142725,9,3,0.6567102309867531
2025-09-24,ILI incidence,2025-09-21,1,PL,ECDC,soca_simplex,WIS,107.691475174482,-0.1367629593700958,9,7,0.2838737516689208
2025-09-24,ILI incidence,2025-09-21,1,PL,ItaLuxColab,EpiEKF,WIS,55.6269613164955,0.8162848876519772,9,1,1.0
2025-09-24,ILI incidence,2025-09-21,1,PL,ItaLuxColab,EpiNetEKF,WIS,73.5921705976763,0.4125168991360666,9,2,0.7528958407619667
2025-09-24,ILI incidence,2025-09-21,1,PL,NotreDame,Rt_cocirc,WIS,128.329943478261,-0.38971674486308705,9,9,0.0
2025-09-24,ILI incidence,2025-09-21,1,PL,QMUL,ARIMA,WIS,94.2307736902867,0.05587089746622584,9,5,0.4690202351273983
2025-09-24,ILI incidence,2025-09-21,1,PL,respicast,hubEnsemble,WIS,90.4893204465314,0.114321651291865,9,4,0.5204824053507668
2025-09-24,ILI incidence,2025-09-21,1,PL,respicast,quantileBaseline,WIS,97.9516086956522,0.0,9,6,0.4178416604014459
2025-09-24,ILI incidence,2025-09-21,1,PL,safinea,PRFM,WIS,126.895162629631,-0.3734959815344444,9,8,0.019734828007984186
2025-09-24,ILI incidence,2025-09-21,1,RO,NotreDame,Rt_cocirc,WIS,0.167826086956522,3.4271684376617575,3,1,1.0
2025-09-24,ILI incidence,2025-09-21,1,RO,respicast,hubEnsemble,WIS,0.167826086956522,3.4271684376617575,3,1,1.0
2025-09-24,ILI incidence,2025-09-21,1,RO,respicast,quantileBaseline,WIS,1.80526086956522,0.0,3,3,0.0
2025-09-24,ILI incidence,2025-09-21,1,SI,ECDC,SARIMA,WIS,2.25499243287206,-0.9677300792154636,9,8,0.28239078830975567
2025-09-24,ILI incidence,2025-09-21,1,SI,ISI,FluBcast,WIS,1.27270444658401,-0.14250491571283747,9,7,0.6506338407947153
2025-09-24,ILI incidence,2025-09-21,1,SI,ItaLuxColab,EpiEKF,WIS,1.05420045846464,0.12924328839116253,9,5,0.7325472681076898
2025-09-24,ILI incidence,2025-09-21,1,SI,ItaLuxColab,EpiNetEKF,WIS,0.726963812230132,0.665437058334028,9,4,0.8552227188680124
2025-09-24,ILI incidence,2025-09-21,1,SI,NotreDame,Rt_cocirc,WIS,0.381539130434783,1.5954895812518364,9,2,0.9847165546916997
2025-09-24,ILI incidence,2025-09-21,1,SI,QMUL,ARIMA,WIS,3.00826958752093,-1.3835413476268696,9,9,0.0
2025-09-24,ILI incidence,2025-09-21,1,SI,respicast,hubEnsemble,WIS,0.722596695302349,0.6741299510610429,9,3,0.856859876697991
2025-09-24,ILI incidence,2025-09-21,1,SI,respicast,quantileBaseline,WIS,1.153,0.0,9,6,0.6955090010546845
2025-09-24,ILI incidence,2025-09-21,1,SI,safinea,PRFM,WIS,0.340770554859153,1.7585199266382279,9,1,1.0
2025-09-24,ILI incidence,2025-09-28,2,BE,ECDC,SARIMA,WIS,26.9548684393948,0.08190435138873464,10,6,0.7732643909995508
2025-09-24,ILI incidence,2025-09-28,2,BE,ECDC,soca_simplex,WIS,34.1754205310001,-0.26050887089914954,10,8,0.6521113628320455
2025-09-24,ILI incidence,2025-09-28,2,BE,ISI,FluBcast,WIS,73.0403514045927,-1.3562434867847326,10,10,0.0
2025-09-24,ILI incidence,2025-09-28,2,BE,ItaLuxColab,EpiEKF,WIS,21.0088161470016,0.44145535149782344,10,5,0.8730326956563786
2025-09-24,ILI incidence,2025-09-28,2,BE,ItaLuxColab,EpiNetEKF,WIS,13.4417412763983,1.0857301790019838,10,1,1.0
2025-09-24,ILI incidence,2025-09-28,2,BE,NotreDame,Rt_cocirc,WIS,39.6573630434783,-0.47513853141859386,10,9,0.5601303166182707
2025-09-24,ILI incidence,2025-09-28,2,BE,QMUL,ARIMA,WIS,14.0386659730571,1.0230443697262903,10,2,0.9899842513881644
2025-09-24,ILI incidence,2025-09-28,2,BE,respicast,hubEnsemble,WIS,16.9571378292504,0.7505575394653715,10,4,0.9410154608422813
2025-09-24,ILI incidence,2025-09-28,2,BE,respicast,quantileBaseline,WIS,28.5294160869565,0.0,10,7,0.746845190213242
2025-09-24,ILI incidence,2025-09-28,2,BE,safinea,PRFM,WIS,16.2117877485274,0.8154070272502247,10,3,0.9535216263236537
2025-09-24,ILI incidence,2025-09-28,2,CZ,ECDC,SARIMA,WIS,3.71416324956938,-0.1258430454722243,9,7,0.608901275697418
2025-09-24,ILI incidence,2025-09-28,2,CZ,ECDC,soca_simplex,WIS,1.30481396382971,1.3833500556921867,9,1,1.0
2025-09-24,ILI incidence,2025-09-28,2,CZ,ISI,FluBcast,WIS,7.46527713086276,-1.133001635675909,9,9,0.0
2025-09-24,ILI incidence,2025-09-28,2,CZ,ItaLuxColab,EpiEKF,WIS,2.54945092627152,0.41700761417358,9,4,0.7979637360544042
2025-09-24,ILI incidence,2025-09-28,2,CZ,ItaLuxColab,EpiNetEKF,WIS,1.64159522684454,1.0520957411027922,9,2,0.9453318275130556
2025-09-24,ILI incidence,2025-09-28,2,CZ,NotreDame,Rt_cocirc,WIS,3.00481739130435,0.17991686417012823,9,5,0.7240461664356673
2025-09-24,ILI incidence,2025-09-28,2,CZ,QMUL,ARIMA,WIS,3.93376667178863,-0.20871720551662584,9,8,0.5732540497884262
2025-09-24,ILI incidence,2025-09-28,2,CZ,respicast,hubEnsemble,WIS,1.84884340210667,0.8805711493616081,9,3,0.9116901727148916
2025-09-24,ILI incidence,2025-09-28,2,CZ,respicast,quantileBaseline,WIS,3.40391304347826,0.0,9,6,0.6592627822398782
2025-09-24,ILI incidence,2025-09-28,2,DK,ECDC,SARIMA,WIS,6.67116434018073,0.4924223072203219,10,5,0.4535586328565491
2025-09-24,ILI incidence,2025-09-28,2,DK,ECDC,soca_simplex,WIS,2.0887336597946,2.1677323468027403,10,1,1.0
2025-09-24,ILI incidence,2025-09-28,2,DK,ISI,FluBcast,WIS,10.4746849363991,-0.15847405635194423,10,10,0.0
2025-09-24,ILI incidence,2025-09-28,2,DK,ItaLuxColab,EpiEKF,WIS,10.4168289286407,-0.15048336794119552,10,9,0.006899158586791509
2025-09-24,ILI incidence,2025-09-28,2,DK,ItaLuxColab,EpiNetEKF,WIS,7.48023963502385,0.32727640024231236,10,7,0.357078786008367
2025-09-24,ILI incidence,2025-09-28,2,DK,NotreDame,Rt_cocirc,WIS,4.99232608695652,0.9106487181883501,10,3,0.6537551517545193
2025-09-24,ILI incidence,2025-09-28,2,DK,QMUL,ARIMA,WIS,3.48544582316837,1.4290176859673596,10,2,0.8334461866872063
2025-09-24,ILI incidence,2025-09-28,2,DK,respicast,hubEnsemble,WIS,5.2358974263643,0.8419240543996112,10,4,0.6247099866475736
2025-09-24,ILI incidence,2025-09-28,2,DK,respicast,quantileBaseline,WIS,9.38502695652174,0.0,10,8,0.12993850595308568
2025-09-24,ILI incidence,2025-09-28,2,DK,safinea,PRFM,WIS,6.73340249384093,0.47902518339011263,10,6,0.4461369162727866
2025-09-24,ILI incidence,2025-09-28,2,EE,ECDC,SARIMA,WIS,11.939283076413,-0.2416688956941583,9,5,0.8730296695014521
2025-09-24,ILI incidence,2025-09-28,2,EE,ECDC,soca_simplex,WIS,8.20091605973657,0.3001903373971686,9,2,0.9848945861745547
2025-09-24,ILI incidence,2025-09-28,2,EE,ItaLuxColab,EpiEKF,WIS,36.8291032763435,-1.8667989572465873,9,8,0.12823985880247615
2025-09-24,ILI incidence,2025-09-28,2,EE,ItaLuxColab,EpiNetEKF,WIS,27.5754681748426,-1.449338066683813,9,7,0.40514073957073093
2025-09-24,ILI incidence,2025-09-28,2,EE,NotreDame,Rt_cocirc,WIS,13.0640739130435,-0.3715575450778318,9,6,0.8393720236221013
2025-09-24,ILI incidence,2025-09-28,2,EE,QMUL,ARIMA,WIS,7.69611453216461,0.3918451390377166,9,1,1.0
2025-09-24,ILI incidence,2025-09-28,2,EE,respicast,hubEnsemble,WIS,10.9354219431489,-0.11496157449304133,9,4,0.9030686789200061
2025-09-24,ILI incidence,2025-09-28,2,EE,respicast,quantileBaseline,WIS,10.0978441304348,0.0,9,3,0.9281319142333226
2025-09-24,ILI incidence,2025-09-28,2,EE,safinea,PRFM,WIS,41.114697657747,-2.025606906538058,9,9,0.0
2025-09-24,ILI incidence,2025-09-28,2,ES,ECDC,SARIMA,WIS,2.93314923247913,-0.009191311654369488,8,6,0.266327098171509
2025-09-24,ILI incidence,2025-09-28,2,ES,ECDC,soca_simplex,WIS,3.44972251138388,-0.2432211565177533,8,8,0.0
2025-09-24,ILI incidence,2025-09-28,2,ES,ItaLuxColab,EpiEKF,WIS,2.34231368115113,0.31532486902966883,8,4,0.5709412241971108
2025-09-24,ILI incidence,2025-09-28,2,ES,ItaLuxColab,EpiNetEKF,WIS,1.51010283899107,0.9486123612328579,8,1,1.0
2025-09-24,ILI incidence,2025-09-28,2,ES,QMUL,ARIMA,WIS,2.091158508481,0.47895674116864123,8,3,0.7004280386715653
2025-09-24,ILI incidence,2025-09-28,2,ES,respicast,hubEnsemble,WIS,1.89241316045432,0.6230320636387886,8,2,0.8028941823467829
2025-09-24,ILI incidence,2025-09-28,2,ES,respicast,quantileBaseline,WIS,2.91452173913044,0.0,8,5,0.2759307816223528
2025-09-24,ILI incidence,2025-09-28,2,ES,safinea,PRFM,WIS,3.12024318200527,-0.09839931000882941,8,7,0.16986800766572363
2025-09-24,ILI incidence,2025-09-28,2,FI,ECDC,soca_simplex,WIS,1.18257225398193,1.128710013658854,6,1,1.0
2025-09-24,ILI incidence,2025-09-28,2,FI,ItaLuxColab,EpiEKF,WIS,2.7080585821865,-0.06662060126861213,6,6,0.0
2025-09-24,ILI incidence,2025-09-28,2,FI,ItaLuxColab,EpiNetEKF,WIS,2.2834019152779,0.17945352781241758,6,4,0.2783746134312473
2025-09-24,ILI incidence,2025-09-28,2,FI,respicast,hubEnsemble,WIS,1.84158814947691,0.4896878921947481,6,3,0.5679961968124536
2025-09-24,ILI incidence,2025-09-28,2,FI,respicast,quantileBaseline,WIS,2.58584956521739,0.0,6,5,0.08011151244662085
2025-09-24,ILI incidence,2025-09-28,2,FI,safinea,PRFM,WIS,1.82902091512703,0.49956677452654885,6,2,0.5762343790350836
2025-09-24,ILI incidence,2025-09-28,2,FR,NotreDame,Rt_cocirc,WIS,98.0433326086956,-1.402247922649008,3,2,0.0
2025-09-24,ILI incidence,2025-09-28,2,FR,respicast,hubEnsemble,WIS,98.0433326086956,-1.402247922649008,3,2,0.0
2025-09-24,ILI incidence,2025-09-28,2,FR,respicast,quantileBaseline,WIS,37.0936336956522,0.0,3,1,1.0
2025-09-24,ILI incidence,2025-09-28,2,GR,ECDC,SARIMA,WIS,82.0092748812979,0.027608881669141192,10,7,0.3594020451622536
2025-09-24,ILI incidence,2025-09-28,2,GR,ECDC,soca_simplex,WIS,26.0405165281288,1.6826378975218648,10,1,1.0
2025-09-24,ILI incidence,2025-09-28,2,GR,ISI,FluBcast,WIS,113.410071692171,-0.44008090037542436,10,10,0.0
2025-09-24,ILI incidence,2025-09-28,2,GR,ItaLuxColab,EpiEKF,WIS,85.6849955377763,-0.03564663041967715,10,9,0.3173310897868143
2025-09-24,ILI incidence,2025-09-28,2,GR,ItaLuxColab,EpiNetEKF,WIS,65.7060229063031,0.34737034251458904,10,6,0.5460031093932016
2025-09-24,ILI incidence,2025-09-28,2,GR,NotreDame,Rt_cocirc,WIS,60.6694369565217,0.4624260404844259,10,5,0.6036500315999689
2025-09-24,ILI incidence,2025-09-28,2,GR,QMUL,ARIMA,WIS,29.5666300015944,1.4994261482229359,10,2,0.9596413937687438
2025-09-24,ILI incidence,2025-09-28,2,GR,respicast,hubEnsemble,WIS,45.6588061773245,0.8725028244864143,10,4,0.7754562260004524
2025-09-24,ILI incidence,2025-09-28,2,GR,respicast,quantileBaseline,WIS,83.5938010869566,0.0,10,8,0.3412661372629442
2025-09-24,ILI incidence,2025-09-28,2,GR,safinea,PRFM,WIS,31.1695587879341,1.4232582295304705,10,3,0.9412948566560152
2025-09-24,ILI incidence,2025-09-28,2,IE,ECDC,SARIMA,WIS,2.37472086716454,-1.0016274901479885,10,10,0.0
2025-09-24,ILI incidence,2025-09-28,2,IE,ECDC,soca_simplex,WIS,1.08355631374116,0.13035631993989208,10,5,0.676354495638477
2025-09-24,ILI incidence,2025-09-28,2,IE,ISI,FluBcast,WIS,2.13935839782395,-0.8510477375179019,10,9,0.12329060910246552
2025-09-24,ILI incidence,2025-09-28,2,IE,ItaLuxColab,EpiEKF,WIS,1.04765551717916,0.1789660360662435,10,4,0.6951605146600889
2025-09-24,ILI incidence,2025-09-28,2,IE,ItaLuxColab,EpiNetEKF,WIS,0.682895854539251,0.7963929726470647,10,2,0.8862336331096008
2025-09-24,ILI incidence,2025-09-28,2,IE,NotreDame,Rt_cocirc,WIS,0.465715217391304,1.3486105253824885,10,1,1.0
2025-09-24,ILI incidence,2025-09-28,2,IE,QMUL,ARIMA,WIS,1.8964004370644,-0.6771331767375912,10,8,0.25055998663857176
2025-09-24,ILI incidence,2025-09-28,2,IE,respicast,hubEnsemble,WIS,0.732082651470974,0.6960520121522523,10,3,0.8604679697457622
2025-09-24,ILI incidence,2025-09-28,2,IE,respicast,quantileBaseline,WIS,1.18602173913043,0.0,10,6,0.6226797328626614
2025-09-24,ILI incidence,2025-09-28,2,IE,safinea,PRFM,WIS,1.42431224448615,-0.26413500148886954,10,7,0.4978553221103802
2025-09-24,ILI incidence,2025-09-28,2,IS,ECDC,SARIMA,WIS,0.822578866364298,-0.6335700148477972,9,5,0.6071556334927379
2025-09-24,ILI incidence,2025-09-28,2,IS,ECDC,soca_simplex,WIS,1.49829573208369,-1.4986665126144672,9,8,0.0777843436383385
2025-09-24,ILI incidence,2025-09-28,2,IS,ISI,FluBcast,WIS,1.14636413381308,-1.11240948099018,9,7,0.35349521244829324
2025-09-24,ILI incidence,2025-09-28,2,IS,ItaLuxColab,EpiEKF,WIS,0.861427196984384,-0.7001448812230827,9,6,0.5767210063103149
2025-09-24,ILI incidence,2025-09-28,2,IS,ItaLuxColab,EpiNetEKF,WIS,0.46822787489406,0.17937316723881655,9,2,0.8847619075585441
2025-09-24,ILI incidence,2025-09-28,2,IS,QMUL,ARIMA,WIS,0.321132019624993,0.7234174705093511,9,1,1.0
2025-09-24,ILI incidence,2025-09-28,2,IS,respicast,hubEnsemble,WIS,0.49193103638204,0.10812791296063115,9,3,0.8661923352907863
2025-09-24,ILI incidence,2025-09-28,2,IS,respicast,quantileBaseline,WIS,0.530217391304348,0.0,9,4,0.8361979720933134
2025-09-24,ILI incidence,2025-09-28,2,IS,safinea,PRFM,WIS,1.59758368723478,-1.5912356097923455,9,9,0.0
2025-09-24,ILI incidence,2025-09-28,2,LT,ECDC,SARIMA,WIS,5.52210024503817,-1.005311785752962,10,9,0.3446217080953515
2025-09-24,ILI incidence,2025-09-28,2,LT,ECDC,soca_simplex,WIS,1.25311577827877,1.134385577503196,10,3,0.938475118294678
2025-09-24,ILI incidence,2025-09-28,2,LT,ISI,FluBcast,WIS,2.99442391738047,-0.12237318437504835,10,8,0.696243790290254
2025-09-24,ILI incidence,2025-09-28,2,LT,ItaLuxColab,EpiEKF,WIS,2.8930293011734,-0.07267564297403802,10,7,0.7103486761429141
2025-09-24,ILI incidence,2025-09-28,2,LT,ItaLuxColab,EpiNetEKF,WIS,1.39120448550835,0.9835708029800596,10,4,0.9192657605804879
2025-09-24,ILI incidence,2025-09-28,2,LT,NotreDame,Rt_cocirc,WIS,2.10978260869565,0.38281094049912107,10,5,0.8193052026838362
2025-09-24,ILI incidence,2025-09-28,2,LT,QMUL,ARIMA,WIS,7.99945356742348,-1.5399961624199898,10,10,0.0
2025-09-24,ILI incidence,2025-09-28,2,LT,respicast,hubEnsemble,WIS,1.21407713529217,1.1800452074389864,10,2,0.9439057380234832
2025-09-24,ILI incidence,2025-09-28,2,LT,respicast,quantileBaseline,WIS,2.75090304347826,0.0,10,6,0.7301196927554896
2025-09-24,ILI incidence,2025-09-28,2,LT,safinea,PRFM,WIS,0.810836993972267,1.7624214747165199,10,1,1.0
2025-09-24,ILI incidence,2025-09-28,2,LU,ECDC,SARIMA,WIS,950.539272707302,-0.30747658451475324,9,6,0.6641993984457281
2025-09-24,ILI incidence,2025-09-28,2,LU,ECDC,soca_simplex,WIS,1462.96052090666,-0.9295492823521132,9,8,0.36286644260983547
2025-09-24,ILI incidence,2025-09-28,2,LU,ItaLuxColab,EpiEKF,WIS,623.385702744546,0.30114458296959257,9,2,0.8565843797390649
2025-09-24,ILI incidence,2025-09-28,2,LU,ItaLuxColab,EpiNetEKF,WIS,2080.02039388337,-1.4372561181280505,9,9,0.0
2025-09-24,ILI incidence,2025-09-28,2,LU,NotreDame,Rt_cocirc,WIS,379.50527173913,1.0171497239467566,9,1,1.0
2025-09-24,ILI incidence,2025-09-28,2,LU,QMUL,ARIMA,WIS,1024.73756231691,-0.4159129240296326,9,7,0.620566567050469
2025-09-24,ILI incidence,2025-09-28,2,LU,respicast,hubEnsemble,WIS,685.926551720307,0.16321554789257026,9,4,0.8198067891364591
2025-09-24,ILI incidence,2025-09-28,2,LU,respicast,quantileBaseline,WIS,768.086956521739,0.0,9,5,0.7714917793305874
2025-09-24,ILI incidence,2025-09-28,2,LU,safinea,PRFM,WIS,661.836098239037,0.21479566823699858,9,3,0.8339733514725196
2025-09-24,ILI incidence,2025-09-28,2,MT,ECDC,soca_simplex,WIS,3232.95656640534,-0.9028074245379905,7,7,0.0
2025-09-24,ILI incidence,2025-09-28,2,MT,ItaLuxColab,EpiEKF,WIS,1805.19770319933,-0.06211014711176291,7,6,0.496902961557941
2025-09-24,ILI incidence,2025-09-28,2,MT,ItaLuxColab,EpiNetEKF,WIS,1204.37599182674,0.5217608463649395,7,4,0.7060069604495752
2025-09-24,ILI incidence,2025-09-28,2,MT,NotreDame,Rt_cocirc,WIS,359.641304347826,2.2654160737967115,7,1,1.0
2025-09-24,ILI incidence,2025-09-28,2,MT,respicast,hubEnsemble,WIS,1115.51096651424,0.6323420042825553,7,2,0.7369346579723545
2025-09-24,ILI incidence,2025-09-28,2,MT,respicast,quantileBaseline,WIS,1729.13043478261,0.0,7,5,0.5233766553503338
2025-09-24,ILI incidence,2025-09-28,2,MT,safinea,PRFM,WIS,1191.82351202677,0.5368760869645575,7,3,0.7103756003846797
2025-09-24,ILI incidence,2025-09-28,2,NL,ECDC,SARIMA,WIS,2.39428672581654,0.19482123020878514,9,5,0.777767824064896
2025-09-24,ILI incidence,2025-09-28,2,NL,ECDC,soca_simplex,WIS,2.64602620078077,0.05058981442070303,9,6,0.7198684842485817
2025-09-24,ILI incidence,2025-09-28,2,NL,ItaLuxColab,EpiEKF,WIS,2.83027686225991,-0.046526025141058795,9,8,0.6774913733013328
2025-09-24,ILI incidence,2025-09-28,2,NL,ItaLuxColab,EpiNetEKF,WIS,1.66734992572083,0.7168602479446388,9,3,0.9449611528811493
2025-09-24,ILI incidence,2025-09-28,2,NL,NotreDame,Rt_cocirc,WIS,2.00384782608696,0.45164420838024116,9,4,0.8675676241803242
2025-09-24,ILI incidence,2025-09-28,2,NL,QMUL,ARIMA,WIS,1.42804753435864,0.9403731594956738,9,1,1.0
2025-09-24,ILI incidence,2025-09-28,2,NL,respicast,hubEnsemble,WIS,1.59933252847615,0.7769472307009312,9,2,0.9606049544623296
2025-09-24,ILI incidence,2025-09-28,2,NL,respicast,quantileBaseline,WIS,2.74045826086956,0.0,9,7,0.6981493878001113
2025-09-24,ILI incidence,2025-09-28,2,NL,safinea,PRFM,WIS,5.77592914687572,-1.0756358832619002,9,9,0.0
2025-09-24,ILI incidence,2025-09-28,2,NO,ECDC,SARIMA,WIS,3.36430321656266,-0.05858832041671222,10,7,0.49813504780785856
2025-09-24,ILI incidence,2025-09-28,2,NO,ECDC,soca_simplex,WIS,0.88764542979661,1.863664005835086,10,1,1.0
2025-09-24,ILI incidence,2025-09-28,2,NO,ISI,FluBcast,WIS,5.8225542652274,-0.8499327625015194,10,10,0.0
2025-09-24,ILI incidence,2025-09-28,2,NO,ItaLuxColab,EpiEKF,WIS,4.00789767939504,-0.31112625969439267,10,8,0.367718360429236
2025-09-24,ILI incidence,2025-09-28,2,NO,ItaLuxColab,EpiNetEKF,WIS,3.17357062145226,0.02561247040871361,10,5,0.5367847172284994
2025-09-24,ILI incidence,2025-09-28,2,NO,NotreDame,Rt_cocirc,WIS,2.86075,0.17532599114728747,10,4,0.6001740587308846
2025-09-24,ILI incidence,2025-09-28,2,NO,QMUL,ARIMA,WIS,5.07346206874452,-0.6512511431371778,10,9,0.15179453592023412
2025-09-24,ILI incidence,2025-09-28,2,NO,respicast,hubEnsemble,WIS,2.63522715475987,0.29379209113434335,10,3,0.6458735544583357
2025-09-24,ILI incidence,2025-09-28,2,NO,respicast,quantileBaseline,WIS,3.2304147826087,0.0,10,6,0.5252659307519751
2025-09-24,ILI incidence,2025-09-28,2,NO,safinea,PRFM,WIS,2.37942445266326,0.4411067683847086,10,2,0.6977088994722177
2025-09-24,ILI incidence,2025-09-28,2,PL,ECDC,SARIMA,WIS,67.5430281633755,0.5242166522419275,9,3,0.6362434289226725
2025-09-24,ILI incidence,2025-09-28,2,PL,ECDC,soca_simplex,WIS,77.3886394492777,0.32790171735496515,9,5,0.4988940351900746
2025-09-24,ILI incidence,2025-09-28,2,PL,ItaLuxColab,EpiEKF,WIS,41.467879928702,1.2280292230861851,9,1,1.0
2025-09-24,ILI incidence,2025-09-28,2,PL,ItaLuxColab,EpiNetEKF,WIS,54.3166357343647,0.8386293888739174,9,2,0.8207557896732204
2025-09-24,ILI incidence,2025-09-28,2,PL,NotreDame,Rt_cocirc,WIS,113.150841304348,-0.2201518927955213,9,9,0.0
2025-09-24,ILI incidence,2025-09-28,2,PL,QMUL,ARIMA,WIS,94.8599147563787,0.03422494155494829,9,6,0.2551642147164915
2025-09-24,ILI incidence,2025-09-28,2,PL,respicast,hubEnsemble,WIS,75.0632849144349,0.3719160867992484,9,4,0.5313334669632273
2025-09-24,ILI incidence,2025-09-28,2,PL,respicast,quantileBaseline,WIS,97.1371739130435,0.0,9,7,0.22339572869188248
2025-09-24,ILI incidence,2025-09-28,2,PL,safinea,PRFM,WIS,99.2627326063543,-0.031228657641958795,9,8,0.19374351214669722
2025-09-24,ILI incidence,2025-09-28,2,RO,NotreDame,Rt_cocirc,WIS,2.7595652173913,-0.5121716011216992,3,2,0.0
2025-09-24,ILI incidence,2025-09-28,2,RO,respicast,hubEnsemble,WIS,2.7595652173913,-0.5121716011216992,3,2,0.0
2025-09-24,ILI incidence,2025-09-28,2,RO,respicast,quantileBaseline,WIS,1.93491391304348,0.0,3,1,1.0
2025-09-24,ILI incidence,2025-09-28,2,SI,ECDC,SARIMA,WIS,3.35606075871045,-0.8288121207980081,10,9,0.3757525427656948
2025-09-24,ILI incidence,2025-09-28,2,SI,ECDC,soca_simplex,WIS,0.219469302552885,3.105865646603058,10,1,1.0
2025-09-24,ILI incidence,2025-09-28,2,SI,ISI,FluBcast,WIS,0.390692947123471,2.273849597003789,10,2,0.9659229050912108
2025-09-24,ILI incidence,2025-09-28,2,SI,ItaLuxColab,EpiEKF,WIS,1.72473951450785,0.1315782243051432,10,7,0.7004196703977035
2025-09-24,ILI incidence,2025-09-28,2,SI,ItaLuxColab,EpiNetEKF,WIS,1.29381664987431,0.5463235302738676,10,6,0.7861823545953922
2025-09-24,ILI incidence,2025-09-28,2,SI,NotreDame,Rt_cocirc,WIS,0.984791304347826,0.9400667859446171,10,4,0.8476848769551832
2025-09-24,ILI incidence,2025-09-28,2,SI,QMUL,ARIMA,WIS,5.24406559014381,-1.4727290161596411,10,10,0.0
2025-09-24,ILI incidence,2025-09-28,2,SI,respicast,hubEnsemble,WIS,1.05350999360206,0.842752714385432,10,5,0.8340084171321431
2025-09-24,ILI incidence,2025-09-28,2,SI,respicast,quantileBaseline,WIS,1.88943739130435,0.0,10,8,0.6676413400862218
2025-09-24,ILI incidence,2025-09-28,2,SI,safinea,PRFM,WIS,0.820915014838429,1.2026519340624098,10,3,0.8802996941722635
2025-09-24,ILI incidence,2025-10-05,3,AT,NotreDame,Rt_cocirc,WIS,41.438154347826,3.8708876701646626,3,1,1.0
2025-09-24,ILI incidence,2025-10-05,3,AT,respicast,hubEnsemble,WIS,41.438154347826,3.8708876701646626,3,1,1.0
2025-09-24,ILI incidence,2025-10-05,3,AT,respicast,quantileBaseline,WIS,606.252723043478,0.0,3,3,0.0
2025-09-24,ILI incidence,2025-10-05,3,BE,ECDC,SARIMA,WIS,47.8899568051915,0.6843459959954958,10,4,0.907164475939825
2025-09-24,ILI incidence,2025-10-05,3,BE,ECDC,soca_simplex,WIS,107.421271519384,-0.48113866810645967,10,8,0.43533565456498724
2025-09-24,ILI incidence,2025-10-05,3,BE,ISI,FluBcast,WIS,162.348191377102,-1.076950277091704,10,10,0.0
2025-09-24,ILI incidence,2025-10-05,3,BE,ItaLuxColab,EpiEKF,WIS,53.9610511957589,0.5121506771360641,10,6,0.8590466521607056
2025-09-24,ILI incidence,2025-10-05,3,BE,ItaLuxColab,EpiNetEKF,WIS,45.2089309137619,0.7674613286447022,10,3,0.9284135495156699
2025-09-24,ILI incidence,2025-10-05,3,BE,NotreDame,Rt_cocirc,WIS,123.802360869565,-0.6858977910959,10,9,0.30550364735938856
2025-09-24,ILI incidence,2025-10-05,3,BE,QMUL,ARIMA,WIS,36.176766450733,1.0890056674651063,10,1,1.0
2025-09-24,ILI incidence,2025-10-05,3,BE,respicast,hubEnsemble,WIS,47.9976648540893,0.6811049116787953,10,5,0.906310811578337
2025-09-24,ILI incidence,2025-10-05,3,BE,respicast,quantileBaseline,WIS,76.9578839130435,0.0,10,7,0.6767800832390575
2025-09-24,ILI incidence,2025-10-05,3,BE,safinea,PRFM,WIS,37.8496557126198,1.0237889530641433,10,2,0.9867411399779065
2025-09-24,ILI incidence,2025-10-05,3,CZ,ECDC,SARIMA,WIS,5.14996451048909,-0.3686353009819798,9,7,0.5302662427620523
2025-09-24,ILI incidence,2025-10-05,3,CZ,ECDC,soca_simplex,WIS,2.93544989682345,0.44234555690089233,9,3,0.8708790651120664
2025-09-24,ILI incidence,2025-10-05,3,CZ,ISI,FluBcast,WIS,8.59752216738623,-1.1079937410968161,9,9,0.0
2025-09-24,ILI incidence,2025-10-05,3,CZ,ItaLuxColab,EpiEKF,WIS,3.42077914859302,0.2216022251968101,9,5,0.7962309389745644
2025-09-24,ILI incidence,2025-10-05,3,CZ,ItaLuxColab,EpiNetEKF,WIS,2.0959624246059,0.9283143362541589,9,1,1.0
2025-09-24,ILI incidence,2025-10-05,3,CZ,NotreDame,Rt_cocirc,WIS,2.98985434782609,0.41585198486549674,9,4,0.862511157539879
2025-09-24,ILI incidence,2025-10-05,3,CZ,QMUL,ARIMA,WIS,5.29939534059157,-0.4099005685706325,9,8,0.5072823994976086
2025-09-24,ILI incidence,2025-10-05,3,CZ,respicast,hubEnsemble,WIS,2.54707312791902,0.6470868086245501,9,2,0.9306150029900044
2025-09-24,ILI incidence,2025-10-05,3,CZ,respicast,quantileBaseline,WIS,3.98872369565218,0.0,9,6,0.7088758165841512
2025-09-24,ILI incidence,2025-10-05,3,DK,ECDC,SARIMA,WIS,10.6800201223781,0.4239076421988855,10,4,0.628362110373142
2025-09-24,ILI incidence,2025-10-05,3,DK,ECDC,soca_simplex,WIS,14.6379628530708,-0.030892782103274587,10,8,0.44943531687279914
2025-09-24,ILI incidence,2025-10-05,3,DK,ISI,FluBcast,WIS,24.5796781799587,-0.7786440192977695,10,10,0.0
2025-09-24,ILI incidence,2025-10-05,3,DK,ItaLuxColab,EpiEKF,WIS,16.0215843027549,-0.16119480902619007,10,9,0.3868859152631038
2025-09-24,ILI incidence,2025-10-05,3,DK,ItaLuxColab,EpiNetEKF,WIS,12.9030504494601,0.1511098295282473,10,6,0.5278655354241694
2025-09-24,ILI incidence,2025-10-05,3,DK,NotreDame,Rt_cocirc,WIS,2.45921956521739,2.542549554243464,10,1,1.0
2025-09-24,ILI incidence,2025-10-05,3,DK,QMUL,ARIMA,WIS,3.78320673950516,1.9211404853505785,10,2,0.940146486230378
2025-09-24,ILI incidence,2025-10-05,3,DK,respicast,hubEnsemble,WIS,10.0002942757917,0.5187795530313256,10,3,0.659090489853187
2025-09-24,ILI incidence,2025-10-05,3,DK,respicast,quantileBaseline,WIS,14.3278486956522,0.0,10,7,0.4634546535791338
2025-09-24,ILI incidence,2025-10-05,3,DK,safinea,PRFM,WIS,11.2147957500824,0.35341866190706805,10,5,0.6041864982387751
2025-09-24,ILI incidence,2025-10-05,3,ES,ECDC,SARIMA,WIS,4.78318971748676,0.07443834925435647,8,5,0.6303574811288506
2025-09-24,ILI incidence,2025-10-05,3,ES,ECDC,soca_simplex,WIS,8.64619901585704,-0.7796546802983303,8,8,0.0
2025-09-24,ILI incidence,2025-10-05,3,ES,ItaLuxColab,EpiEKF,WIS,3.93148705684912,0.35733625909167394,8,4,0.769336474541261
2025-09-24,ILI incidence,2025-10-05,3,ES,ItaLuxColab,EpiNetEKF,WIS,2.90079053897085,0.7959652390773179,8,2,0.9375232974650684
2025-09-24,ILI incidence,2025-10-05,3,ES,QMUL,ARIMA,WIS,2.51791559887853,1.0001814394884316,8,1,1.0
2025-09-24,ILI incidence,2025-10-05,3,ES,respicast,hubEnsemble,WIS,3.4714373883264,0.5368782129986952,8,3,0.8444063819231789
2025-09-24,ILI incidence,2025-10-05,3,ES,respicast,quantileBaseline,WIS,5.03646456521739,0.0,8,6,0.5890286406530777
2025-09-24,ILI incidence,2025-10-05,3,ES,safinea,PRFM,WIS,7.51591731451742,-0.5775378313253472,8,7,0.18443691723006075
2025-09-24,ILI incidence,2025-10-05,3,FI,ECDC,soca_simplex,WIS,0.927394558820594,1.6983446187805726,6,1,1.0
2025-09-24,ILI incidence,2025-10-05,3,FI,ItaLuxColab,EpiEKF,WIS,3.37013503458163,-0.16320661237815612,6,6,0.0
2025-09-24,ILI incidence,2025-10-05,3,FI,ItaLuxColab,EpiNetEKF,WIS,2.64510946467919,0.18627235831998784,6,4,0.29680826804843363
2025-09-24,ILI incidence,2025-10-05,3,FI,respicast,hubEnsemble,WIS,2.13726504718863,0.49383395505099054,6,2,0.5047077246341116
2025-09-24,ILI incidence,2025-10-05,3,FI,respicast,quantileBaseline,WIS,3.00965847826087,0.0,6,5,0.1475705503297289
2025-09-24,ILI incidence,2025-10-05,3,FI,safinea,PRFM,WIS,2.1660033493905,0.4745643122431331,6,3,0.4929429454907536
2025-09-24,ILI incidence,2025-10-05,3,FR,NotreDame,Rt_cocirc,WIS,106.11855,-1.4438254926173513,3,2,0.0
2025-09-24,ILI incidence,2025-10-05,3,FR,respicast,hubEnsemble,WIS,106.11855,-1.4438254926173513,3,2,0.0
2025-09-24,ILI incidence,2025-10-05,3,FR,respicast,quantileBaseline,WIS,39.0082552173913,0.0,3,1,1.0
2025-09-24,ILI incidence,2025-10-05,3,GR,ECDC,SARIMA,WIS,158.322318570923,0.11249826186606973,10,6,0.4501927286521229
2025-09-24,ILI incidence,2025-10-05,3,GR,ECDC,soca_simplex,WIS,24.6904584141991,2.7933373796766143,10,1,1.0
2025-09-24,ILI incidence,2025-10-05,3,GR,ISI,FluBcast,WIS,267.742646191053,-0.6454840432685308,10,10,0.0
2025-09-24,ILI incidence,2025-10-05,3,GR,ItaLuxColab,EpiEKF,WIS,162.50640200711,0.07486635241596334,10,7,0.43297797541555283
2025-09-24,ILI incidence,2025-10-05,3,GR,ItaLuxColab,EpiNetEKF,WIS,140.245752526346,0.2874058291177341,10,5,0.5245659166078432
2025-09-24,ILI incidence,2025-10-05,3,GR,NotreDame,Rt_cocirc,WIS,206.141586956522,-0.26827267596005744,10,9,0.2534478697681459
2025-09-24,ILI incidence,2025-10-05,3,GR,QMUL,ARIMA,WIS,71.6821234004799,1.2556776279359656,10,2,0.8066601851392351
2025-09-24,ILI incidence,2025-10-05,3,GR,respicast,hubEnsemble,WIS,120.985803890447,0.500525131303082,10,4,0.6038079461162611
2025-09-24,ILI incidence,2025-10-05,3,GR,respicast,quantileBaseline,WIS,171.162055217391,0.0,10,8,0.39736565162018855
2025-09-24,ILI incidence,2025-10-05,3,GR,safinea,PRFM,WIS,94.8359083652985,0.8518575821270703,10,3,0.7113975784677984
2025-09-24,ILI incidence,2025-10-05,3,HR,ECDC,SARIMA,WIS,3.49452112094461,-1.3374126715165655,10,8,0.43937269318485594
2025-09-24,ILI incidence,2025-10-05,3,HR,ECDC,soca_simplex,WIS,0.0511627799115585,4.756443629978897,10,1,1.0
2025-09-24,ILI incidence,2025-10-05,3,HR,ISI,FluBcast,WIS,0.549854779353449,1.3305595470750418,10,3,0.9188059083930576
2025-09-24,ILI incidence,2025-10-05,3,HR,ItaLuxColab,EpiEKF,WIS,1.49541122129931,-0.11286016904389251,10,7,0.7648559824812573
2025-09-24,ILI incidence,2025-10-05,3,HR,ItaLuxColab,EpiNetEKF,WIS,0.729458392213944,0.9227844995712325,10,4,0.8895639068934285
2025-09-24,ILI incidence,2025-10-05,3,HR,NotreDame,Rt_cocirc,WIS,0.351086956521739,1.9777817911288496,10,2,0.9511681135889942
2025-09-24,ILI incidence,2025-10-05,3,HR,QMUL,ARIMA,WIS,4.29708340846538,-1.635675685913114,10,9,0.30870423255952834
2025-09-24,ILI incidence,2025-10-05,3,HR,respicast,hubEnsemble,WIS,1.02423453909515,0.43313597949645966,10,5,0.8415701923357459
2025-09-24,ILI incidence,2025-10-05,3,HR,respicast,quantileBaseline,WIS,1.38288586956522,0.0,10,6,0.7831766969242925
2025-09-24,ILI incidence,2025-10-05,3,HR,safinea,PRFM,WIS,6.19313677792167,-2.162988214030301,10,10,0.0
2025-09-24,ILI incidence,2025-10-05,3,HU,NotreDame,Rt_cocirc,WIS,188.349147826087,-1.1076147708344146,3,2,0.0
2025-09-24,ILI incidence,2025-10-05,3,HU,respicast,hubEnsemble,WIS,188.349147826087,-1.1076147708344146,3,2,0.0
2025-09-24,ILI incidence,2025-10-05,3,HU,respicast,quantileBaseline,WIS,87.4054252173913,0.0,3,1,1.0
2025-09-24,ILI incidence,2025-10-05,3,IE,ECDC,SARIMA,WIS,2.69929118093932,-0.24712770435657322,10,7,0.6663336687817579
2025-09-24,ILI incidence,2025-10-05,3,IE,ECDC,soca_simplex,WIS,5.39519816632819,-1.2462230422161387,10,10,0.0
2025-09-24,ILI incidence,2025-10-05,3,IE,ISI,FluBcast,WIS,4.85989390197861,-1.09547190935514,10,9,0.13230844250627036
2025-09-24,ILI incidence,2025-10-05,3,IE,ItaLuxColab,EpiEKF,WIS,1.94461088609764,0.22597140600418858,10,4,0.852864173114651
2025-09-24,ILI incidence,2025-10-05,3,IE,ItaLuxColab,EpiNetEKF,WIS,1.34931678333019,0.7532238147579382,10,1,1.0
2025-09-24,ILI incidence,2025-10-05,3,IE,NotreDame,Rt_cocirc,WIS,2.11068695652174,0.10774028552033957,10,5,0.8118159923345617
2025-09-24,ILI incidence,2025-10-05,3,IE,QMUL,ARIMA,WIS,1.89728109294135,0.26151947081898885,10,3,0.8645624382578615
2025-09-24,ILI incidence,2025-10-05,3,IE,respicast,hubEnsemble,WIS,1.68878899616582,0.42946382534978705,10,2,0.9160943733392202
2025-09-24,ILI incidence,2025-10-05,3,IE,respicast,quantileBaseline,WIS,2.27434782608696,0.0,10,6,0.771364764512369
2025-09-24,ILI incidence,2025-10-05,3,IE,safinea,PRFM,WIS,4.04108236473581,-0.8292888477691301,10,8,0.33468994105531086
2025-09-24,ILI incidence,2025-10-05,3,IS,ECDC,SARIMA,WIS,1.28765380546634,-1.817745656133079,9,9,0.0
2025-09-24,ILI incidence,2025-10-05,3,IS,ECDC,soca_simplex,WIS,1.15553427751788,-1.6615609452110605,9,8,0.10407705460885121
2025-09-24,ILI incidence,2025-10-05,3,IS,ISI,FluBcast,WIS,0.0182142691055189,4.325786196410126,9,1,1.0
2025-09-24,ILI incidence,2025-10-05,3,IS,ItaLuxColab,EpiEKF,WIS,1.13261634287888,-1.63266014116901,9,7,0.12213063966159053
2025-09-24,ILI incidence,2025-10-05,3,IS,ItaLuxColab,EpiNetEKF,WIS,0.490783975601494,-0.4261609389808336,9,3,0.6277335840266018
2025-09-24,ILI incidence,2025-10-05,3,IS,QMUL,ARIMA,WIS,0.843639582482827,-1.2076995802041077,9,5,0.3497718562133297
2025-09-24,ILI incidence,2025-10-05,3,IS,respicast,hubEnsemble,WIS,0.65768101270707,-0.8484608142663834,9,4,0.4962605738318589
2025-09-24,ILI incidence,2025-10-05,3,IS,respicast,quantileBaseline,WIS,0.365260869565217,0.0,9,2,0.7266143124432712
2025-09-24,ILI incidence,2025-10-05,3,IS,safinea,PRFM,WIS,0.950214137431586,-1.3793254656373832,9,6,0.26581783406723936
2025-09-24,ILI incidence,2025-10-05,3,LT,ECDC,SARIMA,WIS,7.29511173234992,-0.8583228399049261,10,9,0.21273937320680913
2025-09-24,ILI incidence,2025-10-05,3,LT,ECDC,soca_simplex,WIS,1.86889836631444,1.1064191196575197,10,3,0.9151833139710194
2025-09-24,ILI incidence,2025-10-05,3,LT,ISI,FluBcast,WIS,4.3789951914698,-0.12199263077515218,10,8,0.5902417411610837
2025-09-24,ILI incidence,2025-10-05,3,LT,ItaLuxColab,EpiEKF,WIS,4.3453716861728,-0.11087235002599441,10,7,0.5945944316968022
2025-09-24,ILI incidence,2025-10-05,3,LT,ItaLuxColab,EpiNetEKF,WIS,1.92891914619595,1.060814563077727,10,4,0.9074133959262166
2025-09-24,ILI incidence,2025-10-05,3,LT,NotreDame,Rt_cocirc,WIS,3.41086956521739,0.23846764878376972,10,5,0.7155692825210036
2025-09-24,ILI incidence,2025-10-05,3,LT,QMUL,ARIMA,WIS,8.93847309314538,-1.1514211705287027,10,10,0.0
2025-09-24,ILI incidence,2025-10-05,3,LT,respicast,hubEnsemble,WIS,1.78640612026187,1.1715471358249268,10,2,0.9258622487070478
2025-09-24,ILI incidence,2025-10-05,3,LT,respicast,quantileBaseline,WIS,4.02393565217391,0.0,10,6,0.6362055478093936
2025-09-24,ILI incidence,2025-10-05,3,LT,safinea,PRFM,WIS,1.21370951965347,1.72918405596557,10,1,1.0
2025-09-24,ILI incidence,2025-10-05,3,LU,ECDC,SARIMA,WIS,649.390046905181,0.35031972468477535,9,4,0.7898381393261018
2025-09-24,ILI incidence,2025-10-05,3,LU,ECDC,soca_simplex,WIS,966.302258476622,-0.22306953583712236,9,7,0.552020806229459
2025-09-24,ILI incidence,2025-10-05,3,LU,ItaLuxColab,EpiEKF,WIS,782.453510137053,0.08139996137671826,9,5,0.6899846253150983
2025-09-24,ILI incidence,2025-10-05,3,LU,ItaLuxColab,EpiNetEKF,WIS,1701.91783475817,-1.03968448558892,9,9,0.0
2025-09-24,ILI incidence,2025-10-05,3,LU,NotreDame,Rt_cocirc,WIS,1499.62111304348,-0.8571211398271525,9,8,0.15180755141565772
2025-09-24,ILI incidence,2025-10-05,3,LU,QMUL,ARIMA,WIS,369.33114965454,1.1644900519163863,9,1,1.0
2025-09-24,ILI incidence,2025-10-05,3,LU,respicast,hubEnsemble,WIS,561.177726267729,0.5609472495122387,9,2,0.8560344488221644
2025-09-24,ILI incidence,2025-10-05,3,LU,respicast,quantileBaseline,WIS,827.870434782609,0.0,9,6,0.6559028465060717
2025-09-24,ILI incidence,2025-10-05,3,LU,safinea,PRFM,WIS,579.790195844811,0.51387405965393,9,3,0.8420672752152671
2025-09-24,ILI incidence,2025-10-05,3,LV,NotreDame,Rt_cocirc,WIS,9.9,1.8355039060954457,3,1,1.0
2025-09-24,ILI incidence,2025-10-05,3,LV,respicast,hubEnsemble,WIS,9.9,1.8355039060954457,3,1,1.0
2025-09-24,ILI incidence,2025-10-05,3,LV,respicast,quantileBaseline,WIS,35.3327082608696,0.0,3,3,0.0
2025-09-24,ILI incidence,2025-10-05,3,MT,ECDC,soca_simplex,WIS,3971.48997568015,-1.123330704679605,7,7,0.0
2025-09-24,ILI incidence,2025-10-05,3,MT,ItaLuxColab,EpiEKF,WIS,1603.0270800481,0.18555085991292125,7,5,0.7244567083541896
2025-09-24,ILI incidence,2025-10-05,3,MT,ItaLuxColab,EpiNetEKF,WIS,1112.2057346043,0.7129259762561928,7,3,0.87458733398736
2025-09-24,ILI incidence,2025-10-05,3,MT,NotreDame,Rt_cocirc,WIS,702.194697826087,1.3764066493749965,7,1,1.0
2025-09-24,ILI incidence,2025-10-05,3,MT,respicast,hubEnsemble,WIS,1152.71865785116,0.6613092174143305,7,4,0.8621953902185326
2025-09-24,ILI incidence,2025-10-05,3,MT,respicast,quantileBaseline,WIS,1823.04434782609,0.0,7,6,0.6571586367274482
2025-09-24,ILI incidence,2025-10-05,3,MT,safinea,PRFM,WIS,1100.001,0.7288448218687515,7,2,0.878320473262657
2025-09-24,ILI incidence,2025-10-05,3,NL,ECDC,SARIMA,WIS,3.08096657313773,0.6055700047116411,9,4,0.9167771910633552
2025-09-24,ILI incidence,2025-10-05,3,NL,ECDC,soca_simplex,WIS,6.76226498789654,-0.5285535164732071,9,8,0.2988073199258477
2025-09-24,ILI incidence,2025-10-05,3,NL,ItaLuxColab,EpiEKF,WIS,3.87698716765943,0.27401707473595227,9,5,0.7831513099755253
2025-09-24,ILI incidence,2025-10-05,3,NL,ItaLuxColab,EpiNetEKF,WIS,2.5852013118859,0.8586764058550665,9,1,1.0
2025-09-24,ILI incidence,2025-10-05,3,NL,NotreDame,Rt_cocirc,WIS,4.2337847826087,0.14700510048143972,9,6,0.7232566338883067
2025-09-24,ILI incidence,2025-10-05,3,NL,QMUL,ARIMA,WIS,2.85161723596897,0.7171726885459194,9,2,0.9552774603616639
2025-09-24,ILI incidence,2025-10-05,3,NL,respicast,hubEnsemble,WIS,2.99512699622133,0.6463358587464895,9,3,0.931186854803968
2025-09-24,ILI incidence,2025-10-05,3,NL,respicast,quantileBaseline,WIS,4.68793652173913,0.0,9,7,0.6470193773317245
2025-09-24,ILI incidence,2025-10-05,3,NL,safinea,PRFM,WIS,8.54228528425268,-0.8656690453637325,9,9,0.0
2025-09-24,ILI incidence,2025-10-05,3,NO,ECDC,SARIMA,WIS,4.54234022716091,-0.0949893532871867,10,5,0.5323977687450683
2025-09-24,ILI incidence,2025-10-05,3,NO,ECDC,soca_simplex,WIS,1.81117657419345,1.2315192129835437,10,1,1.0
2025-09-24,ILI incidence,2025-10-05,3,NO,ISI,FluBcast,WIS,6.1742584545238,-0.5378194589164698,10,9,0.25299722696084725
2025-09-24,ILI incidence,2025-10-05,3,NO,ItaLuxColab,EpiEKF,WIS,5.89954957555478,-0.47215839389015674,10,8,0.300030104178544
2025-09-24,ILI incidence,2025-10-05,3,NO,ItaLuxColab,EpiNetEKF,WIS,5.01493404243014,-0.23778430977394813,10,6,0.4514850331581445
2025-09-24,ILI incidence,2025-10-05,3,NO,NotreDame,Rt_cocirc,WIS,5.38139347826087,-0.3395333815060904,10,7,0.38874355310341024
2025-09-24,ILI incidence,2025-10-05,3,NO,QMUL,ARIMA,WIS,7.65196062186079,-0.8473830328474894,10,10,0.0
2025-09-24,ILI incidence,2025-10-05,3,NO,respicast,hubEnsemble,WIS,3.71469670903697,0.19520199156178278,10,3,0.6740985252478667
2025-09-24,ILI incidence,2025-10-05,3,NO,respicast,quantileBaseline,WIS,4.25289847826087,0.0,10,4,0.5819530590173795
2025-09-24,ILI incidence,2025-10-05,3,NO,safinea,PRFM,WIS,3.2036829044967,0.4087150574069169,10,2,0.7615891430090826
2025-09-24,ILI incidence,2025-10-05,3,PL,ECDC,SARIMA,WIS,284.445032275248,0.10567555118436558,9,6,0.28337053733226797
2025-09-24,ILI incidence,2025-10-05,3,PL,ECDC,soca_simplex,WIS,266.111225516759,0.20179606666933989,9,4,0.38315671551436564
2025-09-24,ILI incidence,2025-10-05,3,PL,ItaLuxColab,EpiEKF,WIS,152.778038656014,1.0023882607364418,9,1,1.0
2025-09-24,ILI incidence,2025-10-05,3,PL,ItaLuxColab,EpiNetEKF,WIS,238.137565561762,0.3620302164840635,9,2,0.53541012657327
2025-09-24,ILI incidence,2025-10-05,3,PL,NotreDame,Rt_cocirc,WIS,336.508963043478,-0.13681949576070573,9,9,0.0
2025-09-24,ILI incidence,2025-10-05,3,PL,QMUL,ARIMA,WIS,333.664705322789,-0.12457365161770864,9,8,0.015480560663216457
2025-09-24,ILI incidence,2025-10-05,3,PL,respicast,hubEnsemble,WIS,269.874266233536,0.18153802063348642,9,5,0.36267545614378077
2025-09-24,ILI incidence,2025-10-05,3,PL,respicast,quantileBaseline,WIS,306.062318695652,0.0,9,7,0.1657132268252137
2025-09-24,ILI incidence,2025-10-05,3,PL,safinea,PRFM,WIS,243.418959887034,0.33038389246305655,9,3,0.5066648604027573
2025-09-24,ILI incidence,2025-10-05,3,RO,NotreDame,Rt_cocirc,WIS,0.9,1.1010926649397133,3,1,1.0
2025-09-24,ILI incidence,2025-10-05,3,RO,respicast,hubEnsemble,WIS,0.9,1.1010926649397133,3,1,1.0
2025-09-24,ILI incidence,2025-10-05,3,RO,respicast,quantileBaseline,WIS,1.93065391304348,0.0,3,3,0.0
2025-09-24,ILI incidence,2025-10-05,3,SI,ECDC,SARIMA,WIS,5.05520039038147,-0.8397672297246119,10,9,0.3617835103620009
2025-09-24,ILI incidence,2025-10-05,3,SI,ECDC,soca_simplex,WIS,1.15060516957984,1.295608195340985,10,2,0.8866813800735115
2025-09-24,ILI incidence,2025-10-05,3,SI,ISI,FluBcast,WIS,0.307653869289774,3.1986210104081794,10,1,1.0
2025-09-24,ILI incidence,2025-10-05,3,SI,ItaLuxColab,EpiEKF,WIS,2.67017353444436,0.08106754696911495,10,6,0.6824045850425952
2025-09-24,ILI incidence,2025-10-05,3,SI,ItaLuxColab,EpiNetEKF,WIS,2.59540729003653,0.12204009814415316,10,5,0.6924554712924489
2025-09-24,ILI incidence,2025-10-05,3,SI,NotreDame,Rt_cocirc,WIS,3.05545217391304,-0.11338484651663676,10,8,0.6306112682795479
2025-09-24,ILI incidence,2025-10-05,3,SI,QMUL,ARIMA,WIS,7.74642519245715,-1.455529638820126,10,10,0.0
2025-09-24,ILI incidence,2025-10-05,3,SI,respicast,hubEnsemble,WIS,2.43632726468448,0.21329311335933052,10,3,0.7138407267924547
2025-09-24,ILI incidence,2025-10-05,3,SI,respicast,quantileBaseline,WIS,2.82451086956522,0.0,10,7,0.6616568931972778
2025-09-24,ILI incidence,2025-10-05,3,SI,safinea,PRFM,WIS,2.52169196932649,0.1636089948103142,10,4,0.7023650810260431
2025-09-24,ILI incidence,2025-10-12,4,AT,NotreDame,Rt_cocirc,WIS,290.192160869565,1.0736080522395517,3,1,1.0
2025-09-24,ILI incidence,2025-10-12,4,AT,respicast,hubEnsemble,WIS,290.192160869565,1.0736080522395517,3,1,1.0
2025-09-24,ILI incidence,2025-10-12,4,AT,respicast,quantileBaseline,WIS,610.764665217391,0.0,3,3,0.0
2025-09-24,ILI incidence,2025-10-12,4,BE,ECDC,SARIMA,WIS,45.1589299408417,0.6746791285481956,10,5,0.8608980857168249
2025-09-24,ILI incidence,2025-10-12,4,BE,ECDC,soca_simplex,WIS,111.921515348825,-0.6347250660227981,10,8,0.3567229592643107
2025-09-24,ILI incidence,2025-10-12,4,BE,ISI,FluBcast,WIS,159.158568081761,-1.1427024896272946,10,10,0.0
2025-09-24,ILI incidence,2025-10-12,4,BE,ItaLuxColab,EpiEKF,WIS,51.7132858161452,0.47915545452780495,10,6,0.8114011529355074
2025-09-24,ILI incidence,2025-10-12,4,BE,ItaLuxColab,EpiNetEKF,WIS,36.9448293236084,0.9643179661572204,10,3,0.9229290150476723
2025-09-24,ILI incidence,2025-10-12,4,BE,NotreDame,Rt_cocirc,WIS,114.152810869565,-0.6632040496203089,10,9,0.3398727475110148
2025-09-24,ILI incidence,2025-10-12,4,BE,QMUL,ARIMA,WIS,26.7391330379512,1.4307377400853216,10,1,1.0
2025-09-24,ILI incidence,2025-10-12,4,BE,respicast,hubEnsemble,WIS,40.2320811135285,0.8413440626118864,10,4,0.8981044733266437
2025-09-24,ILI incidence,2025-10-12,4,BE,respicast,quantileBaseline,WIS,72.0845676086957,0.0,10,7,0.6575620900682564
2025-09-24,ILI incidence,2025-10-12,4,BE,safinea,PRFM,WIS,34.6287241310873,1.0577211963034703,10,2,0.9404196892206503
2025-09-24,ILI incidence,2025-10-12,4,CZ,ECDC,SARIMA,WIS,6.19690394715968,-0.4205411030782193,9,7,0.4696231339496955
2025-09-24,ILI incidence,2025-10-12,4,CZ,ECDC,soca_simplex,WIS,3.88506396876437,0.2530681501955861,9,4,0.768660597539716
2025-09-24,ILI incidence,2025-10-12,4,CZ,ISI,FluBcast,WIS,9.82753110273469,-1.0858225211422499,9,9,0.0
2025-09-24,ILI incidence,2025-10-12,4,CZ,ItaLuxColab,EpiEKF,WIS,4.47041300683771,0.050598379995895545,9,5,0.692945455792834
2025-09-24,ILI incidence,2025-10-12,4,CZ,ItaLuxColab,EpiNetEKF,WIS,2.74062225996934,0.7565030082639681,9,2,0.9166946089864094
2025-09-24,ILI incidence,2025-10-12,4,CZ,NotreDame,Rt_cocirc,WIS,2.09659347826087,1.142959348132791,9,1,1.0
2025-09-24,ILI incidence,2025-10-12,4,CZ,QMUL,ARIMA,WIS,6.23358866921029,-0.42905645671107795,9,8,0.46487794988114517
2025-09-24,ILI incidence,2025-10-12,4,CZ,respicast,hubEnsemble,WIS,3.12877901998426,0.5654067362085871,9,3,0.8664863704945955
2025-09-24,ILI incidence,2025-10-12,4,CZ,respicast,quantileBaseline,WIS,4.62998173913043,0.0,9,6,0.6723051738446815
2025-09-24,ILI incidence,2025-10-12,4,EE,ECDC,SARIMA,WIS,19.3600369745221,0.26210193784943947,9,3,0.8470166514358833
2025-09-24,ILI incidence,2025-10-12,4,EE,ECDC,soca_simplex,WIS,13.7797833833501,0.7526304365613212,9,1,1.0
2025-09-24,ILI incidence,2025-10-12,4,EE,ItaLuxColab,EpiEKF,WIS,50.2559988901199,-1.114112170463793,9,9,0.0
2025-09-24,ILI incidence,2025-10-12,4,EE,ItaLuxColab,EpiNetEKF,WIS,37.5343527981375,-0.6930279611579346,9,7,0.34876551515113535
2025-09-24,ILI incidence,2025-10-12,4,EE,NotreDame,Rt_cocirc,WIS,19.4562847826087,0.25494739492968305,9,4,0.8443780057663857
2025-09-24,ILI incidence,2025-10-12,4,EE,QMUL,ARIMA,WIS,20.7107439403861,0.1648042689535249,9,5,0.8099868514114451
2025-09-24,ILI incidence,2025-10-12,4,EE,respicast,hubEnsemble,WIS,17.5182869316476,0.4063219413892179,9,2,0.8975084586940316
2025-09-24,ILI incidence,2025-10-12,4,EE,respicast,quantileBaseline,WIS,23.2170334782609,0.0,9,6,0.7412766109697073
2025-09-24,ILI incidence,2025-10-12,4,EE,safinea,PRFM,WIS,38.1070964782582,-0.7148760422467075,9,8,0.33306367568770734
2025-09-24,ILI incidence,2025-10-12,4,ES,ECDC,SARIMA,WIS,5.19379759307466,0.024597537928386495,8,5,0.6519411910111134
2025-09-24,ILI incidence,2025-10-12,4,ES,ECDC,soca_simplex,WIS,9.59952191011577,-0.861575226418736,8,8,0.0
2025-09-24,ILI incidence,2025-10-12,4,ES,ItaLuxColab,EpiEKF,WIS,4.92192675646234,0.10216414081790083,8,4,0.6921715332358082
2025-09-24,ILI incidence,2025-10-12,4,ES,ItaLuxColab,EpiNetEKF,WIS,2.84166648114962,0.8946500906976134,8,1,1.0
2025-09-24,ILI incidence,2025-10-12,4,ES,QMUL,ARIMA,WIS,2.92645846530418,0.8522315270239482,8,2,0.9874528265592785
2025-09-24,ILI incidence,2025-10-12,4,ES,respicast,hubEnsemble,WIS,3.70348240853177,0.5125048454823071,8,3,0.872471979248305
2025-09-24,ILI incidence,2025-10-12,4,ES,respicast,quantileBaseline,WIS,5.28310956521739,0.0,8,6,0.6387251681053979
2025-09-24,ILI incidence,2025-10-12,4,ES,safinea,PRFM,WIS,7.46711006027006,-0.4991626656412732,8,7,0.3155456449549909
2025-09-24,ILI incidence,2025-10-12,4,FI,ECDC,soca_simplex,WIS,1.01564136362078,1.733586348043419,6,1,1.0
2025-09-24,ILI incidence,2025-10-12,4,FI,ItaLuxColab,EpiEKF,WIS,4.01826308278867,-0.2505946175550108,6,6,0.0
2025-09-24,ILI incidence,2025-10-12,4,FI,ItaLuxColab,EpiNetEKF,WIS,3.33476906537325,0.01839054797467784,6,4,0.22763240972120705
2025-09-24,ILI incidence,2025-10-12,4,FI,respicast,hubEnsemble,WIS,2.32222584622003,0.540469118222866,6,3,0.5648521176482595
2025-09-24,ILI incidence,2025-10-12,4,FI,respicast,quantileBaseline,WIS,3.37755065217391,0.0,6,5,0.21338433227357048
2025-09-24,ILI incidence,2025-10-12,4,FI,safinea,PRFM,WIS,2.21288115486164,0.6100514336572308,6,2,0.6012685235712449
2025-09-24,ILI incidence,2025-10-12,4,FR,NotreDame,Rt_cocirc,WIS,116.82462826087,-1.4774432127033488,3,2,0.0
2025-09-24,ILI incidence,2025-10-12,4,FR,respicast,hubEnsemble,WIS,116.82462826087,-1.4774432127033488,3,2,0.0
2025-09-24,ILI incidence,2025-10-12,4,FR,respicast,quantileBaseline,WIS,41.9546095652174,0.0,3,1,1.0
2025-09-24,ILI incidence,2025-10-12,4,GR,ECDC,SARIMA,WIS,229.111800697069,0.08908684131793314,10,6,0.46227094379108674
2025-09-24,ILI incidence,2025-10-12,4,GR,ECDC,soca_simplex,WIS,39.0958435451475,2.640051468328602,10,1,1.0
2025-09-24,ILI incidence,2025-10-12,4,GR,ISI,FluBcast,WIS,392.463315430651,-0.6874191981072224,10,10,0.0
2025-09-24,ILI incidence,2025-10-12,4,GR,ItaLuxColab,EpiEKF,WIS,234.959063734412,0.05272918780090347,10,7,0.44572368491028735
2025-09-24,ILI incidence,2025-10-12,4,GR,ItaLuxColab,EpiNetEKF,WIS,200.963703184778,0.27820365541245873,10,5,0.5419276743953438
2025-09-24,ILI incidence,2025-10-12,4,GR,NotreDame,Rt_cocirc,WIS,309.6388,-0.3454476532885769,10,9,0.2343863598670095
2025-09-24,ILI incidence,2025-10-12,4,GR,QMUL,ARIMA,WIS,136.271313798263,0.8386567144758339,10,2,0.7250016541290426
2025-09-24,ILI incidence,2025-10-12,4,GR,respicast,hubEnsemble,WIS,185.364351193851,0.394774794576768,10,4,0.5860725185930618
2025-09-24,ILI incidence,2025-10-12,4,GR,respicast,quantileBaseline,WIS,243.705466086957,0.0,10,8,0.4209721074493632
2025-09-24,ILI incidence,2025-10-12,4,GR,safinea,PRFM,WIS,153.737476201444,0.6646697196574277,10,3,0.6755738946638468
2025-09-24,ILI incidence,2025-10-12,4,HR,ECDC,SARIMA,WIS,4.37566542613996,-1.2688720791366321,10,8,0.7386073933165673
2025-09-24,ILI incidence,2025-10-12,4,HR,ECDC,soca_simplex,WIS,0.937127708148777,0.9543127799832108,10,3,0.9681877997494501
2025-09-24,ILI incidence,2025-10-12,4,HR,ISI,FluBcast,WIS,0.750164729036457,1.2753510136793702,10,2,0.9806707329765385
2025-09-24,ILI incidence,2025-10-12,4,HR,ItaLuxColab,EpiEKF,WIS,2.23616955076394,-0.30039922900539157,10,7,0.8814548397936871
2025-09-24,ILI incidence,2025-10-12,4,HR,ItaLuxColab,EpiNetEKF,WIS,0.964135362101596,0.9133227348663104,10,4,0.966384583184791
2025-09-24,ILI incidence,2025-10-12,4,HR,NotreDame,Rt_cocirc,WIS,0.460660869565217,1.978853391501756,10,1,1.0
2025-09-24,ILI incidence,2025-10-12,4,HR,QMUL,ARIMA,WIS,5.2038677722039,-1.5189539530368028,10,9,0.683310913588229
2025-09-24,ILI incidence,2025-10-12,4,HR,respicast,hubEnsemble,WIS,1.48799287637012,0.2872627316004483,10,5,0.9314082557740367
2025-09-24,ILI incidence,2025-10-12,4,HR,respicast,quantileBaseline,WIS,1.81583152173913,0.0,10,6,0.9095194950213429
2025-09-24,ILI incidence,2025-10-12,4,HR,safinea,PRFM,WIS,15.4381485890864,-3.087797492218056,10,10,0.0
2025-09-24,ILI incidence,2025-10-12,4,HU,NotreDame,Rt_cocirc,WIS,220.825515217391,-1.1512426333331023,3,2,0.0
2025-09-24,ILI incidence,2025-10-12,4,HU,respicast,hubEnsemble,WIS,220.825515217391,-1.1512426333331023,3,2,0.0
2025-09-24,ILI incidence,2025-10-12,4,HU,respicast,quantileBaseline,WIS,99.4238754347826,0.0,3,1,1.0
2025-09-24,ILI incidence,2025-10-12,4,IE,ECDC,SARIMA,WIS,2.94931022207772,-0.07754051777333189,10,6,0.7007031052221445
2025-09-24,ILI incidence,2025-10-12,4,IE,ECDC,soca_simplex,WIS,5.98876096285621,-1.0994204873780427,10,9,0.03709952864259035
2025-09-24,ILI incidence,2025-10-12,4,IE,ISI,FluBcast,WIS,6.15868498646752,-1.1397852750154673,10,10,0.0
2025-09-24,ILI incidence,2025-10-12,4,IE,ItaLuxColab,EpiEKF,WIS,2.47197418770706,0.17717338320349052,10,4,0.8049199281463874
2025-09-24,ILI incidence,2025-10-12,4,IE,ItaLuxColab,EpiNetEKF,WIS,1.57846443303879,0.8243153086407873,10,1,1.0
2025-09-24,ILI incidence,2025-10-12,4,IE,NotreDame,Rt_cocirc,WIS,3.03983695652174,-0.12115688399146819,10,7,0.6809383944646565
2025-09-24,ILI incidence,2025-10-12,4,IE,QMUL,ARIMA,WIS,2.01882244613527,0.4693230295973049,10,2,0.9038565920658929
2025-09-24,ILI incidence,2025-10-12,4,IE,respicast,hubEnsemble,WIS,2.10831375450647,0.4067474803584997,10,3,0.8843179459838374
2025-09-24,ILI incidence,2025-10-12,4,IE,respicast,quantileBaseline,WIS,2.79497826086957,0.0,10,5,0.7343984173600322
2025-09-24,ILI incidence,2025-10-12,4,IE,safinea,PRFM,WIS,3.33463370164169,-0.25469123294983,10,8,0.6165753923600381
2025-09-24,ILI incidence,2025-10-12,4,IS,ECDC,SARIMA,WIS,1.34128438118225,-0.3641394843608081,9,5,0.550276066613257
2025-09-24,ILI incidence,2025-10-12,4,IS,ECDC,soca_simplex,WIS,1.39807444554356,-0.42396551654805265,9,6,0.5220151911521947
2025-09-24,ILI incidence,2025-10-12,4,IS,ISI,FluBcast,WIS,2.44706092665806,-1.2315743541897823,9,9,0.0
2025-09-24,ILI incidence,2025-10-12,4,IS,ItaLuxColab,EpiEKF,WIS,1.73203494014235,-0.73299236594026,9,8,0.35582386784739045
2025-09-24,ILI incidence,2025-10-12,4,IS,ItaLuxColab,EpiNetEKF,WIS,0.918140544180345,0.18268875182855113,9,3,0.7608483808748666
2025-09-24,ILI incidence,2025-10-12,4,IS,QMUL,ARIMA,WIS,0.437566760790643,1.251900612850843,9,1,1.0
2025-09-24,ILI incidence,2025-10-12,4,IS,respicast,hubEnsemble,WIS,0.827985105739615,0.33179894667640214,9,2,0.8057131234414685
2025-09-24,ILI incidence,2025-10-12,4,IS,respicast,quantileBaseline,WIS,1.04208695652174,0.0,9,4,0.6991679766981804
2025-09-24,ILI incidence,2025-10-12,4,IS,safinea,PRFM,WIS,1.6829979744011,-0.6915577725507608,9,7,0.38022650935497737
2025-09-24,ILI incidence,2025-10-12,4,LT,ECDC,SARIMA,WIS,8.40350876507158,-0.8038770670758149,10,9,0.2291473759598026
2025-09-24,ILI incidence,2025-10-12,4,LT,ECDC,soca_simplex,WIS,0.24739878924242,4.28220441835302,10,1,1.0
2025-09-24,ILI incidence,2025-10-12,4,LT,ISI,FluBcast,WIS,4.12300933566658,0.22341703541636398,10,6,0.6337071755625497
2025-09-24,ILI incidence,2025-10-12,4,LT,ItaLuxColab,EpiEKF,WIS,5.47286235820437,-0.1851808100857595,10,8,0.5061294764418283
2025-09-24,ILI incidence,2025-10-12,4,LT,ItaLuxColab,EpiNetEKF,WIS,2.60493990555556,0.885864672563763,10,4,0.777183392428706
2025-09-24,ILI incidence,2025-10-12,4,LT,NotreDame,Rt_cocirc,WIS,2.37354130434783,1.020073607564231,10,3,0.7990534039254646
2025-09-24,ILI incidence,2025-10-12,4,LT,QMUL,ARIMA,WIS,10.8280334286905,-1.1695845781810554,10,10,0.0
2025-09-24,ILI incidence,2025-10-12,4,LT,respicast,hubEnsemble,WIS,2.62097148002943,0.8770131081806795,10,5,0.7756682116271596
2025-09-24,ILI incidence,2025-10-12,4,LT,respicast,quantileBaseline,WIS,4.813595,0.0,10,7,0.5684383436005528
2025-09-24,ILI incidence,2025-10-12,4,LT,safinea,PRFM,WIS,2.28826753667143,1.0728590262085322,10,2,0.8071128229095085
2025-09-24,ILI incidence,2025-10-12,4,LU,ECDC,SARIMA,WIS,839.637430789519,0.4292682449494048,9,4,0.7985595459711802
2025-09-24,ILI incidence,2025-10-12,4,LU,ECDC,soca_simplex,WIS,1176.19692365908,-0.05702298920516424,9,7,0.6298282450077334
2025-09-24,ILI incidence,2025-10-12,4,LU,ItaLuxColab,EpiEKF,WIS,1121.10374082095,0.012186849601086234,9,5,0.6574487537482119
2025-09-24,ILI incidence,2025-10-12,4,LU,ItaLuxColab,EpiNetEKF,WIS,1946.18241055875,-0.7835403034221343,9,8,0.24380242882935246
2025-09-24,ILI incidence,2025-10-12,4,LU,NotreDame,Rt_cocirc,WIS,2432.48235217391,-1.1053227051470185,9,9,0.0
2025-09-24,ILI incidence,2025-10-12,4,LU,QMUL,ARIMA,WIS,437.834702639862,1.3686484213306631,9,1,1.0
2025-09-24,ILI incidence,2025-10-12,4,LU,respicast,hubEnsemble,WIS,825.899789453768,0.45306798506422186,9,2,0.8054467981327136
2025-09-24,ILI incidence,2025-10-12,4,LU,respicast,quantileBaseline,WIS,1130.61413043478,0.0,9,6,0.6526807990590457
2025-09-24,ILI incidence,2025-10-12,4,LU,safinea,PRFM,WIS,831.897778107058,0.44262846408424605,9,3,0.8024397564355541
2025-09-24,ILI incidence,2025-10-12,4,LV,NotreDame,Rt_cocirc,WIS,4.2,3.101132878768182,3,1,1.0
2025-09-24,ILI incidence,2025-10-12,4,LV,respicast,hubEnsemble,WIS,4.2,3.101132878768182,3,1,1.0
2025-09-24,ILI incidence,2025-10-12,4,LV,respicast,quantileBaseline,WIS,36.0398776086957,0.0,3,3,0.0
2025-09-24,ILI incidence,2025-10-12,4,MT,ECDC,soca_simplex,WIS,2734.42568319996,-0.8506578133360378,7,7,0.0
2025-09-24,ILI incidence,2025-10-12,4,MT,ItaLuxColab,EpiEKF,WIS,1436.51309065862,0.07800889949992752,7,5,0.5334311997515796
2025-09-24,ILI incidence,2025-10-12,4,MT,ItaLuxColab,EpiNetEKF,WIS,1138.34072203845,0.4136475974008936,7,4,0.6559775447364877
2025-09-24,ILI incidence,2025-10-12,4,MT,NotreDame,Rt_cocirc,WIS,301.286052173913,2.3313742483860516,7,1,1.0
2025-09-24,ILI incidence,2025-10-12,4,MT,respicast,hubEnsemble,WIS,353.91897433002,2.099089024602194,7,2,0.9783683100283432
2025-09-24,ILI incidence,2025-10-12,4,MT,respicast,quantileBaseline,WIS,1516.32608695652,0.0,7,6,0.5006287270614928
2025-09-24,ILI incidence,2025-10-12,4,MT,safinea,PRFM,WIS,384.791865741922,1.9784298325468068,7,3,0.9656798103556454
2025-09-24,ILI incidence,2025-10-12,4,NL,ECDC,SARIMA,WIS,5.62254959877084,-0.5797493108468837,9,7,0.44025815700681736
2025-09-24,ILI incidence,2025-10-12,4,NL,ECDC,soca_simplex,WIS,1.56778138387482,1.2627507720388549,9,1,1.0
2025-09-24,ILI incidence,2025-10-12,4,NL,ItaLuxColab,EpiEKF,WIS,8.81177835435931,-1.227958035093555,9,9,0.0
2025-09-24,ILI incidence,2025-10-12,4,NL,ItaLuxColab,EpiNetEKF,WIS,6.46566277082318,-0.7813230910640229,9,8,0.3238703153929146
2025-09-24,ILI incidence,2025-10-12,4,NL,NotreDame,Rt_cocirc,WIS,4.33414782608696,-0.20427318890018456,9,5,0.618116013371673
2025-09-24,ILI incidence,2025-10-12,4,NL,QMUL,ARIMA,WIS,4.25124995782056,-0.1764119148137876,9,4,0.6295596774985585
2025-09-24,ILI incidence,2025-10-12,4,NL,respicast,hubEnsemble,WIS,4.75413476353913,-0.3377076275485555,9,6,0.5601387752304372
2025-09-24,ILI incidence,2025-10-12,4,NL,respicast,quantileBaseline,WIS,3.76193565217391,0.0,9,3,0.6971072355166459
2025-09-24,ILI incidence,2025-10-12,4,NL,safinea,PRFM,WIS,3.62582134127012,0.05316733233108262,9,2,0.7158971813791835
2025-09-24,ILI incidence,2025-10-12,4,NO,ECDC,SARIMA,WIS,5.49195822880878,-0.13017536922743594,10,5,0.4813933126790367
2025-09-24,ILI incidence,2025-10-12,4,NO,ECDC,soca_simplex,WIS,1.04485502342104,2.2638425051397695,10,1,1.0
2025-09-24,ILI incidence,2025-10-12,4,NO,ISI,FluBcast,WIS,7.61138966023256,-0.6010145965350963,10,8,0.23423212417255604
2025-09-24,ILI incidence,2025-10-12,4,NO,ItaLuxColab,EpiEKF,WIS,7.55420889493038,-0.5901353955387731,10,7,0.24090035872936025
2025-09-24,ILI incidence,2025-10-12,4,NO,ItaLuxColab,EpiNetEKF,WIS,6.56083190037883,-0.38673347396142616,10,6,0.3567447474498861
2025-09-24,ILI incidence,2025-10-12,4,NO,NotreDame,Rt_cocirc,WIS,8.85661086956522,-0.8196094496409575,10,9,0.08901848362303136
2025-09-24,ILI incidence,2025-10-12,4,NO,QMUL,ARIMA,WIS,9.61995309699341,-0.9388845766842765,10,10,0.0
2025-09-24,ILI incidence,2025-10-12,4,NO,respicast,hubEnsemble,WIS,4.53460175384839,0.14616943003499527,10,3,0.5930371057583101
2025-09-24,ILI incidence,2025-10-12,4,NO,respicast,quantileBaseline,WIS,5.01811413043479,0.0,10,4,0.5366514676655473
2025-09-24,ILI incidence,2025-10-12,4,NO,safinea,PRFM,WIS,2.09858754965549,1.2577266319624492,10,2,0.8771171458106172
2025-09-24,ILI incidence,2025-10-12,4,PL,ECDC,SARIMA,WIS,76.9731592984921,0.5038931785973161,9,6,0.4390360699252211
2025-09-24,ILI incidence,2025-10-12,4,PL,ECDC,soca_simplex,WIS,35.8594434981771,1.6058955420885372,9,1,1.0
2025-09-24,ILI incidence,2025-10-12,4,PL,ItaLuxColab,EpiEKF,WIS,59.5031832666612,0.8752817903750187,9,5,0.6773999886896002
2025-09-24,ILI incidence,2025-10-12,4,PL,ItaLuxColab,EpiNetEKF,WIS,55.3407332444714,0.9799068820636008,9,4,0.7341933063874754
2025-09-24,ILI incidence,2025-10-12,4,PL,NotreDame,Rt_cocirc,WIS,85.4297521739131,0.35351004409035564,9,7,0.32365259066299906
2025-09-24,ILI incidence,2025-10-12,4,PL,QMUL,ARIMA,WIS,106.458982250263,0.03602286718020843,9,8,0.03672548323804575
2025-09-24,ILI incidence,2025-10-12,4,PL,respicast,hubEnsemble,WIS,50.1980732848463,1.120616649967137,9,3,0.8043608085417661
2025-09-24,ILI incidence,2025-10-12,4,PL,respicast,quantileBaseline,WIS,109.15063673913,0.0,9,9,0.0
2025-09-24,ILI incidence,2025-10-12,4,PL,safinea,PRFM,WIS,44.9661885871112,1.2794080374885428,9,2,0.8757457112344363
2025-09-24,ILI incidence,2025-10-12,4,RO,NotreDame,Rt_cocirc,WIS,0.4,2.3377272233205466,3,1,1.0
2025-09-24,ILI incidence,2025-10-12,4,RO,respicast,hubEnsemble,WIS,0.4,2.3377272233205466,3,1,1.0
2025-09-24,ILI incidence,2025-10-12,4,RO,respicast,quantileBaseline,WIS,2.02202260869565,0.0,3,3,0.0
2025-09-24,ILI incidence,2025-10-12,4,SI,ECDC,SARIMA,WIS,6.05193774230413,-0.7300930048412456,10,9,0.34235750794624625
2025-09-24,ILI incidence,2025-10-12,4,SI,ECDC,soca_simplex,WIS,0.309657197640547,3.558560256033921,10,1,1.0
2025-09-24,ILI incidence,2025-10-12,4,SI,ISI,FluBcast,WIS,0.677983611974709,2.4279818349639504,10,2,0.9578169162708277
2025-09-24,ILI incidence,2025-10-12,4,SI,ItaLuxColab,EpiEKF,WIS,3.48935303003545,0.06434457403555582,10,6,0.6358410086507489
2025-09-24,ILI incidence,2025-10-12,4,SI,ItaLuxColab,EpiNetEKF,WIS,2.9029115580445,0.3298035228825664,10,5,0.7030040161151281
2025-09-24,ILI incidence,2025-10-12,4,SI,NotreDame,Rt_cocirc,WIS,3.62871304347826,0.007846167607824429,10,7,0.6198806135045476
2025-09-24,ILI incidence,2025-10-12,4,SI,QMUL,ARIMA,WIS,9.04127143188961,-1.3092215249415253,10,10,0.0
2025-09-24,ILI incidence,2025-10-12,4,SI,respicast,hubEnsemble,WIS,2.18468181644793,0.7398809648167394,10,4,0.7852602544609967
2025-09-24,ILI incidence,2025-10-12,4,SI,respicast,quantileBaseline,WIS,3.64850173913044,0.0,10,8,0.6176142862114155
2025-09-24,ILI incidence,2025-10-12,4,SI,safinea,PRFM,WIS,1.19704595114342,1.6078256072009232,10,3,0.8983705956657864
2025-10-01,ILI incidence,2025-09-28,1,BE,ECDC,SARIMA,WIS,27.177468284036,-1.0626551143941225,8,5,0.4008818429653887
2025-10-01,ILI incidence,2025-09-28,1,BE,ECDC,soca_simplex,WIS,12.6809481598438,0.03709333334492081,8,1,1.0
2025-10-01,ILI incidence,2025-09-28,1,BE,ItaLuxColab,EpiEKF,WIS,27.3685025263666,-1.0727605457138765,8,6,0.39298670108201955
2025-10-01,ILI incidence,2025-09-28,1,BE,ItaLuxColab,EpiNetEKF,WIS,28.7115094161164,-1.1418732238612757,8,7,0.33748235895173734
2025-10-01,ILI incidence,2025-09-28,1,BE,NotreDame,Rt_cocirc,WIS,16.8811652173913,-0.3756585353046301,8,3,0.8264116987314968
2025-10-01,ILI incidence,2025-09-28,1,BE,respicast,hubEnsemble,WIS,18.7515941761226,-0.5272572984881552,8,4,0.7491098400082323
2025-10-01,ILI incidence,2025-09-28,1,BE,respicast,quantileBaseline,WIS,13.0112173913043,0.0,8,2,0.9863504971136046
2025-10-01,ILI incidence,2025-09-28,1,BE,safinea,PRFM,WIS,36.8773774517618,-1.502980107855577,8,8,0.0
2025-10-01,ILI incidence,2025-09-28,1,CZ,ECDC,SARIMA,WIS,2.30686525396059,-0.2899722847992688,9,7,0.7456147154490597
2025-10-01,ILI incidence,2025-09-28,1,CZ,ECDC,soca_simplex,WIS,1.35508520980672,0.4775778793126659,9,2,0.9606591752854253
2025-10-01,ILI incidence,2025-09-28,1,CZ,ISI,FluBcast,WIS,5.60693263226871,-1.5712502832257784,9,9,0.0
2025-10-01,ILI incidence,2025-09-28,1,CZ,ItaLuxColab,EpiEKF,WIS,1.67203987645185,0.1743521979498768,9,5,0.8890466787848176
2025-10-01,ILI incidence,2025-09-28,1,CZ,ItaLuxColab,EpiNetEKF,WIS,1.18096395175441,0.6759965246189844,9,1,1.0
2025-10-01,ILI incidence,2025-09-28,1,CZ,NotreDame,Rt_cocirc,WIS,2.39436521739131,-0.3436817736822048,9,8,0.7258450402102931
2025-10-01,ILI incidence,2025-09-28,1,CZ,respicast,hubEnsemble,WIS,1.53005037749634,0.3023822976012812,9,3,0.9211276782687566
2025-10-01,ILI incidence,2025-09-28,1,CZ,respicast,quantileBaseline,WIS,1.88682608695652,0.0,9,6,0.840518045617962
2025-10-01,ILI incidence,2025-09-28,1,CZ,safinea,PRFM,WIS,1.61832888848899,0.22145662011549108,9,4,0.9011820985855331
2025-10-01,ILI incidence,2025-09-28,1,DK,ECDC,SARIMA,WIS,5.37416854001783,0.5382365111534927,9,5,0.64356218639917
2025-10-01,ILI incidence,2025-09-28,1,DK,ECDC,soca_simplex,WIS,3.9937527711044,0.9665330506780012,9,3,0.8635761383717139
2025-10-01,ILI incidence,2025-09-28,1,DK,ISI,FluBcast,WIS,9.41201878731797,-0.27022612256066714,9,9,0.0
2025-10-01,ILI incidence,2025-09-28,1,DK,ItaLuxColab,EpiEKF,WIS,8.52510279372301,-0.12743915215966825,9,8,0.14135878277606115
2025-10-01,ILI incidence,2025-09-28,1,DK,ItaLuxColab,EpiNetEKF,WIS,6.25001770522879,0.3204178010777778,9,6,0.5039672610806939
2025-10-01,ILI incidence,2025-09-28,1,DK,NotreDame,Rt_cocirc,WIS,3.27639347826087,1.2521694500156881,9,2,0.977910570473259
2025-10-01,ILI incidence,2025-09-28,1,DK,respicast,hubEnsemble,WIS,4.35949369677031,0.8401174848677424,9,4,0.8052834788223432
2025-10-01,ILI incidence,2025-09-28,1,DK,respicast,quantileBaseline,WIS,7.80434782608695,0.0,9,7,0.256234425611026
2025-10-01,ILI incidence,2025-09-28,1,DK,safinea,PRFM,WIS,3.13779955468633,1.3145248831070577,9,1,1.0
2025-10-01,ILI incidence,2025-09-28,1,EE,ECDC,SARIMA,WIS,10.5438616408688,0.15154126837218035,8,4,0.8019186711451142
2025-10-01,ILI incidence,2025-09-28,1,EE,ECDC,soca_simplex,WIS,8.09733538312563,0.5324254737686378,8,3,0.957892078731902
2025-10-01,ILI incidence,2025-09-28,1,EE,ItaLuxColab,EpiEKF,WIS,23.1223845819629,-0.9813455762484777,8,8,0.0
2025-10-01,ILI incidence,2025-09-28,1,EE,ItaLuxColab,EpiNetEKF,WIS,18.5462561411901,-0.6631833725811841,8,7,0.2917419521671352
2025-10-01,ILI incidence,2025-09-28,1,EE,NotreDame,Rt_cocirc,WIS,8.0159652173913,0.5469964589926452,8,2,0.96307967154245
2025-10-01,ILI incidence,2025-09-28,1,EE,respicast,hubEnsemble,WIS,10.7893105398303,0.1183419361052149,8,5,0.786270565575724
2025-10-01,ILI incidence,2025-09-28,1,EE,respicast,quantileBaseline,WIS,11.711652173913,0.0,8,6,0.7274685121860532
2025-10-01,ILI incidence,2025-09-28,1,EE,safinea,PRFM,WIS,7.43685013352267,0.6551810080171763,8,1,1.0
2025-10-01,ILI incidence,2025-09-28,1,ES,ECDC,SARIMA,WIS,1.2295295659488,0.43008857486863095,7,4,0.30890851404293285
2025-10-01,ILI incidence,2025-09-28,1,ES,ECDC,soca_simplex,WIS,0.274163528769828,2.5950864308757153,7,1,1.0
2025-10-01,ILI incidence,2025-09-28,1,ES,ItaLuxColab,EpiEKF,WIS,1.54366387218851,0.1018363574361441,7,6,0.08167043351587253
2025-10-01,ILI incidence,2025-09-28,1,ES,ItaLuxColab,EpiNetEKF,WIS,0.861757245771341,0.9428415729326108,7,2,0.574947193830861
2025-10-01,ILI incidence,2025-09-28,1,ES,respicast,hubEnsemble,WIS,0.972679210152025,0.7681590146892235,7,3,0.4947086023319638
2025-10-01,ILI incidence,2025-09-28,1,ES,respicast,quantileBaseline,WIS,1.6565652173913,0.0,7,7,0.0
2025-10-01,ILI incidence,2025-09-28,1,ES,safinea,PRFM,WIS,1.49931550803102,0.14389099371089728,7,5,0.11375109756780528
2025-10-01,ILI incidence,2025-09-28,1,FI,ECDC,SARIMA,WIS,1.72110707082149,-0.13477137003664852,8,6,0.6301445765928249
2025-10-01,ILI incidence,2025-09-28,1,FI,ECDC,soca_simplex,WIS,1.5970612387964,-0.02685415266328929,8,5,0.6868826770951073
2025-10-01,ILI incidence,2025-09-28,1,FI,ISI,FluBcast,WIS,2.73826875562236,-0.8046985703677373,8,7,0.16489861905327774
2025-10-01,ILI incidence,2025-09-28,1,FI,ItaLuxColab,EpiEKF,WIS,1.34706375025607,0.21874735236527765,8,3,0.8012305951069796
2025-10-01,ILI incidence,2025-09-28,1,FI,ItaLuxColab,EpiNetEKF,WIS,0.912496572419463,0.7806744359655681,8,1,1.0
2025-10-01,ILI incidence,2025-09-28,1,FI,respicast,hubEnsemble,WIS,1.26504270601476,0.309379391778287,8,2,0.8387467145564774
2025-10-01,ILI incidence,2025-09-28,1,FI,respicast,quantileBaseline,WIS,1.56760869565217,0.0,8,4,0.7003541603822454
2025-10-01,ILI incidence,2025-09-28,1,FI,safinea,PRFM,WIS,3.09878463858586,-0.9831370121991183,8,8,0.0
2025-10-01,ILI incidence,2025-09-28,1,FR,NotreDame,Rt_cocirc,WIS,97.0980608695652,-1.3862339050175776,3,2,0.0
2025-10-01,ILI incidence,2025-09-28,1,FR,respicast,hubEnsemble,WIS,97.0980608695652,-1.3862339050175776,3,2,0.0
2025-10-01,ILI incidence,2025-09-28,1,FR,respicast,quantileBaseline,WIS,37.1460441304348,0.0,3,1,1.0
2025-10-01,ILI incidence,2025-09-28,1,GR,ECDC,SARIMA,WIS,65.9059841701539,0.1156894220198638,9,7,0.7467954547942067
2025-10-01,ILI incidence,2025-09-28,1,GR,ECDC,soca_simplex,WIS,62.4368242178341,0.19370172982546519,9,6,0.7909564143436798
2025-10-01,ILI incidence,2025-09-28,1,GR,ISI,FluBcast,WIS,124.57212074819,-0.80281043622397,9,9,0.0
2025-10-01,ILI incidence,2025-09-28,1,GR,ItaLuxColab,EpiEKF,WIS,62.4026616555578,0.1944913223180255,9,5,0.7913912895156306
2025-10-01,ILI incidence,2025-09-28,1,GR,ItaLuxColab,EpiNetEKF,WIS,46.0149519793969,0.6339961649283323,9,1,1.0
2025-10-01,ILI incidence,2025-09-28,1,GR,NotreDame,Rt_cocirc,WIS,61.3837456521739,0.21824220575177167,9,4,0.8043616653496012
2025-10-01,ILI incidence,2025-09-28,1,GR,respicast,hubEnsemble,WIS,53.5738616984659,0.41456959606053423,9,3,0.9037782313500105
2025-10-01,ILI incidence,2025-09-28,1,GR,respicast,quantileBaseline,WIS,71.408652173913,0.0,9,8,0.6767487857250303
2025-10-01,ILI incidence,2025-09-28,1,GR,safinea,PRFM,WIS,46.7406588485949,0.6114208176152715,9,2,0.9907620541756809
2025-10-01,ILI incidence,2025-09-28,1,IE,ECDC,SARIMA,WIS,1.78898512193278,-1.5365108091090303,9,9,0.0
2025-10-01,ILI incidence,2025-09-28,1,IE,ECDC,soca_simplex,WIS,1.30253979231844,-1.0786968670294281,9,8,0.3376416365190021
2025-10-01,ILI incidence,2025-09-28,1,IE,ISI,FluBcast,WIS,1.13400976626216,-0.87880248486009,9,7,0.4546183044733346
2025-10-01,ILI incidence,2025-09-28,1,IE,ItaLuxColab,EpiEKF,WIS,0.790496009555186,-0.35819950477226153,9,6,0.693051155855189
2025-10-01,ILI incidence,2025-09-28,1,IE,ItaLuxColab,EpiNetEKF,WIS,0.572345118577407,0.1076733345051434,9,4,0.8444696593408978
2025-10-01,ILI incidence,2025-09-28,1,IE,NotreDame,Rt_cocirc,WIS,0.560280434782608,0.13840956110841823,9,3,0.8528437547069481
2025-10-01,ILI incidence,2025-09-28,1,IE,respicast,hubEnsemble,WIS,0.539856814469652,0.19198186121064423,9,2,0.8670197867629581
2025-10-01,ILI incidence,2025-09-28,1,IE,respicast,quantileBaseline,WIS,0.616695652173913,0.0,9,5,0.8136859600588279
2025-10-01,ILI incidence,2025-09-28,1,IE,safinea,PRFM,WIS,0.348270242602537,0.8243514656616279,9,1,1.0
2025-10-01,ILI incidence,2025-09-28,1,IS,ECDC,soca_simplex,WIS,1.49827395923628,-1.4992371797656137,7,6,0.08718502265208668
2025-10-01,ILI incidence,2025-09-28,1,IS,ISI,FluBcast,WIS,1.14627272573892,-1.1128860718548268,7,5,0.3962104941194268
2025-10-01,ILI incidence,2025-09-28,1,IS,ItaLuxColab,EpiEKF,WIS,0.703981468533311,-0.4095450924722807,7,4,0.7845024978884166
2025-10-01,ILI incidence,2025-09-28,1,IS,ItaLuxColab,EpiNetEKF,WIS,0.458515014914797,0.2090233813878231,7,1,1.0
2025-10-01,ILI incidence,2025-09-28,1,IS,respicast,hubEnsemble,WIS,0.499049850218943,0.08680842573344186,7,2,0.9644140548422008
2025-10-01,ILI incidence,2025-09-28,1,IS,respicast,quantileBaseline,WIS,0.53,0.0,7,3,0.9372426028190144
2025-10-01,ILI incidence,2025-09-28,1,IS,safinea,PRFM,WIS,1.59758368723478,-1.5918272419683175,7,7,0.0
2025-10-01,ILI incidence,2025-09-28,1,LT,ECDC,SARIMA,WIS,2.59329078622189,-1.0599487755899337,9,9,0.0
2025-10-01,ILI incidence,2025-09-28,1,LT,ECDC,soca_simplex,WIS,0.329275011152794,1.917470275015608,9,1,1.0
2025-10-01,ILI incidence,2025-09-28,1,LT,ISI,FluBcast,WIS,1.14914235460018,0.11427768069243481,9,5,0.6378703044052932
2025-10-01,ILI incidence,2025-09-28,1,LT,ItaLuxColab,EpiEKF,WIS,2.02005717707933,-0.6995609192225508,9,8,0.2531932928449076
2025-10-01,ILI incidence,2025-09-28,1,LT,ItaLuxColab,EpiNetEKF,WIS,1.41338885092386,-0.18432322455211358,9,7,0.5211544673367041
2025-10-01,ILI incidence,2025-09-28,1,LT,NotreDame,Rt_cocirc,WIS,1.0352347826087,0.2648772133321901,9,4,0.6881824856391027
2025-10-01,ILI incidence,2025-09-28,1,LT,respicast,hubEnsemble,WIS,0.849455012927354,0.5502257598331423,9,3,0.7702401160351082
2025-10-01,ILI incidence,2025-09-28,1,LT,respicast,quantileBaseline,WIS,1.24386956521739,0.0,9,6,0.5960299552079388
2025-10-01,ILI incidence,2025-09-28,1,LT,safinea,PRFM,WIS,0.561332613749262,1.1479074210959075,9,2,0.897501773109604
2025-10-01,ILI incidence,2025-09-28,1,LU,ECDC,SARIMA,WIS,688.791936029482,-0.893494675681917,8,6,0.6392797800546213
2025-10-01,ILI incidence,2025-09-28,1,LU,ECDC,soca_simplex,WIS,243.168191299949,0.6086190539647284,8,1,1.0
2025-10-01,ILI incidence,2025-09-28,1,LU,ItaLuxColab,EpiEKF,WIS,275.814507978187,0.4268752316139981,8,3,0.9735737005223365
2025-10-01,ILI incidence,2025-09-28,1,LU,ItaLuxColab,EpiNetEKF,WIS,854.573344965294,-1.2046307416290243,8,7,0.5050842687035006
2025-10-01,ILI incidence,2025-09-28,1,LU,NotreDame,Rt_cocirc,WIS,330.251439130435,0.1670087286368094,8,4,0.9295084952664798
2025-10-01,ILI incidence,2025-09-28,1,LU,respicast,hubEnsemble,WIS,253.287949040296,0.549795138935016,8,2,0.9918083331934937
2025-10-01,ILI incidence,2025-09-28,1,LU,respicast,quantileBaseline,WIS,370.782608695652,0.0,8,5,0.8966996232682379
2025-10-01,ILI incidence,2025-09-28,1,LU,safinea,PRFM,WIS,1478.54042742525,-1.9955282092697277,8,8,0.0
2025-10-01,ILI incidence,2025-09-28,1,MT,ECDC,soca_simplex,WIS,3161.00384647818,-0.879725047875988,7,7,0.0
2025-10-01,ILI incidence,2025-09-28,1,MT,ItaLuxColab,EpiEKF,WIS,2064.10443917226,-0.2648582269073434,7,6,0.4202365365298211
2025-10-01,ILI incidence,2025-09-28,1,MT,ItaLuxColab,EpiNetEKF,WIS,1494.79023532797,0.20071469841548226,7,4,0.6383482682230375
2025-10-01,ILI incidence,2025-09-28,1,MT,NotreDame,Rt_cocirc,WIS,550.808606521739,1.641034735684645,7,1,1.0
2025-10-01,ILI incidence,2025-09-28,1,MT,respicast,hubEnsemble,WIS,1277.19946768956,0.42767388618063035,7,3,0.7217101425792414
2025-10-01,ILI incidence,2025-09-28,1,MT,respicast,quantileBaseline,WIS,1717.91391304348,0.0,7,5,0.5528666635139455
2025-10-01,ILI incidence,2025-09-28,1,MT,safinea,PRFM,WIS,1191.82351202677,0.5274871289068951,7,2,0.7544187899462539
2025-10-01,ILI incidence,2025-09-28,1,NL,ECDC,SARIMA,WIS,1.89055671767195,-0.21390068549336635,8,5,0.6531754936418397
2025-10-01,ILI incidence,2025-09-28,1,NL,ECDC,soca_simplex,WIS,1.43309628082396,0.18577490751173079,8,2,0.8871527393031425
2025-10-01,ILI incidence,2025-09-28,1,NL,ItaLuxColab,EpiEKF,WIS,2.33074742277118,-0.515882225636005,8,7,0.42803119601802386
2025-10-01,ILI incidence,2025-09-28,1,NL,ItaLuxColab,EpiNetEKF,WIS,2.00004152835084,-0.2951195099891125,8,6,0.5971773080481243
2025-10-01,ILI incidence,2025-09-28,1,NL,NotreDame,Rt_cocirc,WIS,1.21246304347826,0.4269696722189614,8,1,1.0
2025-10-01,ILI incidence,2025-09-28,1,NL,respicast,hubEnsemble,WIS,1.59995093367218,0.026882783980930733,8,3,0.8018116060497502
2025-10-01,ILI incidence,2025-09-28,1,NL,respicast,quantileBaseline,WIS,1.63004347826087,0.0,8,4,0.7864201751616159
2025-10-01,ILI incidence,2025-09-28,1,NL,safinea,PRFM,WIS,3.16761229551362,-0.9584853194050218,8,8,0.0
2025-10-01,ILI incidence,2025-09-28,1,NO,ECDC,SARIMA,WIS,2.48875363537055,0.26463814445384487,9,4,0.8442161611016272
2025-10-01,ILI incidence,2025-09-28,1,NO,ECDC,soca_simplex,WIS,5.08474645888736,-0.766114270886217,9,8,0.22663636613335297
2025-10-01,ILI incidence,2025-09-28,1,NO,ISI,FluBcast,WIS,6.03741101304483,-1.0138684520778094,9,9,0.0
2025-10-01,ILI incidence,2025-09-28,1,NO,ItaLuxColab,EpiEKF,WIS,2.60228027409636,0.2002852143754797,9,5,0.8172084753974956
2025-10-01,ILI incidence,2025-09-28,1,NO,ItaLuxColab,EpiNetEKF,WIS,1.83391723836561,0.7051330337990895,9,1,1.0
2025-10-01,ILI incidence,2025-09-28,1,NO,NotreDame,Rt_cocirc,WIS,2.41160217391304,0.31006963278274946,9,3,0.8625702887851867
2025-10-01,ILI incidence,2025-09-28,1,NO,respicast,hubEnsemble,WIS,2.23099751604832,0.4223726604609271,9,2,0.9055356570111698
2025-10-01,ILI incidence,2025-09-28,1,NO,respicast,quantileBaseline,WIS,2.98982608695652,0.0,9,6,0.7250123562561667
2025-10-01,ILI incidence,2025-09-28,1,NO,safinea,PRFM,WIS,4.39640347095563,-0.556262224982088,9,7,0.3903913339837
2025-10-01,ILI incidence,2025-09-28,1,PL,ECDC,SARIMA,WIS,12.5448544625473,-0.2714534002590133,8,2,0.9694244104630014
2025-10-01,ILI incidence,2025-09-28,1,PL,ECDC,soca_simplex,WIS,39.730735986067,-1.9346131853102848,8,6,0.5831025879892832
2025-10-01,ILI incidence,2025-09-28,1,PL,ItaLuxColab,EpiEKF,WIS,58.8032360117004,-2.5002532171110863,8,7,0.31207503412246274
2025-10-01,ILI incidence,2025-09-28,1,PL,ItaLuxColab,EpiNetEKF,WIS,34.4101997267234,-1.7271939325658718,8,5,0.6587094526211646
2025-10-01,ILI incidence,2025-09-28,1,PL,NotreDame,Rt_cocirc,WIS,80.7642913043478,-2.958075235057213,8,8,0.0
2025-10-01,ILI incidence,2025-09-28,1,PL,respicast,hubEnsemble,WIS,17.4638908129662,-0.7487326821583625,8,3,0.8995230138110579
2025-10-01,ILI incidence,2025-09-28,1,PL,respicast,quantileBaseline,WIS,10.3932173913043,0.0,8,1,1.0
2025-10-01,ILI incidence,2025-09-28,1,PL,safinea,PRFM,WIS,23.4077297755419,-1.1713426865154688,8,4,0.8150587782656347
2025-10-01,ILI incidence,2025-09-28,1,RO,ECDC,soca_simplex,WIS,2.75808850647232,-1.252818057560771,8,8,0.0
2025-10-01,ILI incidence,2025-09-28,1,RO,ISI,FluBcast,WIS,2.15362279495193,-0.895914889491107,8,6,0.34125741855142244
2025-10-01,ILI incidence,2025-09-28,1,RO,ItaLuxColab,EpiEKF,WIS,1.15133125102686,0.007547722931521333,8,2,0.9071115578300095
2025-10-01,ILI incidence,2025-09-28,1,RO,ItaLuxColab,EpiNetEKF,WIS,1.20536652622485,-0.05862121011595284,8,4,0.8766053799387931
2025-10-01,ILI incidence,2025-09-28,1,RO,NotreDame,Rt_cocirc,WIS,2.2878347826087,-0.983132174960929,8,7,0.26548664185806187
2025-10-01,ILI incidence,2025-09-28,1,RO,respicast,hubEnsemble,WIS,1.55618268124565,-0.4271607333166229,8,5,0.6785484626201744
2025-10-01,ILI incidence,2025-09-28,1,RO,respicast,quantileBaseline,WIS,1.15737043478261,0.0,8,3,0.9037020736866309
2025-10-01,ILI incidence,2025-09-28,1,RO,safinea,PRFM,WIS,0.98679892077997,0.23002265287301796,8,1,1.0
2025-10-01,ILI incidence,2025-09-28,1,SI,ECDC,SARIMA,WIS,2.77669882783448,-1.0970319974654634,9,8,0.2960198806837658
2025-10-01,ILI incidence,2025-09-28,1,SI,ECDC,soca_simplex,WIS,3.89247438470284,-1.5843488378144186,9,9,0.0
2025-10-01,ILI incidence,2025-09-28,1,SI,ISI,FluBcast,WIS,0.123215528537269,3.3970827157821617,9,1,1.0
2025-10-01,ILI incidence,2025-09-28,1,SI,ItaLuxColab,EpiEKF,WIS,1.27892113290165,0.021411407108714166,9,5,0.693386512185563
2025-10-01,ILI incidence,2025-09-28,1,SI,ItaLuxColab,EpiNetEKF,WIS,1.38213910955117,-0.09056411987493446,9,7,0.6660023550904139
2025-10-01,ILI incidence,2025-09-28,1,SI,NotreDame,Rt_cocirc,WIS,1.19941956521739,0.11400229585103323,9,4,0.7144786076658761
2025-10-01,ILI incidence,2025-09-28,1,SI,respicast,hubEnsemble,WIS,1.02819186035064,0.33622921134916195,9,3,0.759906027591325
2025-10-01,ILI incidence,2025-09-28,1,SI,respicast,quantileBaseline,WIS,1.29804347826087,0.0,9,6,0.688313274690096
2025-10-01,ILI incidence,2025-09-28,1,SI,safinea,PRFM,WIS,0.820915014838429,0.6610339275872744,9,2,0.8148974339716952
2025-10-01,ILI incidence,2025-10-05,2,AT,NotreDame,Rt_cocirc,WIS,52.0017152173912,3.5418435106986474,3,1,1.0
2025-10-01,ILI incidence,2025-10-05,2,AT,respicast,hubEnsemble,WIS,52.0017152173912,3.5418435106986474,3,1,1.0
2025-10-01,ILI incidence,2025-10-05,2,AT,respicast,quantileBaseline,WIS,605.645933043478,0.0,3,3,0.0
2025-10-01,ILI incidence,2025-10-05,2,BE,ECDC,SARIMA,WIS,30.4219698646995,0.43204444621431004,8,5,0.8459721783684875
2025-10-01,ILI incidence,2025-10-05,2,BE,ECDC,soca_simplex,WIS,25.8045534018841,0.6695323566170133,8,2,0.908237819311327
2025-10-01,ILI incidence,2025-10-05,2,BE,ItaLuxColab,EpiEKF,WIS,28.9568398424938,0.5032538539634483,8,4,0.865729386892323
2025-10-01,ILI incidence,2025-10-05,2,BE,ItaLuxColab,EpiNetEKF,WIS,18.999769939289,1.1111760691666097,8,1,1.0
2025-10-01,ILI incidence,2025-10-05,2,BE,NotreDame,Rt_cocirc,WIS,93.156502173913,-1.182498451669054,8,8,0.0
2025-10-01,ILI incidence,2025-10-05,2,BE,respicast,hubEnsemble,WIS,25.8991800725416,0.6642515936336547,8,3,0.9069617831672572
2025-10-01,ILI incidence,2025-10-05,2,BE,respicast,quantileBaseline,WIS,41.0436210869565,0.0,8,6,0.7027397178462084
2025-10-01,ILI incidence,2025-10-05,2,BE,safinea,PRFM,WIS,80.0137751233858,-0.9630903760885493,8,7,0.1772290479163107
2025-10-01,ILI incidence,2025-10-05,2,CZ,ECDC,SARIMA,WIS,3.77534241415846,-0.4399525037820653,9,8,0.6205310040042192
2025-10-01,ILI incidence,2025-10-05,2,CZ,ECDC,soca_simplex,WIS,2.38962167991888,0.2198727637210701,9,4,0.8937836572279773
2025-10-01,ILI incidence,2025-10-05,2,CZ,ISI,FluBcast,WIS,6.92218350917619,-1.3145721928531948,9,9,0.0
2025-10-01,ILI incidence,2025-10-05,2,CZ,ItaLuxColab,EpiEKF,WIS,2.68456725716701,0.05196544587038804,9,5,0.8356228319272784
2025-10-01,ILI incidence,2025-10-05,2,CZ,ItaLuxColab,EpiNetEKF,WIS,2.69881144338435,0.04433081122251081,9,6,0.8328139963655896
2025-10-01,ILI incidence,2025-10-05,2,CZ,NotreDame,Rt_cocirc,WIS,1.98616739130435,0.48666777920469245,9,2,0.9733415018170037
2025-10-01,ILI incidence,2025-10-05,2,CZ,respicast,hubEnsemble,WIS,2.36260089723537,0.23627905305389593,9,3,0.8991119318059739
2025-10-01,ILI incidence,2025-10-05,2,CZ,respicast,quantileBaseline,WIS,2.78302717391304,0.0,9,7,0.8162073517210109
2025-10-01,ILI incidence,2025-10-05,2,CZ,safinea,PRFM,WIS,1.8509766319831,0.5883683137011001,9,1,1.0
2025-10-01,ILI incidence,2025-10-05,2,DK,ECDC,SARIMA,WIS,10.755228959908,0.45123751401286843,9,2,0.7893873316881658
2025-10-01,ILI incidence,2025-10-05,2,DK,ECDC,soca_simplex,WIS,20.0106647248121,-0.4444933407035057,9,8,0.21671691470556098
2025-10-01,ILI incidence,2025-10-05,2,DK,ISI,FluBcast,WIS,23.5132194644023,-0.6771963368901505,9,9,0.0
2025-10-01,ILI incidence,2025-10-05,2,DK,ItaLuxColab,EpiEKF,WIS,15.6731985219886,-0.09202387759496182,9,7,0.4850931038027609
2025-10-01,ILI incidence,2025-10-05,2,DK,ItaLuxColab,EpiNetEKF,WIS,11.7033972078284,0.3293483821184821,9,5,0.7307204120856108
2025-10-01,ILI incidence,2025-10-05,2,DK,NotreDame,Rt_cocirc,WIS,11.6789586956522,0.3323641033150085,9,4,0.7322325194908016
2025-10-01,ILI incidence,2025-10-05,2,DK,respicast,hubEnsemble,WIS,11.4099035735175,0.36598915225383044,9,3,0.7488800240381772
2025-10-01,ILI incidence,2025-10-05,2,DK,respicast,quantileBaseline,WIS,14.7046836956522,0.0,9,6,0.5450189466847408
2025-10-01,ILI incidence,2025-10-05,2,DK,safinea,PRFM,WIS,7.35133037351665,1.0001984876907706,9,1,1.0
2025-10-01,ILI incidence,2025-10-05,2,ES,ECDC,SARIMA,WIS,2.63154794088295,0.6602121897850803,7,3,0.7895646313129661
2025-10-01,ILI incidence,2025-10-05,2,ES,ECDC,soca_simplex,WIS,4.89354498962837,-0.2347560958323165,7,6,0.12320431861711656
2025-10-01,ILI incidence,2025-10-05,2,ES,ItaLuxColab,EpiEKF,WIS,3.04126347187663,0.4514530616327981,7,4,0.668866786238093
2025-10-01,ILI incidence,2025-10-05,2,ES,ItaLuxColab,EpiNetEKF,WIS,1.91721340766925,1.1171129331933856,7,1,1.0
2025-10-01,ILI incidence,2025-10-05,2,ES,respicast,hubEnsemble,WIS,2.38727425273663,0.8007595531523384,7,2,0.8615250661450232
2025-10-01,ILI incidence,2025-10-05,2,ES,respicast,quantileBaseline,WIS,4.15867478260869,0.0,7,5,0.3396892787597901
2025-10-01,ILI incidence,2025-10-05,2,ES,safinea,PRFM,WIS,5.31176888411143,-0.35306850865225686,7,7,0.0
2025-10-01,ILI incidence,2025-10-05,2,FI,ECDC,SARIMA,WIS,2.57369396267138,-0.3596439892230342,8,6,0.45140062272024767
2025-10-01,ILI incidence,2025-10-05,2,FI,ECDC,soca_simplex,WIS,2.09637373642059,-0.06369941595942619,8,5,0.6301146858148857
2025-10-01,ILI incidence,2025-10-05,2,FI,ISI,FluBcast,WIS,3.77932178868347,-0.9139308374445347,8,8,0.0
2025-10-01,ILI incidence,2025-10-05,2,FI,ItaLuxColab,EpiEKF,WIS,1.78901701907503,0.16502941207585795,8,3,0.7451924988958569
2025-10-01,ILI incidence,2025-10-05,2,FI,ItaLuxColab,EpiNetEKF,WIS,1.10846187992506,0.8556373673311882,8,1,1.0
2025-10-01,ILI incidence,2025-10-05,2,FI,respicast,hubEnsemble,WIS,1.43305203563076,0.48510552768516496,8,2,0.8784697937015385
2025-10-01,ILI incidence,2025-10-05,2,FI,respicast,quantileBaseline,WIS,2.00582608695652,0.0,8,4,0.6640167445365514
2025-10-01,ILI incidence,2025-10-05,2,FI,safinea,PRFM,WIS,3.58232961053482,-0.836701561942997,8,7,0.07375608788115912
2025-10-01,ILI incidence,2025-10-05,2,FR,NotreDame,Rt_cocirc,WIS,104.58615,-1.4119628268977085,3,2,0.0
2025-10-01,ILI incidence,2025-10-05,2,FR,respicast,hubEnsemble,WIS,104.58615,-1.4119628268977085,3,2,0.0
2025-10-01,ILI incidence,2025-10-05,2,FR,respicast,quantileBaseline,WIS,39.3034806521739,0.0,3,1,1.0
2025-10-01,ILI incidence,2025-10-05,2,GR,ECDC,SARIMA,WIS,145.786160335196,0.12708328608329358,9,5,0.7871708006239806
2025-10-01,ILI incidence,2025-10-05,2,GR,ECDC,soca_simplex,WIS,221.405768679278,-0.47575575633410216,9,8,0.3424709076784292
2025-10-01,ILI incidence,2025-10-05,2,GR,ISI,FluBcast,WIS,279.641707834442,-0.8126424955982682,9,9,0.0
2025-10-01,ILI incidence,2025-10-05,2,GR,ItaLuxColab,EpiEKF,WIS,143.191165019644,0.15299457517841875,9,4,0.8024313152483002
2025-10-01,ILI incidence,2025-10-05,2,GR,ItaLuxColab,EpiNetEKF,WIS,109.59532477102,0.5387507997246594,9,1,1.0
2025-10-01,ILI incidence,2025-10-05,2,GR,NotreDame,Rt_cocirc,WIS,191.033810869565,-0.2628909465285262,9,7,0.5210807508433096
2025-10-01,ILI incidence,2025-10-05,2,GR,respicast,hubEnsemble,WIS,133.315799677362,0.25608928646673546,9,3,0.8605058544673954
2025-10-01,ILI incidence,2025-10-05,2,GR,respicast,quantileBaseline,WIS,159.21067326087,0.0,9,6,0.7082246173307606
2025-10-01,ILI incidence,2025-10-05,2,GR,safinea,PRFM,WIS,127.374590406682,0.321859548198953,9,2,0.8954446115503034
2025-10-01,ILI incidence,2025-10-05,2,HR,ECDC,SARIMA,WIS,2.30087480915423,-1.4235584816055349,9,9,0.0
2025-10-01,ILI incidence,2025-10-05,2,HR,ECDC,soca_simplex,WIS,0.239012610262447,1.8434653652413457,9,2,0.971585782121101
2025-10-01,ILI incidence,2025-10-05,2,HR,ISI,FluBcast,WIS,0.518617820609958,0.7258803212342286,9,3,0.8398308825324503
2025-10-01,ILI incidence,2025-10-05,2,HR,ItaLuxColab,EpiEKF,WIS,1.13696460825141,-0.40656333941949857,9,8,0.5484549857263504
2025-10-01,ILI incidence,2025-10-05,2,HR,ItaLuxColab,EpiNetEKF,WIS,0.72708107365928,0.23843586000132846,9,5,0.7415993261916355
2025-10-01,ILI incidence,2025-10-05,2,HR,NotreDame,Rt_cocirc,WIS,0.178713043478261,2.2629071676052526,9,1,1.0
2025-10-01,ILI incidence,2025-10-05,2,HR,respicast,hubEnsemble,WIS,0.547228146195728,0.6484096659112918,9,4,0.8263491932246342
2025-10-01,ILI incidence,2025-10-05,2,HR,respicast,quantileBaseline,WIS,0.857746956521739,0.0,9,6,0.6800272608685011
2025-10-01,ILI incidence,2025-10-05,2,HR,safinea,PRFM,WIS,0.913567477793278,-0.0909591911406943,9,7,0.6537236481211673
2025-10-01,ILI incidence,2025-10-05,2,HU,NotreDame,Rt_cocirc,WIS,182.507397826087,-1.0576392288656462,3,2,0.0
2025-10-01,ILI incidence,2025-10-05,2,HU,respicast,hubEnsemble,WIS,182.507397826087,-1.0576392288656462,3,2,0.0
2025-10-01,ILI incidence,2025-10-05,2,HU,respicast,quantileBaseline,WIS,87.6797576086957,0.0,3,1,1.0
2025-10-01,ILI incidence,2025-10-05,2,IE,ECDC,SARIMA,WIS,2.36912969738296,-0.4479708756402516,9,7,0.5187076898719517
2025-10-01,ILI incidence,2025-10-05,2,IE,ECDC,soca_simplex,WIS,3.84762472696938,-1.1475817895403153,9,8,0.011366248072032343
2025-10-01,ILI incidence,2025-10-05,2,IE,ISI,FluBcast,WIS,3.88074826054063,-1.1599485452103735,9,9,0.0
2025-10-01,ILI incidence,2025-10-05,2,IE,ItaLuxColab,EpiEKF,WIS,1.55438685327354,0.16004070103044396,9,3,0.7982844222619598
2025-10-01,ILI incidence,2025-10-05,2,IE,ItaLuxColab,EpiNetEKF,WIS,0.966547078115845,0.8454743956957572,9,1,1.0
2025-10-01,ILI incidence,2025-10-05,2,IE,NotreDame,Rt_cocirc,WIS,1.98087826086956,-0.18975391396682026,9,6,0.651935086406858
2025-10-01,ILI incidence,2025-10-05,2,IE,respicast,hubEnsemble,WIS,1.56541401936511,0.14984203468208065,9,4,0.7945004810028343
2025-10-01,ILI incidence,2025-10-05,2,IE,respicast,quantileBaseline,WIS,1.73674543478261,0.0,9,5,0.7357085841184393
2025-10-01,ILI incidence,2025-10-05,2,IE,safinea,PRFM,WIS,1.34681052156662,0.36683940810204474,9,2,0.8695136609839772
2025-10-01,ILI incidence,2025-10-05,2,IS,ECDC,soca_simplex,WIS,1.13748070593469,-1.6010468523430608,7,7,0.0
2025-10-01,ILI incidence,2025-10-05,2,IS,ISI,FluBcast,WIS,0.0186432260750116,4.329999882303806,7,1,1.0
2025-10-01,ILI incidence,2025-10-05,2,IS,ItaLuxColab,EpiEKF,WIS,0.887511152553451,-1.2430419317472554,7,5,0.2234190022062807
2025-10-01,ILI incidence,2025-10-05,2,IS,ItaLuxColab,EpiNetEKF,WIS,0.534740066910631,-0.5121144618685806,7,3,0.5387204575052787
2025-10-01,ILI incidence,2025-10-05,2,IS,respicast,hubEnsemble,WIS,0.549531057114232,-0.5514777014303444,7,4,0.5255004944008463
2025-10-01,ILI incidence,2025-10-05,2,IS,respicast,quantileBaseline,WIS,0.37495652173913,0.0,7,2,0.6815325710139722
2025-10-01,ILI incidence,2025-10-05,2,IS,safinea,PRFM,WIS,0.950214137431586,-1.3415293546256246,7,6,0.16737602366215917
2025-10-01,ILI incidence,2025-10-05,2,LT,ECDC,SARIMA,WIS,4.40862438515802,-0.6759444100900117,9,9,0.0
2025-10-01,ILI incidence,2025-10-05,2,LT,ECDC,soca_simplex,WIS,0.592248684979289,2.2201091592258666,9,1,1.0
2025-10-01,ILI incidence,2025-10-05,2,LT,ISI,FluBcast,WIS,2.76435105107416,-0.0025566839373327615,9,7,0.43084681993097645
2025-10-01,ILI incidence,2025-10-05,2,LT,ItaLuxColab,EpiEKF,WIS,3.32275217986267,-0.2679945423493694,9,8,0.28452969272508877
2025-10-01,ILI incidence,2025-10-05,2,LT,ItaLuxColab,EpiNetEKF,WIS,2.09454617315236,0.3977464664705608,9,4,0.6063549277649173
2025-10-01,ILI incidence,2025-10-05,2,LT,NotreDame,Rt_cocirc,WIS,2.10142173913043,0.3930184256345823,9,5,0.604553332084034
2025-10-01,ILI incidence,2025-10-05,2,LT,respicast,hubEnsemble,WIS,1.35703179622592,1.0239296299378167,9,3,0.7996048682495243
2025-10-01,ILI incidence,2025-10-05,2,LT,respicast,quantileBaseline,WIS,2.75945652173913,0.0,9,6,0.4321293271366483
2025-10-01,ILI incidence,2025-10-05,2,LT,safinea,PRFM,WIS,0.940428517325754,1.5529939617670347,9,2,0.9087668878275902
2025-10-01,ILI incidence,2025-10-05,2,LU,ECDC,SARIMA,WIS,670.444102652593,0.5342573390707243,7,1,1.0
2025-10-01,ILI incidence,2025-10-05,2,LU,ItaLuxColab,EpiEKF,WIS,947.178703580283,0.03573774982147281,7,3,0.8626735663142755
2025-10-01,ILI incidence,2025-10-05,2,LU,ItaLuxColab,EpiNetEKF,WIS,1077.67892331725,-0.15048111625708163,7,5,0.7979142998127084
2025-10-01,ILI incidence,2025-10-05,2,LU,NotreDame,Rt_cocirc,WIS,1540.19383913043,-0.6656656322617833,7,6,0.5683964740614086
2025-10-01,ILI incidence,2025-10-05,2,LU,respicast,hubEnsemble,WIS,859.653424903182,0.17561924875872895,7,2,0.9061070015904669
2025-10-01,ILI incidence,2025-10-05,2,LU,respicast,quantileBaseline,WIS,970.934782608694,0.0,7,4,0.8508848792459014
2025-10-01,ILI incidence,2025-10-05,2,LU,safinea,PRFM,WIS,2685.60311829415,-1.467799818655501,7,7,0.0
2025-10-01,ILI incidence,2025-10-05,2,LV,NotreDame,Rt_cocirc,WIS,9.9,1.7783374508150762,3,1,1.0
2025-10-01,ILI incidence,2025-10-05,2,LV,respicast,hubEnsemble,WIS,9.9,1.7783374508150762,3,1,1.0
2025-10-01,ILI incidence,2025-10-05,2,LV,respicast,quantileBaseline,WIS,33.9600334782609,0.0,3,3,0.0
2025-10-01,ILI incidence,2025-10-05,2,MT,ECDC,soca_simplex,WIS,3951.07068084349,-1.1241415391055294,7,7,0.0
2025-10-01,ILI incidence,2025-10-05,2,MT,ItaLuxColab,EpiEKF,WIS,1799.28622735725,0.010677409573110856,7,5,0.7318157138742618
2025-10-01,ILI incidence,2025-10-05,2,MT,ItaLuxColab,EpiNetEKF,WIS,1327.4964339802,0.44939413030388053,7,3,0.8922700678777188
2025-10-01,ILI incidence,2025-10-05,2,MT,NotreDame,Rt_cocirc,WIS,1010.7341826087,0.8426984894002513,7,1,1.0
2025-10-01,ILI incidence,2025-10-05,2,MT,respicast,hubEnsemble,WIS,1377.79506389112,0.39574080133047074,7,4,0.8751636482753649
2025-10-01,ILI incidence,2025-10-05,2,MT,respicast,quantileBaseline,WIS,1812.65217391304,0.0,7,6,0.7272699938303777
2025-10-01,ILI incidence,2025-10-05,2,MT,safinea,PRFM,WIS,1100.001,0.7205972805733513,7,2,0.9696406117310415
2025-10-01,ILI incidence,2025-10-05,2,NL,ECDC,SARIMA,WIS,2.48807737304268,0.39822694251772395,8,4,0.8076977963658534
2025-10-01,ILI incidence,2025-10-05,2,NL,ECDC,soca_simplex,WIS,5.94143249965034,-0.8575525187370993,8,7,0.24427481045877175
2025-10-01,ILI incidence,2025-10-05,2,NL,ItaLuxColab,EpiEKF,WIS,3.30547234173216,-0.011598150179178137,8,6,0.6743378906972886
2025-10-01,ILI incidence,2025-10-05,2,NL,ItaLuxColab,EpiNetEKF,WIS,2.15310934858471,0.6068367023314059,8,3,0.8623486149478681
2025-10-01,ILI incidence,2025-10-05,2,NL,NotreDame,Rt_cocirc,WIS,1.30941086956522,1.3243404328649517,8,1,1.0
2025-10-01,ILI incidence,2025-10-05,2,NL,respicast,hubEnsemble,WIS,2.14062160513962,0.6152284979661369,8,2,0.8643860195706548
2025-10-01,ILI incidence,2025-10-05,2,NL,respicast,quantileBaseline,WIS,3.27900543478261,0.0,8,5,0.6786560286224457
2025-10-01,ILI incidence,2025-10-05,2,NL,safinea,PRFM,WIS,7.43865162293622,-1.181782840074175,8,8,0.0
2025-10-01,ILI incidence,2025-10-05,2,NO,ECDC,SARIMA,WIS,3.16351073298084,0.09297066449448133,9,3,0.9000285421433756
2025-10-01,ILI incidence,2025-10-05,2,NO,ECDC,soca_simplex,WIS,6.74858456528823,-1.0000877908511385,9,8,0.06289194987153317
2025-10-01,ILI incidence,2025-10-05,2,NO,ISI,FluBcast,WIS,6.57399366916114,-0.9622729120354289,9,7,0.10365998831704872
2025-10-01,ILI incidence,2025-10-05,2,NO,ItaLuxColab,EpiEKF,WIS,3.44039299885144,-0.028076219502342955,9,5,0.835374845356819
2025-10-01,ILI incidence,2025-10-05,2,NO,ItaLuxColab,EpiNetEKF,WIS,2.88434646597504,0.22625268439550503,9,2,0.9652151001046912
2025-10-01,ILI incidence,2025-10-05,2,NO,NotreDame,Rt_cocirc,WIS,4.39266086956522,-0.3805979670344084,9,6,0.6130144930997986
2025-10-01,ILI incidence,2025-10-05,2,NO,respicast,hubEnsemble,WIS,2.73537862067315,0.3027566158668502,9,1,1.0
2025-10-01,ILI incidence,2025-10-05,2,NO,respicast,quantileBaseline,WIS,3.37408695652174,0.0,9,4,0.8508577104020815
2025-10-01,ILI incidence,2025-10-05,2,NO,safinea,PRFM,WIS,7.01792207344246,-1.0565467731856875,9,9,0.0
2025-10-01,ILI incidence,2025-10-05,2,PL,ECDC,SARIMA,WIS,162.840518456567,0.21738111220574147,8,5,0.5297805951569861
2025-10-01,ILI incidence,2025-10-05,2,PL,ECDC,soca_simplex,WIS,230.731355186079,-0.2853732399647758,8,7,0.2521174409782142
2025-10-01,ILI incidence,2025-10-05,2,PL,ItaLuxColab,EpiEKF,WIS,47.8681558625314,1.983702700190497,8,1,1.0
2025-10-01,ILI incidence,2025-10-05,2,PL,ItaLuxColab,EpiNetEKF,WIS,76.8814120991949,1.3001340923088605,8,2,0.8813402127924133
2025-10-01,ILI incidence,2025-10-05,2,PL,NotreDame,Rt_cocirc,WIS,292.376063043478,-0.6269843699496129,8,8,0.0
2025-10-01,ILI incidence,2025-10-05,2,PL,respicast,hubEnsemble,WIS,121.544258095441,0.639359091862635,8,4,0.698675993417317
2025-10-01,ILI incidence,2025-10-05,2,PL,respicast,quantileBaseline,WIS,189.321837826087,0.0,8,6,0.4214760430677047
2025-10-01,ILI incidence,2025-10-05,2,PL,safinea,PRFM,WIS,101.220202877057,0.9033435610238557,8,3,0.7817982754437355
2025-10-01,ILI incidence,2025-10-05,2,RO,ECDC,soca_simplex,WIS,0.896699579740715,-0.24383434027026385,8,7,0.30966339431906903
2025-10-01,ILI incidence,2025-10-05,2,RO,ISI,FluBcast,WIS,0.0353858251603236,4.419546914375782,8,1,1.0
2025-10-01,ILI incidence,2025-10-05,2,RO,ItaLuxColab,EpiEKF,WIS,0.499065022428935,0.6015625869450791,8,5,0.6283645518662204
2025-10-01,ILI incidence,2025-10-05,2,RO,ItaLuxColab,EpiNetEKF,WIS,0.388590644559318,0.9625392133048583,8,3,0.7169089488732994
2025-10-01,ILI incidence,2025-10-05,2,RO,NotreDame,Rt_cocirc,WIS,0.42044347826087,0.8488785145165425,8,4,0.6913791381836268
2025-10-01,ILI incidence,2025-10-05,2,RO,respicast,hubEnsemble,WIS,0.215231697155399,1.8148998221861017,8,2,0.8558548633891351
2025-10-01,ILI incidence,2025-10-05,2,RO,respicast,quantileBaseline,WIS,0.757260869565217,0.0,8,6,0.42142248950497546
2025-10-01,ILI incidence,2025-10-05,2,RO,safinea,PRFM,WIS,1.28305797160664,-0.7607240698619933,8,8,0.0
2025-10-01,ILI incidence,2025-10-05,2,SI,ECDC,SARIMA,WIS,4.17248610718922,-0.7902997846287922,9,8,0.3099915177180425
2025-10-01,ILI incidence,2025-10-05,2,SI,ECDC,soca_simplex,WIS,5.79137494174107,-1.2632984406181105,9,9,0.0
2025-10-01,ILI incidence,2025-10-05,2,SI,ISI,FluBcast,WIS,0.56900999940631,2.0840815504966783,9,1,1.0
2025-10-01,ILI incidence,2025-10-05,2,SI,ItaLuxColab,EpiEKF,WIS,2.28121526421719,0.08080487002650286,9,2,0.6721398669535712
2025-10-01,ILI incidence,2025-10-05,2,SI,ItaLuxColab,EpiNetEKF,WIS,3.22294887315095,-0.41777384123069533,9,6,0.491812827512176
2025-10-01,ILI incidence,2025-10-05,2,SI,NotreDame,Rt_cocirc,WIS,3.31239130434783,-0.45726565217148224,9,7,0.47468602151824385
2025-10-01,ILI incidence,2025-10-05,2,SI,respicast,hubEnsemble,WIS,2.59640385017431,-0.10590733930949199,9,5,0.6117862552398312
2025-10-01,ILI incidence,2025-10-05,2,SI,respicast,quantileBaseline,WIS,2.41263130434783,0.0,9,3,0.6469757810304821
2025-10-01,ILI incidence,2025-10-05,2,SI,safinea,PRFM,WIS,2.52169196932649,-0.06378459646227644,9,4,0.6260923946369793
2025-10-01,ILI incidence,2025-10-12,3,AT,NotreDame,Rt_cocirc,WIS,276.49452173913,1.154485855932095,3,1,1.0
2025-10-01,ILI incidence,2025-10-12,3,AT,respicast,hubEnsemble,WIS,276.49452173913,1.154485855932095,3,1,1.0
2025-10-01,ILI incidence,2025-10-12,3,AT,respicast,quantileBaseline,WIS,615.490569565217,0.0,3,3,0.0
2025-10-01,ILI incidence,2025-10-12,3,BE,ECDC,SARIMA,WIS,34.3408721382033,0.22639020525450826,8,3,0.8437017268571574
2025-10-01,ILI incidence,2025-10-12,3,BE,ECDC,soca_simplex,WIS,37.5282166640855,0.09834114929932068,8,4,0.7883270308662442
2025-10-01,ILI incidence,2025-10-12,3,BE,ItaLuxColab,EpiEKF,WIS,44.8216555775634,-0.15787905418683823,8,6,0.6616159209493297
2025-10-01,ILI incidence,2025-10-12,3,BE,ItaLuxColab,EpiNetEKF,WIS,30.8590667370622,0.38062245296692576,8,2,0.9041921802807149
2025-10-01,ILI incidence,2025-10-12,3,BE,NotreDame,Rt_cocirc,WIS,82.9039934782609,-1.0451247134166526,8,8,0.0
2025-10-01,ILI incidence,2025-10-12,3,BE,respicast,hubEnsemble,WIS,25.3444083853652,0.6646493969908288,8,1,1.0
2025-10-01,ILI incidence,2025-10-12,3,BE,respicast,quantileBaseline,WIS,40.1755252173913,0.0,8,5,0.7423345424034923
2025-10-01,ILI incidence,2025-10-12,3,BE,safinea,PRFM,WIS,68.688346869805,-0.7737484789187457,8,7,0.246972708116523
2025-10-01,ILI incidence,2025-10-12,3,CZ,ECDC,SARIMA,WIS,5.21288207152677,-0.4790925976674591,9,8,0.42739272309258963
2025-10-01,ILI incidence,2025-10-12,3,CZ,ECDC,soca_simplex,WIS,1.48308894970397,1.3343834978262539,9,4,0.9486016819536847
2025-10-01,ILI incidence,2025-10-12,3,CZ,ISI,FluBcast,WIS,8.27132228404946,-1.145129357123635,9,9,0.0
2025-10-01,ILI incidence,2025-10-12,3,CZ,ItaLuxColab,EpiEKF,WIS,4.10991604149403,-0.13612029717951185,9,6,0.5815234636982697
2025-10-01,ILI incidence,2025-10-12,3,CZ,ItaLuxColab,EpiNetEKF,WIS,4.39004526215214,-0.23124718902769156,9,7,0.5423776304906551
2025-10-01,ILI incidence,2025-10-12,3,CZ,NotreDame,Rt_cocirc,WIS,1.11528043478261,1.7455821070360333,9,1,1.0
2025-10-01,ILI incidence,2025-10-12,3,CZ,respicast,hubEnsemble,WIS,1.28995734729766,1.5356652618217377,9,2,0.9755902891298845
2025-10-01,ILI incidence,2025-10-12,3,CZ,respicast,quantileBaseline,WIS,3.73987130434783,0.0,9,5,0.633234276035695
2025-10-01,ILI incidence,2025-10-12,3,CZ,safinea,PRFM,WIS,1.35082008379378,1.4691530908590498,9,3,0.9670852052052629
2025-10-01,ILI incidence,2025-10-12,3,EE,ECDC,SARIMA,WIS,23.08398005049,0.4950586597930758,8,4,0.6744842413938519
2025-10-01,ILI incidence,2025-10-12,3,EE,ECDC,soca_simplex,WIS,13.3587255794096,1.2841682676500827,8,2,0.9509212607159426
2025-10-01,ILI incidence,2025-10-12,3,EE,ItaLuxColab,EpiEKF,WIS,46.8128239671797,-0.5249531486296872,8,8,0.0
2025-10-01,ILI incidence,2025-10-12,3,EE,ItaLuxColab,EpiNetEKF,WIS,36.1945010368397,-0.1538198788678831,8,7,0.30182218365505764
2025-10-01,ILI incidence,2025-10-12,3,EE,NotreDame,Rt_cocirc,WIS,11.6321,1.4838390719890362,8,1,1.0
2025-10-01,ILI incidence,2025-10-12,3,EE,respicast,hubEnsemble,WIS,22.9420620211468,0.5039555832218928,8,3,0.6785182126525331
2025-10-01,ILI incidence,2025-10-12,3,EE,respicast,quantileBaseline,WIS,32.534055,0.0,8,5,0.40586910549369154
2025-10-01,ILI incidence,2025-10-12,3,EE,safinea,PRFM,WIS,35.4340351466144,-0.12318511649483752,8,6,0.3234381654903021
2025-10-01,ILI incidence,2025-10-12,3,ES,ECDC,SARIMA,WIS,3.62282474860603,0.3036789272361747,7,4,0.6714124368459796
2025-10-01,ILI incidence,2025-10-12,3,ES,ECDC,soca_simplex,WIS,2.70065960912711,0.7274821312756355,7,2,0.8848107862881263
2025-10-01,ILI incidence,2025-10-12,3,ES,ItaLuxColab,EpiEKF,WIS,3.83319348401845,0.22224712408418001,7,5,0.6227309816604052
2025-10-01,ILI incidence,2025-10-12,3,ES,ItaLuxColab,EpiNetEKF,WIS,2.20288876128897,1.0213972999639427,7,1,1.0
2025-10-01,ILI incidence,2025-10-12,3,ES,respicast,hubEnsemble,WIS,2.98598464315633,0.5825871996917821,7,3,0.8187836847314948
2025-10-01,ILI incidence,2025-10-12,3,ES,respicast,quantileBaseline,WIS,4.47160869565217,0.0,7,6,0.47499523825724765
2025-10-01,ILI incidence,2025-10-12,3,ES,safinea,PRFM,WIS,6.52422087041535,-0.5450116783119417,7,7,0.0
2025-10-01,ILI incidence,2025-10-12,3,FI,ECDC,SARIMA,WIS,3.20065874994416,-0.5264383490353146,8,7,0.2802501886442744
2025-10-01,ILI incidence,2025-10-12,3,FI,ECDC,soca_simplex,WIS,1.6434739712142,0.43518191010419743,8,3,0.8887157928613318
2025-10-01,ILI incidence,2025-10-12,3,FI,ISI,FluBcast,WIS,3.91787485052326,-0.8181407962526462,8,8,0.0
2025-10-01,ILI incidence,2025-10-12,3,FI,ItaLuxColab,EpiEKF,WIS,2.17850125610013,0.02859457269086647,8,4,0.6796553752298135
2025-10-01,ILI incidence,2025-10-12,3,FI,ItaLuxColab,EpiNetEKF,WIS,1.35867550065423,0.7097295866982309,8,1,1.0
2025-10-01,ILI incidence,2025-10-12,3,FI,respicast,hubEnsemble,WIS,1.43456707401064,0.6313150940644859,8,2,0.970345579620324
2025-10-01,ILI incidence,2025-10-12,3,FI,respicast,quantileBaseline,WIS,2.22211043478261,0.0,8,5,0.6626152104279929
2025-10-01,ILI incidence,2025-10-12,3,FI,safinea,PRFM,WIS,3.10971069766178,-0.48484985213126564,8,6,0.31578788612260267
2025-10-01,ILI incidence,2025-10-12,3,FR,NotreDame,Rt_cocirc,WIS,115.069465217391,-1.4515547341226407,3,2,0.0
2025-10-01,ILI incidence,2025-10-12,3,FR,respicast,hubEnsemble,WIS,115.069465217391,-1.4515547341226407,3,2,0.0
2025-10-01,ILI incidence,2025-10-12,3,FR,respicast,quantileBaseline,WIS,42.0725252173913,0.0,3,1,1.0
2025-10-01,ILI incidence,2025-10-12,3,GR,ECDC,SARIMA,WIS,220.403451148838,0.08695312071245774,9,5,0.7364782014460386
2025-10-01,ILI incidence,2025-10-12,3,GR,ECDC,soca_simplex,WIS,256.440879667097,-0.13152632771924347,9,7,0.592146389134285
2025-10-01,ILI incidence,2025-10-12,3,GR,ISI,FluBcast,WIS,404.290704518456,-0.7882930984546763,9,9,0.0
2025-10-01,ILI incidence,2025-10-12,3,GR,ItaLuxColab,EpiEKF,WIS,191.075311499567,0.29295855268378057,9,2,0.8539389560380808
2025-10-01,ILI incidence,2025-10-12,3,GR,ItaLuxColab,EpiNetEKF,WIS,154.606120496058,0.598502501657739,9,1,1.0
2025-10-01,ILI incidence,2025-10-12,3,GR,NotreDame,Rt_cocirc,WIS,296.498602173913,-0.34092536829616743,9,8,0.43171308619867965
2025-10-01,ILI incidence,2025-10-12,3,GR,respicast,hubEnsemble,WIS,212.613537208337,0.13886647809076097,9,3,0.7676772198836456
2025-10-01,ILI incidence,2025-10-12,3,GR,respicast,quantileBaseline,WIS,234.095943478261,0.0,9,6,0.6816390435419418
2025-10-01,ILI incidence,2025-10-12,3,GR,safinea,PRFM,WIS,214.224770786433,0.1279746265852805,9,4,0.7612241439582553
2025-10-01,ILI incidence,2025-10-12,3,HR,ECDC,SARIMA,WIS,3.22892522489147,-1.2394615968283345,9,9,0.0
2025-10-01,ILI incidence,2025-10-12,3,HR,ECDC,soca_simplex,WIS,0.364290159904509,1.9084325036533265,9,2,0.9905670476412799
2025-10-01,ILI incidence,2025-10-12,3,HR,ISI,FluBcast,WIS,0.746947849507135,0.8725130093402866,9,4,0.8582471921456091
2025-10-01,ILI incidence,2025-10-12,3,HR,ItaLuxColab,EpiEKF,WIS,1.58411301208156,-0.21208282755086,9,7,0.5687624219508914
2025-10-01,ILI incidence,2025-10-12,3,HR,ItaLuxColab,EpiNetEKF,WIS,1.03575164267147,0.40091432634077906,9,5,0.7583812356616545
2025-10-01,ILI incidence,2025-10-12,3,HR,NotreDame,Rt_cocirc,WIS,0.337010869565218,2.0207254064165077,9,1,1.0
2025-10-01,ILI incidence,2025-10-12,3,HR,respicast,hubEnsemble,WIS,0.71478016440758,0.9360209303650763,9,3,0.8693705108705599
2025-10-01,ILI incidence,2025-10-12,3,HR,respicast,quantileBaseline,WIS,1.36754891304348,0.0,9,6,0.6436484913253935
2025-10-01,ILI incidence,2025-10-12,3,HR,safinea,PRFM,WIS,2.44282940036581,-0.8369606790415104,9,8,0.2718254166406586
2025-10-01,ILI incidence,2025-10-12,3,HU,NotreDame,Rt_cocirc,WIS,215.9819,-1.1126447137845945,3,2,0.0
2025-10-01,ILI incidence,2025-10-12,3,HU,respicast,hubEnsemble,WIS,215.9819,-1.1126447137845945,3,2,0.0
2025-10-01,ILI incidence,2025-10-12,3,HU,respicast,quantileBaseline,WIS,99.8798597826087,0.0,3,1,1.0
2025-10-01,ILI incidence,2025-10-12,3,IE,ECDC,SARIMA,WIS,2.73985814687257,-0.2857899932295836,9,7,0.6262944506455959
2025-10-01,ILI incidence,2025-10-12,3,IE,ECDC,soca_simplex,WIS,1.39244145771743,0.6906945341973068,9,2,0.9654809392558439
2025-10-01,ILI incidence,2025-10-12,3,IE,ISI,FluBcast,WIS,5.22780982968506,-1.2178954536974138,9,9,0.0
2025-10-01,ILI incidence,2025-10-12,3,IE,ItaLuxColab,EpiEKF,WIS,2.06195259451969,0.12430004325291164,9,5,0.7969442620681776
2025-10-01,ILI incidence,2025-10-12,3,IE,ItaLuxColab,EpiNetEKF,WIS,1.25531465549365,0.8402621744321797,9,1,1.0
2025-10-01,ILI incidence,2025-10-12,3,IE,NotreDame,Rt_cocirc,WIS,2.8742652173913,-0.35488198194749304,9,8,0.5924600305582038
2025-10-01,ILI incidence,2025-10-12,3,IE,respicast,hubEnsemble,WIS,1.61612452943467,0.4757728396385182,9,3,0.9091729862165379
2025-10-01,ILI incidence,2025-10-12,3,IE,respicast,quantileBaseline,WIS,2.24748456521739,0.0,9,6,0.7502401220850587
2025-10-01,ILI incidence,2025-10-12,3,IE,safinea,PRFM,WIS,1.74125158414711,0.3681865425935272,9,4,0.8776746333612926
2025-10-01,ILI incidence,2025-10-12,3,IS,ECDC,soca_simplex,WIS,1.39692058297412,-0.426933611742172,7,4,0.6710332064365204
2025-10-01,ILI incidence,2025-10-12,3,IS,ISI,FluBcast,WIS,2.44707406312852,-1.2357413747130566,7,7,0.0
2025-10-01,ILI incidence,2025-10-12,3,IS,ItaLuxColab,EpiEKF,WIS,1.59926536654502,-0.6220929535044826,7,5,0.541737754399051
2025-10-01,ILI incidence,2025-10-12,3,IS,ItaLuxColab,EpiNetEKF,WIS,0.882094163354001,0.23631181547622898,7,1,1.0
2025-10-01,ILI incidence,2025-10-12,3,IS,respicast,hubEnsemble,WIS,0.882949879764484,0.23491294056050346,7,2,0.9994532093283713
2025-10-01,ILI incidence,2025-10-12,3,IS,respicast,quantileBaseline,WIS,1.03908695652174,0.0,7,3,0.8996838277665046
2025-10-01,ILI incidence,2025-10-12,3,IS,safinea,PRFM,WIS,1.6829979744011,-0.6957170483261572,7,6,0.4882338034101954
2025-10-01,ILI incidence,2025-10-12,3,LT,ECDC,SARIMA,WIS,6.05424555598014,-0.6363708878101614,9,9,0.0
2025-10-01,ILI incidence,2025-10-12,3,LT,ECDC,soca_simplex,WIS,3.21615134715587,0.27624100411429486,9,4,0.6268583286143838
2025-10-01,ILI incidence,2025-10-12,3,LT,ISI,FluBcast,WIS,2.5191941624097,0.6286139837354662,9,2,0.7807973397252098
2025-10-01,ILI incidence,2025-10-12,3,LT,ItaLuxColab,EpiEKF,WIS,4.95719346619259,-0.34794726124381836,9,8,0.242309165519925
2025-10-01,ILI incidence,2025-10-12,3,LT,ItaLuxColab,EpiNetEKF,WIS,3.40239053462831,0.1950275567096054,9,5,0.5857231240751946
2025-10-01,ILI incidence,2025-10-12,3,LT,NotreDame,Rt_cocirc,WIS,1.52675652173913,1.3511062953933983,9,1,1.0
2025-10-01,ILI incidence,2025-10-12,3,LT,respicast,hubEnsemble,WIS,2.83198191334854,0.45976425167020935,9,3,0.7117109767162101
2025-10-01,ILI incidence,2025-10-12,3,LT,respicast,quantileBaseline,WIS,3.89487304347826,0.0,9,6,0.47694704419397405
2025-10-01,ILI incidence,2025-10-12,3,LT,safinea,PRFM,WIS,3.98852799162357,-0.034280099587274425,9,7,0.4562611966000858
2025-10-01,ILI incidence,2025-10-12,3,LU,ECDC,SARIMA,WIS,928.465480393011,0.5952371194758141,8,1,1.0
2025-10-01,ILI incidence,2025-10-12,3,LU,ECDC,soca_simplex,WIS,1481.66407267242,-0.07906109507231963,8,5,0.6417454735619615
2025-10-01,ILI incidence,2025-10-12,3,LU,ItaLuxColab,EpiEKF,WIS,1390.01502958307,0.013056815273264308,8,3,0.7010979104421532
2025-10-01,ILI incidence,2025-10-12,3,LU,ItaLuxColab,EpiNetEKF,WIS,1593.94040049043,-0.1844403885946842,8,6,0.5690346908267677
2025-10-01,ILI incidence,2025-10-12,3,LU,NotreDame,Rt_cocirc,WIS,2472.61510434783,-0.8178803849088038,8,8,0.0
2025-10-01,ILI incidence,2025-10-12,3,LU,respicast,hubEnsemble,WIS,1329.63568781989,0.07712628738646464,8,2,0.7401999124933135
2025-10-01,ILI incidence,2025-10-12,3,LU,respicast,quantileBaseline,WIS,1402.65217391304,0.0,8,4,0.6929140245453937
2025-10-01,ILI incidence,2025-10-12,3,LU,safinea,PRFM,WIS,1804.73160166824,-0.36362699904574186,8,7,0.4325251208293089
2025-10-01,ILI incidence,2025-10-12,3,LV,NotreDame,Rt_cocirc,WIS,4.2,3.060368695311891,3,1,1.0
2025-10-01,ILI incidence,2025-10-12,3,LV,respicast,hubEnsemble,WIS,4.2,3.060368695311891,3,1,1.0
2025-10-01,ILI incidence,2025-10-12,3,LV,respicast,quantileBaseline,WIS,35.035802173913,0.0,3,3,0.0
2025-10-01,ILI incidence,2025-10-12,3,MT,ECDC,soca_simplex,WIS,2753.60144080615,-0.8575373317721634,7,7,0.0
2025-10-01,ILI incidence,2025-10-12,3,MT,ItaLuxColab,EpiEKF,WIS,1547.18838320043,-0.025866442138202664,7,6,0.5092908565995682
2025-10-01,ILI incidence,2025-10-12,3,MT,ItaLuxColab,EpiNetEKF,WIS,1186.31710729057,0.35729272603232454,7,4,0.661633737896844
2025-10-01,ILI incidence,2025-10-12,3,MT,NotreDame,Rt_cocirc,WIS,563.409682608696,1.43152616278956,7,3,0.9245959579245911
2025-10-01,ILI incidence,2025-10-12,3,MT,respicast,hubEnsemble,WIS,445.434967053234,1.7704957050336916,7,2,0.9743993346068488
2025-10-01,ILI incidence,2025-10-12,3,MT,respicast,quantileBaseline,WIS,1519.69565217391,0.0,7,5,0.5208969946850978
2025-10-01,ILI incidence,2025-10-12,3,MT,safinea,PRFM,WIS,384.791865741922,1.9816322187237225,7,1,1.0
2025-10-01,ILI incidence,2025-10-12,3,NL,ECDC,SARIMA,WIS,6.55601036992345,-0.5403862793590586,8,4,0.6162376303067035
2025-10-01,ILI incidence,2025-10-12,3,NL,ECDC,soca_simplex,WIS,2.76597362582525,0.7046444569175258,8,2,0.9418859360178078
2025-10-01,ILI incidence,2025-10-12,3,NL,ItaLuxColab,EpiEKF,WIS,10.631656167545,-1.2378625909209824,8,6,0.2660491655798688
2025-10-01,ILI incidence,2025-10-12,3,NL,ItaLuxColab,EpiNetEKF,WIS,11.0449664639704,-1.2928852760535081,8,7,0.23053663447486727
2025-10-01,ILI incidence,2025-10-12,3,NL,NotreDame,Rt_cocirc,WIS,13.728052173913,-1.60662317880486,8,8,0.0
2025-10-01,ILI incidence,2025-10-12,3,NL,respicast,hubEnsemble,WIS,7.55607687232885,-0.7452055221169469,8,5,0.5303097134827102
2025-10-01,ILI incidence,2025-10-12,3,NL,respicast,quantileBaseline,WIS,4.50782608695652,0.0,8,3,0.7922221356207797
2025-10-01,ILI incidence,2025-10-12,3,NL,safinea,PRFM,WIS,2.08961685080558,1.1091934210227774,8,1,1.0
2025-10-01,ILI incidence,2025-10-12,3,NO,ECDC,SARIMA,WIS,4.03430010468823,0.07880953289258127,9,2,0.8452275477037973
2025-10-01,ILI incidence,2025-10-12,3,NO,ECDC,soca_simplex,WIS,5.56321591224572,-0.3847911582143106,9,7,0.5212668104983075
2025-10-01,ILI incidence,2025-10-12,3,NO,ISI,FluBcast,WIS,8.02330744494406,-0.9130691404638468,9,9,0.0
2025-10-01,ILI incidence,2025-10-12,3,NO,ItaLuxColab,EpiEKF,WIS,4.69785982775183,-0.14087572717022157,9,5,0.7046264132260432
2025-10-01,ILI incidence,2025-10-12,3,NO,ItaLuxColab,EpiNetEKF,WIS,4.54612377152961,-0.09350902266019656,9,4,0.7367776437852549
2025-10-01,ILI incidence,2025-10-12,3,NO,NotreDame,Rt_cocirc,WIS,7.76331304347826,-0.8655445227021709,9,8,0.05509000400925817
2025-10-01,ILI incidence,2025-10-12,3,NO,respicast,hubEnsemble,WIS,3.3038595860892,0.3669755668790292,9,1,1.0
2025-10-01,ILI incidence,2025-10-12,3,NO,respicast,quantileBaseline,WIS,4.26081065217392,0.0,9,3,0.7972324105055547
2025-10-01,ILI incidence,2025-10-12,3,NO,safinea,PRFM,WIS,5.47743147825966,-0.36237159100455646,9,6,0.5394436050199606
2025-10-01,ILI incidence,2025-10-12,3,PL,ECDC,SARIMA,WIS,23.6538767460968,0.2442678864745478,8,2,0.9231693818332557
2025-10-01,ILI incidence,2025-10-12,3,PL,ECDC,soca_simplex,WIS,15.1181326820465,0.8900645836399447,8,1,1.0
2025-10-01,ILI incidence,2025-10-12,3,PL,ItaLuxColab,EpiEKF,WIS,126.216341543588,-2.1714822670616467,8,8,0.0
2025-10-01,ILI incidence,2025-10-12,3,PL,ItaLuxColab,EpiNetEKF,WIS,52.3411452831606,-0.9016009529687499,8,6,0.6649539809637789
2025-10-01,ILI incidence,2025-10-12,3,PL,NotreDame,Rt_cocirc,WIS,38.2552434782609,-0.44931296567986295,8,5,0.7917418198429326
2025-10-01,ILI incidence,2025-10-12,3,PL,respicast,hubEnsemble,WIS,30.9444579339742,-0.1433365103668546,8,4,0.8575465310007689
2025-10-01,ILI incidence,2025-10-12,3,PL,respicast,quantileBaseline,WIS,28.0178167391304,0.0,8,3,0.8838893606902303
2025-10-01,ILI incidence,2025-10-12,3,PL,safinea,PRFM,WIS,58.4272615898361,-1.060297134063708,8,7,0.6101725729731203
2025-10-01,ILI incidence,2025-10-12,3,RO,ECDC,soca_simplex,WIS,0.397094456884466,1.3233941054759186,8,3,0.9743885259684117
2025-10-01,ILI incidence,2025-10-12,3,RO,ISI,FluBcast,WIS,0.269980397055549,1.8800216688628562,8,1,1.0
2025-10-01,ILI incidence,2025-10-12,3,RO,ItaLuxColab,EpiEKF,WIS,0.766460194455557,0.3746654591023496,8,5,0.8999671676332867
2025-10-01,ILI incidence,2025-10-12,3,RO,ItaLuxColab,EpiNetEKF,WIS,0.858840946873168,0.21048535156757261,8,6,0.8813539060889175
2025-10-01,ILI incidence,2025-10-12,3,RO,NotreDame,Rt_cocirc,WIS,0.4,1.3128763276298945,8,4,0.9738031049524257
2025-10-01,ILI incidence,2025-10-12,3,RO,respicast,hubEnsemble,WIS,0.374987289787113,1.4060346314130117,8,2,0.9788427707371484
2025-10-01,ILI incidence,2025-10-12,3,RO,respicast,quantileBaseline,WIS,0.993745434782608,0.0,8,7,0.8541727839259755
2025-10-01,ILI incidence,2025-10-12,3,RO,safinea,PRFM,WIS,5.23314884539007,-2.3967310610757946,8,8,0.0
2025-10-01,ILI incidence,2025-10-12,3,SI,ECDC,SARIMA,WIS,5.27641041206685,-0.7840662793358059,9,9,0.0
2025-10-01,ILI incidence,2025-10-12,3,SI,ECDC,soca_simplex,WIS,4.48885369733546,-0.5508565701218885,9,8,0.15913858751618815
2025-10-01,ILI incidence,2025-10-12,3,SI,ISI,FluBcast,WIS,0.327537061967039,3.2257604389540826,9,1,1.0
2025-10-01,ILI incidence,2025-10-12,3,SI,ItaLuxColab,EpiEKF,WIS,3.00520633952224,0.028026455190699146,9,4,0.45893356161535304
2025-10-01,ILI incidence,2025-10-12,3,SI,ItaLuxColab,EpiNetEKF,WIS,3.65375354746774,-0.2538888188038108,9,7,0.32788409599659357
2025-10-01,ILI incidence,2025-10-12,3,SI,NotreDame,Rt_cocirc,WIS,3.43969130434783,-0.16678858988124462,9,6,0.3711388386372782
2025-10-01,ILI incidence,2025-10-12,3,SI,respicast,hubEnsemble,WIS,2.02311414472321,0.5989127864648809,9,3,0.6573811930907519
2025-10-01,ILI incidence,2025-10-12,3,SI,respicast,quantileBaseline,WIS,3.06415760869565,0.0,9,5,0.4470215030511101
2025-10-01,ILI incidence,2025-10-12,3,SI,safinea,PRFM,WIS,1.19704595114342,1.3560119717077252,9,2,0.8243016485441389
2025-10-01,ILI incidence,2025-10-19,4,AT,NotreDame,Rt_cocirc,WIS,194.790856521739,1.67345698883121,3,1,1.0
2025-10-01,ILI incidence,2025-10-19,4,AT,respicast,hubEnsemble,WIS,194.790856521739,1.67345698883121,3,1,1.0
2025-10-01,ILI incidence,2025-10-19,4,AT,respicast,quantileBaseline,WIS,621.340006086957,0.0,3,3,0.0
2025-10-01,ILI incidence,2025-10-19,4,BE,ECDC,SARIMA,WIS,41.9434865618745,-0.4788124915243382,8,3,0.5339817138444095
2025-10-01,ILI incidence,2025-10-19,4,BE,ECDC,soca_simplex,WIS,54.4068316838229,-0.8541535179907206,8,6,0.36833571633223755
2025-10-01,ILI incidence,2025-10-19,4,BE,ItaLuxColab,EpiEKF,WIS,82.1207228875716,-1.4481120279265494,8,8,0.0
2025-10-01,ILI incidence,2025-10-19,4,BE,ItaLuxColab,EpiNetEKF,WIS,72.065803492709,-1.2596805380976555,8,7,0.13363644645717104
2025-10-01,ILI incidence,2025-10-19,4,BE,NotreDame,Rt_cocirc,WIS,6.87987608695652,2.1291798132702127,8,1,1.0
2025-10-01,ILI incidence,2025-10-19,4,BE,respicast,hubEnsemble,WIS,42.9940875886287,-0.5145039793326718,8,4,0.5200185399644258
2025-10-01,ILI incidence,2025-10-19,4,BE,respicast,quantileBaseline,WIS,30.0973047826087,0.0,8,2,0.6914252074119083
2025-10-01,ILI incidence,2025-10-19,4,BE,safinea,PRFM,WIS,51.8797962851614,-0.785538515364719,8,5,0.4019216673962658
2025-10-01,ILI incidence,2025-10-19,4,CZ,ECDC,SARIMA,WIS,6.90821607976779,-0.7325196247729345,9,8,0.18183263553455128
2025-10-01,ILI incidence,2025-10-19,4,CZ,ECDC,soca_simplex,WIS,0.599421267661175,2.794151407212082,9,1,1.0
2025-10-01,ILI incidence,2025-10-19,4,CZ,ISI,FluBcast,WIS,5.66697704099106,-0.44678577319817153,9,6,0.34280494534541317
2025-10-01,ILI incidence,2025-10-19,4,CZ,ItaLuxColab,EpiEKF,WIS,6.21144472296914,-0.579135280248678,9,7,0.27219467798566854
2025-10-01,ILI incidence,2025-10-19,4,CZ,ItaLuxColab,EpiNetEKF,WIS,8.31030670028715,-0.999108137727386,9,9,0.0
2025-10-01,ILI incidence,2025-10-19,4,CZ,NotreDame,Rt_cocirc,WIS,1.68768043478261,1.300751831275788,9,4,0.8588671590791844
2025-10-01,ILI incidence,2025-10-19,4,CZ,respicast,hubEnsemble,WIS,1.55438801375644,1.4194469032472747,9,3,0.8761534256423199
2025-10-01,ILI incidence,2025-10-19,4,CZ,respicast,quantileBaseline,WIS,4.15772282608695,0.0,9,5,0.5385352837211096
2025-10-01,ILI incidence,2025-10-19,4,CZ,safinea,PRFM,WIS,1.31918712738113,1.6561443582242457,9,2,0.9066558742171797
2025-10-01,ILI incidence,2025-10-19,4,EE,ECDC,SARIMA,WIS,20.5362228205752,0.49681282237195523,8,4,0.624828987810363
2025-10-01,ILI incidence,2025-10-19,4,EE,ECDC,soca_simplex,WIS,6.99599130198227,2.0503832762128775,8,2,0.9193833259858119
2025-10-01,ILI incidence,2025-10-19,4,EE,ItaLuxColab,EpiEKF,WIS,49.2586962592148,-0.765394767310418,8,8,0.0
2025-10-01,ILI incidence,2025-10-19,4,EE,ItaLuxColab,EpiNetEKF,WIS,36.9800767195819,-0.35176454088451575,8,7,0.26710921798038384
2025-10-01,ILI incidence,2025-10-19,4,EE,NotreDame,Rt_cocirc,WIS,3.29016086956522,3.138753646781907,8,1,1.0
2025-10-01,ILI incidence,2025-10-19,4,EE,respicast,hubEnsemble,WIS,19.7927537358622,0.550011330577177,8,3,0.6410024220607917
2025-10-01,ILI incidence,2025-10-19,4,EE,respicast,quantileBaseline,WIS,28.9785152173913,0.0,8,6,0.4411752706480583
2025-10-01,ILI incidence,2025-10-19,4,EE,safinea,PRFM,WIS,24.5394895118137,0.23987843957506907,8,5,0.5377418823086314
2025-10-01,ILI incidence,2025-10-19,4,ES,ECDC,SARIMA,WIS,4.43608135223775,0.023266601491144352,7,4,0.620703783065422
2025-10-01,ILI incidence,2025-10-19,4,ES,ECDC,soca_simplex,WIS,3.06987716542638,0.5543714940818962,7,2,0.9950428282542733
2025-10-01,ILI incidence,2025-10-19,4,ES,ItaLuxColab,EpiEKF,WIS,5.13471311473152,-0.18773124846399566,7,6,0.42927914139388323
2025-10-01,ILI incidence,2025-10-19,4,ES,ItaLuxColab,EpiNetEKF,WIS,3.05178525414756,0.5628989772672146,7,1,1.0
2025-10-01,ILI incidence,2025-10-19,4,ES,respicast,hubEnsemble,WIS,3.53531291711637,0.35071450816809524,7,3,0.8675137395819356
2025-10-01,ILI incidence,2025-10-19,4,ES,respicast,quantileBaseline,WIS,4.50820282608695,0.0,7,5,0.6009425468468933
2025-10-01,ILI incidence,2025-10-19,4,ES,safinea,PRFM,WIS,6.70142908470798,-0.5719163596897345,7,7,0.0
2025-10-01,ILI incidence,2025-10-19,4,FI,ECDC,SARIMA,WIS,3.82883040844991,-0.4566583100448236,8,6,0.42120720097359077
2025-10-01,ILI incidence,2025-10-19,4,FI,ECDC,soca_simplex,WIS,2.27146925440878,0.29661967197564854,8,3,0.8360986562644072
2025-10-01,ILI incidence,2025-10-19,4,FI,ISI,FluBcast,WIS,5.40989871977212,-0.9553561353792406,8,8,0.0
2025-10-01,ILI incidence,2025-10-19,4,FI,ItaLuxColab,EpiEKF,WIS,2.87735973911826,-0.04450015407749716,8,5,0.6746853679621516
2025-10-01,ILI incidence,2025-10-19,4,FI,ItaLuxColab,EpiNetEKF,WIS,1.6562394573766,0.7523341785638366,8,1,1.0
2025-10-01,ILI incidence,2025-10-19,4,FI,respicast,hubEnsemble,WIS,1.92027340055002,0.5389337193308888,8,2,0.9296595868947045
2025-10-01,ILI incidence,2025-10-19,4,FI,respicast,quantileBaseline,WIS,2.78996195652174,0.0,8,4,0.6979687233460775
2025-10-01,ILI incidence,2025-10-19,4,FI,safinea,PRFM,WIS,4.00559622041592,-0.5217715494145944,8,7,0.3741156032527041
2025-10-01,ILI incidence,2025-10-19,4,FR,NotreDame,Rt_cocirc,WIS,96.6948630434783,-1.3187659760343697,3,2,0.0
2025-10-01,ILI incidence,2025-10-19,4,FR,respicast,hubEnsemble,WIS,96.6948630434783,-1.3187659760343697,3,2,0.0
2025-10-01,ILI incidence,2025-10-19,4,FR,respicast,quantileBaseline,WIS,38.7628130434783,0.0,3,1,1.0
2025-10-01,ILI incidence,2025-10-19,4,GR,ECDC,SARIMA,WIS,223.792767848392,0.07254437214827641,9,3,0.7156882011819987
2025-10-01,ILI incidence,2025-10-19,4,GR,ECDC,soca_simplex,WIS,374.797423735857,-0.6714032496377786,9,8,0.17840265579519735
2025-10-01,ILI incidence,2025-10-19,4,GR,ISI,FluBcast,WIS,424.937673886025,-0.8525434683024178,9,9,0.0
2025-10-01,ILI incidence,2025-10-19,4,GR,ItaLuxColab,EpiEKF,WIS,196.467897854638,0.26041418608871686,9,2,0.8129120754455753
2025-10-01,ILI incidence,2025-10-19,4,GR,ItaLuxColab,EpiNetEKF,WIS,143.886643974632,0.7097751040108108,9,1,1.0
2025-10-01,ILI incidence,2025-10-19,4,GR,NotreDame,Rt_cocirc,WIS,300.672163043478,-0.35348351922915155,9,7,0.4421457230799836
2025-10-01,ILI incidence,2025-10-19,4,GR,respicast,hubEnsemble,WIS,239.892329717827,-0.02767924318208911,9,6,0.6584047894310767
2025-10-01,ILI incidence,2025-10-19,4,GR,respicast,quantileBaseline,WIS,235.333676521739,0.0,9,5,0.6746248089681879
2025-10-01,ILI incidence,2025-10-19,4,GR,safinea,PRFM,WIS,233.480484540855,0.01140581931347934,9,4,0.6812186007841021
2025-10-01,ILI incidence,2025-10-19,4,HR,ECDC,SARIMA,WIS,3.95817682747627,-0.9497285884460769,9,9,0.0
2025-10-01,ILI incidence,2025-10-19,4,HR,ECDC,soca_simplex,WIS,0.415377778377202,2.3026115333402886,9,1,1.0
2025-10-01,ILI incidence,2025-10-19,4,HR,ISI,FluBcast,WIS,2.33317827760698,-0.18718907122957412,9,6,0.4586764666436632
2025-10-01,ILI incidence,2025-10-19,4,HR,ItaLuxColab,EpiEKF,WIS,2.38272991923509,-0.21750795602928402,9,7,0.44468988684012867
2025-10-01,ILI incidence,2025-10-19,4,HR,ItaLuxColab,EpiNetEKF,WIS,1.14150347296284,0.844172227403998,9,3,0.7950418060628385
2025-10-01,ILI incidence,2025-10-19,4,HR,NotreDame,Rt_cocirc,WIS,0.867617391304348,1.2399765992039313,9,2,0.8723496290194189
2025-10-01,ILI incidence,2025-10-19,4,HR,respicast,hubEnsemble,WIS,1.25015595239039,0.7129993992429335,9,4,0.7643732646294258
2025-10-01,ILI incidence,2025-10-19,4,HR,respicast,quantileBaseline,WIS,2.04926630434782,0.0,9,5,0.5388142247621651
2025-10-01,ILI incidence,2025-10-19,4,HR,safinea,PRFM,WIS,3.2001926743448,-0.6430512919279108,9,8,0.21395064823793072
2025-10-01,ILI incidence,2025-10-19,4,HU,NotreDame,Rt_cocirc,WIS,209.773232608696,-1.1261412344364399,3,2,0.0
2025-10-01,ILI incidence,2025-10-19,4,HU,respicast,hubEnsemble,WIS,209.773232608696,-1.1261412344364399,3,2,0.0
2025-10-01,ILI incidence,2025-10-19,4,HU,respicast,quantileBaseline,WIS,96.1053976086957,0.0,3,1,1.0
2025-10-01,ILI incidence,2025-10-19,4,IE,ECDC,SARIMA,WIS,2.95170459868135,-0.27865734657620655,9,7,0.6670655002870248
2025-10-01,ILI incidence,2025-10-19,4,IE,ECDC,soca_simplex,WIS,4.55465897474136,-0.9044520381042619,9,8,0.3090720340350163
2025-10-01,ILI incidence,2025-10-19,4,IE,ISI,FluBcast,WIS,5.93856235895967,-1.2872227177455189,9,9,0.0
2025-10-01,ILI incidence,2025-10-19,4,IE,ItaLuxColab,EpiEKF,WIS,2.35744926062891,0.04566427959132171,9,4,0.7997826452572119
2025-10-01,ILI incidence,2025-10-19,4,IE,ItaLuxColab,EpiNetEKF,WIS,1.4922980949304,0.7053552488841732,9,2,0.9929999128638229
2025-10-01,ILI incidence,2025-10-19,4,IE,NotreDame,Rt_cocirc,WIS,2.78354130434783,-0.19403049148592807,9,6,0.7046220031631614
2025-10-01,ILI incidence,2025-10-19,4,IE,respicast,hubEnsemble,WIS,1.86016354659034,0.3874615302641829,9,3,0.9108432213690849
2025-10-01,ILI incidence,2025-10-19,4,IE,respicast,quantileBaseline,WIS,2.43326086956522,0.0,9,5,0.7828513706865903
2025-10-01,ILI incidence,2025-10-19,4,IE,safinea,PRFM,WIS,1.46095444940186,0.7359798021578744,9,1,1.0
2025-10-01,ILI incidence,2025-10-19,4,IS,ECDC,soca_simplex,WIS,1.18449429238966,0.22670217181619665,7,3,0.9592829870262939
2025-10-01,ILI incidence,2025-10-19,4,IS,ISI,FluBcast,WIS,3.24737738730282,-1.2283016355788596,7,7,0.0
2025-10-01,ILI incidence,2025-10-19,4,IS,ItaLuxColab,EpiEKF,WIS,2.03764797329281,-0.5559314125308479,7,5,0.5625490114426199
2025-10-01,ILI incidence,2025-10-19,4,IS,ItaLuxColab,EpiNetEKF,WIS,1.09693468914975,0.3374957875546455,7,1,1.0
2025-10-01,ILI incidence,2025-10-19,4,IS,respicast,hubEnsemble,WIS,1.0985373477191,0.33538949975675275,7,2,0.9992547308650788
2025-10-01,ILI incidence,2025-10-19,4,IS,respicast,quantileBaseline,WIS,1.38604434782609,0.0,7,4,0.8655580737284257
2025-10-01,ILI incidence,2025-10-19,4,IS,safinea,PRFM,WIS,2.15432401830813,-0.6362618342435931,7,6,0.5082922553265289
2025-10-01,ILI incidence,2025-10-19,4,LT,ECDC,SARIMA,WIS,7.5811481839799,-0.5631867915234445,9,9,0.0
2025-10-01,ILI incidence,2025-10-19,4,LT,ECDC,soca_simplex,WIS,5.42372166529526,-0.08005357089114676,9,5,0.5585821264698223
2025-10-01,ILI incidence,2025-10-19,4,LT,ISI,FluBcast,WIS,5.55071998884927,-0.11344534364613909,9,6,0.5257008241336704
2025-10-01,ILI incidence,2025-10-19,4,LT,ItaLuxColab,EpiEKF,WIS,6.2659426726659,-0.2883019972836538,9,7,0.34052158202936744
2025-10-01,ILI incidence,2025-10-19,4,LT,ItaLuxColab,EpiNetEKF,WIS,4.08159404806051,0.33009687295662343,9,2,0.9060741462146891
2025-10-01,ILI incidence,2025-10-19,4,LT,NotreDame,Rt_cocirc,WIS,3.71882173913044,0.46438397886657196,9,1,1.0
2025-10-01,ILI incidence,2025-10-19,4,LT,respicast,hubEnsemble,WIS,4.36411245108355,0.23354129682354013,9,3,0.832926936351114
2025-10-01,ILI incidence,2025-10-19,4,LT,respicast,quantileBaseline,WIS,5.13096282608695,0.0,9,4,0.6343807010824662
2025-10-01,ILI incidence,2025-10-19,4,LT,safinea,PRFM,WIS,6.99143749208447,-0.4463595418237283,9,8,0.15268276783849502
2025-10-01,ILI incidence,2025-10-19,4,LU,ECDC,SARIMA,WIS,703.129350733748,0.16027027015892997,8,5,0.8722175948222172
2025-10-01,ILI incidence,2025-10-19,4,LU,ECDC,soca_simplex,WIS,920.791251662837,-0.22881373831997034,8,7,0.8043112767408092
2025-10-01,ILI incidence,2025-10-19,4,LU,ItaLuxColab,EpiEKF,WIS,621.525429744003,0.33824696790217734,8,4,0.8976764454146553
2025-10-01,ILI incidence,2025-10-19,4,LU,ItaLuxColab,EpiNetEKF,WIS,3498.8712651342,-2.154757290666607,8,8,0.0
2025-10-01,ILI incidence,2025-10-19,4,LU,NotreDame,Rt_cocirc,WIS,293.545058695652,1.4204784166192765,8,1,1.0
2025-10-01,ILI incidence,2025-10-19,4,LU,respicast,hubEnsemble,WIS,438.613310735643,0.8411107937326642,8,2,0.9547415012710432
2025-10-01,ILI incidence,2025-10-19,4,LU,respicast,quantileBaseline,WIS,785.744565217391,0.0,8,6,0.8464432401503921
2025-10-01,ILI incidence,2025-10-19,4,LU,safinea,PRFM,WIS,447.595361698535,0.811865302167477,8,3,0.9519392744821287
2025-10-01,ILI incidence,2025-10-19,4,LV,NotreDame,Rt_cocirc,WIS,4.3,3.0614930429851426,3,1,1.0
2025-10-01,ILI incidence,2025-10-19,4,LV,respicast,hubEnsemble,WIS,4.3,3.0614930429851426,3,1,1.0
2025-10-01,ILI incidence,2025-10-19,4,LV,respicast,quantileBaseline,WIS,35.8979536956522,0.0,3,3,0.0
2025-10-01,ILI incidence,2025-10-19,4,MT,ECDC,soca_simplex,WIS,2628.38556296336,-0.3921515155987078,7,2,0.8300266747866599
2025-10-01,ILI incidence,2025-10-19,4,MT,ItaLuxColab,EpiEKF,WIS,3665.1004269385,-0.8718273226871207,7,3,0.548343978202645
2025-10-01,ILI incidence,2025-10-19,4,MT,ItaLuxColab,EpiNetEKF,WIS,4232.97352703855,-1.0796460587763903,7,5,0.39404887574760566
2025-10-01,ILI incidence,2025-10-19,4,MT,NotreDame,Rt_cocirc,WIS,5683.24481304348,-1.5046894553508585,7,7,0.0
2025-10-01,ILI incidence,2025-10-19,4,MT,respicast,hubEnsemble,WIS,4164.57043784334,-1.0561422865611818,7,4,0.41263447463185743
2025-10-01,ILI incidence,2025-10-19,4,MT,respicast,quantileBaseline,WIS,2002.8097826087,0.0,7,1,1.0
2025-10-01,ILI incidence,2025-10-19,4,MT,safinea,PRFM,WIS,5094.15320460005,-1.3468169414230904,7,6,0.1600603199274077
2025-10-01,ILI incidence,2025-10-19,4,NL,ECDC,SARIMA,WIS,3.32259912306522,0.14758314021683913,8,2,0.8931629652240397
2025-10-01,ILI incidence,2025-10-19,4,NL,ECDC,soca_simplex,WIS,2.89186529795851,0.3478950266265824,8,1,1.0
2025-10-01,ILI incidence,2025-10-19,4,NL,ItaLuxColab,EpiEKF,WIS,6.9235554886304,-0.9116177224082065,8,8,0.0
2025-10-01,ILI incidence,2025-10-19,4,NL,ItaLuxColab,EpiNetEKF,WIS,5.15440003060008,-0.4859091281702999,8,6,0.43881235272581454
2025-10-01,ILI incidence,2025-10-19,4,NL,NotreDame,Rt_cocirc,WIS,6.53355,-0.8279717119252482,8,7,0.09673498463070258
2025-10-01,ILI incidence,2025-10-19,4,NL,respicast,hubEnsemble,WIS,3.39264857426257,0.11748338329348847,8,3,0.8757882543994275
2025-10-01,ILI incidence,2025-10-19,4,NL,respicast,quantileBaseline,WIS,3.68048369565217,0.0,8,4,0.8043950898017203
2025-10-01,ILI incidence,2025-10-19,4,NL,safinea,PRFM,WIS,4.16505174594531,-0.1784390392510631,8,5,0.6842052866729273
2025-10-01,ILI incidence,2025-10-19,4,NO,ECDC,SARIMA,WIS,4.71484770440709,0.14783739800840698,9,2,0.885078507282778
2025-10-01,ILI incidence,2025-10-19,4,NO,ECDC,soca_simplex,WIS,8.7917102544367,-0.7510952718628529,9,8,0.3614894302951608
2025-10-01,ILI incidence,2025-10-19,4,NO,ISI,FluBcast,WIS,11.6064036569057,-1.1518005362083399,9,9,0.0
2025-10-01,ILI incidence,2025-10-19,4,NO,ItaLuxColab,EpiEKF,WIS,5.92363106480823,-0.18143322081727864,9,5,0.7298351660654425
2025-10-01,ILI incidence,2025-10-19,4,NO,ItaLuxColab,EpiNetEKF,WIS,5.66715884413399,-0.11757707137317074,9,4,0.7627737436230339
2025-10-01,ILI incidence,2025-10-19,4,NO,NotreDame,Rt_cocirc,WIS,7.08133043478261,-0.43897186940963406,9,6,0.5811525119127708
2025-10-01,ILI incidence,2025-10-19,4,NO,respicast,hubEnsemble,WIS,3.82002550424224,0.4514662983850151,9,1,1.0
2025-10-01,ILI incidence,2025-10-19,4,NO,respicast,quantileBaseline,WIS,5.223615,0.0,9,3,0.8197378205581194
2025-10-01,ILI incidence,2025-10-19,4,NO,safinea,PRFM,WIS,8.1756929168431,-0.6462924401665439,9,7,0.4406041772950711
2025-10-01,ILI incidence,2025-10-19,4,PL,ECDC,SARIMA,WIS,26.3321120797083,0.008642406709321994,8,3,0.8622461282266748
2025-10-01,ILI incidence,2025-10-19,4,PL,ECDC,soca_simplex,WIS,6.56925518577858,2.0116639363520967,8,1,1.0
2025-10-01,ILI incidence,2025-10-19,4,PL,ItaLuxColab,EpiEKF,WIS,150.034238343926,-2.5017542110289943,8,8,0.0
2025-10-01,ILI incidence,2025-10-19,4,PL,ItaLuxColab,EpiNetEKF,WIS,66.8015503198578,-1.334415934664605,8,7,0.5801603024782526
2025-10-01,ILI incidence,2025-10-19,4,PL,NotreDame,Rt_cocirc,WIS,8.47264130434783,1.6445819523745833,8,2,0.986732747764163
2025-10-01,ILI incidence,2025-10-19,4,PL,respicast,hubEnsemble,WIS,26.7404169647372,-0.013556311364281355,8,5,0.8594001035310261
2025-10-01,ILI incidence,2025-10-19,4,PL,respicast,quantileBaseline,WIS,26.4903269565217,0.0,8,4,0.861143316423191
2025-10-01,ILI incidence,2025-10-19,4,PL,safinea,PRFM,WIS,45.4300290336311,-0.7781805771365903,8,6,0.7291271152556115
2025-10-01,ILI incidence,2025-10-19,4,RO,ISI,FluBcast,WIS,0.161179153594648,2.755144411559034,7,1,1.0
2025-10-01,ILI incidence,2025-10-19,4,RO,ItaLuxColab,EpiEKF,WIS,0.919003682174051,0.2437389318712481,7,5,0.5422398674018792
2025-10-01,ILI incidence,2025-10-19,4,RO,ItaLuxColab,EpiNetEKF,WIS,0.760336024074731,0.5171724274900341,7,3,0.6380822761277244
2025-10-01,ILI incidence,2025-10-19,4,RO,NotreDame,Rt_cocirc,WIS,0.9,0.2738845724041823,7,4,0.5537189469826804
2025-10-01,ILI incidence,2025-10-19,4,RO,respicast,hubEnsemble,WIS,0.595130753560652,0.8706029024180912,7,2,0.7378736970760494
2025-10-01,ILI incidence,2025-10-19,4,RO,respicast,quantileBaseline,WIS,1.08815304347826,0.0,7,6,0.4400660380529533
2025-10-01,ILI incidence,2025-10-19,4,RO,safinea,PRFM,WIS,1.81668489691528,-0.7394267275802694,7,7,0.0
2025-10-01,ILI incidence,2025-10-19,4,SI,ECDC,SARIMA,WIS,5.64935523683043,-0.4349734929449019,9,8,0.5850127684886348
2025-10-01,ILI incidence,2025-10-19,4,SI,ECDC,soca_simplex,WIS,12.0715263870257,-1.5304234758150472,9,9,0.0
2025-10-01,ILI incidence,2025-10-19,4,SI,ISI,FluBcast,WIS,5.58806141086251,-0.41923514693703884,9,7,0.5905961872394203
2025-10-01,ILI incidence,2025-10-19,4,SI,ItaLuxColab,EpiEKF,WIS,4.17716295645271,0.0005893026455773872,9,5,0.7191187058031798
2025-10-01,ILI incidence,2025-10-19,4,SI,ItaLuxColab,EpiNetEKF,WIS,3.37427983093567,0.3085331065141855,9,2,0.7922554798079103
2025-10-01,ILI incidence,2025-10-19,4,SI,NotreDame,Rt_cocirc,WIS,1.09369565217391,1.9339014001633001,9,1,1.0
2025-10-01,ILI incidence,2025-10-19,4,SI,respicast,hubEnsemble,WIS,3.41178766883813,0.29258486468248424,9,3,0.7888387904083023
2025-10-01,ILI incidence,2025-10-19,4,SI,respicast,quantileBaseline,WIS,4.17886956521739,0.0,9,6,0.7189632462405486
2025-10-01,ILI incidence,2025-10-19,4,SI,safinea,PRFM,WIS,3.94788480836546,0.08203283325648347,9,4,0.7400042663137232
2025-10-08,ILI incidence,2025-10-05,1,AT,NotreDame,Rt_cocirc,WIS,47.7455260869565,3.6580124035620214,3,1,1.0
2025-10-08,ILI incidence,2025-10-05,1,AT,respicast,hubEnsemble,WIS,47.7455260869565,3.6580124035620214,3,1,1.0
2025-10-08,ILI incidence,2025-10-05,1,AT,respicast,quantileBaseline,WIS,602.70409326087,0.0,3,3,0.0
2025-10-08,ILI incidence,2025-10-05,1,BE,ECDC,SARIMA,WIS,58.9305064658721,0.2576633909164477,14,4,0.7280549620685964
2025-10-08,ILI incidence,2025-10-05,1,BE,ECDC,soca_simplex,WIS,22.2612054913677,1.662146336315507,14,1,1.0
2025-10-08,ILI incidence,2025-10-05,1,BE,ISI,FluBcast,WIS,67.4886956521739,0.062032184933027396,14,8,0.6645861469823436
2025-10-08,ILI incidence,2025-10-05,1,BE,ItaLuxColab,EpiEKF,WIS,60.5881572597192,0.21764222828122395,14,5,0.7157615750655772
2025-10-08,ILI incidence,2025-10-05,1,BE,ItaLuxColab,EpiNetEKF,WIS,63.8221670583945,0.14262046046645951,14,6,0.6917776731640175
2025-10-08,ILI incidence,2025-10-05,1,BE,MRC_GIDA,NBEATS,WIS,157.102058824952,-1.1569521260855133,14,14,0.0
2025-10-08,ILI incidence,2025-10-05,1,BE,MRC_GIDA,NHiTS,WIS,128.891994352138,-0.8714126976225114,14,13,0.20921007080120443
2025-10-08,ILI incidence,2025-10-05,1,BE,MRC_GIDA,Prophet,WIS,33.7157695549597,1.0632545288630268,14,2,0.9150512342483146
2025-10-08,ILI incidence,2025-10-05,1,BE,MRC_GIDA,TiDE,WIS,90.9428980705407,-0.3682829229710692,14,12,0.49064626275198214
2025-10-08,ILI incidence,2025-10-05,1,BE,NotreDame,Rt_cocirc,WIS,90.3848260869565,-0.3594025354953176,14,11,0.4947850083160108
2025-10-08,ILI incidence,2025-10-05,1,BE,QMUL,ARIMA,WIS,51.8735785074686,0.4416781584065663,14,3,0.7803901986377784
2025-10-08,ILI incidence,2025-10-05,1,BE,respicast,hubEnsemble,WIS,64.7505010873654,0.12178669861321752,14,7,0.6848930087168541
2025-10-08,ILI incidence,2025-10-05,1,BE,respicast,quantileBaseline,WIS,70.4538260869565,0.0,14,10,0.6425962947863839
2025-10-08,ILI incidence,2025-10-05,1,BE,safinea,PRFM,WIS,69.0879059397527,0.028244871792630154,14,9,0.6527261635422915
2025-10-08,ILI incidence,2025-10-05,1,CZ,ECDC,SARIMA,WIS,2.46901527172041,-1.037664152188394,14,9,0.7302419881105857
2025-10-08,ILI incidence,2025-10-05,1,CZ,ECDC,soca_simplex,WIS,0.956427893769814,0.33054349659353327,14,3,0.9434301305085643
2025-10-08,ILI incidence,2025-10-05,1,CZ,ISI,FluBcast,WIS,0.926956521739131,0.37569803096436016,14,2,0.9475839051259711
2025-10-08,ILI incidence,2025-10-05,1,CZ,ItaLuxColab,EpiEKF,WIS,1.93327590839987,-0.6847759392666678,14,8,0.8057505381227703
2025-10-08,ILI incidence,2025-10-05,1,CZ,ItaLuxColab,EpiNetEKF,WIS,1.52988785682705,-0.34715429709866946,14,7,0.8626051374893653
2025-10-08,ILI incidence,2025-10-05,1,CZ,MRC_GIDA,NBEATS,WIS,7.65014214698369,-2.669214946821097,14,14,0.0
2025-10-08,ILI incidence,2025-10-05,1,CZ,MRC_GIDA,NHiTS,WIS,5.06807903110877,-2.0751674140020184,14,12,0.36392293579332624
2025-10-08,ILI incidence,2025-10-05,1,CZ,MRC_GIDA,Prophet,WIS,6.67738227166381,-2.47301102716416,14,13,0.1371033990113778
2025-10-08,ILI incidence,2025-10-05,1,CZ,MRC_GIDA,TiDE,WIS,3.4005175659525,-1.4994827364141887,14,11,0.5989535437921772
2025-10-08,ILI incidence,2025-10-05,1,CZ,NotreDame,Rt_cocirc,WIS,1.38170217391304,-0.20017506823717268,14,5,0.8834908270904624
2025-10-08,ILI incidence,2025-10-05,1,CZ,QMUL,ARIMA,WIS,3.18536826623989,-1.4051885668393176,14,10,0.6292772660528395
2025-10-08,ILI incidence,2025-10-05,1,CZ,respicast,hubEnsemble,WIS,1.40990816818609,-0.22932959046487592,14,6,0.8795153982251847
2025-10-08,ILI incidence,2025-10-05,1,CZ,respicast,quantileBaseline,WIS,1.20269565217391,0.0,14,4,0.9087204887966142
2025-10-08,ILI incidence,2025-10-05,1,CZ,safinea,PRFM,WIS,0.555060024044103,1.1155559102203148,14,1,1.0
2025-10-08,ILI incidence,2025-10-05,1,DK,ECDC,SARIMA,WIS,8.3697386405827,-0.2941835106709555,14,11,0.5636299010180379
2025-10-08,ILI incidence,2025-10-05,1,DK,ECDC,soca_simplex,WIS,7.11054853951401,-0.05896179789967192,14,9,0.6671916299185652
2025-10-08,ILI incidence,2025-10-05,1,DK,ISI,FluBcast,WIS,5.63391304347826,0.2768617655496028,14,4,0.7886370929948412
2025-10-08,ILI incidence,2025-10-05,1,DK,ItaLuxColab,EpiEKF,WIS,8.00649158032794,-0.23017113444530266,14,10,0.5935050513595865
2025-10-08,ILI incidence,2025-10-05,1,DK,ItaLuxColab,EpiNetEKF,WIS,5.65896617088625,0.270460549122695,14,5,0.7865766057129491
2025-10-08,ILI incidence,2025-10-05,1,DK,MRC_GIDA,NBEATS,WIS,15.2228222996044,-1.1571648908975456,14,14,0.0
2025-10-08,ILI incidence,2025-10-05,1,DK,MRC_GIDA,NHiTS,WIS,6.44066233857412,0.08379000374611975,14,7,0.7222862284839939
2025-10-08,ILI incidence,2025-10-05,1,DK,MRC_GIDA,Prophet,WIS,8.83986555555094,-0.37302536582306334,14,12,0.5249644476639648
2025-10-08,ILI incidence,2025-10-05,1,DK,MRC_GIDA,TiDE,WIS,9.62622501686057,-0.49597108508502474,14,13,0.46029053918787666
2025-10-08,ILI incidence,2025-10-05,1,DK,NotreDame,Rt_cocirc,WIS,3.28191739130435,1.0564601367573543,14,2,0.9820763011802669
2025-10-08,ILI incidence,2025-10-05,1,DK,QMUL,ARIMA,WIS,3.06398607277622,1.155589322619341,14,1,1.0
2025-10-08,ILI incidence,2025-10-05,1,DK,respicast,hubEnsemble,WIS,5.61202094057697,0.2824786699758179,14,3,0.7904376027223253
2025-10-08,ILI incidence,2025-10-05,1,DK,respicast,quantileBaseline,WIS,6.82580434782609,0.0,14,8,0.690610334338618
2025-10-08,ILI incidence,2025-10-05,1,DK,safinea,PRFM,WIS,6.12669180363728,0.1558907822017536,14,6,0.7481086451264741
2025-10-08,ILI incidence,2025-10-05,1,ES,ECDC,SARIMA,WIS,1.60898631620606,0.949753716648458,9,5,0.8745133220714623
2025-10-08,ILI incidence,2025-10-05,1,ES,ECDC,soca_simplex,WIS,3.32002015065855,-0.09528622473803156,9,8,0.0007765150893018918
2025-10-08,ILI incidence,2025-10-05,1,ES,ISI,FluBcast,WIS,1.48913043478261,1.061435646306237,9,2,0.9357175443517701
2025-10-08,ILI incidence,2025-10-05,1,ES,ItaLuxColab,EpiEKF,WIS,2.11561567273742,0.5548282050184876,9,6,0.6158038171008706
2025-10-08,ILI incidence,2025-10-05,1,ES,ItaLuxColab,EpiNetEKF,WIS,1.5148988782611,1.0366842783235677,9,3,0.9225589281558487
2025-10-08,ILI incidence,2025-10-05,1,ES,QMUL,ARIMA,WIS,1.36324646641036,1.188859357271258,9,1,1.0
2025-10-08,ILI incidence,2025-10-05,1,ES,respicast,hubEnsemble,WIS,1.54071559165579,1.0123052010237936,9,4,0.9093756630011488
2025-10-08,ILI incidence,2025-10-05,1,ES,respicast,quantileBaseline,WIS,3.10782608695652,0.0,9,7,0.1091330887270799
2025-10-08,ILI incidence,2025-10-05,1,ES,safinea,PRFM,WIS,3.32154079575458,-0.09594686075267643,9,9,0.0
2025-10-08,ILI incidence,2025-10-05,1,FI,ECDC,SARIMA,WIS,1.69395590155863,-0.9852999582377103,10,6,0.7815687385156146
2025-10-08,ILI incidence,2025-10-05,1,FI,ECDC,soca_simplex,WIS,5.40664372493884,-2.659636932514658,10,9,0.1682297592578059
2025-10-08,ILI incidence,2025-10-05,1,FI,ISI,FluBcast,WIS,0.371739130434783,1.2027338955659774,10,1,1.0
2025-10-08,ILI incidence,2025-10-05,1,FI,ItaLuxColab,EpiEKF,WIS,1.32612905350279,-0.6321248200069611,10,4,0.8423340261623381
2025-10-08,ILI incidence,2025-10-05,1,FI,ItaLuxColab,EpiNetEKF,WIS,0.806449648821822,0.08543999375135225,10,2,0.9281854768555814
2025-10-08,ILI incidence,2025-10-05,1,FI,MRC_GIDA,Prophet,WIS,6.42497877268428,-2.9085953283252852,10,10,0.0
2025-10-08,ILI incidence,2025-10-05,1,FI,QMUL,ARIMA,WIS,2.77249396824804,-1.696087962200275,10,8,0.6033933926790496
2025-10-08,ILI incidence,2025-10-05,1,FI,respicast,hubEnsemble,WIS,1.69055581075015,-0.982401285569323,10,5,0.7821304362195597
2025-10-08,ILI incidence,2025-10-05,1,FI,respicast,quantileBaseline,WIS,0.855652173913043,0.0,10,3,0.9200571806044624
2025-10-08,ILI incidence,2025-10-05,1,FI,safinea,PRFM,WIS,1.90980430069167,-1.1583284521112889,10,7,0.7459104114230453
2025-10-08,ILI incidence,2025-10-05,1,FR,NotreDame,Rt_cocirc,WIS,106.598767391304,-1.451976601838791,3,2,0.0
2025-10-08,ILI incidence,2025-10-05,1,FR,respicast,hubEnsemble,WIS,106.598767391304,-1.451976601838791,3,2,0.0
2025-10-08,ILI incidence,2025-10-05,1,FR,respicast,quantileBaseline,WIS,38.9640123913043,0.0,3,1,1.0
2025-10-08,ILI incidence,2025-10-05,1,GR,ECDC,SARIMA,WIS,79.5013057283441,0.15076839936637856,14,7,0.8169225801049987
2025-10-08,ILI incidence,2025-10-05,1,GR,ECDC,soca_simplex,WIS,117.32208879184,-0.41065580217400627,14,10,0.627326897606793
2025-10-08,ILI incidence,2025-10-05,1,GR,ISI,FluBcast,WIS,49.0878260869565,0.846381678116711,14,3,0.9693854315502847
2025-10-08,ILI incidence,2025-10-05,1,GR,ItaLuxColab,EpiEKF,WIS,55.3867683798459,0.6722055899084076,14,5,0.93780881768081
2025-10-08,ILI incidence,2025-10-05,1,GR,ItaLuxColab,EpiNetEKF,WIS,52.1559437985574,0.7589152801549812,14,4,0.9540049495930706
2025-10-08,ILI incidence,2025-10-05,1,GR,MRC_GIDA,NBEATS,WIS,242.462040248841,-1.457940037399133,14,14,0.0
2025-10-08,ILI incidence,2025-10-05,1,GR,MRC_GIDA,NHiTS,WIS,214.35949327463,-1.2802134508986192,14,13,0.14087814005776217
2025-10-08,ILI incidence,2025-10-05,1,GR,MRC_GIDA,Prophet,WIS,47.9251319409126,0.88096455103194,14,2,0.9752140202864241
2025-10-08,ILI incidence,2025-10-05,1,GR,MRC_GIDA,TiDE,WIS,102.628263077376,-0.2176092335123865,14,9,0.700987083599409
2025-10-08,ILI incidence,2025-10-05,1,GR,NotreDame,Rt_cocirc,WIS,178.162034782609,-1.013371080430026,14,12,0.32233609231574045
2025-10-08,ILI incidence,2025-10-05,1,GR,QMUL,ARIMA,WIS,42.9807938135281,1.0380548265729965,14,1,1.0
2025-10-08,ILI incidence,2025-10-05,1,GR,respicast,hubEnsemble,WIS,72.319722986707,0.2873578030932543,14,6,0.8529238728077988
2025-10-08,ILI incidence,2025-10-05,1,GR,respicast,quantileBaseline,WIS,88.2592173913041,0.0,14,8,0.7730191464767153
2025-10-08,ILI incidence,2025-10-05,1,GR,safinea,PRFM,WIS,124.145083132714,-0.4922082636583432,14,11,0.5931232094767084
2025-10-08,ILI incidence,2025-10-05,1,HR,ECDC,soca_simplex,WIS,0.238805953200705,1.8403834434011699,8,3,0.7990667038798386
2025-10-08,ILI incidence,2025-10-05,1,HR,ISI,FluBcast,WIS,0.0691304347826087,3.6288293410997543,8,1,1.0
2025-10-08,ILI incidence,2025-10-05,1,HR,ItaLuxColab,EpiEKF,WIS,0.901160083857519,-0.07556116656217896,8,7,0.014693095285733686
2025-10-08,ILI incidence,2025-10-05,1,HR,ItaLuxColab,EpiNetEKF,WIS,0.702385376866002,0.28395943607686874,8,5,0.2500862588575567
2025-10-08,ILI incidence,2025-10-05,1,HR,NotreDame,Rt_cocirc,WIS,0.20044347826087,2.09302676750588,8,2,0.8444963487034021
2025-10-08,ILI incidence,2025-10-05,1,HR,respicast,hubEnsemble,WIS,0.351411203429083,1.2830620584362862,8,4,0.6657172124519084
2025-10-08,ILI incidence,2025-10-05,1,HR,respicast,quantileBaseline,WIS,0.855176521739131,0.0,8,6,0.06914779087137851
2025-10-08,ILI incidence,2025-10-05,1,HR,safinea,PRFM,WIS,0.913567477793278,-0.0952890474879303,8,8,0.0
2025-10-08,ILI incidence,2025-10-05,1,HU,NotreDame,Rt_cocirc,WIS,176.876819565217,-0.9962881193936676,3,2,0.0
2025-10-08,ILI incidence,2025-10-05,1,HU,respicast,hubEnsemble,WIS,176.876819565217,-0.9962881193936676,3,2,0.0
2025-10-08,ILI incidence,2025-10-05,1,HU,respicast,quantileBaseline,WIS,88.6662441304348,0.0,3,1,1.0
2025-10-08,ILI incidence,2025-10-05,1,IE,ECDC,SARIMA,WIS,1.78494096763682,-0.35296075357580914,14,10,0.5878488849944111
2025-10-08,ILI incidence,2025-10-05,1,IE,ECDC,soca_simplex,WIS,0.452778131512842,1.6260394229999962,14,1,1.0
2025-10-08,ILI incidence,2025-10-05,1,IE,ISI,FluBcast,WIS,1.44826086956522,-0.05140588482842863,14,8,0.6920126358945203
2025-10-08,ILI incidence,2025-10-05,1,IE,ItaLuxColab,EpiEKF,WIS,1.26753915164043,0.14088529825685583,14,5,0.7479252131926126
2025-10-08,ILI incidence,2025-10-05,1,IE,ItaLuxColab,EpiNetEKF,WIS,0.868816166652092,0.6857927543037032,14,2,0.8712840987470556
2025-10-08,ILI incidence,2025-10-05,1,IE,MRC_GIDA,NBEATS,WIS,3.68499754721408,-1.3987480510284747,14,14,0.0
2025-10-08,ILI incidence,2025-10-05,1,IE,MRC_GIDA,NHiTS,WIS,1.43560690073122,-0.03874515507187621,14,7,0.6959275832438651
2025-10-08,ILI incidence,2025-10-05,1,IE,MRC_GIDA,Prophet,WIS,1.66011392243454,-0.2483666393965235,14,9,0.6264684924987485
2025-10-08,ILI incidence,2025-10-05,1,IE,MRC_GIDA,TiDE,WIS,2.5661135829698,-0.8766694213224666,14,13,0.34616584468524864
2025-10-08,ILI incidence,2025-10-05,1,IE,NotreDame,Rt_cocirc,WIS,1.97588695652174,-0.4995848025062593,14,11,0.5287730722703873
2025-10-08,ILI incidence,2025-10-05,1,IE,QMUL,ARIMA,WIS,1.13220431944684,0.3037812752386362,14,4,0.7897957717123004
2025-10-08,ILI incidence,2025-10-05,1,IE,respicast,hubEnsemble,WIS,1.0524757405661,0.40912862827913377,14,3,0.814462593059094
2025-10-08,ILI incidence,2025-10-05,1,IE,respicast,quantileBaseline,WIS,1.3975652173913,0.0,14,6,0.7076971070438656
2025-10-08,ILI incidence,2025-10-05,1,IE,safinea,PRFM,WIS,2.30301401858129,-0.7206075849125558,14,12,0.42756488681414756
2025-10-08,ILI incidence,2025-10-05,1,IS,ECDC,SARIMA,WIS,1.25691051505498,-0.9453035079039583,10,9,0.6666204500434018
2025-10-08,ILI incidence,2025-10-05,1,IS,ECDC,soca_simplex,WIS,2.99383435791299,-2.1974159687949077,10,10,0.0
2025-10-08,ILI incidence,2025-10-05,1,IS,ISI,FluBcast,WIS,0.99,-0.6009219965505684,10,7,0.7690590275313454
2025-10-08,ILI incidence,2025-10-05,1,IS,ItaLuxColab,EpiEKF,WIS,1.06007490441569,-0.6995877748181977,10,8,0.7421647198100167
2025-10-08,ILI incidence,2025-10-05,1,IS,ItaLuxColab,EpiNetEKF,WIS,0.732817235263696,-0.16694690620291522,10,5,0.8677641556098573
2025-10-08,ILI incidence,2025-10-05,1,IS,MRC_GIDA,Prophet,WIS,0.51520846874639,0.3413502206743902,10,2,0.9512810319919928
2025-10-08,ILI incidence,2025-10-05,1,IS,QMUL,ARIMA,WIS,0.38826796290527,0.7494538573584635,10,1,1.0
2025-10-08,ILI incidence,2025-10-05,1,IS,respicast,hubEnsemble,WIS,0.791446840075134,-0.2779859219916579,10,6,0.8452624819147357
2025-10-08,ILI incidence,2025-10-05,1,IS,respicast,quantileBaseline,WIS,0.652739130434783,0.0,10,4,0.8984976287550219
2025-10-08,ILI incidence,2025-10-05,1,IS,safinea,PRFM,WIS,0.530898889749869,0.29806940423415607,10,3,0.945259147063809
2025-10-08,ILI incidence,2025-10-05,1,LT,ECDC,SARIMA,WIS,2.53964691731849,-0.821567873768395,14,10,0.8928296597454175
2025-10-08,ILI incidence,2025-10-05,1,LT,ECDC,soca_simplex,WIS,0.55047405184134,1.3843135968205138,14,3,0.9857593987656131
2025-10-08,ILI incidence,2025-10-05,1,LT,ISI,FluBcast,WIS,0.245652173913043,2.54837115032444,14,1,1.0
2025-10-08,ILI incidence,2025-10-05,1,LT,ItaLuxColab,EpiEKF,WIS,2.11490797872388,-0.5575348301424634,14,8,0.9126725197604237
2025-10-08,ILI incidence,2025-10-05,1,LT,ItaLuxColab,EpiNetEKF,WIS,1.36380182563897,0.07542604055585939,14,6,0.9477625312893618
2025-10-08,ILI incidence,2025-10-05,1,LT,MRC_GIDA,NBEATS,WIS,3.7009079237205,-1.3648191809371104,14,12,0.8385781242795028
2025-10-08,ILI incidence,2025-10-05,1,LT,MRC_GIDA,NHiTS,WIS,2.16900091620612,-0.5939706006228427,14,9,0.9101454178426855
2025-10-08,ILI incidence,2025-10-05,1,LT,MRC_GIDA,Prophet,WIS,21.6507791703943,-3.9132869788310143,14,14,0.0
2025-10-08,ILI incidence,2025-10-05,1,LT,MRC_GIDA,TiDE,WIS,4.48872500103275,-1.643245651344139,14,13,0.8017730598927436
2025-10-08,ILI incidence,2025-10-05,1,LT,NotreDame,Rt_cocirc,WIS,1.24653043478261,0.20514195427757542,14,5,0.9532411902515646
2025-10-08,ILI incidence,2025-10-05,1,LT,QMUL,ARIMA,WIS,2.98790293825972,-1.0560732212831137,14,11,0.8718881338663644
2025-10-08,ILI incidence,2025-10-05,1,LT,respicast,hubEnsemble,WIS,1.22427067492443,0.23113750196740898,14,4,0.9542811168010235
2025-10-08,ILI incidence,2025-10-05,1,LT,respicast,quantileBaseline,WIS,1.437,0.0,14,7,0.944342875130673
2025-10-08,ILI incidence,2025-10-05,1,LT,safinea,PRFM,WIS,0.444268193499936,1.6935572985272862,14,2,0.9907211006213819
2025-10-08,ILI incidence,2025-10-05,1,LU,ECDC,SARIMA,WIS,638.175469912486,-0.25887645318397323,14,7,0.8401127931614965
2025-10-08,ILI incidence,2025-10-05,1,LU,ECDC,soca_simplex,WIS,526.466454897463,0.018735093092348568,14,3,0.8920636551576321
2025-10-08,ILI incidence,2025-10-05,1,LU,ISI,FluBcast,WIS,381.672173913043,0.4827426927578046,14,2,0.9594009932251073
2025-10-08,ILI incidence,2025-10-05,1,LU,ItaLuxColab,EpiEKF,WIS,547.091983290393,-0.03670671319881911,14,5,0.8824716452469333
2025-10-08,ILI incidence,2025-10-05,1,LU,ItaLuxColab,EpiNetEKF,WIS,562.238819965609,-0.07610636609857914,14,6,0.8754275295890671
2025-10-08,ILI incidence,2025-10-05,1,LU,MRC_GIDA,NBEATS,WIS,2444.65507428501,-2.1964823166582566,14,14,0.0
2025-10-08,ILI incidence,2025-10-05,1,LU,MRC_GIDA,NHiTS,WIS,1865.80294738594,-1.8066480196897963,14,13,0.2691982106964148
2025-10-08,ILI incidence,2025-10-05,1,LU,MRC_GIDA,Prophet,WIS,745.941047462275,-0.483984914801251,14,8,0.7899958473942276
2025-10-08,ILI incidence,2025-10-05,1,LU,MRC_GIDA,TiDE,WIS,1771.60580494596,-1.7319090220331315,14,12,0.3130050847134456
2025-10-08,ILI incidence,2025-10-05,1,LU,NotreDame,Rt_cocirc,WIS,1386.88503478261,-1.378699593526569,14,11,0.49192149208768765
2025-10-08,ILI incidence,2025-10-05,1,LU,QMUL,ARIMA,WIS,294.372851377281,0.8574320778598904,14,1,1.0
2025-10-08,ILI incidence,2025-10-05,1,LU,respicast,hubEnsemble,WIS,814.020462066485,-0.6099883576172748,14,9,0.7583351593789822
2025-10-08,ILI incidence,2025-10-05,1,LU,respicast,quantileBaseline,WIS,533.347826086957,0.0,14,4,0.8888634374763508
2025-10-08,ILI incidence,2025-10-05,1,LU,safinea,PRFM,WIS,1383.27840643594,-1.374942943148005,14,10,0.4935987734734738
2025-10-08,ILI incidence,2025-10-05,1,LV,NotreDame,Rt_cocirc,WIS,9.89913913043478,1.8338229829246042,3,1,1.0
2025-10-08,ILI incidence,2025-10-05,1,LV,respicast,hubEnsemble,WIS,9.89913913043478,1.8338229829246042,3,1,1.0
2025-10-08,ILI incidence,2025-10-05,1,LV,respicast,quantileBaseline,WIS,35.2884963043478,0.0,3,3,0.0
2025-10-08,ILI incidence,2025-10-05,1,MT,ECDC,SARIMA,WIS,282.3897270981,0.3565682904791515,10,2,0.871579313154248
2025-10-08,ILI incidence,2025-10-05,1,MT,ECDC,soca_simplex,WIS,447.048602912377,-0.306175792030416,10,5,0.6784621235582672
2025-10-08,ILI incidence,2025-10-05,1,MT,ItaLuxColab,EpiEKF,WIS,826.873235315377,-1.1934102754174776,10,8,0.23299166114767733
2025-10-08,ILI incidence,2025-10-05,1,MT,ItaLuxColab,EpiNetEKF,WIS,626.827746471498,-0.7938131449581824,10,7,0.46761140093296727
2025-10-08,ILI incidence,2025-10-05,1,MT,MRC_GIDA,Prophet,WIS,1025.53056395059,-1.504042687048428,10,10,0.0
2025-10-08,ILI incidence,2025-10-05,1,MT,NotreDame,Rt_cocirc,WIS,921.088515217391,-1.3490839067699645,10,9,0.12249297116392092
2025-10-08,ILI incidence,2025-10-05,1,MT,QMUL,ARIMA,WIS,172.893488200064,1.0643723641851812,10,1,1.0
2025-10-08,ILI incidence,2025-10-05,1,MT,respicast,hubEnsemble,WIS,406.213438135198,-0.16798206986082762,10,4,0.7263549092915573
2025-10-08,ILI incidence,2025-10-05,1,MT,respicast,quantileBaseline,WIS,361.565217391304,0.0,10,3,0.7787197688709895
2025-10-08,ILI incidence,2025-10-05,1,MT,safinea,PRFM,WIS,563.257731699719,-0.6395393150883724,10,6,0.5421683450065311
2025-10-08,ILI incidence,2025-10-05,1,NL,ECDC,SARIMA,WIS,2.20273528519896,0.20558175773535342,14,8,0.9428667388324192
2025-10-08,ILI incidence,2025-10-05,1,NL,ECDC,soca_simplex,WIS,1.71515756562187,0.5665367686880962,14,4,0.9716201096702062
2025-10-08,ILI incidence,2025-10-05,1,NL,ISI,FluBcast,WIS,1.23391304347826,1.0416371583730872,14,1,1.0
2025-10-08,ILI incidence,2025-10-05,1,NL,ItaLuxColab,EpiEKF,WIS,1.98566927703136,0.3552525316706234,14,7,0.9556675276677554
2025-10-08,ILI incidence,2025-10-05,1,NL,ItaLuxColab,EpiNetEKF,WIS,1.70369816687844,0.576208121295528,14,3,0.9722958918653682
2025-10-08,ILI incidence,2025-10-05,1,NL,MRC_GIDA,NBEATS,WIS,12.7575892149548,-2.3284059389377867,14,13,0.3204272445828079
2025-10-08,ILI incidence,2025-10-05,1,NL,MRC_GIDA,NHiTS,WIS,7.60554113053603,-1.5821730120470725,14,12,0.6242531644256873
2025-10-08,ILI incidence,2025-10-05,1,NL,MRC_GIDA,Prophet,WIS,2.84783591549588,-0.1649881379608583,14,10,0.9048239470766636
2025-10-08,ILI incidence,2025-10-05,1,NL,MRC_GIDA,TiDE,WIS,6.65334744383124,-1.3892024879274207,14,11,0.6804058085763878
2025-10-08,ILI incidence,2025-10-05,1,NL,NotreDame,Rt_cocirc,WIS,1.26242608695652,1.008678963769428,14,2,0.9983185324514922
2025-10-08,ILI incidence,2025-10-05,1,NL,QMUL,ARIMA,WIS,1.93117701940369,0.3953974730587116,14,5,0.9588810381060823
2025-10-08,ILI incidence,2025-10-05,1,NL,respicast,hubEnsemble,WIS,1.98127041510275,0.358452085676288,14,6,0.955926936790074
2025-10-08,ILI incidence,2025-10-05,1,NL,respicast,quantileBaseline,WIS,2.54008695652174,0.0,14,9,0.922972479273749
2025-10-08,ILI incidence,2025-10-05,1,NL,safinea,PRFM,WIS,18.1911498950382,-2.840286949484621,14,14,0.0
2025-10-08,ILI incidence,2025-10-05,1,NO,ECDC,SARIMA,WIS,2.36002076057743,-0.48821168666998255,11,7,0.7718780517150462
2025-10-08,ILI incidence,2025-10-05,1,NO,ECDC,soca_simplex,WIS,1.04193992928295,0.691315759383197,11,1,1.0
2025-10-08,ILI incidence,2025-10-05,1,NO,ISI,FluBcast,WIS,1.62,0.0545940509302708,11,3,0.8999543985263753
2025-10-08,ILI incidence,2025-10-05,1,NO,ItaLuxColab,EpiEKF,WIS,2.41351653262576,-0.520548845259645,11,8,0.7626194694984398
2025-10-08,ILI incidence,2025-10-05,1,NO,ItaLuxColab,EpiNetEKF,WIS,1.91427848667644,-0.18621286239873996,11,6,0.8490232415554876
2025-10-08,ILI incidence,2025-10-05,1,NO,MRC_GIDA,Prophet,WIS,6.81990579887138,-2.019163947872078,11,11,0.0
2025-10-08,ILI incidence,2025-10-05,1,NO,NotreDame,Rt_cocirc,WIS,4.35660217391304,-1.3726155145498538,11,10,0.42632713320852544
2025-10-08,ILI incidence,2025-10-05,1,NO,QMUL,ARIMA,WIS,2.56449638507203,-0.6080876736457629,11,9,0.7364891918446842
2025-10-08,ILI incidence,2025-10-05,1,NO,respicast,hubEnsemble,WIS,1.89693363440026,-0.17308134185920693,11,5,0.852025137493896
2025-10-08,ILI incidence,2025-10-05,1,NO,respicast,quantileBaseline,WIS,1.68247826086956,0.0,11,4,0.8891412053923683
2025-10-08,ILI incidence,2025-10-05,1,NO,safinea,PRFM,WIS,1.53915940749755,0.12844520774981177,11,2,0.913945584062438
2025-10-08,ILI incidence,2025-10-05,1,PL,ECDC,SARIMA,WIS,184.538752256343,0.11240331254770847,14,6,0.773526874346492
2025-10-08,ILI incidence,2025-10-05,1,PL,ECDC,soca_simplex,WIS,260.831621748581,-0.3867916646340399,14,10,0.5446420888901757
2025-10-08,ILI incidence,2025-10-05,1,PL,ISI,FluBcast,WIS,153.210434782609,0.3808125607248453,14,3,0.8675143632351162
2025-10-08,ILI incidence,2025-10-05,1,PL,ItaLuxColab,EpiEKF,WIS,139.009015680956,0.5211486651363585,14,2,0.9101197703444632
2025-10-08,ILI incidence,2025-10-05,1,PL,ItaLuxColab,EpiNetEKF,WIS,181.932299521976,0.13292542376417849,14,5,0.7813464435785592
2025-10-08,ILI incidence,2025-10-05,1,PL,MRC_GIDA,NBEATS,WIS,442.37408524102,-1.1489397536766355,14,14,0.0
2025-10-08,ILI incidence,2025-10-05,1,PL,MRC_GIDA,NHiTS,WIS,426.267263675874,-1.0954311442532854,14,12,0.04832176876892387
2025-10-08,ILI incidence,2025-10-05,1,PL,MRC_GIDA,Prophet,WIS,158.649362347137,0.3304853970116396,14,4,0.851197140183936
2025-10-08,ILI incidence,2025-10-05,1,PL,MRC_GIDA,TiDE,WIS,427.62633747886,-1.1000235915764536,14,13,0.044244437323848224
2025-10-08,ILI incidence,2025-10-05,1,PL,NotreDame,Rt_cocirc,WIS,269.137017391304,-0.43201371472040556,14,11,0.519725229523549
2025-10-08,ILI incidence,2025-10-05,1,PL,QMUL,ARIMA,WIS,207.385210595893,-0.05598589420218375,14,9,0.704985649586076
2025-10-08,ILI incidence,2025-10-05,1,PL,respicast,hubEnsemble,WIS,198.786566963503,0.005106849885777011,14,7,0.730782276664248
2025-10-08,ILI incidence,2025-10-05,1,PL,respicast,quantileBaseline,WIS,199.49147826087,0.0,14,8,0.7286674856996743
2025-10-08,ILI incidence,2025-10-05,1,PL,safinea,PRFM,WIS,109.049747670322,0.8713406879764233,14,1,1.0
2025-10-08,ILI incidence,2025-10-05,1,RO,ECDC,soca_simplex,WIS,0.896506123174495,-0.24534652411954083,7,6,0.36401633547142676
2025-10-08,ILI incidence,2025-10-05,1,RO,ItaLuxColab,EpiEKF,WIS,0.497409483867142,0.6045328976867267,7,4,0.7398461154320478
2025-10-08,ILI incidence,2025-10-05,1,RO,ItaLuxColab,EpiNetEKF,WIS,0.362747086908533,1.0600028841022775,7,2,0.8666578548287003
2025-10-08,ILI incidence,2025-10-05,1,RO,NotreDame,Rt_cocirc,WIS,0.22115,1.7739416704389486,7,1,1.0
2025-10-08,ILI incidence,2025-10-05,1,RO,respicast,hubEnsemble,WIS,0.381086290840767,0.9888492029557261,7,3,0.8493878046712583
2025-10-08,ILI incidence,2025-10-05,1,RO,respicast,quantileBaseline,WIS,0.756304347826087,0.0,7,5,0.4960445140868356
2025-10-08,ILI incidence,2025-10-05,1,RO,safinea,PRFM,WIS,1.28305797160664,-0.7625475385006752,7,7,0.0
2025-10-08,ILI incidence,2025-10-05,1,SI,ECDC,SARIMA,WIS,2.83332104405633,-1.3276964103465916,12,9,0.7499156260310893
2025-10-08,ILI incidence,2025-10-05,1,SI,ItaLuxColab,EpiEKF,WIS,1.29288173499525,-0.19579263952815526,12,5,0.8884729134186089
2025-10-08,ILI incidence,2025-10-05,1,SI,ItaLuxColab,EpiNetEKF,WIS,1.37677398305973,-0.2864940674605565,12,6,0.8809270904470177
2025-10-08,ILI incidence,2025-10-05,1,SI,MRC_GIDA,NBEATS,WIS,0.0529562757551448,4.413852196807724,12,1,1.0
2025-10-08,ILI incidence,2025-10-05,1,SI,MRC_GIDA,NHiTS,WIS,0.388728345050151,1.537963458475984,12,2,0.9697984420234206
2025-10-08,ILI incidence,2025-10-05,1,SI,MRC_GIDA,Prophet,WIS,11.1706631687369,-3.306845259089242,12,12,0.0
2025-10-08,ILI incidence,2025-10-05,1,SI,MRC_GIDA,TiDE,WIS,0.534082949938033,1.0796619391481759,12,3,0.9567242886672424
2025-10-08,ILI incidence,2025-10-05,1,SI,NotreDame,Rt_cocirc,WIS,2.72479130434783,-1.2713480634148981,12,8,0.7596775077530307
2025-10-08,ILI incidence,2025-10-05,1,SI,QMUL,ARIMA,WIS,3.93549551005682,-1.8017476212667274,12,11,0.6507787737458167
2025-10-08,ILI incidence,2025-10-05,1,SI,respicast,hubEnsemble,WIS,1.55290491327197,-0.4601718213843501,12,7,0.8650847110869874
2025-10-08,ILI incidence,2025-10-05,1,SI,respicast,quantileBaseline,WIS,1.12880608695652,0.0,12,4,0.9032309610644149
2025-10-08,ILI incidence,2025-10-05,1,SI,safinea,PRFM,WIS,3.41240870193494,-1.5959927750008367,12,10,0.6978286567079307
2025-10-08,ILI incidence,2025-10-12,2,AT,NotreDame,Rt_cocirc,WIS,280.537158695652,1.1142617777154387,3,1,1.0
2025-10-08,ILI incidence,2025-10-12,2,AT,respicast,hubEnsemble,WIS,280.537158695652,1.1142617777154387,3,1,1.0
2025-10-08,ILI incidence,2025-10-12,2,AT,respicast,quantileBaseline,WIS,607.318641956522,0.0,3,3,0.0
2025-10-08,ILI incidence,2025-10-12,2,BE,ECDC,SARIMA,WIS,46.9928883345617,0.3753937062658864,14,8,0.7549313152130346
2025-10-08,ILI incidence,2025-10-12,2,BE,ECDC,soca_simplex,WIS,17.7703215920526,1.778366359161399,14,1,1.0
2025-10-08,ILI incidence,2025-10-12,2,BE,ISI,FluBcast,WIS,37.6813043478261,0.6939872443561333,14,4,0.8330208841759533
2025-10-08,ILI incidence,2025-10-12,2,BE,ItaLuxColab,EpiEKF,WIS,46.3487874198412,0.3953045539650177,14,7,0.7603329271053608
2025-10-08,ILI incidence,2025-10-12,2,BE,ItaLuxColab,EpiNetEKF,WIS,42.8320505762645,0.509145401790155,14,5,0.7898252739136072
2025-10-08,ILI incidence,2025-10-12,2,BE,MRC_GIDA,NBEATS,WIS,137.012675089448,-1.1684013090359413,14,14,0.0
2025-10-08,ILI incidence,2025-10-12,2,BE,MRC_GIDA,NHiTS,WIS,104.124857982574,-0.772406473343703,14,13,0.2758065078579011
2025-10-08,ILI incidence,2025-10-12,2,BE,MRC_GIDA,Prophet,WIS,33.5232351057609,0.8626747687081471,14,2,0.8678916253187472
2025-10-08,ILI incidence,2025-10-12,2,BE,MRC_GIDA,TiDE,WIS,72.601490736351,-0.25216302215715897,14,11,0.5401703544412509
2025-10-08,ILI incidence,2025-10-12,2,BE,NotreDame,Rt_cocirc,WIS,74.8455565217391,-0.29608051857306994,14,12,0.521350985990618
2025-10-08,ILI incidence,2025-10-12,2,BE,QMUL,ARIMA,WIS,33.8723111941846,0.8477297204699877,14,3,0.8649641748098866
2025-10-08,ILI incidence,2025-10-12,2,BE,respicast,hubEnsemble,WIS,44.3871873097585,0.4576928573587774,14,6,0.7767834587541306
2025-10-08,ILI incidence,2025-10-12,2,BE,respicast,quantileBaseline,WIS,60.9588695652174,0.0,14,10,0.6378086585308117
2025-10-08,ILI incidence,2025-10-12,2,BE,safinea,PRFM,WIS,57.4795667625874,0.08478696152845223,14,9,0.6669870729161499
2025-10-08,ILI incidence,2025-10-12,2,CZ,ECDC,SARIMA,WIS,4.05342330773234,-0.741534444514487,14,10,0.4988289369909501
2025-10-08,ILI incidence,2025-10-12,2,CZ,ECDC,soca_simplex,WIS,1.37060434337888,0.8227942385405269,14,3,0.9210298766196746
2025-10-08,ILI incidence,2025-10-12,2,CZ,ISI,FluBcast,WIS,1.61608695652174,0.5851015754604136,14,4,0.88239775447184
2025-10-08,ILI incidence,2025-10-12,2,CZ,ItaLuxColab,EpiEKF,WIS,3.40215491763704,-0.4888424333427561,14,9,0.601320431908121
2025-10-08,ILI incidence,2025-10-12,2,CZ,ItaLuxColab,EpiNetEKF,WIS,2.80180173648665,-0.20874846765818766,14,8,0.6957992918530642
2025-10-08,ILI incidence,2025-10-12,2,CZ,MRC_GIDA,NBEATS,WIS,6.80851121140828,-1.4897329621589934,14,13,0.06525488031879655
2025-10-08,ILI incidence,2025-10-12,2,CZ,MRC_GIDA,NHiTS,WIS,4.41656515971759,-0.8653183939354027,14,12,0.44168052960162163
2025-10-08,ILI incidence,2025-10-12,2,CZ,MRC_GIDA,Prophet,WIS,7.22316455298974,-1.5750246347137904,14,14,0.0
2025-10-08,ILI incidence,2025-10-12,2,CZ,MRC_GIDA,TiDE,WIS,2.70252100864177,-0.15669943062045866,14,7,0.7114233116397418
2025-10-08,ILI incidence,2025-10-12,2,CZ,NotreDame,Rt_cocirc,WIS,0.914654347826087,1.4063078522218875,14,2,0.9927836994097614
2025-10-08,ILI incidence,2025-10-12,2,CZ,QMUL,ARIMA,WIS,4.41089477549067,-0.8634649420048744,14,11,0.44257289005548417
2025-10-08,ILI incidence,2025-10-12,2,CZ,respicast,hubEnsemble,WIS,1.84953483535252,0.39044392910771497,14,5,0.8456595641182316
2025-10-08,ILI incidence,2025-10-12,2,CZ,respicast,quantileBaseline,WIS,2.42436413043478,0.0,14,6,0.7551974525354118
2025-10-08,ILI incidence,2025-10-12,2,CZ,safinea,PRFM,WIS,0.868799338377287,1.4805114929005436,14,1,1.0
2025-10-08,ILI incidence,2025-10-12,2,EE,ECDC,SARIMA,WIS,18.0920655028363,0.2164909474261894,14,4,0.7423309931527797
2025-10-08,ILI incidence,2025-10-12,2,EE,ECDC,soca_simplex,WIS,24.4518239258605,-0.2180940117731249,14,9,0.6084631062703283
2025-10-08,ILI incidence,2025-10-12,2,EE,ISI,FluBcast,WIS,15.145652173913,0.4729443697137024,14,3,0.8043506643398641
2025-10-08,ILI incidence,2025-10-12,2,EE,ItaLuxColab,EpiEKF,WIS,37.1753372808851,-0.8224977596483078,14,12,0.3406432091510518
2025-10-08,ILI incidence,2025-10-12,2,EE,ItaLuxColab,EpiNetEKF,WIS,28.7880399861685,-0.45362149551302317,14,10,0.5171891863431701
2025-10-08,ILI incidence,2025-10-12,2,EE,MRC_GIDA,NBEATS,WIS,53.3585203361813,-1.3438705884412343,14,14,0.0
2025-10-08,ILI incidence,2025-10-12,2,EE,MRC_GIDA,NHiTS,WIS,40.8441556339632,-0.958281586924053,14,13,0.26341748332724385
2025-10-08,ILI incidence,2025-10-12,2,EE,MRC_GIDA,Prophet,WIS,11.3260022118348,0.8922093551564169,14,2,0.8847512762880924
2025-10-08,ILI incidence,2025-10-12,2,EE,MRC_GIDA,TiDE,WIS,34.0610063559721,-0.6962729892322639,14,11,0.40619741298078244
2025-10-08,ILI incidence,2025-10-12,2,EE,NotreDame,Rt_cocirc,WIS,5.85079782608696,1.8451427999318668,14,1,1.0
2025-10-08,ILI incidence,2025-10-12,2,EE,QMUL,ARIMA,WIS,19.9458217011298,0.07576151297709553,14,6,0.7033108907283872
2025-10-08,ILI incidence,2025-10-12,2,EE,respicast,hubEnsemble,WIS,18.356460081903,0.19556020015823408,14,5,0.7367656962895063
2025-10-08,ILI incidence,2025-10-12,2,EE,respicast,quantileBaseline,WIS,21.0212443478261,0.0,14,7,0.680674094227191
2025-10-08,ILI incidence,2025-10-12,2,EE,safinea,PRFM,WIS,23.7379948314393,-0.17535000261669326,14,8,0.6234886443661511
2025-10-08,ILI incidence,2025-10-12,2,ES,ECDC,SARIMA,WIS,2.43081589814335,0.4642830821446631,9,5,0.445771353559453
2025-10-08,ILI incidence,2025-10-12,2,ES,ECDC,soca_simplex,WIS,3.11929380977867,0.10450426658270032,9,7,0.11319777741797223
2025-10-08,ILI incidence,2025-10-12,2,ES,ISI,FluBcast,WIS,1.28347826086957,1.3856648545285117,9,1,1.0
2025-10-08,ILI incidence,2025-10-12,2,ES,ItaLuxColab,EpiEKF,WIS,2.83735301942809,0.24117805491198985,9,6,0.2493910456730544
2025-10-08,ILI incidence,2025-10-12,2,ES,ItaLuxColab,EpiNetEKF,WIS,1.67551604461829,1.0011182130071459,9,2,0.8106236881090326
2025-10-08,ILI incidence,2025-10-12,2,ES,QMUL,ARIMA,WIS,2.217896770339,0.5965314964107599,9,4,0.5486232745377483
2025-10-08,ILI incidence,2025-10-12,2,ES,respicast,hubEnsemble,WIS,1.91566649586838,0.8078772949337826,9,3,0.6946175054349574
2025-10-08,ILI incidence,2025-10-12,2,ES,respicast,quantileBaseline,WIS,3.35363043478261,0.0,9,9,0.0
2025-10-08,ILI incidence,2025-10-12,2,ES,safinea,PRFM,WIS,3.32417455865073,0.01272757203295088,9,8,0.014228845832237495
2025-10-08,ILI incidence,2025-10-12,2,FI,ECDC,SARIMA,WIS,2.95252598015191,-0.9766318508341757,10,5,0.8649354004897565
2025-10-08,ILI incidence,2025-10-12,2,FI,ECDC,soca_simplex,WIS,15.6038051969388,-3.378508083847473,10,10,0.0
2025-10-08,ILI incidence,2025-10-12,2,FI,ISI,FluBcast,WIS,0.97695652173913,0.6189516401975532,10,1,1.0
2025-10-08,ILI incidence,2025-10-12,2,FI,ItaLuxColab,EpiEKF,WIS,1.89468862174061,-0.3366428679208431,10,4,0.9372570182148992
2025-10-08,ILI incidence,2025-10-12,2,FI,ItaLuxColab,EpiNetEKF,WIS,1.47204219360072,0.027498879143932346,10,2,0.9661522667762998
2025-10-08,ILI incidence,2025-10-12,2,FI,MRC_GIDA,Prophet,WIS,6.97773342877347,-2.2174405795794914,10,9,0.5897423265744955
2025-10-08,ILI incidence,2025-10-12,2,FI,QMUL,ARIMA,WIS,3.72090008756157,-1.3103337486447377,10,7,0.8124036402677158
2025-10-08,ILI incidence,2025-10-12,2,FI,respicast,hubEnsemble,WIS,3.14465301406901,-1.0675829331139797,10,6,0.8518001696424681
2025-10-08,ILI incidence,2025-10-12,2,FI,respicast,quantileBaseline,WIS,1.50036956521739,0.0,10,3,0.9642155972827062
2025-10-08,ILI incidence,2025-10-12,2,FI,safinea,PRFM,WIS,6.40772324045106,-2.0944939333002446,10,8,0.6287124561615256
2025-10-08,ILI incidence,2025-10-12,2,FR,NotreDame,Rt_cocirc,WIS,116.74355,-1.4740662186908637,3,2,0.0
2025-10-08,ILI incidence,2025-10-12,2,FR,respicast,hubEnsemble,WIS,116.74355,-1.4740662186908637,3,2,0.0
2025-10-08,ILI incidence,2025-10-12,2,FR,respicast,quantileBaseline,WIS,42.0237445652174,0.0,3,1,1.0
2025-10-08,ILI incidence,2025-10-12,2,GR,ECDC,SARIMA,WIS,148.417292298391,0.10250485599199756,14,8,0.7201893654573165
2025-10-08,ILI incidence,2025-10-12,2,GR,ECDC,soca_simplex,WIS,180.740815416918,-0.18175828850269654,14,10,0.6213742280971863
2025-10-08,ILI incidence,2025-10-12,2,GR,ISI,FluBcast,WIS,88.7221739130435,0.8447974274360663,14,2,0.9026812708522554
2025-10-08,ILI incidence,2025-10-12,2,GR,ItaLuxColab,EpiEKF,WIS,95.3257349377382,0.741226394156441,14,3,0.8824937502243694
2025-10-08,ILI incidence,2025-10-12,2,GR,ItaLuxColab,EpiNetEKF,WIS,98.059031484313,0.70044163057941,14,4,0.8741378828052964
2025-10-08,ILI incidence,2025-10-12,2,GR,MRC_GIDA,NBEATS,WIS,383.999190234096,-1.2689392205541172,14,14,0.0
2025-10-08,ILI incidence,2025-10-12,2,GR,MRC_GIDA,NHiTS,WIS,371.030749249933,-1.2193747073663437,14,13,0.03964537753195271
2025-10-08,ILI incidence,2025-10-12,2,GR,MRC_GIDA,Prophet,WIS,56.8881424527785,1.4859641689505159,14,1,1.0
2025-10-08,ILI incidence,2025-10-12,2,GR,MRC_GIDA,TiDE,WIS,304.61354334395,-0.9348160384584209,14,12,0.2426871468530081
2025-10-08,ILI incidence,2025-10-12,2,GR,NotreDame,Rt_cocirc,WIS,273.664263043478,-0.7802430019052932,14,11,0.33730113348045593
2025-10-08,ILI incidence,2025-10-12,2,GR,QMUL,ARIMA,WIS,99.4788931520606,0.6797016874158657,14,5,0.8697972722469612
2025-10-08,ILI incidence,2025-10-12,2,GR,respicast,hubEnsemble,WIS,127.060233464014,0.32665147298190855,14,7,0.7854792998060174
2025-10-08,ILI incidence,2025-10-12,2,GR,respicast,quantileBaseline,WIS,159.346137391304,0.0,14,9,0.6867791667891895
2025-10-08,ILI incidence,2025-10-12,2,GR,safinea,PRFM,WIS,122.052425265529,0.3846630853384035,14,6,0.8007884990288846
2025-10-08,ILI incidence,2025-10-12,2,HR,ECDC,soca_simplex,WIS,0.371800125793149,1.8991669104461466,8,2,0.9459594959189325
2025-10-08,ILI incidence,2025-10-12,2,HR,ISI,FluBcast,WIS,0.452608695652174,1.6154298664634037,8,3,0.9090495232071532
2025-10-08,ILI incidence,2025-10-12,2,HR,ItaLuxColab,EpiEKF,WIS,1.40389336640639,-0.017667285073895627,8,7,0.47454249876745874
2025-10-08,ILI incidence,2025-10-12,2,HR,ItaLuxColab,EpiNetEKF,WIS,0.918246815699043,0.5948121808380059,8,5,0.696365517853794
2025-10-08,ILI incidence,2025-10-12,2,HR,NotreDame,Rt_cocirc,WIS,0.253486956521739,2.4517826553000472,8,1,1.0
2025-10-08,ILI incidence,2025-10-12,2,HR,respicast,hubEnsemble,WIS,0.539822143094533,1.3612100125444908,8,4,0.8692140704722083
2025-10-08,ILI incidence,2025-10-12,2,HR,respicast,quantileBaseline,WIS,1.38680608695652,0.0,8,6,0.4823472528834334
2025-10-08,ILI incidence,2025-10-12,2,HR,safinea,PRFM,WIS,2.44282940036581,-0.8167870398418037,8,8,0.0
2025-10-08,ILI incidence,2025-10-12,2,HU,NotreDame,Rt_cocirc,WIS,208.242695652174,-1.057049642412746,3,2,0.0
2025-10-08,ILI incidence,2025-10-12,2,HU,respicast,hubEnsemble,WIS,208.242695652174,-1.057049642412746,3,2,0.0
2025-10-08,ILI incidence,2025-10-12,2,HU,respicast,quantileBaseline,WIS,100.084339565217,0.0,3,1,1.0
2025-10-08,ILI incidence,2025-10-12,2,IE,ECDC,SARIMA,WIS,2.38705802657064,-0.26315819413752733,14,10,0.6873911447003065
2025-10-08,ILI incidence,2025-10-12,2,IE,ECDC,soca_simplex,WIS,1.50773124569411,0.3996961529532173,14,4,0.9017555325901516
2025-10-08,ILI incidence,2025-10-12,2,IE,ISI,FluBcast,WIS,1.51521739130435,0.392550648002516,14,5,0.8999305420902675
2025-10-08,ILI incidence,2025-10-12,2,IE,ItaLuxColab,EpiEKF,WIS,1.66400793763911,0.25741312749728007,14,8,0.8636580264766153
2025-10-08,ILI incidence,2025-10-12,2,IE,ItaLuxColab,EpiNetEKF,WIS,1.10473057885376,0.8483808741648924,14,1,1.0
2025-10-08,ILI incidence,2025-10-12,2,IE,MRC_GIDA,NBEATS,WIS,5.20674952674163,-1.3883075639131381,14,14,0.0
2025-10-08,ILI incidence,2025-10-12,2,IE,MRC_GIDA,NHiTS,WIS,3.04053928729438,-0.6122517880131788,14,13,0.5280839184233002
2025-10-08,ILI incidence,2025-10-12,2,IE,MRC_GIDA,Prophet,WIS,1.59382224811207,0.31958470197120314,14,6,0.8807680619051885
2025-10-08,ILI incidence,2025-10-12,2,IE,MRC_GIDA,TiDE,WIS,2.80197784833562,-0.49437010733799874,14,11,0.5862409971665848
2025-10-08,ILI incidence,2025-10-12,2,IE,NotreDame,Rt_cocirc,WIS,2.89413913043478,-0.5410588355303302,14,12,0.5637736991677265
2025-10-08,ILI incidence,2025-10-12,2,IE,QMUL,ARIMA,WIS,1.4806803628764,0.4258152058534582,14,2,0.9083500615675564
2025-10-08,ILI incidence,2025-10-12,2,IE,respicast,hubEnsemble,WIS,1.50102941135273,0.4061231973490294,14,3,0.9033893218111475
2025-10-08,ILI incidence,2025-10-12,2,IE,respicast,quantileBaseline,WIS,1.98904434782609,0.0,14,9,0.7844198722125203
2025-10-08,ILI incidence,2025-10-12,2,IE,safinea,PRFM,WIS,1.60209003353153,0.31212021697794035,14,7,0.878752521381243
2025-10-08,ILI incidence,2025-10-12,2,IS,ECDC,SARIMA,WIS,1.09683611778997,-0.6432690290012033,10,7,0.40485204940058406
2025-10-08,ILI incidence,2025-10-12,2,IS,ECDC,soca_simplex,WIS,1.43441405902029,-1.0303825789599363,10,10,0.0
2025-10-08,ILI incidence,2025-10-12,2,IS,ISI,FluBcast,WIS,0.66695652173913,0.07441433294117773,10,2,0.9204000583208016
2025-10-08,ILI incidence,2025-10-12,2,IS,ItaLuxColab,EpiEKF,WIS,1.05105455399256,-0.5817585983527456,10,6,0.4597571769708101
2025-10-08,ILI incidence,2025-10-12,2,IS,ItaLuxColab,EpiNetEKF,WIS,0.600583671524089,0.22564179760075873,10,1,1.0
2025-10-08,ILI incidence,2025-10-12,2,IS,MRC_GIDA,Prophet,WIS,1.37722545563937,-0.9716857973863706,10,9,0.06858541525770513
2025-10-08,ILI incidence,2025-10-12,2,IS,QMUL,ARIMA,WIS,0.778961818014496,-0.14954556465222626,10,5,0.7860738236872906
2025-10-08,ILI incidence,2025-10-12,2,IS,respicast,hubEnsemble,WIS,0.73272783147803,-0.06127036564911021,10,4,0.8415215349122269
2025-10-08,ILI incidence,2025-10-12,2,IS,respicast,quantileBaseline,WIS,0.702260869565217,0.0,10,3,0.8780600952353859
2025-10-08,ILI incidence,2025-10-12,2,IS,safinea,PRFM,WIS,1.16260334690331,-0.7272800123075122,10,8,0.3259784198236821
2025-10-08,ILI incidence,2025-10-12,2,LT,ECDC,SARIMA,WIS,4.20051709097428,-0.6819700687915448,14,11,0.8177629880791503
2025-10-08,ILI incidence,2025-10-12,2,LT,ECDC,soca_simplex,WIS,0.253069880458871,3.3709891503252227,14,1,1.0
2025-10-08,ILI incidence,2025-10-12,2,LT,ISI,FluBcast,WIS,0.628260869565217,2.0591612367495427,14,3,0.9826790122557608
2025-10-08,ILI incidence,2025-10-12,2,LT,ItaLuxColab,EpiEKF,WIS,3.48629730290409,-0.41309873590713275,14,10,0.8507355075560249
2025-10-08,ILI incidence,2025-10-12,2,LT,ItaLuxColab,EpiNetEKF,WIS,2.1757886817535,0.26705842320223006,14,7,0.9112361710174152
2025-10-08,ILI incidence,2025-10-12,2,LT,MRC_GIDA,NBEATS,WIS,1.99070629853845,0.3953164814501954,14,6,0.9197806451237318
2025-10-08,ILI incidence,2025-10-12,2,LT,MRC_GIDA,NHiTS,WIS,0.593644938626206,2.1409246558045605,14,2,0.9842770839924466
2025-10-08,ILI incidence,2025-10-12,2,LT,MRC_GIDA,Prophet,WIS,21.9141318618191,-3.065192753563801,14,14,0.0
2025-10-08,ILI incidence,2025-10-12,2,LT,MRC_GIDA,TiDE,WIS,4.27128937450717,-0.706074773767932,14,12,0.8144957298258942
2025-10-08,ILI incidence,2025-10-12,2,LT,NotreDame,Rt_cocirc,WIS,0.72915652173913,1.8442964245004998,14,4,0.9780210849454222
2025-10-08,ILI incidence,2025-10-12,2,LT,QMUL,ARIMA,WIS,5.50061459337935,-1.070995954201281,14,13,0.7577429621208741
2025-10-08,ILI incidence,2025-10-12,2,LT,respicast,hubEnsemble,WIS,1.39318000012915,0.9102152008066123,14,5,0.9473659176705479
2025-10-08,ILI incidence,2025-10-12,2,LT,respicast,quantileBaseline,WIS,2.61823913043479,0.0,14,9,0.8908100973068082
2025-10-08,ILI incidence,2025-10-12,2,LT,safinea,PRFM,WIS,2.40438680117731,0.12292786275117112,14,8,0.9006827586491516
2025-10-08,ILI incidence,2025-10-12,2,LU,ECDC,SARIMA,WIS,895.077081852229,0.12010550756277073,14,6,0.7583650549432871
2025-10-08,ILI incidence,2025-10-12,2,LU,ECDC,soca_simplex,WIS,255.116329346706,1.9309621915308073,14,1,1.0
2025-10-08,ILI incidence,2025-10-12,2,LU,ISI,FluBcast,WIS,869.338695652174,0.1621990739628251,14,4,0.7680832970557127
2025-10-08,ILI incidence,2025-10-12,2,LU,ItaLuxColab,EpiEKF,WIS,880.168391758649,0.1443378734648444,14,5,0.7639942446983239
2025-10-08,ILI incidence,2025-10-12,2,LU,ItaLuxColab,EpiNetEKF,WIS,983.22620668287,-0.01540593281841016,14,8,0.7250819061691511
2025-10-08,ILI incidence,2025-10-12,2,LU,MRC_GIDA,NBEATS,WIS,2903.57742985235,-1.5776421652025776,14,14,0.0
2025-10-08,ILI incidence,2025-10-12,2,LU,MRC_GIDA,NHiTS,WIS,2555.21627099841,-1.3932560628479744,14,13,0.13153342474519678
2025-10-08,ILI incidence,2025-10-12,2,LU,MRC_GIDA,Prophet,WIS,553.378693884789,0.8138503381045804,14,2,0.8873827656063596
2025-10-08,ILI incidence,2025-10-12,2,LU,MRC_GIDA,TiDE,WIS,1505.2586451206,-0.6298220614701391,14,10,0.5279740693434324
2025-10-08,ILI incidence,2025-10-12,2,LU,NotreDame,Rt_cocirc,WIS,2294.80025,-1.2381792384968329,14,12,0.2298607216606363
2025-10-08,ILI incidence,2025-10-12,2,LU,QMUL,ARIMA,WIS,568.419530636468,0.7751613108854941,14,3,0.881703680212654
2025-10-08,ILI incidence,2025-10-12,2,LU,respicast,hubEnsemble,WIS,1169.32324571057,-0.2654844593683669,14,9,0.6548158037173649
2025-10-08,ILI incidence,2025-10-12,2,LU,respicast,quantileBaseline,WIS,972.782608695652,0.0,14,7,0.7290251764649558
2025-10-08,ILI incidence,2025-10-12,2,LU,safinea,PRFM,WIS,2264.68780698315,-1.2191228429946508,14,11,0.2412305103319144
2025-10-08,ILI incidence,2025-10-12,2,LV,NotreDame,Rt_cocirc,WIS,4.11391304347826,3.1473285799706536,3,1,1.0
2025-10-08,ILI incidence,2025-10-12,2,LV,respicast,hubEnsemble,WIS,4.11391304347826,3.1473285799706536,3,1,1.0
2025-10-08,ILI incidence,2025-10-12,2,LV,respicast,quantileBaseline,WIS,36.4498223913043,0.0,3,3,0.0
2025-10-08,ILI incidence,2025-10-12,2,MT,ECDC,SARIMA,WIS,359.553572559788,0.57908032235668,10,2,0.9103200354586896
2025-10-08,ILI incidence,2025-10-12,2,MT,ECDC,soca_simplex,WIS,618.208979143193,-0.20280754179870145,10,6,0.6433036666861002
2025-10-08,ILI incidence,2025-10-12,2,MT,ItaLuxColab,EpiEKF,WIS,1185.35721240457,-1.1419629148828891,10,9,0.05782252866701029
2025-10-08,ILI incidence,2025-10-12,2,MT,ItaLuxColab,EpiNetEKF,WIS,1003.86236138568,-0.902202504292961,10,8,0.24518414894058152
2025-10-08,ILI incidence,2025-10-12,2,MT,MRC_GIDA,Prophet,WIS,1241.36917051334,-1.208573250039391,10,10,0.0
2025-10-08,ILI incidence,2025-10-12,2,MT,NotreDame,Rt_cocirc,WIS,561.760419565217,-0.06466791194917226,10,4,0.7015769098401884
2025-10-08,ILI incidence,2025-10-12,2,MT,QMUL,ARIMA,WIS,272.68171598618,0.9780690998314142,10,1,1.0
2025-10-08,ILI incidence,2025-10-12,2,MT,respicast,hubEnsemble,WIS,585.342446301804,-0.1239938330748419,10,5,0.6772326008204149
2025-10-08,ILI incidence,2025-10-12,2,MT,respicast,quantileBaseline,WIS,537.135869565217,0.0,10,3,0.7269974413902949
2025-10-08,ILI incidence,2025-10-12,2,MT,safinea,PRFM,WIS,659.17596312035,-0.29537656864756573,10,7,0.6010124366451847
2025-10-08,ILI incidence,2025-10-12,2,NL,ECDC,SARIMA,WIS,5.70357770522313,-0.32524232159278194,14,6,0.6785359875868371
2025-10-08,ILI incidence,2025-10-12,2,NL,ECDC,soca_simplex,WIS,5.67581266488565,-0.3182021262585836,14,5,0.6813097805262468
2025-10-08,ILI incidence,2025-10-12,2,NL,ISI,FluBcast,WIS,10.7234782608696,-1.236076181749482,14,13,0.17703609604895715
2025-10-08,ILI incidence,2025-10-12,2,NL,ItaLuxColab,EpiEKF,WIS,7.45419265945082,-0.7114272606065855,14,12,0.5036454295094936
2025-10-08,ILI incidence,2025-10-12,2,NL,ItaLuxColab,EpiNetEKF,WIS,7.37125533929614,-0.6952854875235402,14,11,0.5119310631791149
2025-10-08,ILI incidence,2025-10-12,2,NL,MRC_GIDA,NBEATS,WIS,2.48579560444417,0.8729171714460113,14,1,1.0
2025-10-08,ILI incidence,2025-10-12,2,NL,MRC_GIDA,NHiTS,WIS,5.49838972446031,-0.2723843218053602,14,4,0.6990347502528993
2025-10-08,ILI incidence,2025-10-12,2,NL,MRC_GIDA,Prophet,WIS,7.00696283471626,-0.6221643975986941,14,10,0.5483247425975999
2025-10-08,ILI incidence,2025-10-12,2,NL,MRC_GIDA,TiDE,WIS,5.03285618451725,-0.1447525264234645,14,3,0.7455426476107632
2025-10-08,ILI incidence,2025-10-12,2,NL,NotreDame,Rt_cocirc,WIS,12.4955695652174,-1.4567199113055878,14,14,0.0
2025-10-08,ILI incidence,2025-10-12,2,NL,QMUL,ARIMA,WIS,5.94759868208929,-0.3856824574056193,14,7,0.6541577171261412
2025-10-08,ILI incidence,2025-10-12,2,NL,respicast,hubEnsemble,WIS,6.51038383933568,-0.5161177578144707,14,9,0.5979341540914654
2025-10-08,ILI incidence,2025-10-12,2,NL,respicast,quantileBaseline,WIS,4.55239217391304,0.0,14,2,0.7935421341613161
2025-10-08,ILI incidence,2025-10-12,2,NL,safinea,PRFM,WIS,6.05427299261449,-0.41132888252310956,14,8,0.6435007021982078
2025-10-08,ILI incidence,2025-10-12,2,NO,ECDC,SARIMA,WIS,3.19129477743195,-0.1095914993342121,11,5,0.5878621545986163
2025-10-08,ILI incidence,2025-10-12,2,NO,ECDC,soca_simplex,WIS,0.294688347027405,3.3272884583961657,11,1,1.0
2025-10-08,ILI incidence,2025-10-12,2,NO,ISI,FluBcast,WIS,3.28217391304348,-0.1501013091125955,11,6,0.574931598776559
2025-10-08,ILI incidence,2025-10-12,2,NO,ItaLuxColab,EpiEKF,WIS,3.8312525441092,-0.3732657507487467,11,8,0.49680704530321673
2025-10-08,ILI incidence,2025-10-12,2,NO,ItaLuxColab,EpiNetEKF,WIS,3.47832565476053,-0.23384263378429423,11,7,0.5470225410066005
2025-10-08,ILI incidence,2025-10-12,2,NO,MRC_GIDA,Prophet,WIS,7.32293499490203,-1.307871613146791,11,11,0.0
2025-10-08,ILI incidence,2025-10-12,2,NO,NotreDame,Rt_cocirc,WIS,6.80704347826087,-1.2024779485450787,11,10,0.07340259135572141
2025-10-08,ILI incidence,2025-10-12,2,NO,QMUL,ARIMA,WIS,3.96762946280811,-0.42372692256160993,11,9,0.47740292852536415
2025-10-08,ILI incidence,2025-10-12,2,NO,respicast,hubEnsemble,WIS,3.06495628046696,-0.05131611892782322,11,4,0.6058379746423247
2025-10-08,ILI incidence,2025-10-12,2,NO,respicast,quantileBaseline,WIS,2.95785304347826,0.0,11,3,0.6210769442395411
2025-10-08,ILI incidence,2025-10-12,2,NO,safinea,PRFM,WIS,2.14129823707183,0.46606462976599283,11,2,0.7372588096914827
2025-10-08,ILI incidence,2025-10-12,2,PL,ECDC,SARIMA,WIS,19.2227952637492,0.10629815411797369,14,5,0.9495740372282945
2025-10-08,ILI incidence,2025-10-12,2,PL,ECDC,soca_simplex,WIS,22.8909181931094,-0.14565903941549546,14,8,0.9271640423268468
2025-10-08,ILI incidence,2025-10-12,2,PL,ISI,FluBcast,WIS,31.044347826087,-0.5852143305887749,14,9,0.8773515578427975
2025-10-08,ILI incidence,2025-10-12,2,PL,ItaLuxColab,EpiEKF,WIS,36.6961315837959,-0.8265116921550039,14,11,0.8428226045788368
2025-10-08,ILI incidence,2025-10-12,2,PL,ItaLuxColab,EpiNetEKF,WIS,22.546674825309,-0.12379838751846009,14,7,0.9292671594431016
2025-10-08,ILI incidence,2025-10-12,2,PL,MRC_GIDA,NBEATS,WIS,174.65140265077,-3.077290030604217,14,14,0.0
2025-10-08,ILI incidence,2025-10-12,2,PL,MRC_GIDA,NHiTS,WIS,161.987995986367,-2.968698708437805,14,13,0.07736569472979135
2025-10-08,ILI incidence,2025-10-12,2,PL,MRC_GIDA,Prophet,WIS,18.8591281045082,0.1338533146996459,14,4,0.9517958218689297
2025-10-08,ILI incidence,2025-10-12,2,PL,MRC_GIDA,TiDE,WIS,121.528843167866,-2.5541105592519755,14,12,0.3245464533467455
2025-10-08,ILI incidence,2025-10-12,2,PL,NotreDame,Rt_cocirc,WIS,10.96895,0.9156908628277868,14,1,1.0
2025-10-08,ILI incidence,2025-10-12,2,PL,QMUL,ARIMA,WIS,13.3558822270899,0.6316410167508839,14,2,0.9854172992374289
2025-10-08,ILI incidence,2025-10-12,2,PL,respicast,hubEnsemble,WIS,16.9127414964315,0.2910057590159414,14,3,0.9636870574690553
2025-10-08,ILI incidence,2025-10-12,2,PL,respicast,quantileBaseline,WIS,20.6926195652174,0.0,14,6,0.9405943067949767
2025-10-08,ILI incidence,2025-10-12,2,PL,safinea,PRFM,WIS,35.8811244363145,-0.7941088083311733,14,10,0.8478018013973271
2025-10-08,ILI incidence,2025-10-12,2,RO,ECDC,soca_simplex,WIS,0.397157594670322,1.2881114820389619,7,2,0.9723051906283301
2025-10-08,ILI incidence,2025-10-12,2,RO,ItaLuxColab,EpiEKF,WIS,0.770923518965185,0.3312353318792106,7,5,0.8971572986180202
2025-10-08,ILI incidence,2025-10-12,2,RO,ItaLuxColab,EpiNetEKF,WIS,0.746603063731727,0.3774816447831448,7,4,0.9020470727379415
2025-10-08,ILI incidence,2025-10-12,2,RO,NotreDame,Rt_cocirc,WIS,0.259410869565217,1.9025841424568988,7,1,1.0
2025-10-08,ILI incidence,2025-10-12,2,RO,respicast,hubEnsemble,WIS,0.607038231700557,0.6760356923199218,7,3,0.9301074234660123
2025-10-08,ILI incidence,2025-10-12,2,RO,respicast,quantileBaseline,WIS,0.969891304347826,0.0,7,6,0.8571536260583206
2025-10-08,ILI incidence,2025-10-12,2,RO,safinea,PRFM,WIS,5.23314884539007,-2.4317843150813205,7,7,0.0
2025-10-08,ILI incidence,2025-10-12,2,SI,ECDC,SARIMA,WIS,3.63531766554614,-0.9719396504018517,12,9,0.6699387603719175
2025-10-08,ILI incidence,2025-10-12,2,SI,ItaLuxColab,EpiEKF,WIS,1.91600115744232,-0.047956646092533826,12,7,0.8336537692474015
2025-10-08,ILI incidence,2025-10-12,2,SI,ItaLuxColab,EpiNetEKF,WIS,1.65249464090586,0.16549619346999603,12,4,0.8587451189146551
2025-10-08,ILI incidence,2025-10-12,2,SI,MRC_GIDA,NBEATS,WIS,0.169051854759187,3.454604036486258,12,1,1.0
2025-10-08,ILI incidence,2025-10-12,2,SI,MRC_GIDA,NHiTS,WIS,0.207328233076732,3.1601532914927146,12,2,0.9963552856112053
2025-10-08,ILI incidence,2025-10-12,2,SI,MRC_GIDA,Prophet,WIS,10.6709387612399,-2.5254734092520708,12,12,0.0
2025-10-08,ILI incidence,2025-10-12,2,SI,MRC_GIDA,TiDE,WIS,5.52186836582706,-1.5750147098557743,12,11,0.4902995472399678
2025-10-08,ILI incidence,2025-10-12,2,SI,NotreDame,Rt_cocirc,WIS,2.80703695652174,-0.5989062715186607,12,8,0.748808464111849
2025-10-08,ILI incidence,2025-10-12,2,SI,QMUL,ARIMA,WIS,5.38368596595053,-1.5384524725200641,12,10,0.5034574112606951
2025-10-08,ILI incidence,2025-10-12,2,SI,respicast,hubEnsemble,WIS,1.8549280019578,-0.0012214039900056307,12,6,0.8394692151790114
2025-10-08,ILI incidence,2025-10-12,2,SI,respicast,quantileBaseline,WIS,1.85335826086956,0.0,12,5,0.8396186874692977
2025-10-08,ILI incidence,2025-10-12,2,SI,safinea,PRFM,WIS,0.81363957438599,1.187680029651186,12,3,0.9386217233753462
2025-10-08,ILI incidence,2025-10-19,3,AT,NotreDame,Rt_cocirc,WIS,206.899304347826,1.5651829617505602,3,1,1.0
2025-10-08,ILI incidence,2025-10-19,3,AT,respicast,hubEnsemble,WIS,206.899304347826,1.5651829617505602,3,1,1.0
2025-10-08,ILI incidence,2025-10-19,3,AT,respicast,quantileBaseline,WIS,612.246132826087,0.0,3,3,0.0
2025-10-08,ILI incidence,2025-10-19,3,BE,ECDC,SARIMA,WIS,32.4990065453088,-0.206802634991225,14,12,0.28071874056259544
2025-10-08,ILI incidence,2025-10-19,3,BE,ECDC,soca_simplex,WIS,43.6139055190344,-0.6311952036224835,14,14,0.0
2025-10-08,ILI incidence,2025-10-19,3,BE,ISI,FluBcast,WIS,22.1708695652174,0.34492762705203917,14,7,0.5415669598997984
2025-10-08,ILI incidence,2025-10-19,3,BE,ItaLuxColab,EpiEKF,WIS,28.082361276205,0.003928734151381025,14,10,0.39226587206468105
2025-10-08,ILI incidence,2025-10-19,3,BE,ItaLuxColab,EpiNetEKF,WIS,19.3968440687232,0.5377710422022477,14,5,0.6116279604995511
2025-10-08,ILI incidence,2025-10-19,3,BE,MRC_GIDA,NBEATS,WIS,32.5085653347524,-0.20722690612850145,14,13,0.28047732304361916
2025-10-08,ILI incidence,2025-10-19,3,BE,MRC_GIDA,NHiTS,WIS,12.1400528497901,1.2138182802587107,14,2,0.7949060358396981
2025-10-08,ILI incidence,2025-10-19,3,BE,MRC_GIDA,Prophet,WIS,26.667118424052,0.07853104278242752,14,9,0.4280093540329602
2025-10-08,ILI incidence,2025-10-19,3,BE,MRC_GIDA,TiDE,WIS,25.8670850918198,0.12247549353997604,14,8,0.4482150572033815
2025-10-08,ILI incidence,2025-10-19,3,BE,NotreDame,Rt_cocirc,WIS,4.01947391304348,2.808514389999768,14,1,1.0
2025-10-08,ILI incidence,2025-10-19,3,BE,QMUL,ARIMA,WIS,16.6981505788251,0.7539046580639879,14,3,0.6797863701656662
2025-10-08,ILI incidence,2025-10-19,3,BE,respicast,hubEnsemble,WIS,17.6301610454512,0.6755473291687092,14,4,0.6562474423714589
2025-10-08,ILI incidence,2025-10-19,3,BE,respicast,quantileBaseline,WIS,28.1589391304348,0.0,14,11,0.3903318159076983
2025-10-08,ILI incidence,2025-10-19,3,BE,safinea,PRFM,WIS,20.6673340967825,0.4462406765390202,14,6,0.5795403669535166
2025-10-08,ILI incidence,2025-10-19,3,CZ,ECDC,SARIMA,WIS,6.17288735341576,-0.7818917325231267,14,11,0.34858982076931566
2025-10-08,ILI incidence,2025-10-19,3,CZ,ECDC,soca_simplex,WIS,4.7523085587905,-0.40457477885095905,14,8,0.5112465588893774
2025-10-08,ILI incidence,2025-10-19,3,CZ,ISI,FluBcast,WIS,5.83217391304348,-0.6999800089772595,14,9,0.38760162149047067
2025-10-08,ILI incidence,2025-10-19,3,CZ,ItaLuxColab,EpiEKF,WIS,6.05476967678833,-0.7540183489923196,14,10,0.36211433350118866
2025-10-08,ILI incidence,2025-10-19,3,CZ,ItaLuxColab,EpiNetEKF,WIS,6.28091260421548,-0.8069204631858061,14,12,0.33622089410635
2025-10-08,ILI incidence,2025-10-19,3,CZ,MRC_GIDA,NBEATS,WIS,1.71883933689394,1.0626190321734776,14,3,0.8585797801708172
2025-10-08,ILI incidence,2025-10-19,3,CZ,MRC_GIDA,NHiTS,WIS,0.483731786216939,2.8917744858031424,14,1,1.0
2025-10-08,ILI incidence,2025-10-19,3,CZ,MRC_GIDA,Prophet,WIS,9.21733121187792,-1.3602953609683819,14,14,0.0
2025-10-08,ILI incidence,2025-10-19,3,CZ,MRC_GIDA,TiDE,WIS,2.703212372427,0.4093788731550495,14,5,0.7458687445992996
2025-10-08,ILI incidence,2025-10-19,3,CZ,NotreDame,Rt_cocirc,WIS,2.41652173913043,0.5711217585369476,14,4,0.778694916183746
2025-10-08,ILI incidence,2025-10-19,3,CZ,QMUL,ARIMA,WIS,7.16658676627598,-0.9972324375347089,14,13,0.23481091193356787
2025-10-08,ILI incidence,2025-10-19,3,CZ,respicast,hubEnsemble,WIS,3.28347927146476,0.12882838434030566,14,6,0.6794279942561107
2025-10-08,ILI incidence,2025-10-19,3,CZ,respicast,quantileBaseline,WIS,3.59017391304348,0.0,14,7,0.6443113571594294
2025-10-08,ILI incidence,2025-10-19,3,CZ,safinea,PRFM,WIS,1.61379631245531,1.1535952335594357,14,2,0.8706072409368781
2025-10-08,ILI incidence,2025-10-19,3,EE,ECDC,SARIMA,WIS,16.5331690247335,0.2026008742296279,14,4,0.8019328083048937
2025-10-08,ILI incidence,2025-10-19,3,EE,ECDC,soca_simplex,WIS,20.7324947595737,-0.12392957115611672,14,7,0.7163570162861295
2025-10-08,ILI incidence,2025-10-19,3,EE,ISI,FluBcast,WIS,27.8913043478261,-0.551851247628318,14,9,0.5704715005845153
2025-10-08,ILI incidence,2025-10-19,3,EE,ItaLuxColab,EpiEKF,WIS,44.2463540460743,-1.2175944237327203,14,12,0.23718077254645817
2025-10-08,ILI incidence,2025-10-19,3,EE,ItaLuxColab,EpiNetEKF,WIS,33.8486981240569,-0.8311361899543015,14,11,0.4490689890958448
2025-10-08,ILI incidence,2025-10-19,3,EE,MRC_GIDA,NBEATS,WIS,55.885151636697,-1.554500861691789,14,14,0.0
2025-10-08,ILI incidence,2025-10-19,3,EE,MRC_GIDA,NHiTS,WIS,30.7951514575171,-0.6947390671685085,14,10,0.5112955680648003
2025-10-08,ILI incidence,2025-10-19,3,EE,MRC_GIDA,Prophet,WIS,15.2389534739665,0.3202003265046806,14,2,0.8283069282930162
2025-10-08,ILI incidence,2025-10-19,3,EE,MRC_GIDA,TiDE,WIS,47.4733936549429,-1.3191550285812133,14,13,0.17141867457113588
2025-10-08,ILI incidence,2025-10-19,3,EE,NotreDame,Rt_cocirc,WIS,6.81373043478261,1.4814473788299511,14,1,1.0
2025-10-08,ILI incidence,2025-10-19,3,EE,QMUL,ARIMA,WIS,15.5615235513287,0.2899808421861789,14,3,0.8217334468355522
2025-10-08,ILI incidence,2025-10-19,3,EE,respicast,hubEnsemble,WIS,17.3226622291424,0.1353034891757186,14,5,0.7858441525237544
2025-10-08,ILI incidence,2025-10-19,3,EE,respicast,quantileBaseline,WIS,19.025892826087,0.0,14,6,0.7511349357285791
2025-10-08,ILI incidence,2025-10-19,3,EE,safinea,PRFM,WIS,25.5176651762863,-0.4235321744395678,14,8,0.618842611781254
2025-10-08,ILI incidence,2025-10-19,3,ES,ECDC,SARIMA,WIS,3.51723610876829,0.012369693764582208,9,7,0.3115167184269946
2025-10-08,ILI incidence,2025-10-19,3,ES,ECDC,soca_simplex,WIS,1.99112756213627,0.8332262280716854,9,1,1.0
2025-10-08,ILI incidence,2025-10-19,3,ES,ISI,FluBcast,WIS,2.28608695652174,0.6339315979601684,9,2,0.8669330486186834
2025-10-08,ILI incidence,2025-10-19,3,ES,ItaLuxColab,EpiEKF,WIS,4.2077515346825,-0.2462376380832149,9,9,0.0
2025-10-08,ILI incidence,2025-10-19,3,ES,ItaLuxColab,EpiNetEKF,WIS,2.36037567493276,0.5877953830452264,9,3,0.8334186955614599
2025-10-08,ILI incidence,2025-10-19,3,ES,QMUL,ARIMA,WIS,3.02257103386864,0.23103563389381152,9,5,0.534678193276258
2025-10-08,ILI incidence,2025-10-19,3,ES,respicast,hubEnsemble,WIS,2.52294935366057,0.491700633175869,9,4,0.7600757737391979
2025-10-08,ILI incidence,2025-10-19,3,ES,respicast,quantileBaseline,WIS,3.54752260869565,0.0,9,8,0.2978533725900504
2025-10-08,ILI incidence,2025-10-19,3,ES,safinea,PRFM,WIS,3.0881370388065,0.200075103854276,9,6,0.5050989747214102
2025-10-08,ILI incidence,2025-10-19,3,FI,ECDC,SARIMA,WIS,3.75409788666821,-0.7822535604040158,10,6,0.9327351498803916
2025-10-08,ILI incidence,2025-10-19,3,FI,ECDC,soca_simplex,WIS,38.7969705845876,-4.151659392590006,10,10,0.0
2025-10-08,ILI incidence,2025-10-19,3,FI,ISI,FluBcast,WIS,1.22695652173913,0.8311285812117235,10,1,1.0
2025-10-08,ILI incidence,2025-10-19,3,FI,ItaLuxColab,EpiEKF,WIS,2.58955992836737,-0.24649423815630517,10,4,0.9637316237266021
2025-10-08,ILI incidence,2025-10-19,3,FI,ItaLuxColab,EpiNetEKF,WIS,1.88664196637978,0.21039204356421778,10,2,0.9824411712080517
2025-10-08,ILI incidence,2025-10-19,3,FI,MRC_GIDA,Prophet,WIS,6.7301428858204,-1.624424426646787,10,8,0.8535218444455374
2025-10-08,ILI incidence,2025-10-19,3,FI,QMUL,ARIMA,WIS,3.98179096852116,-0.8672047781254962,10,7,0.9266746495709679
2025-10-08,ILI incidence,2025-10-19,3,FI,respicast,hubEnsemble,WIS,3.5259082383158,-0.6917822210627588,10,5,0.9388088672862646
2025-10-08,ILI incidence,2025-10-19,3,FI,respicast,quantileBaseline,WIS,2.18284956521739,0.0,10,3,0.9745570219409766
2025-10-08,ILI incidence,2025-10-19,3,FI,safinea,PRFM,WIS,14.4381496272684,-2.725601247236475,10,9,0.6483580473664686
2025-10-08,ILI incidence,2025-10-19,3,FR,NotreDame,Rt_cocirc,WIS,97.6763304347826,-1.3440728064459964,3,2,0.0
2025-10-08,ILI incidence,2025-10-19,3,FR,respicast,hubEnsemble,WIS,97.6763304347826,-1.3440728064459964,3,2,0.0
2025-10-08,ILI incidence,2025-10-19,3,FR,respicast,quantileBaseline,WIS,38.4753965217391,0.0,3,1,1.0
2025-10-08,ILI incidence,2025-10-19,3,GR,ECDC,SARIMA,WIS,156.37511663639,0.06204070453537549,14,8,0.685064586277883
2025-10-08,ILI incidence,2025-10-19,3,GR,ECDC,soca_simplex,WIS,195.343934865787,-0.2589647977164146,14,10,0.5664245949596635
2025-10-08,ILI incidence,2025-10-19,3,GR,ISI,FluBcast,WIS,78.5973913043478,1.0544983305405882,14,2,0.9218577218516827
2025-10-08,ILI incidence,2025-10-19,3,GR,ItaLuxColab,EpiEKF,WIS,101.968845038373,0.678923238040175,14,5,0.8507036762818019
2025-10-08,ILI incidence,2025-10-19,3,GR,ItaLuxColab,EpiNetEKF,WIS,97.0279697862183,0.750579073871194,14,4,0.8657460979834134
2025-10-08,ILI incidence,2025-10-19,3,GR,MRC_GIDA,NBEATS,WIS,381.393317004044,-1.2242278991309614,14,14,0.0
2025-10-08,ILI incidence,2025-10-19,3,GR,MRC_GIDA,NHiTS,WIS,356.897131638382,-1.1284566415789175,14,13,0.07457827440400178
2025-10-08,ILI incidence,2025-10-19,3,GR,MRC_GIDA,Prophet,WIS,52.9305634551695,1.6248787480880065,14,1,1.0
2025-10-08,ILI incidence,2025-10-19,3,GR,MRC_GIDA,TiDE,WIS,348.651190894663,-1.094732744476719,14,12,0.09968291916090583
2025-10-08,ILI incidence,2025-10-19,3,GR,NotreDame,Rt_cocirc,WIS,269.788395652174,-0.7247766303041387,14,11,0.3397795340446825
2025-10-08,ILI incidence,2025-10-19,3,GR,QMUL,ARIMA,WIS,91.5398444237242,0.834579919872813,14,3,0.8824546145600957
2025-10-08,ILI incidence,2025-10-19,3,GR,respicast,hubEnsemble,WIS,140.895976538712,0.21242125072816354,14,6,0.7321905995942597
2025-10-08,ILI incidence,2025-10-19,3,GR,respicast,quantileBaseline,WIS,163.246455217391,0.0,14,9,0.6641448974950313
2025-10-08,ILI incidence,2025-10-19,3,GR,safinea,PRFM,WIS,148.303604759372,0.13849799973902818,14,7,0.709638184927378
2025-10-08,ILI incidence,2025-10-19,3,HR,ECDC,soca_simplex,WIS,0.41005545591858,2.361076081981411,8,2,0.9982690134529673
2025-10-08,ILI incidence,2025-10-19,3,HR,ISI,FluBcast,WIS,0.405217391304348,2.378199021339967,8,1,1.0
2025-10-08,ILI incidence,2025-10-19,3,HR,ItaLuxColab,EpiEKF,WIS,1.913401331858,0.13882751252391745,8,6,0.4603945338246399
2025-10-08,ILI incidence,2025-10-19,3,HR,ItaLuxColab,EpiNetEKF,WIS,0.972906810033475,1.1145934921002785,8,5,0.7968892883690983
2025-10-08,ILI incidence,2025-10-19,3,HR,NotreDame,Rt_cocirc,WIS,0.679402173913044,1.6326292805705414,8,4,0.9019008202782995
2025-10-08,ILI incidence,2025-10-19,3,HR,respicast,hubEnsemble,WIS,0.657785039063442,1.679278919759555,8,3,0.9096351050788744
2025-10-08,ILI incidence,2025-10-19,3,HR,respicast,quantileBaseline,WIS,2.10667391304348,0.0,8,7,0.391244519383284
2025-10-08,ILI incidence,2025-10-19,3,HR,safinea,PRFM,WIS,3.2001926743448,-0.6031917480606548,8,8,0.0
2025-10-08,ILI incidence,2025-10-19,3,HU,NotreDame,Rt_cocirc,WIS,200.782515217391,-1.0541274270685392,3,2,0.0
2025-10-08,ILI incidence,2025-10-19,3,HU,respicast,hubEnsemble,WIS,200.782515217391,-1.0541274270685392,3,2,0.0
2025-10-08,ILI incidence,2025-10-19,3,HU,respicast,quantileBaseline,WIS,96.6945319565218,0.0,3,1,1.0
2025-10-08,ILI incidence,2025-10-19,3,IE,ECDC,SARIMA,WIS,2.73179852291475,-0.32363895186330605,14,9,0.5646896647598737
2025-10-08,ILI incidence,2025-10-19,3,IE,ECDC,soca_simplex,WIS,1.43012249870535,0.6100734053449992,14,3,0.896717844362405
2025-10-08,ILI incidence,2025-10-19,3,IE,ISI,FluBcast,WIS,1.02521739130435,1.0902822761136293,14,1,1.0
2025-10-08,ILI incidence,2025-10-19,3,IE,ItaLuxColab,EpiEKF,WIS,2.00486738357854,0.12270532370428128,14,7,0.7501133941681124
2025-10-08,ILI incidence,2025-10-19,3,IE,ItaLuxColab,EpiNetEKF,WIS,1.27829879175907,0.7719870395384403,14,2,0.9354446458862317
2025-10-08,ILI incidence,2025-10-19,3,IE,MRC_GIDA,NBEATS,WIS,4.9455955524822,-1.1799321286484672,14,14,0.0
2025-10-08,ILI incidence,2025-10-19,3,IE,MRC_GIDA,NHiTS,WIS,2.92353749541883,-0.4215029612562286,14,13,0.5157813797370653
2025-10-08,ILI incidence,2025-10-19,3,IE,MRC_GIDA,Prophet,WIS,1.78027034253845,0.29411579531452037,14,5,0.8074030309853453
2025-10-08,ILI incidence,2025-10-19,3,IE,MRC_GIDA,TiDE,WIS,2.80817478453398,-0.3634206004338158,14,10,0.5452078039599239
2025-10-08,ILI incidence,2025-10-19,3,IE,NotreDame,Rt_cocirc,WIS,2.92131304347826,-0.42040483020328095,14,12,0.5163487872291787
2025-10-08,ILI incidence,2025-10-19,3,IE,QMUL,ARIMA,WIS,1.83769202369817,0.24831712567302808,14,6,0.7927560559235138
2025-10-08,ILI incidence,2025-10-19,3,IE,respicast,hubEnsemble,WIS,1.52432508588996,0.5180415205964176,14,4,0.8726888901871506
2025-10-08,ILI incidence,2025-10-19,3,IE,respicast,quantileBaseline,WIS,2.18284869565217,0.0,14,8,0.704714377859911
2025-10-08,ILI incidence,2025-10-19,3,IE,safinea,PRFM,WIS,2.84947624562583,-0.3844846325848373,14,11,0.5346727332616826
2025-10-08,ILI incidence,2025-10-19,3,IS,ECDC,SARIMA,WIS,1.37286502145024,-0.3994306289768177,10,8,0.48661827698316823
2025-10-08,ILI incidence,2025-10-19,3,IS,ECDC,soca_simplex,WIS,1.13629205144539,-0.12657452677125328,10,5,0.7131050204792165
2025-10-08,ILI incidence,2025-10-19,3,IS,ISI,FluBcast,WIS,1.00478260869565,0.05087576068584501,10,3,0.8390075926401781
2025-10-08,ILI incidence,2025-10-19,3,IS,ItaLuxColab,EpiEKF,WIS,1.52962617395686,-0.5554199557692723,10,9,0.3365405950857653
2025-10-08,ILI incidence,2025-10-19,3,IS,ItaLuxColab,EpiNetEKF,WIS,0.836620660806597,0.31511362764101236,10,1,1.0
2025-10-08,ILI incidence,2025-10-19,3,IS,MRC_GIDA,Prophet,WIS,1.88115406860394,-0.8538588527017169,10,10,0.0
2025-10-08,ILI incidence,2025-10-19,3,IS,QMUL,ARIMA,WIS,1.31866377911637,-0.341317606909248,10,7,0.5385086635703878
2025-10-08,ILI incidence,2025-10-19,3,IS,respicast,hubEnsemble,WIS,0.98947240995463,0.07302777389595384,10,2,0.8536650450746629
2025-10-08,ILI incidence,2025-10-19,3,IS,respicast,quantileBaseline,WIS,1.04084782608696,0.0,10,4,0.8044800063302653
2025-10-08,ILI incidence,2025-10-19,3,IS,safinea,PRFM,WIS,1.18328119715134,-0.18503379984070775,10,6,0.6681192446723535
2025-10-08,ILI incidence,2025-10-19,3,LT,ECDC,SARIMA,WIS,6.425583555062,-0.6280879842060355,14,12,0.7040408869402511
2025-10-08,ILI incidence,2025-10-19,3,LT,ECDC,soca_simplex,WIS,1.10405968118718,1.9129213371974116,14,2,0.9762407649780223
2025-10-08,ILI incidence,2025-10-19,3,LT,ISI,FluBcast,WIS,0.639565217391304,2.7005761125005225,14,1,1.0
2025-10-08,ILI incidence,2025-10-19,3,LT,ItaLuxColab,EpiEKF,WIS,5.14378577178098,-0.3070910606782694,14,11,0.7696057906309165
2025-10-08,ILI incidence,2025-10-19,3,LT,ItaLuxColab,EpiNetEKF,WIS,2.73560952483492,0.6038771802681807,14,6,0.8927857849799552
2025-10-08,ILI incidence,2025-10-19,3,LT,MRC_GIDA,NBEATS,WIS,3.45741856622948,0.2660442264409618,14,7,0.8558647191930049
2025-10-08,ILI incidence,2025-10-19,3,LT,MRC_GIDA,NHiTS,WIS,1.36877083640973,1.602858571305742,14,3,0.9627005938025146
2025-10-08,ILI incidence,2025-10-19,3,LT,MRC_GIDA,Prophet,WIS,20.1896249464276,-2.279802707585848,14,14,0.0
2025-10-08,ILI incidence,2025-10-19,3,LT,MRC_GIDA,TiDE,WIS,4.08250955462575,0.026283235677353183,14,9,0.8238908532785253
2025-10-08,ILI incidence,2025-10-19,3,LT,NotreDame,Rt_cocirc,WIS,2.73202826086957,0.6057670905747101,14,5,0.8929689692778544
2025-10-08,ILI incidence,2025-10-19,3,LT,QMUL,ARIMA,WIS,7.14113786934598,-0.7804144737634606,14,13,0.6674397550664074
2025-10-08,ILI incidence,2025-10-19,3,LT,respicast,hubEnsemble,WIS,2.153629351839,0.9489695202215879,14,4,0.9225545008336232
2025-10-08,ILI incidence,2025-10-19,3,LT,respicast,quantileBaseline,WIS,4.15756695652174,0.0,14,10,0.8200516117142393
2025-10-08,ILI incidence,2025-10-19,3,LT,safinea,PRFM,WIS,3.54814894607035,0.22867292479908558,14,8,0.8512237932266195
2025-10-08,ILI incidence,2025-10-19,3,LU,ECDC,SARIMA,WIS,678.533386731619,0.20815379681997312,14,6,0.7566162850835957
2025-10-08,ILI incidence,2025-10-19,3,LU,ECDC,soca_simplex,WIS,689.21581001979,0.18561780481935786,14,8,0.7520698176811157
2025-10-08,ILI incidence,2025-10-19,3,LU,ISI,FluBcast,WIS,414.395652173913,0.9195647345560638,14,4,0.8690339985120962
2025-10-08,ILI incidence,2025-10-19,3,LU,ItaLuxColab,EpiEKF,WIS,919.30887679241,-0.2299760703013973,14,12,0.6541416042600294
2025-10-08,ILI incidence,2025-10-19,3,LU,ItaLuxColab,EpiNetEKF,WIS,2456.28624592455,-1.6478331904411636,14,14,0.0
2025-10-08,ILI incidence,2025-10-19,3,LU,MRC_GIDA,NBEATS,WIS,726.051054634588,0.11050260138049701,14,9,0.7363926408471846
2025-10-08,ILI incidence,2025-10-19,3,LU,MRC_GIDA,NHiTS,WIS,861.815679769919,-0.13680574595645817,14,11,0.6786108598845063
2025-10-08,ILI incidence,2025-10-19,3,LU,MRC_GIDA,Prophet,WIS,1090.20444994539,-0.4759532080809949,14,13,0.5814079995704886
2025-10-08,ILI incidence,2025-10-19,3,LU,MRC_GIDA,TiDE,WIS,408.648772652349,0.9397121994612397,14,3,0.8714798855272367
2025-10-08,ILI incidence,2025-10-19,3,LU,NotreDame,Rt_cocirc,WIS,106.676682608696,2.8773287346372083,14,1,1.0
2025-10-08,ILI incidence,2025-10-19,3,LU,QMUL,ARIMA,WIS,687.799716184839,0.1885850804011319,14,7,0.7526725109357995
2025-10-08,ILI incidence,2025-10-19,3,LU,respicast,hubEnsemble,WIS,329.627179532226,1.249738395564858,14,2,0.9051116830624003
2025-10-08,ILI incidence,2025-10-19,3,LU,respicast,quantileBaseline,WIS,783.847826086958,0.0,14,10,0.7117941831481935
2025-10-08,ILI incidence,2025-10-19,3,LU,safinea,PRFM,WIS,450.113808070043,0.8002837782194344,14,5,0.8538322575701998
2025-10-08,ILI incidence,2025-10-19,3,LV,NotreDame,Rt_cocirc,WIS,4.3,3.1030367260655085,3,1,1.0
2025-10-08,ILI incidence,2025-10-19,3,LV,respicast,hubEnsemble,WIS,4.3,3.1030367260655085,3,1,1.0
2025-10-08,ILI incidence,2025-10-19,3,LV,respicast,quantileBaseline,WIS,36.9466943478261,0.0,3,3,0.0
2025-10-08,ILI incidence,2025-10-19,3,MT,ECDC,SARIMA,WIS,5968.21261734335,-0.327022498649218,10,7,0.585313268581936
2025-10-08,ILI incidence,2025-10-19,3,MT,ECDC,soca_simplex,WIS,5492.30924323412,-0.20713642457666606,10,4,0.7483494346649943
2025-10-08,ILI incidence,2025-10-19,3,MT,ItaLuxColab,EpiEKF,WIS,4770.87021190734,-0.003976005560729352,10,2,0.9955018192227831
2025-10-08,ILI incidence,2025-10-19,3,MT,ItaLuxColab,EpiNetEKF,WIS,5324.15002231003,-0.16227478983835852,10,3,0.8059578404097391
2025-10-08,ILI incidence,2025-10-19,3,MT,MRC_GIDA,Prophet,WIS,7676.74493947326,-0.6902182814105983,10,10,0.0
2025-10-08,ILI incidence,2025-10-19,3,MT,NotreDame,Rt_cocirc,WIS,5762.71716304348,-0.2764727794746624,10,5,0.6557124143733619
2025-10-08,ILI incidence,2025-10-19,3,MT,QMUL,ARIMA,WIS,6891.61035134496,-0.534564700703522,10,9,0.2689733674345818
2025-10-08,ILI incidence,2025-10-19,3,MT,respicast,hubEnsemble,WIS,6129.34388982302,-0.3654562163563036,10,8,0.5301125149618526
2025-10-08,ILI incidence,2025-10-19,3,MT,respicast,quantileBaseline,WIS,4757.74,0.0,10,1,1.0
2025-10-08,ILI incidence,2025-10-19,3,MT,safinea,PRFM,WIS,5933.10563340258,-0.3185110350494739,10,6,0.597340306791438
2025-10-08,ILI incidence,2025-10-19,3,NL,ECDC,SARIMA,WIS,2.80777686394073,0.17398811512603968,14,7,0.5478373309088359
2025-10-08,ILI incidence,2025-10-19,3,NL,ECDC,soca_simplex,WIS,1.19243499132069,1.409505787183938,14,2,0.8867326580295367
2025-10-08,ILI incidence,2025-10-19,3,NL,ISI,FluBcast,WIS,4.16565217391304,-0.3951259780993404,14,10,0.2629579470693063
2025-10-08,ILI incidence,2025-10-19,3,NL,ItaLuxColab,EpiEKF,WIS,4.22267232786462,-0.4147398975149679,14,11,0.2509952387080412
2025-10-08,ILI incidence,2025-10-19,3,NL,ItaLuxColab,EpiNetEKF,WIS,2.5788635682464,0.29668095224882085,14,6,0.595862858842919
2025-10-08,ILI incidence,2025-10-19,3,NL,MRC_GIDA,NBEATS,WIS,5.3805834893663,-0.7643462288764079,14,13,0.008067912607503032
2025-10-08,ILI incidence,2025-10-19,3,NL,MRC_GIDA,NHiTS,WIS,0.652547109596969,2.2792624396845405,14,1,1.0
2025-10-08,ILI incidence,2025-10-19,3,NL,MRC_GIDA,Prophet,WIS,2.88132467407273,0.13668416756150106,14,8,0.5324071550456501
2025-10-08,ILI incidence,2025-10-19,3,NL,MRC_GIDA,TiDE,WIS,2.07712139709173,0.6088308665331478,14,5,0.701127310972743
2025-10-08,ILI incidence,2025-10-19,3,NL,NotreDame,Rt_cocirc,WIS,5.41903913043478,-0.774620661438417,14,14,0.0
2025-10-08,ILI incidence,2025-10-19,3,NL,QMUL,ARIMA,WIS,1.53866382431745,1.0417383451079907,14,3,0.8140945771341651
2025-10-08,ILI incidence,2025-10-19,3,NL,respicast,hubEnsemble,WIS,1.86562074827111,0.7637606648098104,14,4,0.745499702218967
2025-10-08,ILI incidence,2025-10-19,3,NL,respicast,quantileBaseline,WIS,3.16765760869565,0.0,14,9,0.472335107642413
2025-10-08,ILI incidence,2025-10-19,3,NL,safinea,PRFM,WIS,4.78224000810751,-0.5942701336489811,14,12,0.1335991164032913
2025-10-08,ILI incidence,2025-10-19,3,NO,ECDC,SARIMA,WIS,3.90974889611227,0.12661707564545016,11,4,0.5835643170944299
2025-10-08,ILI incidence,2025-10-19,3,NO,ECDC,soca_simplex,WIS,1.12495816639439,1.9238216757532545,11,1,1.0
2025-10-08,ILI incidence,2025-10-19,3,NO,ISI,FluBcast,WIS,4.55652173913043,-0.09423992162640672,11,7,0.48684635272720067
2025-10-08,ILI incidence,2025-10-19,3,NO,ItaLuxColab,EpiEKF,WIS,5.24582465868147,-0.29747655746232426,11,9,0.38376847008101667
2025-10-08,ILI incidence,2025-10-19,3,NO,ItaLuxColab,EpiNetEKF,WIS,4.53988816300937,-0.0889637291973021,11,6,0.48933372621534676
2025-10-08,ILI incidence,2025-10-19,3,NO,MRC_GIDA,Prophet,WIS,7.66017392345845,-0.843684119797461,11,10,0.022728348063726332
2025-10-08,ILI incidence,2025-10-19,3,NO,NotreDame,Rt_cocirc,WIS,7.81216304347826,-0.8720290302891337,11,11,0.0
2025-10-08,ILI incidence,2025-10-19,3,NO,QMUL,ARIMA,WIS,4.62167033222054,-0.11472132581226413,11,8,0.47710407709970115
2025-10-08,ILI incidence,2025-10-19,3,NO,respicast,hubEnsemble,WIS,3.84208977432562,0.15180179953605033,11,3,0.5936820154497635
2025-10-08,ILI incidence,2025-10-19,3,NO,respicast,quantileBaseline,WIS,4.26839304347826,0.0,11,5,0.5299329189306001
2025-10-08,ILI incidence,2025-10-19,3,NO,safinea,PRFM,WIS,1.93663054420453,1.1401442752747166,11,2,0.8786230730582774
2025-10-08,ILI incidence,2025-10-19,3,PL,ECDC,SARIMA,WIS,22.9284568036342,-0.16014623318900365,14,8,0.7932985919446714
2025-10-08,ILI incidence,2025-10-19,3,PL,ECDC,soca_simplex,WIS,13.924828805464,0.5593334337199105,14,2,0.9772378536632881
2025-10-08,ILI incidence,2025-10-19,3,PL,ISI,FluBcast,WIS,61.7595652173913,-1.5896695715565132,14,14,0.0
2025-10-08,ILI incidence,2025-10-19,3,PL,ItaLuxColab,EpiEKF,WIS,55.4756136024083,-1.4348606951904632,14,13,0.12837774072522612
2025-10-08,ILI incidence,2025-10-19,3,PL,ItaLuxColab,EpiNetEKF,WIS,30.6752951365258,-0.5800841999486267,14,12,0.6350348649342763
2025-10-08,ILI incidence,2025-10-19,3,PL,MRC_GIDA,NBEATS,WIS,17.9188108283902,0.19551812767973728,14,4,0.8956429560549268
2025-10-08,ILI incidence,2025-10-19,3,PL,MRC_GIDA,NHiTS,WIS,15.3162302789699,0.4219317682909585,14,3,0.9488122723484134
2025-10-08,ILI incidence,2025-10-19,3,PL,MRC_GIDA,Prophet,WIS,24.1236208113131,-0.23345343877127023,14,9,0.7688820361685113
2025-10-08,ILI incidence,2025-10-19,3,PL,MRC_GIDA,TiDE,WIS,18.050739367711,0.18493509275763187,14,6,0.8929477271841633
2025-10-08,ILI incidence,2025-10-19,3,PL,NotreDame,Rt_cocirc,WIS,26.5630304347826,-0.37242672085113854,14,10,0.7190462138465031
2025-10-08,ILI incidence,2025-10-19,3,PL,QMUL,ARIMA,WIS,12.8106463512081,0.6796497570493901,14,1,1.0
2025-10-08,ILI incidence,2025-10-19,3,PL,respicast,hubEnsemble,WIS,17.9943204295785,0.18945140590486942,14,5,0.8941003356470129
2025-10-08,ILI incidence,2025-10-19,3,PL,respicast,quantileBaseline,WIS,20.5194636956522,0.0,14,7,0.8425130212677729
2025-10-08,ILI incidence,2025-10-19,3,PL,safinea,PRFM,WIS,26.6226566293724,-0.37566151788129576,14,11,0.7178280828648403
2025-10-08,ILI incidence,2025-10-19,3,RO,ItaLuxColab,EpiEKF,WIS,0.804586744187655,0.41436531534862486,6,4,0.648893851542146
2025-10-08,ILI incidence,2025-10-19,3,RO,ItaLuxColab,EpiNetEKF,WIS,0.615802591295125,0.8001453464154129,6,2,0.7699304088665642
2025-10-08,ILI incidence,2025-10-19,3,RO,NotreDame,Rt_cocirc,WIS,0.25695652173913,2.0610890154333883,6,1,1.0
2025-10-08,ILI incidence,2025-10-19,3,RO,respicast,hubEnsemble,WIS,0.701968248278061,0.6112075092474903,6,3,0.7146863943610228
2025-10-08,ILI incidence,2025-10-19,3,RO,respicast,quantileBaseline,WIS,1.07228260869565,0.0,6,5,0.4772640544771521
2025-10-08,ILI incidence,2025-10-19,3,RO,safinea,PRFM,WIS,1.81668489691528,-0.7606230167602213,6,6,0.0
2025-10-08,ILI incidence,2025-10-19,3,SI,ECDC,SARIMA,WIS,4.52218544608996,-0.3435822193018074,13,11,0.4425295829989537
2025-10-08,ILI incidence,2025-10-19,3,SI,ECDC,soca_simplex,WIS,4.31456636417301,-0.27577763237570935,13,9,0.4710449549777232
2025-10-08,ILI incidence,2025-10-19,3,SI,ItaLuxColab,EpiEKF,WIS,3.33297753729549,0.09662634174423142,13,6,0.605860937546286
2025-10-08,ILI incidence,2025-10-19,3,SI,ItaLuxColab,EpiNetEKF,WIS,2.19763910955623,0.6974834459384819,13,2,0.7617936065951098
2025-10-08,ILI incidence,2025-10-19,3,SI,MRC_GIDA,NBEATS,WIS,4.32092288198699,-0.27790154640592424,13,10,0.47017192120702284
2025-10-08,ILI incidence,2025-10-19,3,SI,MRC_GIDA,NHiTS,WIS,3.181674544997,0.16365166688359903,13,5,0.6266415954080627
2025-10-08,ILI incidence,2025-10-19,3,SI,MRC_GIDA,Prophet,WIS,7.74422252180262,-1.1196824713417466,13,13,0.0
2025-10-08,ILI incidence,2025-10-19,3,SI,MRC_GIDA,TiDE,WIS,2.87879254911047,0.3079741066502629,13,4,0.6682408198080213
2025-10-08,ILI incidence,2025-10-19,3,SI,NotreDame,Rt_cocirc,WIS,0.463269565217391,2.94351412428986,13,1,1.0
2025-10-08,ILI incidence,2025-10-19,3,SI,QMUL,ARIMA,WIS,5.04856601856067,-0.5024357305998172,13,12,0.3702340228422811
2025-10-08,ILI incidence,2025-10-19,3,SI,respicast,hubEnsemble,WIS,2.26974670505619,0.6509066288190797,13,3,0.7518900134899322
2025-10-08,ILI incidence,2025-10-19,3,SI,respicast,quantileBaseline,WIS,3.56385326086956,0.0,13,7,0.5741513900528834
2025-10-08,ILI incidence,2025-10-19,3,SI,safinea,PRFM,WIS,3.89732338315439,-0.12904570897384338,13,8,0.528351049867575
2025-10-08,ILI incidence,2025-10-26,4,AT,NotreDame,Rt_cocirc,WIS,558.753791304348,0.29956899754729727,3,1,1.0
2025-10-08,ILI incidence,2025-10-26,4,AT,respicast,hubEnsemble,WIS,558.753791304348,0.29956899754729727,3,1,1.0
2025-10-08,ILI incidence,2025-10-26,4,AT,respicast,quantileBaseline,WIS,687.701128478261,0.0,3,3,0.0
2025-10-08,ILI incidence,2025-10-26,4,BE,ECDC,SARIMA,WIS,38.7288544346238,-0.44213138842640287,14,8,0.49304037889053376
2025-10-08,ILI incidence,2025-10-26,4,BE,ECDC,soca_simplex,WIS,71.3985140396177,-1.3246166089811366,14,14,0.0
2025-10-08,ILI incidence,2025-10-26,4,BE,ISI,FluBcast,WIS,66.9595652173913,-1.2320127202715205,14,13,0.06699124005723164
2025-10-08,ILI incidence,2025-10-26,4,BE,ItaLuxColab,EpiEKF,WIS,41.3445208748774,-0.536418710987122,14,11,0.45356555153246864
2025-10-08,ILI incidence,2025-10-26,4,BE,ItaLuxColab,EpiNetEKF,WIS,40.5265635991041,-0.507590409068243,14,9,0.4659099092649835
2025-10-08,ILI incidence,2025-10-26,4,BE,MRC_GIDA,NBEATS,WIS,9.34464940704456,1.6090649969190645,14,2,0.9364976954148913
2025-10-08,ILI incidence,2025-10-26,4,BE,MRC_GIDA,NHiTS,WIS,5.13688313930698,2.472312281110253,14,1,1.0
2025-10-08,ILI incidence,2025-10-26,4,BE,MRC_GIDA,Prophet,WIS,26.1739690592488,0.12314472654568377,14,6,0.6825148183932916
2025-10-08,ILI incidence,2025-10-26,4,BE,MRC_GIDA,TiDE,WIS,21.4901821222099,0.4075997307409038,14,4,0.7532010794073853
2025-10-08,ILI incidence,2025-10-26,4,BE,NotreDame,Rt_cocirc,WIS,41.6911065217391,-0.5484622232337766,14,12,0.44833498835204927
2025-10-08,ILI incidence,2025-10-26,4,BE,QMUL,ARIMA,WIS,40.9473468963629,-0.5224925383542002,14,10,0.4595595781375794
2025-10-08,ILI incidence,2025-10-26,4,BE,respicast,hubEnsemble,WIS,25.2860732620182,0.17293442527343839,14,5,0.695914666618676
2025-10-08,ILI incidence,2025-10-26,4,BE,respicast,quantileBaseline,WIS,28.5062336956522,0.0,14,7,0.6473170032367006
2025-10-08,ILI incidence,2025-10-26,4,BE,safinea,PRFM,WIS,16.5750331814277,0.7822656814628046,14,3,0.827378984086142
2025-10-08,ILI incidence,2025-10-26,4,CZ,ECDC,SARIMA,WIS,6.64847003517918,-0.6033012821275351,14,12,0.2299058313065009
2025-10-08,ILI incidence,2025-10-26,4,CZ,ECDC,soca_simplex,WIS,1.49460635344267,1.5499555393995055,14,2,0.9236071102259253
2025-10-08,ILI incidence,2025-10-26,4,CZ,ISI,FluBcast,WIS,5.88565217391304,-0.4274811858346207,14,9,0.3325798170035008
2025-10-08,ILI incidence,2025-10-26,4,CZ,ItaLuxColab,EpiEKF,WIS,7.17524760498527,-0.7133075178803918,14,13,0.1590024670643512
2025-10-08,ILI incidence,2025-10-26,4,CZ,ItaLuxColab,EpiNetEKF,WIS,6.05952600608983,-0.46948384667384535,14,10,0.3091766951516204
2025-10-08,ILI incidence,2025-10-26,4,CZ,MRC_GIDA,NBEATS,WIS,3.42211662407587,0.35483217258438626,14,5,0.6641675087077771
2025-10-08,ILI incidence,2025-10-26,4,CZ,MRC_GIDA,NHiTS,WIS,0.927044274325852,2.239010952909908,14,1,1.0
2025-10-08,ILI incidence,2025-10-26,4,CZ,MRC_GIDA,Prophet,WIS,8.35655873300562,-0.9331878569518476,14,14,0.0
2025-10-08,ILI incidence,2025-10-26,4,CZ,MRC_GIDA,TiDE,WIS,4.63377345226239,-0.08246641217408932,14,8,0.5010805620539532
2025-10-08,ILI incidence,2025-10-26,4,CZ,NotreDame,Rt_cocirc,WIS,1.95386739130435,1.1633885444709184,14,4,0.8617913562603168
2025-10-08,ILI incidence,2025-10-26,4,CZ,QMUL,ARIMA,WIS,6.57513841971118,-0.587300166720831,14,11,0.23977614192718052
2025-10-08,ILI incidence,2025-10-26,4,CZ,respicast,hubEnsemble,WIS,4.21829958331367,0.05305954073568677,14,6,0.5570026376161495
2025-10-08,ILI incidence,2025-10-26,4,CZ,respicast,quantileBaseline,WIS,4.37632869565217,0.0,14,7,0.5357321880844339
2025-10-08,ILI incidence,2025-10-26,4,CZ,safinea,PRFM,WIS,1.79842486393694,1.2829872129568194,14,3,0.8827136558576759
2025-10-08,ILI incidence,2025-10-26,4,ES,ECDC,SARIMA,WIS,4.38075231470717,-0.14371477712950978,9,7,0.4937491564719018
2025-10-08,ILI incidence,2025-10-26,4,ES,ECDC,soca_simplex,WIS,2.6755665092475,0.5676194787576023,9,1,1.0
2025-10-08,ILI incidence,2025-10-26,4,ES,ISI,FluBcast,WIS,4.43478260869565,-0.16139951525033172,9,8,0.47770815858172444
2025-10-08,ILI incidence,2025-10-26,4,ES,ItaLuxColab,EpiEKF,WIS,6.04382915465093,-0.6079990086967136,9,9,0.0
2025-10-08,ILI incidence,2025-10-26,4,ES,ItaLuxColab,EpiNetEKF,WIS,3.35384327797322,0.24164859600563665,9,3,0.7986271142924841
2025-10-08,ILI incidence,2025-10-26,4,ES,QMUL,ARIMA,WIS,3.48992903811329,0.18426616872861162,9,5,0.7582247542432219
2025-10-08,ILI incidence,2025-10-26,4,ES,respicast,hubEnsemble,WIS,3.42256274670774,0.21238687964575798,9,4,0.7782250625616609
2025-10-08,ILI incidence,2025-10-26,4,ES,respicast,quantileBaseline,WIS,3.96539304347826,0.0,9,6,0.6170647392978844
2025-10-08,ILI incidence,2025-10-26,4,ES,safinea,PRFM,WIS,2.98298454304683,0.41070736859526913,9,2,0.9087309790942656
2025-10-08,ILI incidence,2025-10-26,4,FI,ECDC,SARIMA,WIS,4.36019264741055,-0.7536928900885731,10,5,0.9711975061677506
2025-10-08,ILI incidence,2025-10-26,4,FI,ECDC,soca_simplex,WIS,64.1859848722604,-4.633487422254899,10,10,0.0
2025-10-08,ILI incidence,2025-10-26,4,FI,ISI,FluBcast,WIS,3.98478260869565,-0.6238020303415613,10,4,0.9772918223452939
2025-10-08,ILI incidence,2025-10-26,4,FI,ItaLuxColab,EpiEKF,WIS,3.59175215394812,-0.4739888122152958,10,3,0.9836721841140801
2025-10-08,ILI incidence,2025-10-26,4,FI,ItaLuxColab,EpiNetEKF,WIS,3.25463391654243,-0.3317962879339421,10,2,0.9891448804090417
2025-10-08,ILI incidence,2025-10-26,4,FI,MRC_GIDA,Prophet,WIS,7.96076134383142,-1.6222074232291812,10,8,0.9127467408923494
2025-10-08,ILI incidence,2025-10-26,4,FI,QMUL,ARIMA,WIS,5.40568481422434,-1.0637784067822387,10,7,0.9542252380645342
2025-10-08,ILI incidence,2025-10-26,4,FI,respicast,hubEnsemble,WIS,5.22948656275747,-1.0159703186474347,10,6,0.9570855980539613
2025-10-08,ILI incidence,2025-10-26,4,FI,respicast,quantileBaseline,WIS,2.58595826086957,0.0,10,1,1.0
2025-10-08,ILI incidence,2025-10-26,4,FI,safinea,PRFM,WIS,25.8132753515359,-3.3193423169457787,10,9,0.6229333270065305
2025-10-08,ILI incidence,2025-10-26,4,FR,NotreDame,Rt_cocirc,WIS,67.1866304347826,-0.9323068089295636,3,2,0.0
2025-10-08,ILI incidence,2025-10-26,4,FR,respicast,hubEnsemble,WIS,67.1866304347826,-0.9323068089295636,3,2,0.0
2025-10-08,ILI incidence,2025-10-26,4,FR,respicast,quantileBaseline,WIS,35.2071236956522,0.0,3,1,1.0
2025-10-08,ILI incidence,2025-10-26,4,GR,ECDC,SARIMA,WIS,87.2658717840643,-0.14533629480762253,14,11,0.5536155587911483
2025-10-08,ILI incidence,2025-10-26,4,GR,ECDC,soca_simplex,WIS,71.7620518518956,0.1368601145469164,14,7,0.6832399616457051
2025-10-08,ILI incidence,2025-10-26,4,GR,ISI,FluBcast,WIS,83.3604347826087,-0.07928154673359074,14,10,0.5862681528882573
2025-10-08,ILI incidence,2025-10-26,4,GR,ItaLuxColab,EpiEKF,WIS,101.623753999947,-0.3650845029771973,14,12,0.4335721168115227
2025-10-08,ILI incidence,2025-10-26,4,GR,ItaLuxColab,EpiNetEKF,WIS,66.9889622174621,0.23615785351140414,14,6,0.7231468295235348
2025-10-08,ILI incidence,2025-10-26,4,GR,MRC_GIDA,NBEATS,WIS,141.975216478187,-0.847485950856207,14,13,0.09620143971812185
2025-10-08,ILI incidence,2025-10-26,4,GR,MRC_GIDA,NHiTS,WIS,153.481458865885,-0.9599112224937857,14,14,0.0
2025-10-08,ILI incidence,2025-10-26,4,GR,MRC_GIDA,Prophet,WIS,61.8496639135816,0.3513154998331842,14,4,0.7661154963841258
2025-10-08,ILI incidence,2025-10-26,4,GR,MRC_GIDA,TiDE,WIS,50.376647735004,0.6473261330310861,14,2,0.8620391382733773
2025-10-08,ILI incidence,2025-10-26,4,GR,NotreDame,Rt_cocirc,WIS,78.3228456521739,0.010648073180835188,14,8,0.6283864492639993
2025-10-08,ILI incidence,2025-10-26,4,GR,QMUL,ARIMA,WIS,33.8757396436755,1.2198288089128912,14,1,1.0
2025-10-08,ILI incidence,2025-10-26,4,GR,respicast,hubEnsemble,WIS,51.1405253690527,0.6256142740293117,14,3,0.8556525069398911
2025-10-08,ILI incidence,2025-10-26,4,GR,respicast,quantileBaseline,WIS,78.9030602173913,0.0,14,9,0.6235353888883709
2025-10-08,ILI incidence,2025-10-26,4,GR,safinea,PRFM,WIS,65.2329552838606,0.274480266364251,14,5,0.7378284596748413
2025-10-08,ILI incidence,2025-10-26,4,HR,ECDC,soca_simplex,WIS,0.974165102182389,1.5152621933738812,8,2,0.9841565911495627
2025-10-08,ILI incidence,2025-10-26,4,HR,ISI,FluBcast,WIS,0.806521739130435,1.787715074803694,8,1,1.0
2025-10-08,ILI incidence,2025-10-26,4,HR,ItaLuxColab,EpiEKF,WIS,2.83406367429536,-0.02537177187537834,8,7,0.8083838497664267
2025-10-08,ILI incidence,2025-10-26,4,HR,ItaLuxColab,EpiNetEKF,WIS,1.35018354341955,1.0443448604765018,8,4,0.948620356422643
2025-10-08,ILI incidence,2025-10-26,4,HR,NotreDame,Rt_cocirc,WIS,1.97913043478261,0.49263370400527723,8,5,0.8891807068971894
2025-10-08,ILI incidence,2025-10-26,4,HR,respicast,hubEnsemble,WIS,1.14587692969143,1.2810482974484352,8,3,0.967928685444531
2025-10-08,ILI incidence,2025-10-26,4,HR,respicast,quantileBaseline,WIS,2.78465847826087,0.0,8,6,0.8130529682203905
2025-10-08,ILI incidence,2025-10-26,4,HR,safinea,PRFM,WIS,11.387790242299,-2.0319155190856524,8,8,0.0
2025-10-08,ILI incidence,2025-10-26,4,HU,NotreDame,Rt_cocirc,WIS,107.451910869565,-0.6760768889684475,3,2,0.0
2025-10-08,ILI incidence,2025-10-26,4,HU,respicast,hubEnsemble,WIS,107.451910869565,-0.6760768889684475,3,2,0.0
2025-10-08,ILI incidence,2025-10-26,4,HU,respicast,quantileBaseline,WIS,67.2503765217391,0.0,3,1,1.0
2025-10-08,ILI incidence,2025-10-26,4,IE,ECDC,SARIMA,WIS,3.1567655514734,-0.8326261023103778,14,13,0.06682755923094351
2025-10-08,ILI incidence,2025-10-26,4,IE,ECDC,soca_simplex,WIS,1.58795057026544,0.15865501043239308,14,4,0.6480198742498073
2025-10-08,ILI incidence,2025-10-26,4,IE,ISI,FluBcast,WIS,0.75,1.2408585146714455,14,2,0.958451912213238
2025-10-08,ILI incidence,2025-10-26,4,IE,ItaLuxColab,EpiEKF,WIS,2.18659956368026,-0.302868025575109,14,10,0.4262408891341937
2025-10-08,ILI incidence,2025-10-26,4,IE,ItaLuxColab,EpiNetEKF,WIS,1.63699772922547,0.11476869482514475,14,6,0.6298495787066521
2025-10-08,ILI incidence,2025-10-26,4,IE,MRC_GIDA,NBEATS,WIS,3.33715347707022,-0.9127970227957174,14,14,0.0
2025-10-08,ILI incidence,2025-10-26,4,IE,MRC_GIDA,NHiTS,WIS,0.637849063251464,1.4745340365418027,14,1,1.0
2025-10-08,ILI incidence,2025-10-26,4,IE,MRC_GIDA,Prophet,WIS,1.64232238977127,0.11008365778332055,14,7,0.627876974016888
2025-10-08,ILI incidence,2025-10-26,4,IE,MRC_GIDA,TiDE,WIS,2.32006472956921,-0.3883440415661806,14,11,0.37679660815362276
2025-10-08,ILI incidence,2025-10-26,4,IE,NotreDame,Rt_cocirc,WIS,1.59698260869565,0.15047241365482636,14,5,0.6446738128037653
2025-10-08,ILI incidence,2025-10-26,4,IE,QMUL,ARIMA,WIS,2.60171354122155,-0.5536411090728999,14,12,0.27245535260257275
2025-10-08,ILI incidence,2025-10-26,4,IE,respicast,hubEnsemble,WIS,1.19269035223005,0.5716014780485335,14,3,0.7944502716558591
2025-10-08,ILI incidence,2025-10-26,4,IE,respicast,quantileBaseline,WIS,1.77254347826087,0.0,14,9,0.5796345128024547
2025-10-08,ILI incidence,2025-10-26,4,IE,safinea,PRFM,WIS,1.73745724146163,0.028843541608437218,14,8,0.5926327639888048
2025-10-08,ILI incidence,2025-10-26,4,IS,ECDC,SARIMA,WIS,1.62602910093013,-1.0874934834021925,9,7,0.22088036353495413
2025-10-08,ILI incidence,2025-10-26,4,IS,ISI,FluBcast,WIS,0.310434782608696,1.301497475857598,9,1,1.0
2025-10-08,ILI incidence,2025-10-26,4,IS,ItaLuxColab,EpiEKF,WIS,1.63208471951474,-1.0928563537271598,9,8,0.21729411260295545
2025-10-08,ILI incidence,2025-10-26,4,IS,ItaLuxColab,EpiNetEKF,WIS,0.732677135455074,0.06261009452916748,9,3,0.7499401571834411
2025-10-08,ILI incidence,2025-10-26,4,IS,MRC_GIDA,Prophet,WIS,1.38101597226408,-0.8518704112563722,9,6,0.3659817348900833
2025-10-08,ILI incidence,2025-10-26,4,IS,QMUL,ARIMA,WIS,0.832046964917975,-0.12087727469084156,9,5,0.691091479951762
2025-10-08,ILI incidence,2025-10-26,4,IS,respicast,hubEnsemble,WIS,0.558503666795829,0.45422093634332605,9,2,0.8530889528979051
2025-10-08,ILI incidence,2025-10-26,4,IS,respicast,quantileBaseline,WIS,0.765173913043478,0.0,9,4,0.7306949558410797
2025-10-08,ILI incidence,2025-10-26,4,IS,safinea,PRFM,WIS,1.999,-1.385418878027579,9,9,0.0
2025-10-08,ILI incidence,2025-10-26,4,LT,ECDC,SARIMA,WIS,7.9348043198113,-0.6012395443676662,14,11,0.6475837652599065
2025-10-08,ILI incidence,2025-10-26,4,LT,ECDC,soca_simplex,WIS,1.40316747135381,1.8982678925359646,14,2,0.9751576937033831
2025-10-08,ILI incidence,2025-10-26,4,LT,ISI,FluBcast,WIS,0.907826086956522,2.5264672500946825,14,1,1.0
2025-10-08,ILI incidence,2025-10-26,4,LT,ItaLuxColab,EpiEKF,WIS,6.50194645489933,-0.3139165743019783,14,10,0.7194442943432391
2025-10-08,ILI incidence,2025-10-26,4,LT,ItaLuxColab,EpiNetEKF,WIS,3.69024824452297,0.5032372305916581,14,6,0.8604562718520605
2025-10-08,ILI incidence,2025-10-26,4,LT,MRC_GIDA,NBEATS,WIS,3.83761826454419,0.4467438898829425,14,7,0.8530653869156842
2025-10-08,ILI incidence,2025-10-26,4,LT,MRC_GIDA,NHiTS,WIS,1.66629028286427,1.6503153476875063,14,3,0.961961587577255
2025-10-08,ILI incidence,2025-10-26,4,LT,MRC_GIDA,Prophet,WIS,20.847254354321,-1.9948303829887415,14,14,0.0
2025-10-08,ILI incidence,2025-10-26,4,LT,MRC_GIDA,TiDE,WIS,5.71187405457355,-0.1270090678119531,14,9,0.7590679179362444
2025-10-08,ILI incidence,2025-10-26,4,LT,NotreDame,Rt_cocirc,WIS,2.84658478260869,0.8777230312714949,14,4,0.9027675884355522
2025-10-08,ILI incidence,2025-10-26,4,LT,QMUL,ARIMA,WIS,8.0940312631503,-0.6299033205867626,14,12,0.6395982332173646
2025-10-08,ILI incidence,2025-10-26,4,LT,respicast,hubEnsemble,WIS,3.59333215593604,0.5416328012920255,14,5,0.8653167968022948
2025-10-08,ILI incidence,2025-10-26,4,LT,respicast,quantileBaseline,WIS,5.23052260869565,0.0,14,8,0.7832086023843406
2025-10-08,ILI incidence,2025-10-26,4,LT,safinea,PRFM,WIS,8.21266532371505,-0.650895406830834,14,13,0.6336485109397745
2025-10-08,ILI incidence,2025-10-26,4,LU,ECDC,SARIMA,WIS,726.289351145848,0.29833523665918454,14,9,0.7724744321223815
2025-10-08,ILI incidence,2025-10-26,4,LU,ECDC,soca_simplex,WIS,444.469692591103,1.0067946158650336,14,6,0.8631943935092986
2025-10-08,ILI incidence,2025-10-26,4,LU,ISI,FluBcast,WIS,458.335652173913,0.9624751522826719,14,7,0.8587308322219276
2025-10-08,ILI incidence,2025-10-26,4,LU,ItaLuxColab,EpiEKF,WIS,1124.04625796078,-0.33174983892797233,14,13,0.6444333599960359
2025-10-08,ILI incidence,2025-10-26,4,LU,ItaLuxColab,EpiNetEKF,WIS,3125.96498344164,-1.8073500483988107,14,14,0.0
2025-10-08,ILI incidence,2025-10-26,4,LU,MRC_GIDA,NBEATS,WIS,500.004345372798,0.836939031149742,14,8,0.8453173526320649
2025-10-08,ILI incidence,2025-10-26,4,LU,MRC_GIDA,NHiTS,WIS,284.139873587289,1.6522783637363805,14,4,0.91480582141248
2025-10-08,ILI incidence,2025-10-26,4,LU,MRC_GIDA,Prophet,WIS,998.681183038712,-0.1611445243911045,14,12,0.6847893621802792
2025-10-08,ILI incidence,2025-10-26,4,LU,MRC_GIDA,TiDE,WIS,306.423700450206,1.5433517767382081,14,5,0.9076324825371017
2025-10-08,ILI incidence,2025-10-26,4,LU,NotreDame,Rt_cocirc,WIS,19.4859434782609,5.518373972777813,14,1,1.0
2025-10-08,ILI incidence,2025-10-26,4,LU,QMUL,ARIMA,WIS,765.064238825304,0.22329877490850875,14,10,0.7599924912560065
2025-10-08,ILI incidence,2025-10-26,4,LU,respicast,hubEnsemble,WIS,261.217021674466,1.773630753850757,14,3,0.9221848674700683
2025-10-08,ILI incidence,2025-10-26,4,LU,respicast,quantileBaseline,WIS,893.135869565217,0.0,14,11,0.7187652274977993
2025-10-08,ILI incidence,2025-10-26,4,LU,safinea,PRFM,WIS,166.697740348091,2.4216451159068244,14,2,0.952611366445413
2025-10-08,ILI incidence,2025-10-26,4,LV,NotreDame,Rt_cocirc,WIS,5.9,2.651217596567358,3,1,1.0
2025-10-08,ILI incidence,2025-10-26,4,LV,respicast,hubEnsemble,WIS,5.9,2.651217596567358,3,1,1.0
2025-10-08,ILI incidence,2025-10-26,4,LV,respicast,quantileBaseline,WIS,37.0636369565217,0.0,3,3,0.0
2025-10-08,ILI incidence,2025-10-26,4,MT,ECDC,SARIMA,WIS,432.116467956759,0.7960573772545022,10,2,0.982046608341154
2025-10-08,ILI incidence,2025-10-26,4,MT,ECDC,soca_simplex,WIS,870.244154732195,-0.21394262833605623,10,5,0.5651362023748222
2025-10-08,ILI incidence,2025-10-26,4,MT,ItaLuxColab,EpiEKF,WIS,1464.14110121314,-0.9645050993054519,10,10,0.0
2025-10-08,ILI incidence,2025-10-26,4,MT,ItaLuxColab,EpiNetEKF,WIS,1345.24670903892,-0.8423212819976207,10,9,0.11313667408990002
2025-10-08,ILI incidence,2025-10-26,4,MT,MRC_GIDA,Prophet,WIS,980.111970662438,-0.3854689857244045,10,6,0.46058897305172
2025-10-08,ILI incidence,2025-10-26,4,MT,NotreDame,Rt_cocirc,WIS,1085.52725217391,-0.5328464498386168,10,8,0.3602786545382748
2025-10-08,ILI incidence,2025-10-26,4,MT,QMUL,ARIMA,WIS,413.249397610957,0.8604648738130891,10,1,1.0
2025-10-08,ILI incidence,2025-10-26,4,MT,respicast,hubEnsemble,WIS,716.666269335767,0.0661761362030748,10,3,0.7112767465146257
2025-10-08,ILI incidence,2025-10-26,4,MT,respicast,quantileBaseline,WIS,750.305217391304,0.0,10,4,0.6792668372725681
2025-10-08,ILI incidence,2025-10-26,4,MT,safinea,PRFM,WIS,1052.63333964922,-0.48845349914543673,10,7,0.3915796082064199
2025-10-08,ILI incidence,2025-10-26,4,NL,ECDC,SARIMA,WIS,4.14400533786044,-0.1812402660294786,14,9,0.7335163682823408
2025-10-08,ILI incidence,2025-10-26,4,NL,ECDC,soca_simplex,WIS,1.26873696285674,1.5263925976281865,14,2,0.9257095188610792
2025-10-08,ILI incidence,2025-10-26,4,NL,ISI,FluBcast,WIS,12.524347826087,-1.776877980227782,14,13,0.17334451102430126
2025-10-08,ILI incidence,2025-10-26,4,NL,ItaLuxColab,EpiEKF,WIS,7.0848033084139,-0.9549422056120719,14,12,0.5369429867886906
2025-10-08,ILI incidence,2025-10-26,4,NL,ItaLuxColab,EpiNetEKF,WIS,5.23436512657078,-0.5182289687141778,14,11,0.6606328472592509
2025-10-08,ILI incidence,2025-10-26,4,NL,MRC_GIDA,NBEATS,WIS,0.15732862005507,4.537932551204123,14,1,1.0
2025-10-08,ILI incidence,2025-10-26,4,NL,MRC_GIDA,NHiTS,WIS,3.85008079557499,-0.07510312637101474,14,8,0.7531633286514512
2025-10-08,ILI incidence,2025-10-26,4,NL,MRC_GIDA,Prophet,WIS,4.69610869117499,-0.3616802046107945,14,10,0.6966118191831725
2025-10-08,ILI incidence,2025-10-26,4,NL,MRC_GIDA,TiDE,WIS,1.95113334576924,0.905473216293818,14,3,0.8800957208881093
2025-10-08,ILI incidence,2025-10-26,4,NL,NotreDame,Rt_cocirc,WIS,15.1176347826087,-2.048374941089044,14,14,0.0
2025-10-08,ILI incidence,2025-10-26,4,NL,QMUL,ARIMA,WIS,2.69558792686639,0.43918562599043665,14,4,0.8303337325298392
2025-10-08,ILI incidence,2025-10-26,4,NL,respicast,hubEnsemble,WIS,3.58133330859105,0.02928880124315404,14,6,0.7711273652202099
2025-10-08,ILI incidence,2025-10-26,4,NL,respicast,quantileBaseline,WIS,3.65478260869565,0.0,14,7,0.7662177531236042
2025-10-08,ILI incidence,2025-10-26,4,NL,safinea,PRFM,WIS,3.23933771651033,0.17408671146123803,14,5,0.7939875652966463
2025-10-08,ILI incidence,2025-10-26,4,NO,ECDC,SARIMA,WIS,4.65944106685414,0.18516809956111602,11,4,0.6738630026599783
2025-10-08,ILI incidence,2025-10-26,4,NO,ECDC,soca_simplex,WIS,2.70520288787816,0.9695882042823862,11,1,1.0
2025-10-08,ILI incidence,2025-10-26,4,NO,ISI,FluBcast,WIS,6.71782608695652,-0.34266944387219966,11,9,0.33034524876078913
2025-10-08,ILI incidence,2025-10-26,4,NO,ItaLuxColab,EpiEKF,WIS,6.56802050146222,-0.31013362708735914,11,8,0.3553458573680143
2025-10-08,ILI incidence,2025-10-26,4,NO,ItaLuxColab,EpiNetEKF,WIS,5.44640838939752,-0.03998016112631486,11,7,0.5425283668207053
2025-10-08,ILI incidence,2025-10-26,4,NO,MRC_GIDA,Prophet,WIS,8.06194988943375,-0.605803812601279,11,10,0.106028425095579
2025-10-08,ILI incidence,2025-10-26,4,NO,NotreDame,Rt_cocirc,WIS,8.69728043478261,-0.7152393498018442,11,11,0.0
2025-10-08,ILI incidence,2025-10-26,4,NO,QMUL,ARIMA,WIS,5.10940840570301,0.05216874529368197,11,5,0.5987692917848034
2025-10-08,ILI incidence,2025-10-26,4,NO,respicast,hubEnsemble,WIS,4.39390117531224,0.26982258127942194,11,3,0.7181781653833113
2025-10-08,ILI incidence,2025-10-26,4,NO,respicast,quantileBaseline,WIS,5.29754891304348,0.0,11,6,0.5673710820874566
2025-10-08,ILI incidence,2025-10-26,4,NO,safinea,PRFM,WIS,2.75239501107408,0.9446374694168488,11,2,0.9921242469199518
2025-10-08,ILI incidence,2025-10-26,4,PL,ECDC,SARIMA,WIS,26.9189973471949,-0.09065356986879064,14,10,0.8336744120662386
2025-10-08,ILI incidence,2025-10-26,4,PL,ECDC,soca_simplex,WIS,18.5797291598301,0.4442416335294321,14,4,0.9453114313636323
2025-10-08,ILI incidence,2025-10-26,4,PL,ISI,FluBcast,WIS,89.194347826087,-1.8189811856513411,14,14,0.0
2025-10-08,ILI incidence,2025-10-26,4,PL,ItaLuxColab,EpiEKF,WIS,65.6234957597739,-1.376241343214494,14,12,0.3155408373806625
2025-10-08,ILI incidence,2025-10-26,4,PL,ItaLuxColab,EpiNetEKF,WIS,35.4582809934996,-0.4881514915531896,14,11,0.7193598041426291
2025-10-08,ILI incidence,2025-10-26,4,PL,MRC_GIDA,NBEATS,WIS,15.3660021023143,0.7182292488162699,14,2,0.9883333010859706
2025-10-08,ILI incidence,2025-10-26,4,PL,MRC_GIDA,NHiTS,WIS,19.6451158225736,0.36380043138686813,14,6,0.9310491977052775
2025-10-08,ILI incidence,2025-10-26,4,PL,MRC_GIDA,Prophet,WIS,21.5479879233737,0.2304179432415063,14,7,0.9055756232063358
2025-10-08,ILI incidence,2025-10-26,4,PL,MRC_GIDA,TiDE,WIS,17.5480735419692,0.5266584473168001,14,3,0.9591221106141093
2025-10-08,ILI incidence,2025-10-26,4,PL,NotreDame,Rt_cocirc,WIS,68.7071195652174,-1.4424884966833076,14,13,0.27426064797558
2025-10-08,ILI incidence,2025-10-26,4,PL,QMUL,ARIMA,WIS,14.4945014861419,0.8024653897718982,14,1,1.0
2025-10-08,ILI incidence,2025-10-26,4,PL,respicast,hubEnsemble,WIS,19.5631936594751,0.369829197839291,14,5,0.9321458821981169
2025-10-08,ILI incidence,2025-10-26,4,PL,respicast,quantileBaseline,WIS,25.2795556521739,0.0,14,9,0.855621467854817
2025-10-08,ILI incidence,2025-10-26,4,PL,safinea,PRFM,WIS,24.1796042898677,0.06418047054411549,14,8,0.8703464159798844
2025-10-08,ILI incidence,2025-10-26,4,RO,ItaLuxColab,EpiEKF,WIS,1.03009994346476,0.24769137257352378,6,4,0.5236167750232131
2025-10-08,ILI incidence,2025-10-26,4,RO,ItaLuxColab,EpiNetEKF,WIS,0.607050555007979,1.0105871176287478,6,2,0.7913613198897831
2025-10-08,ILI incidence,2025-10-26,4,RO,NotreDame,Rt_cocirc,WIS,0.277391304347826,2.1404812235498314,6,1,1.0
2025-10-08,ILI incidence,2025-10-26,4,RO,respicast,hubEnsemble,WIS,0.727918999576836,0.7486258653562492,6,3,0.7148646564674107
2025-10-08,ILI incidence,2025-10-26,4,RO,respicast,quantileBaseline,WIS,1.22304347826087,0.0,6,5,0.40150436848510684
2025-10-08,ILI incidence,2025-10-26,4,RO,safinea,PRFM,WIS,1.85743988635575,-0.60283982907374,6,6,0.0
2025-10-08,ILI incidence,2025-10-26,4,SI,ECDC,SARIMA,WIS,6.31993233289441,-0.8333252551311593,13,10,0.4114012695285509
2025-10-08,ILI incidence,2025-10-26,4,SI,ECDC,soca_simplex,WIS,0.153056726643622,4.534445500574372,13,1,1.0
2025-10-08,ILI incidence,2025-10-26,4,SI,ItaLuxColab,EpiEKF,WIS,3.79708738399776,-0.09830934418605844,13,8,0.652194732687063
2025-10-08,ILI incidence,2025-10-26,4,SI,ItaLuxColab,EpiNetEKF,WIS,3.79092945034903,-0.09596775151925382,13,7,0.652782477950531
2025-10-08,ILI incidence,2025-10-26,4,SI,MRC_GIDA,NBEATS,WIS,0.261258027885338,3.763036582674718,13,3,0.9896727042002145
2025-10-08,ILI incidence,2025-10-26,4,SI,MRC_GIDA,NHiTS,WIS,0.21738833783849,4.028237404749872,13,2,0.9938598559309189
2025-10-08,ILI incidence,2025-10-26,4,SI,MRC_GIDA,Prophet,WIS,10.6302719957138,-1.5835227498116953,13,13,0.0
2025-10-08,ILI incidence,2025-10-26,4,SI,MRC_GIDA,TiDE,WIS,2.29882855554602,0.6256849812718481,13,4,0.7951963595482342
2025-10-08,ILI incidence,2025-10-26,4,SI,NotreDame,Rt_cocirc,WIS,5.31766304347826,-0.5842085064484014,13,9,0.5070630712264651
2025-10-08,ILI incidence,2025-10-26,4,SI,QMUL,ARIMA,WIS,8.92995766817728,-1.3320694798588424,13,12,0.1622868561798117
2025-10-08,ILI incidence,2025-10-26,4,SI,respicast,hubEnsemble,WIS,3.34272210035441,0.08556043607795215,13,5,0.6955617220992862
2025-10-08,ILI incidence,2025-10-26,4,SI,respicast,quantileBaseline,WIS,3.54696195652174,0.0,13,6,0.6760680063625993
2025-10-08,ILI incidence,2025-10-26,4,SI,safinea,PRFM,WIS,7.41512834199648,-1.0638878067359232,13,11,0.30687005765823633
2025-10-15,ILI incidence,2025-10-12,1,AT,respicast,quantileBaseline,WIS,613.201881086957,0.0,1,1,0.0
2025-10-15,ILI incidence,2025-10-12,1,BE,ECDC,SARIMA,WIS,46.9894156021983,0.4460555542986031,15,5,0.8929127777522835
2025-10-15,ILI incidence,2025-10-12,1,BE,ECDC,soca_simplex,WIS,76.0875631838849,-0.2492692790876941,15,12,0.6138979493223018
2025-10-15,ILI incidence,2025-10-12,1,BE,ISI,FluBcast,WIS,54.0717391304348,0.24351662051506895,15,7,0.8250021563435103
2025-10-15,ILI incidence,2025-10-12,1,BE,ItaLuxColab,EpiEKF,WIS,53.843145685151,0.24962868047273612,15,6,0.8271940814733497
2025-10-15,ILI incidence,2025-10-12,1,BE,ItaLuxColab,EpiNetEKF,WIS,44.2616457875095,0.5323342835590228,15,4,0.9190686773574144
2025-10-15,ILI incidence,2025-10-12,1,BE,MRC_GIDA,NBEATS,WIS,140.110300720782,-1.1300997399088322,15,15,0.0
2025-10-15,ILI incidence,2025-10-12,1,BE,MRC_GIDA,NHiTS,WIS,99.8903675983732,-0.6419541863805902,15,14,0.3856588364641107
2025-10-15,ILI incidence,2025-10-12,1,BE,MRC_GIDA,Prophet,WIS,35.8214077417885,0.8375693448837291,15,1,1.0
2025-10-15,ILI incidence,2025-10-12,1,BE,MRC_GIDA,TiDE,WIS,41.8991811142807,0.6114693317559368,15,3,0.9417217577166495
2025-10-15,ILI incidence,2025-10-12,1,BE,QMUL,ARIMA,WIS,35.9552992431945,0.8321869628475439,15,2,0.9987161480232323
2025-10-15,ILI incidence,2025-10-12,1,BE,QMUL,SEIR,WIS,65.0425418401968,-0.02299225889684029,15,11,0.7198058847523273
2025-10-15,ILI incidence,2025-10-12,1,BE,QMUL,SEIR_agumented,WIS,80.1919948501702,-0.32506684747983783,15,13,0.5745415850054224
2025-10-15,ILI incidence,2025-10-12,1,BE,respicast,hubEnsemble,WIS,54.5369149797597,0.23115828682226047,15,8,0.8205417019649351
2025-10-15,ILI incidence,2025-10-12,1,BE,respicast,quantileBaseline,WIS,64.0141739130435,0.0,15,10,0.7296666465053593
2025-10-15,ILI incidence,2025-10-12,1,BE,safinea,PRFM,WIS,61.283120675348,0.06290161521100235,15,9,0.7558540300289873
2025-10-15,ILI incidence,2025-10-12,1,CZ,ECDC,SARIMA,WIS,2.34074280104511,-0.9865857165860132,15,9,0.7245321004434543
2025-10-15,ILI incidence,2025-10-12,1,CZ,ECDC,soca_simplex,WIS,0.636520433618404,0.8921019709219713,15,1,1.0
2025-10-15,ILI incidence,2025-10-12,1,CZ,ISI,FluBcast,WIS,0.845217391304348,0.4829863466161974,15,3,0.9662665426317609
2025-10-15,ILI incidence,2025-10-12,1,CZ,ItaLuxColab,EpiEKF,WIS,1.86380288309836,-0.6578685833841313,15,8,0.8016239400546444
2025-10-15,ILI incidence,2025-10-12,1,CZ,ItaLuxColab,EpiNetEKF,WIS,2.69175186006968,-1.1881647164245825,15,11,0.6677955324562511
2025-10-15,ILI incidence,2025-10-12,1,CZ,MRC_GIDA,NBEATS,WIS,6.32039972944261,-2.4196350991779685,15,13,0.08126643513205148
2025-10-15,ILI incidence,2025-10-12,1,CZ,MRC_GIDA,NHiTS,WIS,6.46146114815264,-2.4514797380572717,15,14,0.05846548294223137
2025-10-15,ILI incidence,2025-10-12,1,CZ,MRC_GIDA,Prophet,WIS,6.82316639189594,-2.530060694355629,15,15,0.0
2025-10-15,ILI incidence,2025-10-12,1,CZ,MRC_GIDA,TiDE,WIS,5.13254962385749,-2.119294966652261,15,12,0.27326871125968644
2025-10-15,ILI incidence,2025-10-12,1,CZ,QMUL,ARIMA,WIS,2.38576276367119,-1.0140698865509474,15,10,0.7172551424714461
2025-10-15,ILI incidence,2025-10-12,1,CZ,QMUL,SEIR,WIS,1.8116225391534,-0.616901689394234,15,7,0.8100582911225515
2025-10-15,ILI incidence,2025-10-12,1,CZ,QMUL,SEIR_agumented,WIS,1.0329863763187,0.19355947724153763,15,4,0.9359158507899039
2025-10-15,ILI incidence,2025-10-12,1,CZ,respicast,hubEnsemble,WIS,1.03879763056287,0.1854660759612213,15,5,0.934976528533004
2025-10-15,ILI incidence,2025-10-12,1,CZ,respicast,quantileBaseline,WIS,1.18130434782609,0.0,15,6,0.9119419604933457
2025-10-15,ILI incidence,2025-10-12,1,CZ,safinea,PRFM,WIS,0.675103919336775,0.8071992047107776,15,2,0.9937634243209365
2025-10-15,ILI incidence,2025-10-12,1,EE,ECDC,soca_simplex,WIS,23.8233677521425,-0.19067117356386806,7,4,0.6208764602071402
2025-10-15,ILI incidence,2025-10-12,1,EE,ISI,FluBcast,WIS,13.1369565217391,0.6680751174554455,7,1,1.0
2025-10-15,ILI incidence,2025-10-12,1,EE,ItaLuxColab,EpiEKF,WIS,41.3241042684659,-0.985277350015809,7,7,0.0
2025-10-15,ILI incidence,2025-10-12,1,EE,ItaLuxColab,EpiNetEKF,WIS,33.2167285942609,-0.670203795710212,7,6,0.2876266781957909
2025-10-15,ILI incidence,2025-10-12,1,EE,respicast,hubEnsemble,WIS,25.8584674100161,-0.30893057313217015,7,5,0.548676900458853
2025-10-15,ILI incidence,2025-10-12,1,EE,respicast,quantileBaseline,WIS,20.8739871739131,0.0,7,2,0.7255121120556637
2025-10-15,ILI incidence,2025-10-12,1,EE,safinea,PRFM,WIS,23.7379948314393,-0.18549187612923904,7,3,0.6239052491243556
2025-10-15,ILI incidence,2025-10-12,1,ES,ECDC,SARIMA,WIS,1.79112062695508,-1.146185758867856,11,4,0.7116568458850389
2025-10-15,ILI incidence,2025-10-12,1,ES,ECDC,soca_simplex,WIS,2.41384790858035,-1.5766580346161554,11,7,0.5287802719284903
2025-10-15,ILI incidence,2025-10-12,1,ES,ISI,FluBcast,WIS,1.76434782608696,-1.124458260728753,11,3,0.7195192252001127
2025-10-15,ILI incidence,2025-10-12,1,ES,ItaLuxColab,EpiEKF,WIS,2.33503259576222,-1.52876594610334,11,5,0.5519259968851282
2025-10-15,ILI incidence,2025-10-12,1,ES,ItaLuxColab,EpiNetEKF,WIS,2.64851398222295,-1.7105063818372634,11,8,0.45986579068143596
2025-10-15,ILI incidence,2025-10-12,1,ES,QMUL,ARIMA,WIS,4.03227166337931,-2.3169160965859295,11,10,0.053497109907607664
2025-10-15,ILI incidence,2025-10-12,1,ES,QMUL,SEIR,WIS,4.2144388437175,-2.3806638046303776,11,11,0.0
2025-10-15,ILI incidence,2025-10-12,1,ES,QMUL,SEIR_agumented,WIS,1.35438371042649,-0.7429597835343636,11,2,0.839913553711688
2025-10-15,ILI incidence,2025-10-12,1,ES,respicast,hubEnsemble,WIS,2.35481244200155,-1.5409354122809522,11,6,0.5461172413987856
2025-10-15,ILI incidence,2025-10-12,1,ES,respicast,quantileBaseline,WIS,0.809260869565217,0.0,11,1,1.0
2025-10-15,ILI incidence,2025-10-12,1,ES,safinea,PRFM,WIS,3.28808750175151,-2.0225719489691807,11,9,0.27204197519120993
2025-10-15,ILI incidence,2025-10-12,1,FI,ECDC,soca_simplex,WIS,16.0316748345636,-3.4499843760871887,7,7,0.0
2025-10-15,ILI incidence,2025-10-12,1,FI,ISI,FluBcast,WIS,0.713478260869565,1.0399274933293283,7,1,1.0
2025-10-15,ILI incidence,2025-10-12,1,FI,ItaLuxColab,EpiEKF,WIS,1.86747256413754,-0.3482181768902416,7,5,0.9246651328884412
2025-10-15,ILI incidence,2025-10-12,1,FI,ItaLuxColab,EpiNetEKF,WIS,1.7813111930756,-0.28007070465817036,7,3,0.9302899054031055
2025-10-15,ILI incidence,2025-10-12,1,FI,respicast,hubEnsemble,WIS,1.78806746512837,-0.2855323005042855,7,4,0.929848843557459
2025-10-15,ILI incidence,2025-10-12,1,FI,respicast,quantileBaseline,WIS,1.467,0.0,7,2,0.9508087172334333
2025-10-15,ILI incidence,2025-10-12,1,FI,safinea,PRFM,WIS,6.40772324045106,-2.126942965834664,7,6,0.6282692318128211
2025-10-15,ILI incidence,2025-10-12,1,FR,ECDC,SARIMA,WIS,5.56426809352153,0.11167394355460078,10,2,0.978635612634883
2025-10-15,ILI incidence,2025-10-12,1,FR,ECDC,soca_simplex,WIS,23.9045461012202,-1.9913472309909919,10,8,0.5306716207725141
2025-10-15,ILI incidence,2025-10-12,1,FR,ISI,FluBcast,WIS,11.4986956521739,-0.9355324380753502,10,4,0.8336863453731733
2025-10-15,ILI incidence,2025-10-12,1,FR,ItaLuxColab,EpiEKF,WIS,12.5084432642927,-1.0569644692582132,10,6,0.8090231112112725
2025-10-15,ILI incidence,2025-10-12,1,FR,ItaLuxColab,EpiNetEKF,WIS,12.7730816695473,-1.0871688545856957,10,7,0.8025592791816718
2025-10-15,ILI incidence,2025-10-12,1,FR,QMUL,ARIMA,WIS,4.68957992469925,0.35840717877421574,10,1,1.0
2025-10-15,ILI incidence,2025-10-12,1,FR,QMUL,SEIR,WIS,29.8072373754779,-2.309724887098216,10,9,0.3864975169319013
2025-10-15,ILI incidence,2025-10-12,1,FR,respicast,hubEnsemble,WIS,11.6445271264169,-0.9537142731078524,10,5,0.830124390133801
2025-10-15,ILI incidence,2025-10-12,1,FR,respicast,quantileBaseline,WIS,6.01208695652173,0.0,10,3,0.9676975709423509
2025-10-15,ILI incidence,2025-10-12,1,FR,safinea,PRFM,WIS,45.6309911561035,-2.92407620996586,10,10,0.0
2025-10-15,ILI incidence,2025-10-12,1,GR,ECDC,SARIMA,WIS,66.6849505023678,0.07360756882649139,15,9,0.8528632752112623
2025-10-15,ILI incidence,2025-10-12,1,GR,ECDC,soca_simplex,WIS,63.846920035339,0.1363517524903194,15,8,0.860566480594689
2025-10-15,ILI incidence,2025-10-12,1,GR,ISI,FluBcast,WIS,43.8447826086957,0.6785636020223863,15,3,0.9148578543114302
2025-10-15,ILI incidence,2025-10-12,1,GR,ItaLuxColab,EpiEKF,WIS,46.7661233846553,0.5855049352968612,15,5,0.906928521538708
2025-10-15,ILI incidence,2025-10-12,1,GR,ItaLuxColab,EpiNetEKF,WIS,35.3191628865795,0.9905176292243155,15,2,0.9379987615368591
2025-10-15,ILI incidence,2025-10-12,1,GR,MRC_GIDA,NBEATS,WIS,380.898558835738,-2.4403661455000423,15,15,0.0
2025-10-15,ILI incidence,2025-10-12,1,GR,MRC_GIDA,NHiTS,WIS,374.636711433144,-2.416451595361849,15,14,0.01699639844682785
2025-10-15,ILI incidence,2025-10-12,1,GR,MRC_GIDA,Prophet,WIS,56.1328817326516,0.32212265289506975,15,6,0.8815045297353074
2025-10-15,ILI incidence,2025-10-12,1,GR,MRC_GIDA,TiDE,WIS,248.488896280948,-1.824140702598289,15,13,0.3593967144678345
2025-10-15,ILI incidence,2025-10-12,1,GR,QMUL,ARIMA,WIS,44.0384155161375,0.6722062164623841,15,4,0.9143322806530982
2025-10-15,ILI incidence,2025-10-12,1,GR,QMUL,SEIR,WIS,12.476541536967,2.4917507002155728,15,1,1.0
2025-10-15,ILI incidence,2025-10-12,1,GR,QMUL,SEIR_agumented,WIS,130.985603063232,-0.9003675666157499,15,12,0.6783333895320367
2025-10-15,ILI incidence,2025-10-12,1,GR,respicast,hubEnsemble,WIS,60.9534699336481,0.2032604264080015,15,7,0.8684201103069016
2025-10-15,ILI incidence,2025-10-12,1,GR,respicast,quantileBaseline,WIS,70.1755652173913,0.0,15,11,0.8433887743640647
2025-10-15,ILI incidence,2025-10-12,1,GR,safinea,PRFM,WIS,66.7638169436093,0.0719023415831716,15,10,0.8526492097169693
2025-10-15,ILI incidence,2025-10-12,1,HR,ECDC,SARIMA,WIS,1.18980866998314,-1.594621272882126,10,8,0.7582150101177618
2025-10-15,ILI incidence,2025-10-12,1,HR,ECDC,soca_simplex,WIS,0.317849621748127,0.30969204660173966,10,2,0.9402188728324102
2025-10-15,ILI incidence,2025-10-12,1,HR,ItaLuxColab,EpiEKF,WIS,0.678934067263113,-0.7852350598988833,10,6,0.8648497783973792
2025-10-15,ILI incidence,2025-10-12,1,HR,ItaLuxColab,EpiNetEKF,WIS,0.441392865474751,-0.16402689239267065,10,4,0.9144317127403659
2025-10-15,ILI incidence,2025-10-12,1,HR,QMUL,ARIMA,WIS,2.62642449420733,-2.736991786464561,10,9,0.4583504353134199
2025-10-15,ILI incidence,2025-10-12,1,HR,QMUL,SEIR,WIS,0.0314452896093428,3.6471205902753216,10,1,1.0
2025-10-15,ILI incidence,2025-10-12,1,HR,QMUL,SEIR_agumented,WIS,4.82232739084309,-3.6136212764497286,10,10,0.0
2025-10-15,ILI incidence,2025-10-12,1,HR,respicast,hubEnsemble,WIS,0.491639874087846,-0.31956551099074093,10,5,0.9039436632431439
2025-10-15,ILI incidence,2025-10-12,1,HR,respicast,quantileBaseline,WIS,0.39395652173913,0.0,10,3,0.924333092639363
2025-10-15,ILI incidence,2025-10-12,1,HR,safinea,PRFM,WIS,0.767824894121332,-0.9627409172652027,10,7,0.8462956113400585
2025-10-15,ILI incidence,2025-10-12,1,HU,respicast,quantileBaseline,WIS,99.4885495652174,0.0,1,1,0.0
2025-10-15,ILI incidence,2025-10-12,1,IE,ECDC,SARIMA,WIS,1.88276510869415,-1.2419338873620287,15,12,0.6890928006528059
2025-10-15,ILI incidence,2025-10-12,1,IE,ECDC,soca_simplex,WIS,0.770281349647468,0.047461735319985154,15,3,0.9236660223946245
2025-10-15,ILI incidence,2025-10-12,1,IE,ISI,FluBcast,WIS,0.408260869565217,0.9633559332534121,15,1,1.0
2025-10-15,ILI incidence,2025-10-12,1,IE,ItaLuxColab,EpiEKF,WIS,1.15822589520031,-0.5409975224851631,15,8,0.8418658152747672
2025-10-15,ILI incidence,2025-10-12,1,IE,ItaLuxColab,EpiNetEKF,WIS,0.935616127030686,-0.23306949939178292,15,7,0.8888042897343813
2025-10-15,ILI incidence,2025-10-12,1,IE,MRC_GIDA,NBEATS,WIS,5.15084721759743,-2.693890612967997,15,15,0.0
2025-10-15,ILI incidence,2025-10-12,1,IE,MRC_GIDA,NHiTS,WIS,4.2519690340855,-2.4172119550828546,15,14,0.1895333300330718
2025-10-15,ILI incidence,2025-10-12,1,IE,MRC_GIDA,Prophet,WIS,1.72062488383559,-1.1120134723448374,15,11,0.7232809446232019
2025-10-15,ILI incidence,2025-10-12,1,IE,MRC_GIDA,TiDE,WIS,3.0529178313922,-1.9392696251740367,15,13,0.4423597658007218
2025-10-15,ILI incidence,2025-10-12,1,IE,QMUL,ARIMA,WIS,0.809245483519632,-0.02373017866810163,15,5,0.9154502238803115
2025-10-15,ILI incidence,2025-10-12,1,IE,QMUL,SEIR,WIS,0.515136949258387,0.627891205917848,15,2,0.9774646001463918
2025-10-15,ILI incidence,2025-10-12,1,IE,QMUL,SEIR_agumented,WIS,1.53838586293272,-0.9504982750638236,15,10,0.7617070285211754
2025-10-15,ILI incidence,2025-10-12,1,IE,respicast,hubEnsemble,WIS,0.933801213213588,-0.2302682329973412,15,6,0.8891869741356576
2025-10-15,ILI incidence,2025-10-12,1,IE,respicast,quantileBaseline,WIS,0.79604347826087,0.0,15,4,0.9182339381429395
2025-10-15,ILI incidence,2025-10-12,1,IE,safinea,PRFM,WIS,1.37160532819682,-0.7849462786765863,15,9,0.7968736069441705
2025-10-15,ILI incidence,2025-10-12,1,IS,ECDC,soca_simplex,WIS,1.7697296011287,-1.3494371886069034,7,7,0.0
2025-10-15,ILI incidence,2025-10-12,1,IS,ISI,FluBcast,WIS,0.788695652173913,-0.18344883706959844,7,3,0.9124132957245527
2025-10-15,ILI incidence,2025-10-12,1,IS,ItaLuxColab,EpiEKF,WIS,1.00090799099193,-0.5272176021205323,7,5,0.7150446321215707
2025-10-15,ILI incidence,2025-10-12,1,IS,ItaLuxColab,EpiNetEKF,WIS,0.705028217323621,-0.021661147093615694,7,2,0.9902284213457483
2025-10-15,ILI incidence,2025-10-12,1,IS,respicast,hubEnsemble,WIS,0.877062842968278,-0.3366603652871908,7,4,0.8302271492894483
2025-10-15,ILI incidence,2025-10-12,1,IS,respicast,quantileBaseline,WIS,0.694521739130435,0.0,7,1,1.0
2025-10-15,ILI incidence,2025-10-12,1,IS,safinea,PRFM,WIS,1.16260334690331,-0.7432672092926985,7,6,0.5646594260360512
2025-10-15,ILI incidence,2025-10-12,1,LT,ECDC,SARIMA,WIS,3.01933357676928,-1.1602024803216036,15,11,0.8878302647539295
2025-10-15,ILI incidence,2025-10-12,1,LT,ECDC,soca_simplex,WIS,2.39209344748089,-0.8242460750663679,15,10,0.920637766317387
2025-10-15,ILI incidence,2025-10-12,1,LT,ISI,FluBcast,WIS,0.874782608695652,0.6270312306898083,15,1,1.0
2025-10-15,ILI incidence,2025-10-12,1,LT,ItaLuxColab,EpiEKF,WIS,2.31411051325799,-0.7764300891431445,15,9,0.9247166272144781
2025-10-15,ILI incidence,2025-10-12,1,LT,ItaLuxColab,EpiNetEKF,WIS,2.14430429026179,-0.6664819731572327,15,7,0.9335982622794299
2025-10-15,ILI incidence,2025-10-12,1,LT,MRC_GIDA,NBEATS,WIS,1.93490542655619,-0.5182353780250687,15,6,0.9445507718967621
2025-10-15,ILI incidence,2025-10-12,1,LT,MRC_GIDA,NHiTS,WIS,1.24386414320291,0.11919875401079989,15,2,0.9806953629798408
2025-10-15,ILI incidence,2025-10-12,1,LT,MRC_GIDA,Prophet,WIS,19.993584693492,-3.8874375794439153,15,15,0.0
2025-10-15,ILI incidence,2025-10-12,1,LT,MRC_GIDA,TiDE,WIS,4.30750104613608,-1.6728234721650708,15,13,0.8204532678242329
2025-10-15,ILI incidence,2025-10-12,1,LT,QMUL,ARIMA,WIS,3.99469075043113,-1.5640561463648854,15,12,0.8368146640203735
2025-10-15,ILI incidence,2025-10-12,1,LT,QMUL,SEIR,WIS,1.78897529718062,-0.4051057916076826,15,5,0.9521835790532112
2025-10-15,ILI incidence,2025-10-12,1,LT,QMUL,SEIR_agumented,WIS,4.67035450748129,-1.789504388499141,15,14,0.8014743872575598
2025-10-15,ILI incidence,2025-10-12,1,LT,respicast,hubEnsemble,WIS,1.69927524546161,-0.33089188186111246,15,4,0.9568752983001163
2025-10-15,ILI incidence,2025-10-12,1,LT,respicast,quantileBaseline,WIS,1.351,0.0,15,3,0.9750916721041303
2025-10-15,ILI incidence,2025-10-12,1,LT,safinea,PRFM,WIS,2.25712748906417,-0.740460233740392,15,8,0.9276970976404538
2025-10-15,ILI incidence,2025-10-12,1,LU,ECDC,SARIMA,WIS,787.526594530532,-0.3444535312980376,14,8,0.728162106783501
2025-10-15,ILI incidence,2025-10-12,1,LU,ECDC,soca_simplex,WIS,252.352972913102,1.2974320295923754,14,2,0.9287181741763824
2025-10-15,ILI incidence,2025-10-12,1,LU,ItaLuxColab,EpiEKF,WIS,671.152123940015,-0.11376469364558227,14,6,0.7717733858596715
2025-10-15,ILI incidence,2025-10-12,1,LU,ItaLuxColab,EpiNetEKF,WIS,736.649816803553,-0.24810385208086017,14,7,0.7472281557260977
2025-10-15,ILI incidence,2025-10-12,1,LU,MRC_GIDA,NBEATS,WIS,2730.58998262794,-2.138265682011425,14,14,0.0
2025-10-15,ILI incidence,2025-10-12,1,LU,MRC_GIDA,NHiTS,WIS,2395.45377622725,-1.9493519573305707,14,13,0.12559213847938716
2025-10-15,ILI incidence,2025-10-12,1,LU,MRC_GIDA,Prophet,WIS,547.632880633563,0.17966604179501167,14,3,0.8180621652094787
2025-10-15,ILI incidence,2025-10-12,1,LU,MRC_GIDA,TiDE,WIS,1393.86493805767,-1.1681437570201672,14,12,0.5009370927407757
2025-10-15,ILI incidence,2025-10-12,1,LU,QMUL,ARIMA,WIS,580.243124372286,0.09621759002705534,14,4,0.8058414914378614
2025-10-15,ILI incidence,2025-10-12,1,LU,QMUL,SEIR,WIS,62.1410617132397,3.31925631639315,14,1,1.0
2025-10-15,ILI incidence,2025-10-12,1,LU,QMUL,SEIR_agumented,WIS,1374.10846909361,-1.1475488743131734,14,11,0.508340820355426
2025-10-15,ILI incidence,2025-10-12,1,LU,respicast,hubEnsemble,WIS,871.941722524974,-0.4913566012414307,14,9,0.6965275765765274
2025-10-15,ILI incidence,2025-10-12,1,LU,respicast,quantileBaseline,WIS,620.260869565219,0.0,14,5,0.7908448599193478
2025-10-15,ILI incidence,2025-10-12,1,LU,safinea,PRFM,WIS,1074.07013765052,-0.7921411880505763,14,10,0.6207800464134768
2025-10-15,ILI incidence,2025-10-12,1,LV,respicast,quantileBaseline,WIS,36.0968523913043,0.0,1,1,0.0
2025-10-15,ILI incidence,2025-10-12,1,MT,ECDC,SARIMA,WIS,3422.41071621835,0.7698057478753348,9,5,0.46607247370848365
2025-10-15,ILI incidence,2025-10-12,1,MT,ECDC,soca_simplex,WIS,4186.26801725333,0.4791539726986253,9,7,0.318529108240063
2025-10-15,ILI incidence,2025-10-12,1,MT,ItaLuxColab,EpiEKF,WIS,3282.69214575798,0.829939194018822,9,4,0.49305990719406817
2025-10-15,ILI incidence,2025-10-12,1,MT,ItaLuxColab,EpiNetEKF,WIS,3716.61659076627,0.6508287865851591,9,6,0.4092449421622581
2025-10-15,ILI incidence,2025-10-12,1,MT,MRC_GIDA,Prophet,WIS,658.176364599106,3.148272528154664,9,1,1.0
2025-10-15,ILI incidence,2025-10-12,1,MT,QMUL,ARIMA,WIS,5217.61468954264,0.1614282449178728,9,8,0.11931865520381876
2025-10-15,ILI incidence,2025-10-12,1,MT,respicast,hubEnsemble,WIS,2943.77801645986,0.9871497676738461,9,3,0.558523091448105
2025-10-15,ILI incidence,2025-10-12,1,MT,respicast,quantileBaseline,WIS,5835.34782608696,0.0,9,9,0.0
2025-10-15,ILI incidence,2025-10-12,1,MT,safinea,PRFM,WIS,1594.628928901,1.8715979057986118,9,2,0.819118881561483
2025-10-15,ILI incidence,2025-10-12,1,NL,ECDC,SARIMA,WIS,9.53083880254955,-0.14142668645956863,14,9,0.5563200260547139
2025-10-15,ILI incidence,2025-10-12,1,NL,ECDC,soca_simplex,WIS,7.655102172772,0.17475487033127377,14,6,0.6707997996955876
2025-10-15,ILI incidence,2025-10-12,1,NL,ISI,FluBcast,WIS,13.4839130434783,-0.6419908196849936,14,12,0.31505638749114806
2025-10-15,ILI incidence,2025-10-12,1,NL,ItaLuxColab,EpiEKF,WIS,11.7618124425147,-0.44486198116483106,14,11,0.4201594621208234
2025-10-15,ILI incidence,2025-10-12,1,NL,ItaLuxColab,EpiNetEKF,WIS,14.2492195715608,-0.7216344961956571,14,13,0.2683482746836704
2025-10-15,ILI incidence,2025-10-12,1,NL,MRC_GIDA,NBEATS,WIS,2.52551569517409,1.7745984962296597,14,2,0.9838682174597263
2025-10-15,ILI incidence,2025-10-12,1,NL,MRC_GIDA,NHiTS,WIS,6.66359264117742,0.3748762953096364,14,4,0.7313135119821454
2025-10-15,ILI incidence,2025-10-12,1,NL,MRC_GIDA,Prophet,WIS,7.27824489718469,0.24758590829754945,14,5,0.6938001159016363
2025-10-15,ILI incidence,2025-10-12,1,NL,MRC_GIDA,TiDE,WIS,3.1773364849722,1.4433586220242198,14,3,0.9440863550778243
2025-10-15,ILI incidence,2025-10-12,1,NL,QMUL,ARIMA,WIS,11.2109790331531,-0.37566386244577066,14,10,0.4537778726249809
2025-10-15,ILI incidence,2025-10-12,1,NL,QMUL,SEIR,WIS,18.6460721539287,-1.1096233458598757,14,14,0.0
2025-10-15,ILI incidence,2025-10-12,1,NL,respicast,hubEnsemble,WIS,9.26216154712056,-0.10017241634381792,14,8,0.5727179099024104
2025-10-15,ILI incidence,2025-10-12,1,NL,respicast,quantileBaseline,WIS,8.64086956521739,0.0,14,7,0.6106365410812448
2025-10-15,ILI incidence,2025-10-12,1,NL,safinea,PRFM,WIS,2.26119847605274,1.9340888740648219,14,1,1.0
2025-10-15,ILI incidence,2025-10-12,1,NO,ECDC,soca_simplex,WIS,0.298341187490933,3.3431963106096103,7,1,1.0
2025-10-15,ILI incidence,2025-10-12,1,NO,ISI,FluBcast,WIS,3.16782608695652,-0.06526175551049175,7,5,0.43411139929737685
2025-10-15,ILI incidence,2025-10-12,1,NO,ItaLuxColab,EpiEKF,WIS,4.15167349808787,-0.45546161124630286,7,6,0.2400877141078479
2025-10-15,ILI incidence,2025-10-12,1,NO,ItaLuxColab,EpiNetEKF,WIS,5.36910051344794,-0.8264490350461439,7,7,0.0
2025-10-15,ILI incidence,2025-10-12,1,NO,respicast,hubEnsemble,WIS,2.38266687566233,0.3456541181962802,7,3,0.5889519588315264
2025-10-15,ILI incidence,2025-10-12,1,NO,respicast,quantileBaseline,WIS,3.02771913043478,0.0,7,4,0.4617417693298369
2025-10-15,ILI incidence,2025-10-12,1,NO,safinea,PRFM,WIS,2.14129823707183,0.49974563210273487,7,2,0.6365520563859388
2025-10-15,ILI incidence,2025-10-12,1,PL,ECDC,SARIMA,WIS,156.670313081435,0.09929238206437602,14,8,0.547770107472699
2025-10-15,ILI incidence,2025-10-12,1,PL,ECDC,soca_simplex,WIS,112.721530095378,0.5742611162461502,14,2,0.6949310386121138
2025-10-15,ILI incidence,2025-10-12,1,PL,ISI,FluBcast,WIS,157.038695652174,0.09590412136771606,14,9,0.5465365915834722
2025-10-15,ILI incidence,2025-10-12,1,PL,ItaLuxColab,EpiEKF,WIS,320.258769563544,-0.9322138596028519,14,14,0.0
2025-10-15,ILI incidence,2025-10-12,1,PL,ItaLuxColab,EpiNetEKF,WIS,290.089286616935,-0.7894727994213192,14,13,0.10102143678986995
2025-10-15,ILI incidence,2025-10-12,1,PL,MRC_GIDA,NBEATS,WIS,189.541815060462,-0.17549194184131908,14,11,0.4377010563975096
2025-10-15,ILI incidence,2025-10-12,1,PL,MRC_GIDA,NHiTS,WIS,137.508914575491,0.28749906620077514,14,4,0.6119313664309439
2025-10-15,ILI incidence,2025-10-12,1,PL,MRC_GIDA,Prophet,WIS,21.6144035230655,2.9569592875596786,14,1,1.0
2025-10-15,ILI incidence,2025-10-12,1,PL,MRC_GIDA,TiDE,WIS,145.080916892299,0.21016644835991416,14,7,0.586576786944982
2025-10-15,ILI incidence,2025-10-12,1,PL,QMUL,ARIMA,WIS,138.36713587785,0.2785228929590169,14,6,0.6090576430329855
2025-10-15,ILI incidence,2025-10-12,1,PL,QMUL,SEIR,WIS,137.931880125879,0.28306827168241133,14,5,0.6105150813826244
2025-10-15,ILI incidence,2025-10-12,1,PL,respicast,hubEnsemble,WIS,127.883793471512,0.3921907713081635,14,3,0.6441607408925883
2025-10-15,ILI incidence,2025-10-12,1,PL,respicast,quantileBaseline,WIS,167.832744565217,0.0,14,10,0.5103931040763952
2025-10-15,ILI incidence,2025-10-12,1,PL,safinea,PRFM,WIS,229.39548871107,-0.4508128031570187,14,12,0.3042524526987337
2025-10-15,ILI incidence,2025-10-12,1,RO,ECDC,SARIMA,WIS,0.701847977041824,-0.8069307755854307,9,7,0.8086294990140301
2025-10-15,ILI incidence,2025-10-12,1,RO,ItaLuxColab,EpiEKF,WIS,0.660915602315781,-0.7202382585256353,9,5,0.8306005789848665
2025-10-15,ILI incidence,2025-10-12,1,RO,ItaLuxColab,EpiNetEKF,WIS,0.862013545599063,-1.1034827443501636,9,8,0.7226581734093461
2025-10-15,ILI incidence,2025-10-12,1,RO,QMUL,ARIMA,WIS,0.345322532308754,0.21628332234478875,9,1,1.0
2025-10-15,ILI incidence,2025-10-12,1,RO,QMUL,SEIR,WIS,0.624856726266294,-0.6392976358585981,9,4,0.8499557337894493
2025-10-15,ILI incidence,2025-10-12,1,RO,QMUL,SEIR_agumented,WIS,0.504682234158811,-0.3311475062149402,9,3,0.914461235711092
2025-10-15,ILI incidence,2025-10-12,1,RO,respicast,hubEnsemble,WIS,0.678219785188435,-0.7575250761038369,9,6,0.8213122934097038
2025-10-15,ILI incidence,2025-10-12,1,RO,respicast,quantileBaseline,WIS,0.401173913043478,0.0,9,2,0.9700209147205059
2025-10-15,ILI incidence,2025-10-12,1,RO,safinea,PRFM,WIS,2.20833403562926,-2.4606587120210457,9,9,0.0
2025-10-15,ILI incidence,2025-10-12,1,SI,ECDC,SARIMA,WIS,2.2602419344812,-1.138651921467566,14,11,0.7880854169502173
2025-10-15,ILI incidence,2025-10-12,1,SI,ECDC,soca_simplex,WIS,1.17769025754338,-0.19813486375448863,14,8,0.897169378225857
2025-10-15,ILI incidence,2025-10-12,1,SI,ItaLuxColab,EpiEKF,WIS,0.863938185321899,0.2488252878273197,14,6,0.9287847917211016
2025-10-15,ILI incidence,2025-10-12,1,SI,ItaLuxColab,EpiNetEKF,WIS,0.751855561263637,0.44929784641473214,14,5,0.9400788637574852
2025-10-15,ILI incidence,2025-10-12,1,SI,MRC_GIDA,NBEATS,WIS,0.157196861993975,2.707180960826327,14,1,1.0
2025-10-15,ILI incidence,2025-10-12,1,SI,MRC_GIDA,NHiTS,WIS,0.173492915160739,2.5648766298189214,14,2,0.9983579185451752
2025-10-15,ILI incidence,2025-10-12,1,SI,MRC_GIDA,Prophet,WIS,10.0812192781067,-3.2957729473942945,14,14,0.0
2025-10-15,ILI incidence,2025-10-12,1,SI,MRC_GIDA,TiDE,WIS,1.79790932228109,-0.8084949758759904,14,10,0.8346726366091999
2025-10-15,ILI incidence,2025-10-12,1,SI,QMUL,ARIMA,WIS,2.44546867896366,-1.2522857027099294,14,12,0.7694209342721327
2025-10-15,ILI incidence,2025-10-12,1,SI,QMUL,SEIR,WIS,0.662060342944265,0.6327906629683245,14,3,0.9491271321464783
2025-10-15,ILI incidence,2025-10-12,1,SI,QMUL,SEIR_agumented,WIS,4.31857719656532,-2.0727307943376747,14,13,0.5806760444419298
2025-10-15,ILI incidence,2025-10-12,1,SI,respicast,hubEnsemble,WIS,0.69282168464136,0.5672692935284196,14,4,0.9460274473203788
2025-10-15,ILI incidence,2025-10-12,1,SI,respicast,quantileBaseline,WIS,1.0265652173913,0.0,14,7,0.9123975824575113
2025-10-15,ILI incidence,2025-10-12,1,SI,safinea,PRFM,WIS,1.199,-0.22400637439551202,14,9,0.8950220893984939
2025-10-15,ILI incidence,2025-10-19,2,AT,respicast,quantileBaseline,WIS,618.582187391304,0.0,1,1,0.0
2025-10-15,ILI incidence,2025-10-19,2,BE,ECDC,SARIMA,WIS,27.0969395826187,-0.2852255926969813,15,13,0.58635140439553
2025-10-15,ILI incidence,2025-10-19,2,BE,ECDC,soca_simplex,WIS,4.77079016441921,2.220604187170732,15,3,0.979431764846092
2025-10-15,ILI incidence,2025-10-19,2,BE,ISI,FluBcast,WIS,12.2069565217391,0.8652007776456102,15,5,0.8485085636548059
2025-10-15,ILI incidence,2025-10-19,2,BE,ItaLuxColab,EpiEKF,WIS,20.1137901432581,0.14471936377841652,15,9,0.7092986644575999
2025-10-15,ILI incidence,2025-10-19,2,BE,ItaLuxColab,EpiNetEKF,WIS,17.5063621403683,0.3450250055755136,15,8,0.7552057629019616
2025-10-15,ILI incidence,2025-10-19,2,BE,MRC_GIDA,NBEATS,WIS,39.3943807264643,-0.8250855308080418,15,14,0.3698392550366268
2025-10-15,ILI incidence,2025-10-19,2,BE,MRC_GIDA,NHiTS,WIS,4.21901370825505,2.3979266451392736,15,2,0.9891464937146688
2025-10-15,ILI incidence,2025-10-19,2,BE,MRC_GIDA,Prophet,WIS,26.5697133481631,-0.2568783377880955,15,12,0.5956338952718951
2025-10-15,ILI incidence,2025-10-19,2,BE,MRC_GIDA,TiDE,WIS,60.4004835477774,-1.4416557740060105,15,15,0.0
2025-10-15,ILI incidence,2025-10-19,2,BE,QMUL,ARIMA,WIS,16.5711499697235,0.42423060222358855,15,7,0.7716713669901948
2025-10-15,ILI incidence,2025-10-19,2,BE,QMUL,SEIR,WIS,25.2461240919435,-0.1831575899229874,15,11,0.6189373737256934
2025-10-15,ILI incidence,2025-10-19,2,BE,QMUL,SEIR_agumented,WIS,3.60255705608367,2.6258111407542386,15,1,1.0
2025-10-15,ILI incidence,2025-10-19,2,BE,respicast,hubEnsemble,WIS,10.7932433950315,1.042775862133722,15,4,0.8733987878941424
2025-10-15,ILI incidence,2025-10-19,2,BE,respicast,quantileBaseline,WIS,22.2361084782609,0.0,15,10,0.6719325409722087
2025-10-15,ILI incidence,2025-10-19,2,BE,safinea,PRFM,WIS,16.3417721036655,0.4443398873807703,15,6,0.7757098571292941
2025-10-15,ILI incidence,2025-10-19,2,CZ,ECDC,SARIMA,WIS,4.29676173589399,-0.6277531752343325,15,9,0.6412131988301469
2025-10-15,ILI incidence,2025-10-19,2,CZ,ECDC,soca_simplex,WIS,3.05031438774884,-0.13346134131441476,15,5,0.8024462580465842
2025-10-15,ILI incidence,2025-10-19,2,CZ,ISI,FluBcast,WIS,4.03173913043478,-0.535905690002445,15,7,0.6754949561007503
2025-10-15,ILI incidence,2025-10-19,2,CZ,ItaLuxColab,EpiEKF,WIS,4.28761447270196,-0.6246785857897699,15,8,0.6423964347125961
2025-10-15,ILI incidence,2025-10-19,2,CZ,ItaLuxColab,EpiNetEKF,WIS,8.3313900679003,-1.5830606213481164,15,13,0.1193175329291954
2025-10-15,ILI incidence,2025-10-19,2,CZ,MRC_GIDA,NBEATS,WIS,2.12525573439751,0.38786015094271786,15,2,0.9221063759460078
2025-10-15,ILI incidence,2025-10-19,2,CZ,MRC_GIDA,NHiTS,WIS,1.52308207589748,0.868502915826912,15,1,1.0
2025-10-15,ILI incidence,2025-10-19,2,CZ,MRC_GIDA,Prophet,WIS,9.25380029338125,-1.7345493606370057,15,15,0.0
2025-10-15,ILI incidence,2025-10-19,2,CZ,MRC_GIDA,TiDE,WIS,4.51602725277023,-0.6995575885919859,15,10,0.6128503079954571
2025-10-15,ILI incidence,2025-10-19,2,CZ,QMUL,ARIMA,WIS,5.12705035473258,-0.8826324633222208,15,11,0.5338119722583633
2025-10-15,ILI incidence,2025-10-19,2,CZ,QMUL,SEIR,WIS,8.70520674593911,-1.6463819580943193,15,14,0.07096281768509456
2025-10-15,ILI incidence,2025-10-19,2,CZ,QMUL,SEIR_agumented,WIS,7.66570860790377,-1.4629225551130234,15,12,0.20542615068880093
2025-10-15,ILI incidence,2025-10-19,2,CZ,respicast,hubEnsemble,WIS,3.43006514458414,-0.3027393729082833,15,6,0.75332394545518
2025-10-15,ILI incidence,2025-10-19,2,CZ,respicast,quantileBaseline,WIS,2.78079347826087,0.0,15,4,0.8373098893296934
2025-10-15,ILI incidence,2025-10-19,2,CZ,safinea,PRFM,WIS,2.73916120302369,0.021762430816436522,15,3,0.8426951942995505
2025-10-15,ILI incidence,2025-10-19,2,EE,ECDC,soca_simplex,WIS,21.2798375367372,-0.1733044944651877,7,2,0.9098491643417531
2025-10-15,ILI incidence,2025-10-19,2,EE,ISI,FluBcast,WIS,22.6086956521739,-0.26069512008226325,7,3,0.8601134213826374
2025-10-15,ILI incidence,2025-10-19,2,EE,ItaLuxColab,EpiEKF,WIS,45.5895265837616,-1.2725197858715005,7,7,0.0
2025-10-15,ILI incidence,2025-10-19,2,EE,ItaLuxColab,EpiNetEKF,WIS,37.50531533034,-0.9909124298015239,7,6,0.30257124387973905
2025-10-15,ILI incidence,2025-10-19,2,EE,respicast,hubEnsemble,WIS,28.3909178442751,-0.5892468484123516,7,5,0.6436997099877736
2025-10-15,ILI incidence,2025-10-19,2,EE,respicast,quantileBaseline,WIS,18.8711539130435,0.0,7,1,1.0
2025-10-15,ILI incidence,2025-10-19,2,EE,safinea,PRFM,WIS,25.5176651762863,-0.43531368895474254,7,4,0.7512381706342834
2025-10-15,ILI incidence,2025-10-19,2,ES,ECDC,SARIMA,WIS,3.25463676831488,-1.013659389448798,11,3,0.7977328792174511
2025-10-15,ILI incidence,2025-10-19,2,ES,ECDC,soca_simplex,WIS,4.35493706166496,-1.4338147170306326,11,6,0.6623309137693986
2025-10-15,ILI incidence,2025-10-19,2,ES,ISI,FluBcast,WIS,4.15,-1.3642741846040518,11,4,0.6875502844360166
2025-10-15,ILI incidence,2025-10-19,2,ES,ItaLuxColab,EpiEKF,WIS,4.62340520468165,-1.520118657001455,11,7,0.6292934653161489
2025-10-15,ILI incidence,2025-10-19,2,ES,ItaLuxColab,EpiNetEKF,WIS,5.9009838798054,-1.8721183653608258,11,10,0.4720757814967773
2025-10-15,ILI incidence,2025-10-19,2,ES,QMUL,ARIMA,WIS,4.84658905386868,-1.5881326085774232,11,8,0.6018286613723307
2025-10-15,ILI incidence,2025-10-19,2,ES,QMUL,SEIR,WIS,9.73715508415658,-2.5946631681413868,11,11,0.0
2025-10-15,ILI incidence,2025-10-19,2,ES,QMUL,SEIR_agumented,WIS,5.48503345026652,-1.7666632670202636,11,9,0.5232622676123515
2025-10-15,ILI incidence,2025-10-19,2,ES,respicast,hubEnsemble,WIS,4.19799501532066,-1.3808633017263352,11,5,0.6816440609755644
2025-10-15,ILI incidence,2025-10-19,2,ES,respicast,quantileBaseline,WIS,1.61198369565217,0.0,11,2,0.9998762903680714
2025-10-15,ILI incidence,2025-10-19,2,ES,safinea,PRFM,WIS,1.61097840932674,0.0008999929854370403,11,1,1.0
2025-10-15,ILI incidence,2025-10-19,2,FI,ECDC,soca_simplex,WIS,38.5803121407523,-4.156236189640761,7,7,0.0
2025-10-15,ILI incidence,2025-10-19,2,FI,ISI,FluBcast,WIS,0.936521739130435,1.2081723323445197,7,1,1.0
2025-10-15,ILI incidence,2025-10-19,2,FI,ItaLuxColab,EpiEKF,WIS,2.47758544643184,-0.195378092567788,7,3,0.9590619411366447
2025-10-15,ILI incidence,2025-10-19,2,FI,ItaLuxColab,EpiNetEKF,WIS,2.49228974102382,-0.20391507749734825,7,4,0.9586713243991934
2025-10-15,ILI incidence,2025-10-19,2,FI,respicast,hubEnsemble,WIS,2.5548459908073,-0.2396796053327894,7,5,0.9570095297415336
2025-10-15,ILI incidence,2025-10-19,2,FI,respicast,quantileBaseline,WIS,2.16378434782609,0.0,7,2,0.9673980065343585
2025-10-15,ILI incidence,2025-10-19,2,FI,safinea,PRFM,WIS,14.4381496272684,-2.738257234156735,7,6,0.6413318705664598
2025-10-15,ILI incidence,2025-10-19,2,FR,ECDC,SARIMA,WIS,12.6051399635512,0.025417361241066392,10,3,0.974453503333717
2025-10-15,ILI incidence,2025-10-19,2,FR,ECDC,soca_simplex,WIS,10.883779851127,0.2372498185127537,10,1,1.0
2025-10-15,ILI incidence,2025-10-19,2,FR,ISI,FluBcast,WIS,34.8713043478261,-1.4426108298179052,10,8,0.6440040580908424
2025-10-15,ILI incidence,2025-10-19,2,FR,ItaLuxColab,EpiEKF,WIS,32.3241585671105,-1.33318331684521,10,6,0.681805939711039
2025-10-15,ILI incidence,2025-10-19,2,FR,ItaLuxColab,EpiNetEKF,WIS,34.8208061628519,-1.4405201055378563,10,7,0.6447534955297521
2025-10-15,ILI incidence,2025-10-19,2,FR,QMUL,ARIMA,WIS,12.2222007194188,0.06992541973308755,10,2,0.9801366582139822
2025-10-15,ILI incidence,2025-10-19,2,FR,QMUL,SEIR,WIS,78.2652347296778,-2.608942108613016,10,10,0.0
2025-10-15,ILI incidence,2025-10-19,2,FR,respicast,hubEnsemble,WIS,29.9286926775376,-1.2220997627381822,10,5,0.7173567584621408
2025-10-15,ILI incidence,2025-10-19,2,FR,respicast,quantileBaseline,WIS,12.8291847826087,0.0,10,4,0.9711284813456742
2025-10-15,ILI incidence,2025-10-19,2,FR,safinea,PRFM,WIS,65.3889122016403,-2.3496165243018408,10,9,0.19109594103074734
2025-10-15,ILI incidence,2025-10-19,2,GR,ECDC,SARIMA,WIS,81.3003524911955,-0.0471439824251616,15,11,0.8880435964607488
2025-10-15,ILI incidence,2025-10-19,2,GR,ECDC,soca_simplex,WIS,43.2058676159827,0.8648903725987369,15,1,1.0
2025-10-15,ILI incidence,2025-10-19,2,GR,ISI,FluBcast,WIS,50.3482608695652,0.6441756794354524,15,5,0.9790091226078131
2025-10-15,ILI incidence,2025-10-19,2,GR,ItaLuxColab,EpiEKF,WIS,79.2095526697867,-0.009556804845015468,15,10,0.8941882767023169
2025-10-15,ILI incidence,2025-10-19,2,GR,ItaLuxColab,EpiNetEKF,WIS,60.8571668348276,0.37069045323101296,15,6,0.9481243548820654
2025-10-15,ILI incidence,2025-10-19,2,GR,MRC_GIDA,NBEATS,WIS,383.46764515564,-2.284915326319752,15,15,0.0
2025-10-15,ILI incidence,2025-10-19,2,GR,MRC_GIDA,NHiTS,WIS,343.822423242382,-2.1274741068171665,15,14,0.11651388586729342
2025-10-15,ILI incidence,2025-10-19,2,GR,MRC_GIDA,Prophet,WIS,49.8428312238026,0.6587316047947428,15,3,0.9804945367187287
2025-10-15,ILI incidence,2025-10-19,2,GR,MRC_GIDA,TiDE,WIS,260.889889723997,-1.7292515063762914,15,13,0.36024544489824945
2025-10-15,ILI incidence,2025-10-19,2,GR,QMUL,ARIMA,WIS,46.740017811786,0.7514593410267623,15,2,0.989613437567517
2025-10-15,ILI incidence,2025-10-19,2,GR,QMUL,SEIR,WIS,108.44623784964,-0.46279047474137147,15,12,0.8082641820500877
2025-10-15,ILI incidence,2025-10-19,2,GR,QMUL,SEIR_agumented,WIS,75.0134200430892,0.06896890535576589,15,8,0.9065203483708971
2025-10-15,ILI incidence,2025-10-19,2,GR,respicast,hubEnsemble,WIS,50.205604284463,0.6482692085234123,15,4,0.9794283780003339
2025-10-15,ILI incidence,2025-10-19,2,GR,respicast,quantileBaseline,WIS,78.6865810869565,0.0,15,9,0.8957252450524257
2025-10-15,ILI incidence,2025-10-19,2,GR,safinea,PRFM,WIS,66.2630541784239,0.24791292367941792,15,7,0.9322369185009213
2025-10-15,ILI incidence,2025-10-19,2,HR,ECDC,SARIMA,WIS,2.15445100769447,-0.6244242077726856,10,7,0.660082066581665
2025-10-15,ILI incidence,2025-10-19,2,HR,ECDC,soca_simplex,WIS,1.66135624275382,-0.2494653778468338,10,6,0.774137449442537
2025-10-15,ILI incidence,2025-10-19,2,HR,ItaLuxColab,EpiEKF,WIS,1.25382170539259,0.1565638739489627,10,4,0.8684023068140366
2025-10-15,ILI incidence,2025-10-19,2,HR,ItaLuxColab,EpiNetEKF,WIS,0.684886404308036,1.0289594573871532,10,1,1.0
2025-10-15,ILI incidence,2025-10-19,2,HR,QMUL,ARIMA,WIS,3.4619605588137,-1.3086932044578974,10,9,0.35764830931981234
2025-10-15,ILI incidence,2025-10-19,2,HR,QMUL,SEIR,WIS,0.869309465260798,0.6849543258643641,10,2,0.9573419871373547
2025-10-15,ILI incidence,2025-10-19,2,HR,QMUL,SEIR_agumented,WIS,5.00817876081295,-1.8413899743204312,10,10,0.0
2025-10-15,ILI incidence,2025-10-19,2,HR,respicast,hubEnsemble,WIS,1.08987429622665,0.35873433687037104,10,3,0.9063241949600606
2025-10-15,ILI incidence,2025-10-19,2,HR,respicast,quantileBaseline,WIS,1.39754630434783,0.0,10,5,0.8351580598134865
2025-10-15,ILI incidence,2025-10-19,2,HR,safinea,PRFM,WIS,2.47224519807045,-0.8229257531912414,10,8,0.5865746180516529
2025-10-15,ILI incidence,2025-10-19,2,HU,respicast,quantileBaseline,WIS,95.2920530434782,0.0,1,1,0.0
2025-10-15,ILI incidence,2025-10-19,2,IE,ECDC,SARIMA,WIS,2.48398449450972,-1.0692188841229011,15,13,0.5833694689249124
2025-10-15,ILI incidence,2025-10-19,2,IE,ECDC,soca_simplex,WIS,1.04159384499714,0.18464445544956065,15,5,0.8932618977226976
2025-10-15,ILI incidence,2025-10-19,2,IE,ISI,FluBcast,WIS,0.544782608695652,1.119684730404408,15,1,1.0
2025-10-15,ILI incidence,2025-10-19,2,IE,ItaLuxColab,EpiEKF,WIS,1.62181122120588,-0.45416861575913414,15,8,0.7686042871060693
2025-10-15,ILI incidence,2025-10-19,2,IE,ItaLuxColab,EpiNetEKF,WIS,1.95017247627355,-0.7201644399063619,15,10,0.6980570557506834
2025-10-15,ILI incidence,2025-10-19,2,IE,MRC_GIDA,NBEATS,WIS,5.19927079709146,-2.1348720141304014,15,15,0.0
2025-10-15,ILI incidence,2025-10-19,2,IE,MRC_GIDA,NHiTS,WIS,4.35930468806338,-1.880660758658595,15,14,0.18046368903077567
2025-10-15,ILI incidence,2025-10-19,2,IE,MRC_GIDA,Prophet,WIS,1.65990916412249,-0.4876670106561863,15,9,0.7604190814777485
2025-10-15,ILI incidence,2025-10-19,2,IE,MRC_GIDA,TiDE,WIS,2.40438900205997,-1.0222330422467665,15,12,0.6004702734018021
2025-10-15,ILI incidence,2025-10-19,2,IE,QMUL,ARIMA,WIS,0.938393179593299,0.33517285113870554,15,3,0.9154341884723297
2025-10-15,ILI incidence,2025-10-19,2,IE,QMUL,SEIR,WIS,2.19131855073051,-0.8883619394357645,15,11,0.6462476913917479
2025-10-15,ILI incidence,2025-10-19,2,IE,QMUL,SEIR_agumented,WIS,0.583964704545641,1.0194842050803434,15,2,0.9915818680241417
2025-10-15,ILI incidence,2025-10-19,2,IE,respicast,hubEnsemble,WIS,1.0103867229684,0.22852969733011924,15,4,0.8999666353362857
2025-10-15,ILI incidence,2025-10-19,2,IE,respicast,quantileBaseline,WIS,1.18380978260869,0.0,15,6,0.8627073164550705
2025-10-15,ILI incidence,2025-10-19,2,IE,safinea,PRFM,WIS,1.2022175710915,-0.02226072723781066,15,7,0.8587524694906495
2025-10-15,ILI incidence,2025-10-19,2,IS,ECDC,soca_simplex,WIS,1.37909719320113,-0.4041870729211259,7,6,0.10910013161995699
2025-10-15,ILI incidence,2025-10-19,2,IS,ISI,FluBcast,WIS,1.21347826086957,-0.2196112003999514,7,5,0.37881801008494864
2025-10-15,ILI incidence,2025-10-19,2,IS,ItaLuxColab,EpiEKF,WIS,1.44608959066089,-0.47261987257931515,7,7,0.0
2025-10-15,ILI incidence,2025-10-19,2,IS,ItaLuxColab,EpiNetEKF,WIS,0.832044525223907,0.32480442430615486,7,1,1.0
2025-10-15,ILI incidence,2025-10-19,2,IS,respicast,hubEnsemble,WIS,1.16944302206145,-0.16628450916644533,7,3,0.450531376557135
2025-10-15,ILI incidence,2025-10-19,2,IS,respicast,quantileBaseline,WIS,1.04213130434783,0.0,7,2,0.657864233507983
2025-10-15,ILI incidence,2025-10-19,2,IS,safinea,PRFM,WIS,1.18328119715134,-0.1832558963280587,7,4,0.427995286180703
2025-10-15,ILI incidence,2025-10-19,2,LT,ECDC,SARIMA,WIS,5.51630194600753,-0.8999066270854255,15,14,0.7202579177199079
2025-10-15,ILI incidence,2025-10-19,2,LT,ECDC,soca_simplex,WIS,0.59315850707951,2.3173052144654864,15,2,0.9931491880649962
2025-10-15,ILI incidence,2025-10-19,2,LT,ISI,FluBcast,WIS,0.469565217391304,2.654397349556313,15,1,1.0
2025-10-15,ILI incidence,2025-10-19,2,LT,ItaLuxColab,EpiEKF,WIS,3.72444615233413,-0.3332311032722652,15,9,0.8195810046615334
2025-10-15,ILI incidence,2025-10-19,2,LT,ItaLuxColab,EpiNetEKF,WIS,3.16227484177602,-0.09716796086009287,15,7,0.8507423236425562
2025-10-15,ILI incidence,2025-10-19,2,LT,MRC_GIDA,NBEATS,WIS,2.7525234264223,0.103039958315659,15,5,0.8734549635744778
2025-10-15,ILI incidence,2025-10-19,2,LT,MRC_GIDA,NHiTS,WIS,3.32400275491006,-0.1691267770288312,15,8,0.8417776984568602
2025-10-15,ILI incidence,2025-10-19,2,LT,MRC_GIDA,Prophet,WIS,18.5102428568863,-2.646457117798405,15,15,0.0
2025-10-15,ILI incidence,2025-10-19,2,LT,MRC_GIDA,TiDE,WIS,4.95981509349164,-0.7464915358296532,15,11,0.7511041455410635
2025-10-15,ILI incidence,2025-10-19,2,LT,QMUL,ARIMA,WIS,5.00562970386974,-0.759756769485723,15,12,0.7485646283846901
2025-10-15,ILI incidence,2025-10-19,2,LT,QMUL,SEIR,WIS,1.31517789523539,1.1685368444399173,15,3,0.9531274437278977
2025-10-15,ILI incidence,2025-10-19,2,LT,QMUL,SEIR_agumented,WIS,5.12369709871243,-0.793390388584433,15,13,0.7420201184055186
2025-10-15,ILI incidence,2025-10-19,2,LT,respicast,hubEnsemble,WIS,2.16144559110496,0.4517982802626193,15,4,0.9062185796164463
2025-10-15,ILI incidence,2025-10-19,2,LT,respicast,quantileBaseline,WIS,2.95630434782609,0.0,15,6,0.8621593279295245
2025-10-15,ILI incidence,2025-10-19,2,LT,safinea,PRFM,WIS,4.02706759978109,-0.44593488930075925,15,10,0.8028066099578413
2025-10-15,ILI incidence,2025-10-19,2,LU,ECDC,SARIMA,WIS,793.068456210644,0.003668828450708234,14,6,0.8606940357616816
2025-10-15,ILI incidence,2025-10-19,2,LU,ECDC,soca_simplex,WIS,1618.08212880551,-1.025098700679641,14,12,0.5421160253133963
2025-10-15,ILI incidence,2025-10-19,2,LU,ItaLuxColab,EpiEKF,WIS,1169.74778598837,-0.5570113624246318,14,10,0.7152397779187211
2025-10-15,ILI incidence,2025-10-19,2,LU,ItaLuxColab,EpiNetEKF,WIS,3021.98672469079,-1.9263111872400123,14,14,0.0
2025-10-15,ILI incidence,2025-10-19,2,LU,MRC_GIDA,NBEATS,WIS,824.118255391094,-0.05173713869763463,14,8,0.8487041941671605
2025-10-15,ILI incidence,2025-10-19,2,LU,MRC_GIDA,NHiTS,WIS,432.311211826758,0.8790439780717814,14,1,1.0
2025-10-15,ILI incidence,2025-10-19,2,LU,MRC_GIDA,Prophet,WIS,1070.7027117467,-0.4293718254590873,14,9,0.7534859109765772
2025-10-15,ILI incidence,2025-10-19,2,LU,MRC_GIDA,TiDE,WIS,484.911120952101,0.7133938896545697,14,3,0.9796886100733252
2025-10-15,ILI incidence,2025-10-19,2,LU,QMUL,ARIMA,WIS,499.396838882555,0.6709275413157586,14,4,0.9740949679901773
2025-10-15,ILI incidence,2025-10-19,2,LU,QMUL,SEIR,WIS,2700.69849436091,-1.7641464508941191,14,13,0.12406505322149566
2025-10-15,ILI incidence,2025-10-19,2,LU,QMUL,SEIR_agumented,WIS,721.903644349777,0.13930794341907848,14,5,0.8881742399445457
2025-10-15,ILI incidence,2025-10-19,2,LU,respicast,hubEnsemble,WIS,478.93821691864,0.7312746703882907,14,2,0.9819950395869036
2025-10-15,ILI incidence,2025-10-19,2,LU,respicast,quantileBaseline,WIS,795.087826086957,0.0,14,7,0.8599142585786784
2025-10-15,ILI incidence,2025-10-19,2,LU,safinea,PRFM,WIS,1406.3291408195,-0.8227481502652811,14,11,0.6238841800239544
2025-10-15,ILI incidence,2025-10-19,2,LV,respicast,quantileBaseline,WIS,36.8218513043478,0.0,1,1,0.0
2025-10-15,ILI incidence,2025-10-19,2,MT,ECDC,SARIMA,WIS,1218.22263516974,-1.0080072278411536,9,2,0.9032377560902575
2025-10-15,ILI incidence,2025-10-19,2,MT,ECDC,soca_simplex,WIS,2042.09328639795,-1.753278184638914,9,7,0.7730796612699377
2025-10-15,ILI incidence,2025-10-19,2,MT,ItaLuxColab,EpiEKF,WIS,1736.79453111644,-1.5196565003423101,9,5,0.8213118737892415
2025-10-15,ILI incidence,2025-10-19,2,MT,ItaLuxColab,EpiNetEKF,WIS,1405.88829469375,-1.214711381247635,9,4,0.8735896497152703
2025-10-15,ILI incidence,2025-10-19,2,MT,MRC_GIDA,Prophet,WIS,6935.50882740596,-3.5172311426255836,9,9,0.0
2025-10-15,ILI incidence,2025-10-19,2,MT,QMUL,ARIMA,WIS,1226.51504225401,-1.0177943396192906,9,3,0.9019276913295404
2025-10-15,ILI incidence,2025-10-19,2,MT,respicast,hubEnsemble,WIS,1739.38464007876,-1.5218064114158143,9,6,0.8209026789145244
2025-10-15,ILI incidence,2025-10-19,2,MT,respicast,quantileBaseline,WIS,605.74,0.0,9,1,1.0
2025-10-15,ILI incidence,2025-10-19,2,MT,safinea,PRFM,WIS,5051.68658791957,-3.0599945476282184,9,8,0.2976131184017363
2025-10-15,ILI incidence,2025-10-19,2,NL,ECDC,SARIMA,WIS,2.92003263244261,-0.14632546732087653,14,7,0.8185815737098632
2025-10-15,ILI incidence,2025-10-19,2,NL,ECDC,soca_simplex,WIS,2.36902984755793,0.15536264922481097,14,4,0.8641846330648653
2025-10-15,ILI incidence,2025-10-19,2,NL,ISI,FluBcast,WIS,6.05521739130435,-1.1985197312214964,14,12,0.5591019112301293
2025-10-15,ILI incidence,2025-10-19,2,NL,ItaLuxColab,EpiEKF,WIS,5.25359390897333,-0.9936456631661119,14,11,0.6254472805239633
2025-10-15,ILI incidence,2025-10-19,2,NL,ItaLuxColab,EpiNetEKF,WIS,6.07928280326716,-1.204242108815588,14,13,0.557110167376471
2025-10-15,ILI incidence,2025-10-19,2,NL,MRC_GIDA,NBEATS,WIS,4.84978276335128,-0.8782611014859281,14,10,0.6588682071457186
2025-10-15,ILI incidence,2025-10-19,2,NL,MRC_GIDA,NHiTS,WIS,0.728029299133423,1.8575906073612913,14,1,1.0
2025-10-15,ILI incidence,2025-10-19,2,NL,MRC_GIDA,Prophet,WIS,2.9266411625112,-0.14958684223321678,14,8,0.8180346269480053
2025-10-15,ILI incidence,2025-10-19,2,NL,MRC_GIDA,TiDE,WIS,1.83511647283702,0.5237873922721543,14,2,0.9083733086682436
2025-10-15,ILI incidence,2025-10-19,2,NL,QMUL,ARIMA,WIS,1.84073192328559,0.5193794907791219,14,3,0.9079085529045049
2025-10-15,ILI incidence,2025-10-19,2,NL,QMUL,SEIR,WIS,12.81061307044,-2.2796085899552705,14,14,0.0
2025-10-15,ILI incidence,2025-10-19,2,NL,respicast,hubEnsemble,WIS,2.40464286012608,0.1338363850757804,14,5,0.8612371664267507
2025-10-15,ILI incidence,2025-10-19,2,NL,respicast,quantileBaseline,WIS,2.63839217391304,0.0,14,6,0.8418911955474044
2025-10-15,ILI incidence,2025-10-19,2,NL,safinea,PRFM,WIS,4.33921051672671,-0.7177735556545183,14,9,0.7011250833477329
2025-10-15,ILI incidence,2025-10-19,2,NO,ECDC,soca_simplex,WIS,1.16306624484646,1.9192868894767101,7,1,1.0
2025-10-15,ILI incidence,2025-10-19,2,NO,ISI,FluBcast,WIS,4.37173913043478,0.009012844950679073,7,4,0.5078955995200218
2025-10-15,ILI incidence,2025-10-19,2,NO,ItaLuxColab,EpiEKF,WIS,5.35295060778585,-0.2831141805102855,7,6,0.35741017983929657
2025-10-15,ILI incidence,2025-10-19,2,NO,ItaLuxColab,EpiNetEKF,WIS,7.68337551755102,-0.8045201053934931,7,7,0.0
2025-10-15,ILI incidence,2025-10-19,2,NO,respicast,hubEnsemble,WIS,3.46834394087453,0.34297318874437477,7,3,0.6464465718400098
2025-10-15,ILI incidence,2025-10-19,2,NO,respicast,quantileBaseline,WIS,4.39913586956522,0.0,7,5,0.5036938449736341
2025-10-15,ILI incidence,2025-10-19,2,NO,safinea,PRFM,WIS,1.93663054420453,1.1836714066197047,7,2,0.881360796397131
2025-10-15,ILI incidence,2025-10-19,2,PL,ECDC,SARIMA,WIS,189.869669298197,-0.19117859545114543,14,9,0.5187430581819162
2025-10-15,ILI incidence,2025-10-19,2,PL,ECDC,soca_simplex,WIS,145.970610778167,0.18815293426563282,14,6,0.6349361860016319
2025-10-15,ILI incidence,2025-10-19,2,PL,ISI,FluBcast,WIS,190.340434782609,-0.19475120632900386,14,10,0.5174970243044827
2025-10-15,ILI incidence,2025-10-19,2,PL,ItaLuxColab,EpiEKF,WIS,385.856577433768,-1.2142338332541132,14,14,0.0
2025-10-15,ILI incidence,2025-10-19,2,PL,ItaLuxColab,EpiNetEKF,WIS,302.054237286915,-0.8609767598378139,14,12,0.2218101332590475
2025-10-15,ILI incidence,2025-10-19,2,PL,MRC_GIDA,NBEATS,WIS,27.2011839783963,2.6120895115971967,14,2,0.9492980801849309
2025-10-15,ILI incidence,2025-10-19,2,PL,MRC_GIDA,NHiTS,WIS,8.04543366162137,4.369516868521003,14,1,1.0
2025-10-15,ILI incidence,2025-10-19,2,PL,MRC_GIDA,Prophet,WIS,28.1688651461469,2.56165751795532,14,4,0.9467367974284482
2025-10-15,ILI incidence,2025-10-19,2,PL,MRC_GIDA,TiDE,WIS,28.0510694803105,2.5677031838836593,14,3,0.9470485819477196
2025-10-15,ILI incidence,2025-10-19,2,PL,QMUL,ARIMA,WIS,131.655785500875,0.3370599445628551,14,5,0.6728250241506863
2025-10-15,ILI incidence,2025-10-19,2,PL,QMUL,SEIR,WIS,235.732473670132,-0.5033196474947842,14,11,0.3973522386469734
2025-10-15,ILI incidence,2025-10-19,2,PL,respicast,hubEnsemble,WIS,161.362551141508,0.04352506709073174,14,7,0.5941964126596797
2025-10-15,ILI incidence,2025-10-19,2,PL,respicast,quantileBaseline,WIS,166.30492173913,0.0,14,8,0.5811148223490383
2025-10-15,ILI incidence,2025-10-19,2,PL,safinea,PRFM,WIS,328.044603688732,-0.98006112372838,14,13,0.15301818037400633
2025-10-15,ILI incidence,2025-10-19,2,RO,ECDC,SARIMA,WIS,0.771950275482453,-0.580876128441543,10,7,0.7796121400298593
2025-10-15,ILI incidence,2025-10-19,2,RO,ECDC,soca_simplex,WIS,0.830448604298355,-0.6862590918029443,10,9,0.7542874048768557
2025-10-15,ILI incidence,2025-10-19,2,RO,ItaLuxColab,EpiEKF,WIS,0.642950630271418,-0.31707617067607957,10,6,0.8354578695733814
2025-10-15,ILI incidence,2025-10-19,2,RO,ItaLuxColab,EpiNetEKF,WIS,0.79449547643283,-0.6224072133422803,10,8,0.7698520109014467
2025-10-15,ILI incidence,2025-10-19,2,RO,QMUL,ARIMA,WIS,0.471007404211947,0.13188205296858962,10,3,0.9098944688651793
2025-10-15,ILI incidence,2025-10-19,2,RO,QMUL,SEIR,WIS,0.295162396720149,0.8061228563176879,10,2,0.9860202032724357
2025-10-15,ILI incidence,2025-10-19,2,RO,QMUL,SEIR_agumented,WIS,0.262870065100186,0.9732819307987727,10,1,1.0
2025-10-15,ILI incidence,2025-10-19,2,RO,respicast,hubEnsemble,WIS,0.57565231251077,-0.15756591113928647,10,5,0.8645922415807369
2025-10-15,ILI incidence,2025-10-19,2,RO,respicast,quantileBaseline,WIS,0.516093260869565,0.0,10,4,0.8903761783069356
2025-10-15,ILI incidence,2025-10-19,2,RO,safinea,PRFM,WIS,2.57279861765857,-2.3176348392939836,10,10,0.0
2025-10-15,ILI incidence,2025-10-19,2,SI,ECDC,SARIMA,WIS,3.10522884112143,0.16208881839486602,13,6,0.7395355808833135
2025-10-15,ILI incidence,2025-10-19,2,SI,ItaLuxColab,EpiEKF,WIS,2.756060417263,0.33418089618795926,13,4,0.7881658766473413
2025-10-15,ILI incidence,2025-10-19,2,SI,ItaLuxColab,EpiNetEKF,WIS,2.07385928209821,0.7444704047077353,13,2,0.8831791731161829
2025-10-15,ILI incidence,2025-10-19,2,SI,MRC_GIDA,NBEATS,WIS,4.26732073801303,-0.2965421388999396,13,9,0.5776856861352949
2025-10-15,ILI incidence,2025-10-19,2,SI,MRC_GIDA,NHiTS,WIS,4.30275312187497,-0.3084716546978624,13,10,0.5727508547213028
2025-10-15,ILI incidence,2025-10-19,2,SI,MRC_GIDA,Prophet,WIS,8.41513841718584,-1.276198591288653,13,13,0.0
2025-10-15,ILI incidence,2025-10-19,2,SI,MRC_GIDA,TiDE,WIS,3.23835823447289,0.10152582212574908,13,7,0.720994036656531
2025-10-15,ILI incidence,2025-10-19,2,SI,QMUL,ARIMA,WIS,2.86854375723665,0.2764698855007575,13,5,0.7724998034354573
2025-10-15,ILI incidence,2025-10-19,2,SI,QMUL,SEIR,WIS,5.53557387782144,-0.6719444794611233,13,11,0.4010502257720578
2025-10-15,ILI incidence,2025-10-19,2,SI,QMUL,SEIR_agumented,WIS,1.23507877796988,1.4921853455043066,13,1,1.0
2025-10-15,ILI incidence,2025-10-19,2,SI,respicast,hubEnsemble,WIS,2.31246237378809,0.5873585191214399,13,3,0.8499478207766172
2025-10-15,ILI incidence,2025-10-19,2,SI,respicast,quantileBaseline,WIS,3.47445913043478,0.0,13,8,0.6881111766490239
2025-10-15,ILI incidence,2025-10-19,2,SI,safinea,PRFM,WIS,6.399,-0.8810580556345267,13,12,0.28079689006677894
2025-10-15,ILI incidence,2025-10-26,3,AT,respicast,quantileBaseline,WIS,683.145847826087,0.0,1,1,0.0
2025-10-15,ILI incidence,2025-10-26,3,BE,ECDC,SARIMA,WIS,35.5689904433868,-0.600211377691953,15,10,0.7305835124541846
2025-10-15,ILI incidence,2025-10-26,3,BE,ECDC,soca_simplex,WIS,17.26629110142,0.442450432237833,15,3,0.9176203778687101
2025-10-15,ILI incidence,2025-10-26,3,BE,ISI,FluBcast,WIS,50.1069565217391,-1.0946022624619665,15,12,0.5820187814277109
2025-10-15,ILI incidence,2025-10-26,3,BE,ItaLuxColab,EpiEKF,WIS,31.7453274415463,-0.43613560968104503,15,9,0.7696578549270415
2025-10-15,ILI incidence,2025-10-26,3,BE,ItaLuxColab,EpiNetEKF,WIS,57.3406224129484,-1.2891489154311024,15,13,0.5080973248999566
2025-10-15,ILI incidence,2025-10-26,3,BE,MRC_GIDA,NBEATS,WIS,9.20494205970997,1.34992810348958,15,1,1.0
2025-10-15,ILI incidence,2025-10-26,3,BE,MRC_GIDA,NHiTS,WIS,14.5624537517462,0.6881551812134534,15,2,0.9452511252806031
2025-10-15,ILI incidence,2025-10-26,3,BE,MRC_GIDA,Prophet,WIS,27.2080300284499,-0.2136238542097863,15,7,0.8160248890864843
2025-10-15,ILI incidence,2025-10-26,3,BE,MRC_GIDA,TiDE,WIS,30.4225787966674,-0.3747338003644873,15,8,0.7831751375773762
2025-10-15,ILI incidence,2025-10-26,3,BE,QMUL,ARIMA,WIS,38.1470323693635,-0.7011621784394535,15,11,0.7042382793422424
2025-10-15,ILI incidence,2025-10-26,3,BE,QMUL,SEIR,WIS,107.061048134857,-2.1899531276072866,15,15,0.0
2025-10-15,ILI incidence,2025-10-26,3,BE,QMUL,SEIR_agumented,WIS,73.1428671367364,-1.6403085309815801,15,14,0.3466128211976233
2025-10-15,ILI incidence,2025-10-26,3,BE,respicast,hubEnsemble,WIS,26.9181194085786,-0.1981689726878174,15,6,0.8189875107510809
2025-10-15,ILI incidence,2025-10-26,3,BE,respicast,quantileBaseline,WIS,23.4633441304348,0.0,15,4,0.8542921577139467
2025-10-15,ILI incidence,2025-10-26,3,BE,safinea,PRFM,WIS,24.5176642885701,-0.06341289590909348,15,5,0.8435179689543238
2025-10-15,ILI incidence,2025-10-26,3,CZ,ECDC,SARIMA,WIS,5.23754340522178,-0.6466282339650098,15,10,0.5655503896568504
2025-10-15,ILI incidence,2025-10-26,3,CZ,ECDC,soca_simplex,WIS,1.50507268356903,1.1524289011080688,15,1,1.0
2025-10-15,ILI incidence,2025-10-26,3,CZ,ISI,FluBcast,WIS,3.35,-0.0018990345919305874,15,6,0.7852553942124567
2025-10-15,ILI incidence,2025-10-26,3,CZ,ItaLuxColab,EpiEKF,WIS,4.92223158707327,-0.5570504760663182,15,9,0.6022518420584789
2025-10-15,ILI incidence,2025-10-26,3,CZ,ItaLuxColab,EpiNetEKF,WIS,9.89398223980176,-1.5642892488098576,15,14,0.02355336191480926
2025-10-15,ILI incidence,2025-10-26,3,CZ,MRC_GIDA,NBEATS,WIS,3.50061039626628,-0.06534444361799584,15,7,0.7677247468608442
2025-10-15,ILI incidence,2025-10-26,3,CZ,MRC_GIDA,NHiTS,WIS,2.58725152272714,0.37084174682745424,15,2,0.8740372771669974
2025-10-15,ILI incidence,2025-10-26,3,CZ,MRC_GIDA,Prophet,WIS,8.07667945986331,-1.2715002231606514,15,12,0.23508254553026095
2025-10-15,ILI incidence,2025-10-26,3,CZ,MRC_GIDA,TiDE,WIS,3.825609545404,-0.19342757390396073,15,8,0.7298957150386695
2025-10-15,ILI incidence,2025-10-26,3,CZ,QMUL,ARIMA,WIS,5.24701164170562,-0.6492339299575182,15,11,0.56444831225081
2025-10-15,ILI incidence,2025-10-26,3,CZ,QMUL,SEIR,WIS,10.096335358899,-1.5934977705568343,15,15,0.0
2025-10-15,ILI incidence,2025-10-26,3,CZ,QMUL,SEIR_agumented,WIS,8.62880826113448,-1.366899259205054,15,13,0.17081622960715198
2025-10-15,ILI incidence,2025-10-26,3,CZ,respicast,hubEnsemble,WIS,3.33915653809786,0.0027783331228685764,15,4,0.7865175441794547
2025-10-15,ILI incidence,2025-10-26,3,CZ,respicast,quantileBaseline,WIS,3.34559326086956,0.0,15,5,0.7857683268624027
2025-10-15,ILI incidence,2025-10-26,3,CZ,safinea,PRFM,WIS,2.78647398510455,0.2638213766942946,15,3,0.8508483153221359
2025-10-15,ILI incidence,2025-10-26,3,ES,ECDC,SARIMA,WIS,4.33069846205936,-0.8329977104394065,11,3,0.864099638868588
2025-10-15,ILI incidence,2025-10-26,3,ES,ECDC,soca_simplex,WIS,2.67495036167467,-0.13791010659318065,11,2,0.9825537896949988
2025-10-15,ILI incidence,2025-10-26,3,ES,ISI,FluBcast,WIS,7.41739130434783,-1.6093098669038683,11,7,0.6432740317546243
2025-10-15,ILI incidence,2025-10-26,3,ES,ItaLuxColab,EpiEKF,WIS,7.41445704395792,-1.6087390354243365,11,6,0.6434839521662555
2025-10-15,ILI incidence,2025-10-26,3,ES,ItaLuxColab,EpiNetEKF,WIS,8.56248530152051,-1.816427592942547,11,8,0.5613526712409109
2025-10-15,ILI incidence,2025-10-26,3,ES,QMUL,ARIMA,WIS,4.98269897244344,-1.0353254034007848,11,4,0.8174547616810564
2025-10-15,ILI incidence,2025-10-26,3,ES,QMUL,SEIR,WIS,16.4090538900294,-2.754818140042742,11,11,0.0
2025-10-15,ILI incidence,2025-10-26,3,ES,QMUL,SEIR_agumented,WIS,10.1458542295412,-2.061216419241389,11,10,0.44807661084860906
2025-10-15,ILI incidence,2025-10-26,3,ES,respicast,hubEnsemble,WIS,6.69610578607122,-1.4617203065082338,11,5,0.6948756392400823
2025-10-15,ILI incidence,2025-10-26,3,ES,respicast,quantileBaseline,WIS,2.43108782608696,0.0,11,1,1.0
2025-10-15,ILI incidence,2025-10-26,3,ES,safinea,PRFM,WIS,8.88590266302147,-1.8699163245529373,11,9,0.5382150158752103
2025-10-15,ILI incidence,2025-10-26,3,FI,ECDC,soca_simplex,WIS,64.270947314351,-4.651516464594736,7,7,0.0
2025-10-15,ILI incidence,2025-10-26,3,FI,ISI,FluBcast,WIS,3.40130434782609,-0.41150973653362516,7,3,0.9863226426363589
2025-10-15,ILI incidence,2025-10-26,3,FI,ItaLuxColab,EpiEKF,WIS,3.38250355238096,-0.40351308208915826,7,2,0.9866272879298643
2025-10-15,ILI incidence,2025-10-26,3,FI,ItaLuxColab,EpiNetEKF,WIS,4.57964737799715,-0.8406581512328829,7,4,0.9672289474081872
2025-10-15,ILI incidence,2025-10-26,3,FI,respicast,hubEnsemble,WIS,5.28311835017561,-1.0468113616303545,7,5,0.9558300083889685
2025-10-15,ILI incidence,2025-10-26,3,FI,respicast,quantileBaseline,WIS,2.55722369565217,0.0,7,1,1.0
2025-10-15,ILI incidence,2025-10-26,3,FI,safinea,PRFM,WIS,25.8132753515359,-3.335462938935646,7,6,0.6231623974017133
2025-10-15,ILI incidence,2025-10-26,3,FR,ECDC,SARIMA,WIS,24.6535420780498,0.11056486493998322,10,2,0.9476667259645353
2025-10-15,ILI incidence,2025-10-26,3,FR,ECDC,soca_simplex,WIS,18.39937519226,0.5327030285592894,10,1,1.0
2025-10-15,ILI incidence,2025-10-26,3,FR,ISI,FluBcast,WIS,81.6986956521739,-1.6179532409340016,10,8,0.470327424198717
2025-10-15,ILI incidence,2025-10-26,3,FR,ItaLuxColab,EpiEKF,WIS,58.6929318048461,-1.1408269703186358,10,6,0.6628337908824949
2025-10-15,ILI incidence,2025-10-26,3,FR,ItaLuxColab,EpiNetEKF,WIS,69.2370619753196,-1.3791847017847416,10,7,0.5746031977829127
2025-10-15,ILI incidence,2025-10-26,3,FR,QMUL,ARIMA,WIS,29.0763639222476,-0.12748706313267685,10,4,0.9106576803459496
2025-10-15,ILI incidence,2025-10-26,3,FR,QMUL,SEIR,WIS,137.905884216548,-2.373252305972256,10,10,0.0
2025-10-15,ILI incidence,2025-10-26,3,FR,respicast,hubEnsemble,WIS,57.4839952111165,-1.1108005299311519,10,5,0.6729498640872096
2025-10-15,ILI incidence,2025-10-26,3,FR,respicast,quantileBaseline,WIS,26.6172182608696,0.0,10,3,0.9312351842949453
2025-10-15,ILI incidence,2025-10-26,3,FR,safinea,PRFM,WIS,88.8536168946163,-1.7390706996093486,10,9,0.4104568673490624
2025-10-15,ILI incidence,2025-10-26,3,GR,ECDC,SARIMA,WIS,64.6363192325497,-0.27077254911793297,15,7,0.9529758884995284
2025-10-15,ILI incidence,2025-10-26,3,GR,ECDC,soca_simplex,WIS,97.2504951025514,-0.8601330990066246,15,9,0.8601625930372162
2025-10-15,ILI incidence,2025-10-26,3,GR,ISI,FluBcast,WIS,119.977391304348,-1.1631181671277797,15,11,0.7954864797873693
2025-10-15,ILI incidence,2025-10-26,3,GR,ItaLuxColab,EpiEKF,WIS,157.953753406499,-1.5598578188228343,15,14,0.6874134954991875
2025-10-15,ILI incidence,2025-10-26,3,GR,ItaLuxColab,EpiNetEKF,WIS,155.266622443948,-1.535103326934102,15,13,0.6950605223922561
2025-10-15,ILI incidence,2025-10-26,3,GR,MRC_GIDA,NBEATS,WIS,149.882277220009,-1.4841854013875573,15,12,0.7103832711911978
2025-10-15,ILI incidence,2025-10-26,3,GR,MRC_GIDA,NHiTS,WIS,77.0710488400796,-0.5246165284836831,15,8,0.9175891831092758
2025-10-15,ILI incidence,2025-10-26,3,GR,MRC_GIDA,Prophet,WIS,56.6567717260361,-0.080675904154568,15,4,0.9756840539098587
2025-10-15,ILI incidence,2025-10-26,3,GR,MRC_GIDA,TiDE,WIS,63.3566165447812,-0.24192279685889553,15,6,0.9566176614554722
2025-10-15,ILI incidence,2025-10-26,3,GR,QMUL,ARIMA,WIS,49.3139609541615,0.11957635945457244,15,2,0.9965801963851526
2025-10-15,ILI incidence,2025-10-26,3,GR,QMUL,SEIR,WIS,399.507773506203,-2.8985791739792153,15,15,0.0
2025-10-15,ILI incidence,2025-10-26,3,GR,QMUL,SEIR_agumented,WIS,97.556083819691,-0.8646593495145198,15,10,0.8592929498487181
2025-10-15,ILI incidence,2025-10-26,3,GR,respicast,hubEnsemble,WIS,58.0964414506746,-0.1168773018559476,15,5,0.9715870473795197
2025-10-15,ILI incidence,2025-10-26,3,GR,respicast,quantileBaseline,WIS,53.5754660869565,0.0,15,3,0.9844528215717953
2025-10-15,ILI incidence,2025-10-26,3,GR,safinea,PRFM,WIS,48.1122572975901,0.15516800750002133,15,1,1.0
2025-10-15,ILI incidence,2025-10-26,3,HR,ECDC,SARIMA,WIS,2.96411286737229,-0.35483482826498836,10,6,0.5865468088158432
2025-10-15,ILI incidence,2025-10-26,3,HR,ECDC,soca_simplex,WIS,3.15565851358607,-0.44517553869502624,10,7,0.5440698741818757
2025-10-15,ILI incidence,2025-10-26,3,HR,ItaLuxColab,EpiEKF,WIS,1.91817279878588,0.2730328637737783,10,4,0.8184932341332157
2025-10-15,ILI incidence,2025-10-26,3,HR,ItaLuxColab,EpiNetEKF,WIS,1.09968551716541,1.0756745476444465,10,1,1.0
2025-10-15,ILI incidence,2025-10-26,3,HR,QMUL,ARIMA,WIS,3.65170767147444,-0.6558057232126355,10,9,0.43406660304856887
2025-10-15,ILI incidence,2025-10-26,3,HR,QMUL,SEIR,WIS,1.80992502545709,0.3568356191287246,10,3,0.8424981315707059
2025-10-15,ILI incidence,2025-10-26,3,HR,QMUL,SEIR_agumented,WIS,5.60908921741752,-1.2750009752059015,10,10,0.0
2025-10-15,ILI incidence,2025-10-26,3,HR,respicast,hubEnsemble,WIS,1.49608204148517,0.6315762640419964,10,2,0.9120955783360895
2025-10-15,ILI incidence,2025-10-26,3,HR,respicast,quantileBaseline,WIS,2.3178152173913,0.0,10,5,0.7298690068139636
2025-10-15,ILI incidence,2025-10-26,3,HR,safinea,PRFM,WIS,3.24167473280423,-0.48397378387678,10,8,0.5249950197364086
2025-10-15,ILI incidence,2025-10-26,3,HU,respicast,quantileBaseline,WIS,66.5116708695652,0.0,1,1,0.0
2025-10-15,ILI incidence,2025-10-26,3,IE,ECDC,SARIMA,WIS,3.03639014182706,-1.2527395858346722,15,13,0.6090879840517817
2025-10-15,ILI incidence,2025-10-26,3,IE,ECDC,soca_simplex,WIS,0.953495822176112,0.41831906446918893,15,1,1.0
2025-10-15,ILI incidence,2025-10-26,3,IE,ISI,FluBcast,WIS,1.93478260869565,-0.6025538880679832,15,8,0.8158347294326556
2025-10-15,ILI incidence,2025-10-26,3,IE,ItaLuxColab,EpiEKF,WIS,2.45299880028444,-0.9449289414592872,15,10,0.7185773053570405
2025-10-15,ILI incidence,2025-10-26,3,IE,ItaLuxColab,EpiNetEKF,WIS,3.96607157076487,-1.6380931254847881,15,14,0.4346078684995906
2025-10-15,ILI incidence,2025-10-26,3,IE,MRC_GIDA,NBEATS,WIS,3.03474676600986,-1.251958549190074,15,12,0.6093964084147468
2025-10-15,ILI incidence,2025-10-26,3,IE,MRC_GIDA,NHiTS,WIS,2.80629020824427,-1.1390466239501273,15,11,0.6522725220563181
2025-10-15,ILI incidence,2025-10-26,3,IE,MRC_GIDA,Prophet,WIS,1.68006738947835,-0.39890151551760206,15,5,0.8636389981838485
2025-10-15,ILI incidence,2025-10-26,3,IE,MRC_GIDA,TiDE,WIS,2.35789317757517,-0.8878807728361275,15,9,0.7364264733875729
2025-10-15,ILI incidence,2025-10-26,3,IE,QMUL,ARIMA,WIS,1.17699349842576,0.11451123572147492,15,2,0.9580545559329515
2025-10-15,ILI incidence,2025-10-26,3,IE,QMUL,SEIR,WIS,6.2817902584537,-2.301558187071707,15,15,0.0
2025-10-15,ILI incidence,2025-10-26,3,IE,QMUL,SEIR_agumented,WIS,1.75041839280563,-0.4580822158338703,15,7,0.850435710683763
2025-10-15,ILI incidence,2025-10-26,3,IE,respicast,hubEnsemble,WIS,1.4104461788522,-0.14653402840184274,15,4,0.9142407833987269
2025-10-15,ILI incidence,2025-10-26,3,IE,respicast,quantileBaseline,WIS,1.27422282608696,0.0,15,3,0.9398068166565301
2025-10-15,ILI incidence,2025-10-26,3,IE,safinea,PRFM,WIS,1.68115893984804,-0.39983853921449,15,6,0.8634341389399115
2025-10-15,ILI incidence,2025-10-26,3,IS,ECDC,soca_simplex,WIS,1.50286295237634,-0.978534073742418,7,5,0.29711125824313755
2025-10-15,ILI incidence,2025-10-26,3,IS,ISI,FluBcast,WIS,0.329130434782609,1.212448036506369,7,1,1.0
2025-10-15,ILI incidence,2025-10-26,3,IS,ItaLuxColab,EpiEKF,WIS,1.66547057205132,-1.126750481949495,7,6,0.19973382047073818
2025-10-15,ILI incidence,2025-10-26,3,IS,ItaLuxColab,EpiNetEKF,WIS,1.01650249590853,-0.41443437690342977,7,4,0.588367813005541
2025-10-15,ILI incidence,2025-10-26,3,IS,respicast,hubEnsemble,WIS,0.458268533902025,0.7349142462221074,7,2,0.9226657567696886
2025-10-15,ILI incidence,2025-10-26,3,IS,respicast,quantileBaseline,WIS,0.762695652173913,0.0,7,3,0.7403598302392794
2025-10-15,ILI incidence,2025-10-26,3,IS,safinea,PRFM,WIS,1.999,-1.390099091422176,7,7,0.0
2025-10-15,ILI incidence,2025-10-26,3,LT,ECDC,SARIMA,WIS,7.56477799251644,-0.8413482853957146,15,12,0.6469037446337638
2025-10-15,ILI incidence,2025-10-26,3,LT,ECDC,soca_simplex,WIS,0.806176962559776,2.388780995934772,15,2,0.9988180987589909
2025-10-15,ILI incidence,2025-10-26,3,LT,ISI,FluBcast,WIS,0.783478260869565,2.429984308162267,15,1,1.0
2025-10-15,ILI incidence,2025-10-26,3,LT,ItaLuxColab,EpiEKF,WIS,5.45722611269734,-0.37021836289999954,15,10,0.7566420995513793
2025-10-15,ILI incidence,2025-10-26,3,LT,ItaLuxColab,EpiNetEKF,WIS,5.19349345473862,-0.2987558500628403,15,8,0.7703744248618833
2025-10-15,ILI incidence,2025-10-26,3,LT,MRC_GIDA,NBEATS,WIS,3.63008805598212,0.21794491367292687,15,4,0.8517795557019285
2025-10-15,ILI incidence,2025-10-26,3,LT,MRC_GIDA,NHiTS,WIS,3.63823754422429,0.21470971705505604,15,5,0.851355219085744
2025-10-15,ILI incidence,2025-10-26,3,LT,MRC_GIDA,Prophet,WIS,19.9887222377937,-2.2431648887099382,15,15,0.0
2025-10-15,ILI incidence,2025-10-26,3,LT,MRC_GIDA,TiDE,WIS,5.45132097963298,-0.36865641208330563,15,9,0.7569495745863987
2025-10-15,ILI incidence,2025-10-26,3,LT,QMUL,ARIMA,WIS,6.07871416145703,-0.5258167225842472,15,11,0.7242817687216105
2025-10-15,ILI incidence,2025-10-26,3,LT,QMUL,SEIR,WIS,3.16952901863971,0.4136809814875073,15,3,0.8757604558089925
2025-10-15,ILI incidence,2025-10-26,3,LT,QMUL,SEIR_agumented,WIS,7.68969702968717,-0.864977299681736,15,13,0.6403993212939287
2025-10-15,ILI incidence,2025-10-26,3,LT,respicast,hubEnsemble,WIS,4.02300913649029,0.06967444373153986,15,6,0.8313205039460497
2025-10-15,ILI incidence,2025-10-26,3,LT,respicast,quantileBaseline,WIS,4.22206695652173,0.0,15,7,0.8209557400164369
2025-10-15,ILI incidence,2025-10-26,3,LT,safinea,PRFM,WIS,9.16402924150221,-1.1180326040016761,15,14,0.5636321522026895
2025-10-15,ILI incidence,2025-10-26,3,LU,ECDC,SARIMA,WIS,792.899818370949,0.21800228510732478,14,7,0.8598293899871141
2025-10-15,ILI incidence,2025-10-26,3,LU,ECDC,soca_simplex,WIS,558.393733631706,0.7238581288068303,14,4,0.9155059013448952
2025-10-15,ILI incidence,2025-10-26,3,LU,ItaLuxColab,EpiEKF,WIS,1554.45369275731,-0.7531948539280863,14,12,0.679021019986901
2025-10-15,ILI incidence,2025-10-26,3,LU,ItaLuxColab,EpiNetEKF,WIS,4414.44899363964,-2.259020588160134,14,14,0.0
2025-10-15,ILI incidence,2025-10-26,3,LU,MRC_GIDA,NBEATS,WIS,1018.37590241294,-0.1430574011623537,14,10,0.8062967843490518
2025-10-15,ILI incidence,2025-10-26,3,LU,MRC_GIDA,NHiTS,WIS,659.939101837939,0.4828079793899227,14,6,0.8913969668046635
2025-10-15,ILI incidence,2025-10-26,3,LU,MRC_GIDA,Prophet,WIS,963.902851170164,-0.06374686861642033,14,9,0.8192297939960458
2025-10-15,ILI incidence,2025-10-26,3,LU,MRC_GIDA,TiDE,WIS,367.858464064208,1.3259900935864424,14,2,0.9607428473794875
2025-10-15,ILI incidence,2025-10-26,3,LU,QMUL,ARIMA,WIS,595.672071610454,0.630622561158047,14,5,0.9066552661463209
2025-10-15,ILI incidence,2025-10-26,3,LU,QMUL,SEIR,WIS,3361.44261864127,-1.8658677368738525,14,13,0.25000511804460496
2025-10-15,ILI incidence,2025-10-26,3,LU,QMUL,SEIR_agumented,WIS,1154.69886092656,-0.3243038683673859,14,11,0.7739309429405038
2025-10-15,ILI incidence,2025-10-26,3,LU,respicast,hubEnsemble,WIS,540.387547344757,0.7711464506541522,14,3,0.9197809359838913
2025-10-15,ILI incidence,2025-10-26,3,LU,respicast,quantileBaseline,WIS,922.239130434782,0.0,14,8,0.829121608203384
2025-10-15,ILI incidence,2025-10-26,3,LU,safinea,PRFM,WIS,202.509721218438,2.1871497159532365,14,1,1.0
2025-10-15,ILI incidence,2025-10-26,3,LV,respicast,quantileBaseline,WIS,37.3574147826087,0.0,1,1,0.0
2025-10-15,ILI incidence,2025-10-26,3,MT,ECDC,SARIMA,WIS,3305.44441714071,0.6063764802454271,9,6,0.6776012799273448
2025-10-15,ILI incidence,2025-10-26,3,MT,ECDC,soca_simplex,WIS,8369.20643828019,-0.7338700985979911,9,9,0.0
2025-10-15,ILI incidence,2025-10-26,3,MT,ItaLuxColab,EpiEKF,WIS,2006.86550205316,1.326276803342848,9,5,0.8513690698188575
2025-10-15,ILI incidence,2025-10-26,3,MT,ItaLuxColab,EpiNetEKF,WIS,1664.95355276841,1.5957388044530596,9,2,0.897121609825796
2025-10-15,ILI incidence,2025-10-26,3,MT,MRC_GIDA,Prophet,WIS,896.136107476746,2.4894309611251604,9,1,1.0
2025-10-15,ILI incidence,2025-10-26,3,MT,QMUL,ARIMA,WIS,3808.38208894969,0.4020425062098466,9,7,0.61030127476937
2025-10-15,ILI incidence,2025-10-26,3,MT,respicast,hubEnsemble,WIS,1678.71022581439,1.5838675175773533,9,4,0.8952807770171879
2025-10-15,ILI incidence,2025-10-26,3,MT,respicast,quantileBaseline,WIS,5032.3097826087,0.0,9,8,0.44652284910487844
2025-10-15,ILI incidence,2025-10-26,3,MT,safinea,PRFM,WIS,1674.25836817448,1.587698556570979,9,3,0.8958764970416013
2025-10-15,ILI incidence,2025-10-26,3,NL,ECDC,SARIMA,WIS,5.6931036193578,-0.2519732109269575,14,8,0.7842438570936007
2025-10-15,ILI incidence,2025-10-26,3,NL,ECDC,soca_simplex,WIS,10.6657167232686,-1.1576668638604368,14,11,0.5753937163394157
2025-10-15,ILI incidence,2025-10-26,3,NL,ISI,FluBcast,WIS,15.6169565217391,-1.7077992717964332,14,13,0.3674412560916989
2025-10-15,ILI incidence,2025-10-26,3,NL,ItaLuxColab,EpiEKF,WIS,10.2162545378024,-1.095552322884623,14,10,0.5942711634153753
2025-10-15,ILI incidence,2025-10-26,3,NL,ItaLuxColab,EpiNetEKF,WIS,11.9185097966567,-1.317889810595907,14,12,0.5227763089028314
2025-10-15,ILI incidence,2025-10-26,3,NL,MRC_GIDA,NBEATS,WIS,0.556062200130917,3.1039239729305645,14,1,1.0
2025-10-15,ILI incidence,2025-10-26,3,NL,MRC_GIDA,NHiTS,WIS,3.9828910702858,0.2634261239395241,14,4,0.856072918419999
2025-10-15,ILI incidence,2025-10-26,3,NL,MRC_GIDA,Prophet,WIS,4.82948087847952,-0.014625974594171698,14,6,0.8205160800117864
2025-10-15,ILI incidence,2025-10-26,3,NL,MRC_GIDA,TiDE,WIS,2.79644646172317,0.7736474372936578,14,3,0.905903685125028
2025-10-15,ILI incidence,2025-10-26,3,NL,QMUL,ARIMA,WIS,5.12324583430692,-0.09981597254167578,14,7,0.8081779288041351
2025-10-15,ILI incidence,2025-10-26,3,NL,QMUL,SEIR,WIS,24.3655415040665,-2.3495282331560117,14,14,0.0
2025-10-15,ILI incidence,2025-10-26,3,NL,respicast,hubEnsemble,WIS,5.80395428304947,-0.2797940082133656,14,9,0.7795881205158861
2025-10-15,ILI incidence,2025-10-26,3,NL,respicast,quantileBaseline,WIS,4.78076717391304,0.0,14,5,0.8225620594279942
2025-10-15,ILI incidence,2025-10-26,3,NL,safinea,PRFM,WIS,2.24786921150831,1.0886840501106572,14,2,0.9289439727017572
2025-10-15,ILI incidence,2025-10-26,3,NO,ECDC,soca_simplex,WIS,2.72626330816293,0.998070499666248,7,1,1.0
2025-10-15,ILI incidence,2025-10-26,3,NO,ISI,FluBcast,WIS,6.62347826086957,-0.2825936275199926,7,5,0.472231162587825
2025-10-15,ILI incidence,2025-10-26,3,NO,ItaLuxColab,EpiEKF,WIS,6.65711980434114,-0.28990272482237894,7,6,0.46767535581242226
2025-10-15,ILI incidence,2025-10-26,3,NO,ItaLuxColab,EpiNetEKF,WIS,10.110585148414,-0.8927991832603082,7,7,0.0
2025-10-15,ILI incidence,2025-10-26,3,NO,respicast,hubEnsemble,WIS,5.08415260993192,0.09898807095267109,7,3,0.6806897975496663
2025-10-15,ILI incidence,2025-10-26,3,NO,respicast,quantileBaseline,WIS,5.44523913043478,0.0,7,4,0.631790720787516
2025-10-15,ILI incidence,2025-10-26,3,NO,safinea,PRFM,WIS,2.75239501107408,0.984307873160643,7,2,0.996461191226971
2025-10-15,ILI incidence,2025-10-26,3,PL,ECDC,SARIMA,WIS,136.727811000032,0.14838381097658407,14,7,0.6338686455109971
2025-10-15,ILI incidence,2025-10-26,3,PL,ECDC,soca_simplex,WIS,144.172530902946,0.07189421885539704,14,8,0.6123489220557999
2025-10-15,ILI incidence,2025-10-26,3,PL,ISI,FluBcast,WIS,191.36,-0.33659876076481354,14,10,0.4759487218116251
2025-10-15,ILI incidence,2025-10-26,3,PL,ItaLuxColab,EpiEKF,WIS,356.013831607755,-1.232242759005234,14,14,0.0
2025-10-15,ILI incidence,2025-10-26,3,PL,ItaLuxColab,EpiNetEKF,WIS,261.53813538166,-0.7873307900824005,14,11,0.27309165187356294
2025-10-15,ILI incidence,2025-10-26,3,PL,MRC_GIDA,NBEATS,WIS,25.6107314015462,2.564870174183492,14,4,0.9550639161581277
2025-10-15,ILI incidence,2025-10-26,3,PL,MRC_GIDA,NHiTS,WIS,10.06515255463,3.912249589831352,14,1,1.0
2025-10-15,ILI incidence,2025-10-26,3,PL,MRC_GIDA,Prophet,WIS,21.0425528523696,2.848308887827428,14,2,0.9682687029539029
2025-10-15,ILI incidence,2025-10-26,3,PL,MRC_GIDA,TiDE,WIS,23.0730723045379,2.7154085093012887,14,3,0.9623992790332049
2025-10-15,ILI incidence,2025-10-26,3,PL,QMUL,ARIMA,WIS,103.784669316681,0.5460971839671871,14,5,0.7290941621209106
2025-10-15,ILI incidence,2025-10-26,3,PL,QMUL,SEIR,WIS,291.919939074545,-0.9458822210520499,14,13,0.18526994439937575
2025-10-15,ILI incidence,2025-10-26,3,PL,respicast,hubEnsemble,WIS,133.689611752869,0.1808031675915722,14,6,0.6426508708268406
2025-10-15,ILI incidence,2025-10-26,3,PL,respicast,quantileBaseline,WIS,151.539147173913,0.0,14,9,0.5910549651280564
2025-10-15,ILI incidence,2025-10-26,3,PL,safinea,PRFM,WIS,286.244527068912,-0.917557575584178,14,12,0.20167530261946445
2025-10-15,ILI incidence,2025-10-26,3,RO,ECDC,SARIMA,WIS,0.996858008500311,-0.41598423469198625,9,8,0.8382374037880445
2025-10-15,ILI incidence,2025-10-26,3,RO,ItaLuxColab,EpiEKF,WIS,0.701641945779863,0.09066879045571881,9,4,0.8911161929293657
2025-10-15,ILI incidence,2025-10-26,3,RO,ItaLuxColab,EpiNetEKF,WIS,0.808661198585935,-0.11413160084171484,9,7,0.8719470174751397
2025-10-15,ILI incidence,2025-10-26,3,RO,QMUL,ARIMA,WIS,0.753740030505967,-0.012663226576962157,9,6,0.8817844390555697
2025-10-15,ILI incidence,2025-10-26,3,RO,QMUL,SEIR,WIS,0.0937564525720194,2.9944138992755165,9,1,1.0
2025-10-15,ILI incidence,2025-10-26,3,RO,QMUL,SEIR_agumented,WIS,0.143932343610614,2.376012966203989,9,2,0.9910125474279488
2025-10-15,ILI incidence,2025-10-26,3,RO,respicast,hubEnsemble,WIS,0.561072140081888,0.41321751059575307,9,3,0.9162949079580884
2025-10-15,ILI incidence,2025-10-26,3,RO,respicast,quantileBaseline,WIS,0.747153043478261,0.0,9,5,0.8829642932102012
2025-10-15,ILI incidence,2025-10-26,3,RO,safinea,PRFM,WIS,5.67663888075071,-2.925561273942046,9,9,0.0
2025-10-15,ILI incidence,2025-10-26,3,SI,ECDC,SARIMA,WIS,4.53417826766914,-0.8801497203524667,13,10,0.5670690921706179
2025-10-15,ILI incidence,2025-10-26,3,SI,ItaLuxColab,EpiEKF,WIS,2.40777449089118,0.03299111601446497,13,7,0.7824283636139225
2025-10-15,ILI incidence,2025-10-26,3,SI,ItaLuxColab,EpiNetEKF,WIS,2.85055102822178,-0.2105494341937879,13,9,0.7375845604129163
2025-10-15,ILI incidence,2025-10-26,3,SI,MRC_GIDA,NBEATS,WIS,0.259526374009379,3.2467383304120605,13,1,1.0
2025-10-15,ILI incidence,2025-10-26,3,SI,MRC_GIDA,NHiTS,WIS,0.265962372810709,3.2113973343364353,13,2,0.9993481708281367
2025-10-15,ILI incidence,2025-10-26,3,SI,MRC_GIDA,Prophet,WIS,10.1332771650811,-2.040337527620956,13,13,0.0
2025-10-15,ILI incidence,2025-10-26,3,SI,MRC_GIDA,TiDE,WIS,1.84779287141922,0.41488834671913555,13,6,0.8391425375201873
2025-10-15,ILI incidence,2025-10-26,3,SI,QMUL,ARIMA,WIS,5.47193877765485,-1.151360695387854,13,11,0.4720939879950421
2025-10-15,ILI incidence,2025-10-26,3,SI,QMUL,SEIR,WIS,0.636709583343198,1.9519840094334855,13,3,0.9617993995073398
2025-10-15,ILI incidence,2025-10-26,3,SI,QMUL,SEIR_agumented,WIS,9.36868525149128,-1.927155208945407,13,12,0.07743682515070135
2025-10-15,ILI incidence,2025-10-26,3,SI,respicast,hubEnsemble,WIS,1.6858841436581,0.5471859978057206,13,5,0.8555404324222466
2025-10-15,ILI incidence,2025-10-26,3,SI,respicast,quantileBaseline,WIS,2.46346913043478,0.0,13,8,0.7767876865579489
2025-10-15,ILI incidence,2025-10-26,3,SI,safinea,PRFM,WIS,1.399,0.8162954309466225,13,4,0.8845956668239
2025-10-15,ILI incidence,2025-11-02,4,AT,respicast,quantileBaseline,WIS,632.543531956522,0.0,1,1,0.0
2025-10-15,ILI incidence,2025-11-02,4,BE,ECDC,SARIMA,WIS,45.0410826456722,-0.5629018065592217,15,8,0.7430527672336718
2025-10-15,ILI incidence,2025-11-02,4,BE,ECDC,soca_simplex,WIS,21.9747791767041,0.4724910312358051,15,2,0.8839111791856243
2025-10-15,ILI incidence,2025-11-02,4,BE,ISI,FluBcast,WIS,88.5834782608696,-1.5386979471368933,15,12,0.47715352129720295
2025-10-15,ILI incidence,2025-11-02,4,BE,ItaLuxColab,EpiEKF,WIS,47.7755737019989,-0.6479334984610597,15,9,0.7263541198665638
2025-10-15,ILI incidence,2025-11-02,4,BE,ItaLuxColab,EpiNetEKF,WIS,90.528384872047,-1.5700305162107184,15,13,0.4652766092894395
2025-10-15,ILI incidence,2025-11-02,4,BE,MRC_GIDA,NBEATS,WIS,2.96462612192994,3.362417620447272,15,1,1.0
2025-10-15,ILI incidence,2025-11-02,4,BE,MRC_GIDA,NHiTS,WIS,41.004943687517,-0.4274581570400805,15,6,0.7677001549188291
2025-10-15,ILI incidence,2025-11-02,4,BE,MRC_GIDA,Prophet,WIS,34.0159274096227,-0.15787072413967274,15,5,0.8103798038419854
2025-10-15,ILI incidence,2025-11-02,4,BE,MRC_GIDA,TiDE,WIS,27.7406931356505,0.13633586347940718,15,3,0.8487006182562826
2025-10-15,ILI incidence,2025-11-02,4,BE,QMUL,ARIMA,WIS,55.8016700802949,-0.8719686017989459,15,10,0.6773413601263196
2025-10-15,ILI incidence,2025-11-02,4,BE,QMUL,SEIR,WIS,166.719869059328,-2.451014445416228,15,15,0.0
2025-10-15,ILI incidence,2025-11-02,4,BE,QMUL,SEIR_agumented,WIS,122.877814892548,-2.010812862060997,15,14,0.26772916323381696
2025-10-15,ILI incidence,2025-11-02,4,BE,respicast,hubEnsemble,WIS,43.3033329715501,-0.5061383714804455,15,7,0.7536646392137732
2025-10-15,ILI incidence,2025-11-02,4,BE,respicast,quantileBaseline,WIS,30.490075,0.0,15,4,0.831911037568472
2025-10-15,ILI incidence,2025-11-02,4,BE,safinea,PRFM,WIS,57.4111096484959,-0.9129902413358936,15,11,0.6675130362245544
2025-10-15,ILI incidence,2025-11-02,4,CZ,ECDC,SARIMA,WIS,7.02928891299075,-0.6195431195465673,15,6,0.678637922928239
2025-10-15,ILI incidence,2025-11-02,4,CZ,ECDC,soca_simplex,WIS,4.12446896206425,0.14962725331534385,15,3,0.819256181858622
2025-10-15,ILI incidence,2025-11-02,4,CZ,ISI,FluBcast,WIS,9.82043478260869,-1.101951265506667,15,10,0.5435224668115113
2025-10-15,ILI incidence,2025-11-02,4,CZ,ItaLuxColab,EpiEKF,WIS,8.41958046825705,-0.8799127150700322,15,8,0.6113358590447937
2025-10-15,ILI incidence,2025-11-02,4,CZ,ItaLuxColab,EpiNetEKF,WIS,16.7891919183729,-1.8756252551377077,15,13,0.20617470967176382
2025-10-15,ILI incidence,2025-11-02,4,CZ,MRC_GIDA,NBEATS,WIS,0.390755766229309,3.549496565473499,15,1,1.0
2025-10-15,ILI incidence,2025-11-02,4,CZ,MRC_GIDA,NHiTS,WIS,0.878768662370133,2.380280305179875,15,2,0.9763759802844205
2025-10-15,ILI incidence,2025-11-02,4,CZ,MRC_GIDA,Prophet,WIS,10.1281098038336,-1.1464574125675,15,11,0.5286283506418615
2025-10-15,ILI incidence,2025-11-02,4,CZ,MRC_GIDA,TiDE,WIS,4.73316655311245,-0.048970056016667284,15,5,0.7897899853595874
2025-10-15,ILI incidence,2025-11-02,4,CZ,QMUL,ARIMA,WIS,8.80302391981273,-0.944163554672508,15,9,0.5927738994511127
2025-10-15,ILI incidence,2025-11-02,4,CZ,QMUL,SEIR,WIS,21.0482434425958,-2.2017923014639935,15,15,0.0
2025-10-15,ILI incidence,2025-11-02,4,CZ,QMUL,SEIR_agumented,WIS,18.8539568965088,-2.0429597965825823,15,14,0.10622233354143087
2025-10-15,ILI incidence,2025-11-02,4,CZ,respicast,hubEnsemble,WIS,7.79509025588582,-0.7687300940924696,15,7,0.6415665541881188
2025-10-15,ILI incidence,2025-11-02,4,CZ,respicast,quantileBaseline,WIS,4.57520260869565,0.0,15,4,0.7974367983163014
2025-10-15,ILI incidence,2025-11-02,4,CZ,safinea,PRFM,WIS,12.3729748105854,-1.4352848680538963,15,12,0.41995758477133066
2025-10-15,ILI incidence,2025-11-02,4,EE,ECDC,soca_simplex,WIS,40.2309321584556,-0.439402470837037,7,3,0.5639545628857963
2025-10-15,ILI incidence,2025-11-02,4,EE,ISI,FluBcast,WIS,49.2413043478261,-0.7309662826924267,7,6,0.19200352349768515
2025-10-15,ILI incidence,2025-11-02,4,EE,ItaLuxColab,EpiEKF,WIS,53.892516537556,-0.8611822606187636,7,7,0.0
2025-10-15,ILI incidence,2025-11-02,4,EE,ItaLuxColab,EpiNetEKF,WIS,41.8316803419173,-0.4956932559045577,7,4,0.49787516703801993
2025-10-15,ILI incidence,2025-11-02,4,EE,respicast,hubEnsemble,WIS,44.0196699260104,-0.569245632431186,7,5,0.40755425877033963
2025-10-15,ILI incidence,2025-11-02,4,EE,respicast,quantileBaseline,WIS,29.6678976086957,0.0,7,1,1.0
2025-10-15,ILI incidence,2025-11-02,4,EE,safinea,PRFM,WIS,36.0230668139518,-0.2800183148848649,7,2,0.7376565871306735
2025-10-15,ILI incidence,2025-11-02,4,ES,ECDC,SARIMA,WIS,4.89605392541608,-0.5865876953925899,11,4,0.8301401020351896
2025-10-15,ILI incidence,2025-11-02,4,ES,ECDC,soca_simplex,WIS,1.09545250048432,1.5735048231389068,11,1,1.0
2025-10-15,ILI incidence,2025-11-02,4,ES,ISI,FluBcast,WIS,11.0439130434783,-1.7601477759638327,11,9,0.5553744516184722
2025-10-15,ILI incidence,2025-11-02,4,ES,ItaLuxColab,EpiEKF,WIS,9.92729646337212,-1.6063691242228804,11,7,0.6052792843426921
2025-10-15,ILI incidence,2025-11-02,4,ES,ItaLuxColab,EpiNetEKF,WIS,10.270201075508,-1.655360770027069,11,8,0.589953882934648
2025-10-15,ILI incidence,2025-11-02,4,ES,QMUL,ARIMA,WIS,4.32855675074404,-0.4088543218096131,11,3,0.8555031962951571
2025-10-15,ILI incidence,2025-11-02,4,ES,QMUL,SEIR,WIS,23.4703713039745,-2.847737007879903,11,11,0.0
2025-10-15,ILI incidence,2025-11-02,4,ES,QMUL,SEIR_agumented,WIS,14.3751495058112,-2.140473302827372,11,10,0.4064918348103489
2025-10-15,ILI incidence,2025-11-02,4,ES,respicast,hubEnsemble,WIS,7.43588274960134,-1.1894722690991977,11,5,0.7166277873541155
2025-10-15,ILI incidence,2025-11-02,4,ES,respicast,quantileBaseline,WIS,3.26036108695652,0.0,11,2,0.9032439578670336
2025-10-15,ILI incidence,2025-11-02,4,ES,safinea,PRFM,WIS,8.81875684976354,-1.4355435456394134,11,6,0.6548231340140331
2025-10-15,ILI incidence,2025-11-02,4,FI,ECDC,soca_simplex,WIS,54.3970501541717,-4.118832604795911,7,7,0.0
2025-10-15,ILI incidence,2025-11-02,4,FI,ISI,FluBcast,WIS,2.97782608695652,0.07236441003868714,7,1,1.0
2025-10-15,ILI incidence,2025-11-02,4,FI,ItaLuxColab,EpiEKF,WIS,3.93010504323441,-0.32794396397435854,7,3,0.9814800986682903
2025-10-15,ILI incidence,2025-11-02,4,FI,ItaLuxColab,EpiNetEKF,WIS,4.20934371665553,-0.4269714095231259,7,4,0.9760494707565176
2025-10-15,ILI incidence,2025-11-02,4,FI,respicast,hubEnsemble,WIS,4.56658079080717,-0.5444904481609083,7,5,0.9691019315699156
2025-10-15,ILI incidence,2025-11-02,4,FI,respicast,quantileBaseline,WIS,3.13100086956522,0.0,7,2,0.9970210600142766
2025-10-15,ILI incidence,2025-11-02,4,FI,safinea,PRFM,WIS,24.3428479737568,-2.9588021507153504,7,6,0.5844934987958602
2025-10-15,ILI incidence,2025-11-02,4,FR,ECDC,SARIMA,WIS,29.1984356038333,0.25420908818654164,10,2,0.9944788818399882
2025-10-15,ILI incidence,2025-11-02,4,FR,ECDC,soca_simplex,WIS,28.3697671331724,0.2957458539053868,10,1,1.0
2025-10-15,ILI incidence,2025-11-02,4,FR,ISI,FluBcast,WIS,120.424347826087,-1.7899550431986646,10,9,0.3866736394947356
2025-10-15,ILI incidence,2025-11-02,4,FR,ItaLuxColab,EpiEKF,WIS,74.8819639550689,-1.1045181109476558,10,7,0.6901060633686202
2025-10-15,ILI incidence,2025-11-02,4,FR,ItaLuxColab,EpiNetEKF,WIS,89.8143413912284,-1.366845667759869,10,8,0.5906170359060732
2025-10-15,ILI incidence,2025-11-02,4,FR,QMUL,ARIMA,WIS,42.4480013374153,-0.28559646360466995,10,4,0.9062018198134748
2025-10-15,ILI incidence,2025-11-02,4,FR,QMUL,SEIR,WIS,178.460463735678,-2.3574324262746362,10,10,0.0
2025-10-15,ILI incidence,2025-11-02,4,FR,respicast,hubEnsemble,WIS,67.273517733146,-0.949938536154968,10,6,0.7407983873710388
2025-10-15,ILI incidence,2025-11-02,4,FR,respicast,quantileBaseline,WIS,34.8244402173913,0.0,10,3,0.9569948489124998
2025-10-15,ILI incidence,2025-11-02,4,FR,safinea,PRFM,WIS,65.5793176148286,-0.9131407273252471,10,5,0.7520862297001623
2025-10-15,ILI incidence,2025-11-02,4,GR,ECDC,SARIMA,WIS,74.2364062692653,-0.25743311468210994,15,9,0.8637401705121311
2025-10-15,ILI incidence,2025-11-02,4,GR,ECDC,soca_simplex,WIS,97.9027637782447,-0.6566558297873282,15,10,0.8125122323275191
2025-10-15,ILI incidence,2025-11-02,4,GR,ISI,FluBcast,WIS,147.209130434783,-1.2451014924939072,15,12,0.7057842112439786
2025-10-15,ILI incidence,2025-11-02,4,GR,ItaLuxColab,EpiEKF,WIS,163.986567125171,-1.4008119793023084,15,14,0.6694679555909766
2025-10-15,ILI incidence,2025-11-02,4,GR,ItaLuxColab,EpiNetEKF,WIS,161.271673009322,-1.3767273919867993,15,13,0.675344585650829
2025-10-15,ILI incidence,2025-11-02,4,GR,MRC_GIDA,NBEATS,WIS,68.3844319013359,-0.1389741672398376,15,8,0.8764072901170167
2025-10-15,ILI incidence,2025-11-02,4,GR,MRC_GIDA,NHiTS,WIS,11.2868917455451,2.4600455151782987,15,1,1.0
2025-10-15,ILI incidence,2025-11-02,4,GR,MRC_GIDA,Prophet,WIS,53.380118271217,0.21839125567155285,15,4,0.9088854630194005
2025-10-15,ILI incidence,2025-11-02,4,GR,MRC_GIDA,TiDE,WIS,45.1575574964495,0.45972630260793834,15,3,0.9266839279893134
2025-10-15,ILI incidence,2025-11-02,4,GR,QMUL,ARIMA,WIS,43.7121596794432,0.5066590987705589,15,2,0.9298126202687941
2025-10-15,ILI incidence,2025-11-02,4,GR,QMUL,SEIR,WIS,473.268348498539,-2.9298927771854903,15,15,0.0
2025-10-15,ILI incidence,2025-11-02,4,GR,QMUL,SEIR_agumented,WIS,121.749208999601,-0.9711467364353633,15,11,0.7608944782536663
2025-10-15,ILI incidence,2025-11-02,4,GR,respicast,hubEnsemble,WIS,60.8618789815624,0.02915488295755303,15,5,0.8926905257530209
2025-10-15,ILI incidence,2025-11-02,4,GR,respicast,quantileBaseline,WIS,62.1043256521739,0.0,15,6,0.8900011393015734
2025-10-15,ILI incidence,2025-11-02,4,GR,safinea,PRFM,WIS,64.1144651718674,-0.0459561292621009,15,7,0.8856500133195445
2025-10-15,ILI incidence,2025-11-02,4,HR,ECDC,SARIMA,WIS,3.63194806724414,-0.14881779046497223,10,6,0.779367720264612
2025-10-15,ILI incidence,2025-11-02,4,HR,ECDC,soca_simplex,WIS,5.30644636600411,-0.6958202534420271,10,8,0.57867107995743
2025-10-15,ILI incidence,2025-11-02,4,HR,ItaLuxColab,EpiEKF,WIS,3.11085065213046,0.07461664876791531,10,4,0.8418237410103602
2025-10-15,ILI incidence,2025-11-02,4,HR,ItaLuxColab,EpiNetEKF,WIS,1.79111816345018,0.8710652656196227,10,1,1.0
2025-10-15,ILI incidence,2025-11-02,4,HR,QMUL,ARIMA,WIS,3.65318836400802,-0.15723035979043218,10,7,0.776821968977319
2025-10-15,ILI incidence,2025-11-02,4,HR,QMUL,SEIR,WIS,3.10475362725042,0.07744699316710255,10,3,0.8425544986409886
2025-10-15,ILI incidence,2025-11-02,4,HR,QMUL,SEIR_agumented,WIS,6.33511706096375,-0.9514454944826208,10,9,0.4553799708450836
2025-10-15,ILI incidence,2025-11-02,4,HR,respicast,hubEnsemble,WIS,2.09389351111326,0.6457377102327171,10,2,0.9637109245862964
2025-10-15,ILI incidence,2025-11-02,4,HR,respicast,quantileBaseline,WIS,3.27597826086956,0.0,10,5,0.8220324063040555
2025-10-15,ILI incidence,2025-11-02,4,HR,safinea,PRFM,WIS,10.1345478102894,-1.6292840306403091,10,10,0.0
2025-10-15,ILI incidence,2025-11-02,4,HU,respicast,quantileBaseline,WIS,68.8180280434782,0.0,1,1,0.0
2025-10-15,ILI incidence,2025-11-02,4,IE,ECDC,SARIMA,WIS,3.29768855333153,-1.0860893798225124,15,12,0.7073126924778277
2025-10-15,ILI incidence,2025-11-02,4,IE,ECDC,soca_simplex,WIS,0.783861645867037,0.9866948300461122,15,1,1.0
2025-10-15,ILI incidence,2025-11-02,4,IE,ISI,FluBcast,WIS,3.2095652173913,-1.047012104817378,15,10,0.7175729780406999
2025-10-15,ILI incidence,2025-11-02,4,IE,ItaLuxColab,EpiEKF,WIS,3.2156969858045,-1.0497656965891589,15,11,0.7168590502909888
2025-10-15,ILI incidence,2025-11-02,4,IE,ItaLuxColab,EpiNetEKF,WIS,5.78232475749705,-1.8962838667710709,15,14,0.4180240868821426
2025-10-15,ILI incidence,2025-11-02,4,IE,MRC_GIDA,NBEATS,WIS,2.50979641500951,-0.6922045714766835,15,9,0.7990477391107534
2025-10-15,ILI incidence,2025-11-02,4,IE,MRC_GIDA,NHiTS,WIS,0.864208802854141,0.8459139401508212,15,2,0.9906451025025679
2025-10-15,ILI incidence,2025-11-02,4,IE,MRC_GIDA,Prophet,WIS,1.55724992519073,-0.003634731521715799,15,7,0.9099536517521126
2025-10-15,ILI incidence,2025-11-02,4,IE,MRC_GIDA,TiDE,WIS,1.52040855020014,0.03090672809227798,15,5,0.914243128811727
2025-10-15,ILI incidence,2025-11-02,4,IE,QMUL,ARIMA,WIS,1.29169208614156,0.2661035705582367,15,3,0.940872808783932
2025-10-15,ILI incidence,2025-11-02,4,IE,QMUL,SEIR,WIS,9.37264169494402,-2.593089959644837,15,15,0.0
2025-10-15,ILI incidence,2025-11-02,4,IE,QMUL,SEIR_agumented,WIS,3.76889548679263,-1.278776017362645,15,13,0.6524496117179776
2025-10-15,ILI incidence,2025-11-02,4,IE,respicast,hubEnsemble,WIS,1.42235415661921,0.12708504054729214,15,4,0.9256596970578154
2025-10-15,ILI incidence,2025-11-02,4,IE,respicast,quantileBaseline,WIS,1.55333152173913,0.0,15,6,0.9104098752703782
2025-10-15,ILI incidence,2025-11-02,4,IE,safinea,PRFM,WIS,1.93187465488819,-0.3146357197627027,15,8,0.8663357307485678
2025-10-15,ILI incidence,2025-11-02,4,IS,ECDC,soca_simplex,WIS,1.29934196723284,-0.9001714186426166,7,5,0.3936111843036202
2025-10-15,ILI incidence,2025-11-02,4,IS,ISI,FluBcast,WIS,0.411739130434783,0.7578072880827726,7,1,1.0
2025-10-15,ILI incidence,2025-11-02,4,IS,ItaLuxColab,EpiEKF,WIS,1.87549112226321,-1.4296586762225607,7,7,0.0
2025-10-15,ILI incidence,2025-11-02,4,IS,ItaLuxColab,EpiNetEKF,WIS,1.40542467759817,-1.0133963781991226,7,6,0.32113803929165796
2025-10-15,ILI incidence,2025-11-02,4,IS,respicast,hubEnsemble,WIS,0.481481579200289,0.5320572489404541,7,2,0.9523536438174965
2025-10-15,ILI incidence,2025-11-02,4,IS,respicast,quantileBaseline,WIS,0.696217391304348,0.0,7,4,0.805651324501897
2025-10-15,ILI incidence,2025-11-02,4,IS,safinea,PRFM,WIS,0.624070766596258,0.15782821962703875,7,3,0.8549401556091181
2025-10-15,ILI incidence,2025-11-02,4,LT,ECDC,SARIMA,WIS,8.62523983701245,-0.6741858786458669,15,12,0.5921576933783607
2025-10-15,ILI incidence,2025-11-02,4,LT,ECDC,soca_simplex,WIS,1.25301367413881,2.1089765359920984,15,2,0.9962127505780157
2025-10-15,ILI incidence,2025-11-02,4,LT,ISI,FluBcast,WIS,1.18391304347826,2.190815573657377,15,1,1.0
2025-10-15,ILI incidence,2025-11-02,4,LT,ItaLuxColab,EpiEKF,WIS,6.93670423604546,-0.35987167806675613,15,11,0.6847025141366037
2025-10-15,ILI incidence,2025-11-02,4,LT,ItaLuxColab,EpiNetEKF,WIS,6.62128747627138,-0.29273307428326056,15,9,0.7019897940024954
2025-10-15,ILI incidence,2025-11-02,4,LT,MRC_GIDA,NBEATS,WIS,3.88612914510888,0.4760448490382436,15,3,0.8518976415823092
2025-10-15,ILI incidence,2025-11-02,4,LT,MRC_GIDA,NHiTS,WIS,4.9899091797733,0.11536513723937389,15,5,0.7914019520593597
2025-10-15,ILI incidence,2025-11-02,4,LT,MRC_GIDA,Prophet,WIS,19.4295110913473,-1.8457989985756167,15,15,0.0
2025-10-15,ILI incidence,2025-11-02,4,LT,MRC_GIDA,TiDE,WIS,5.71324101364329,-0.07993069657068096,15,8,0.7517577687351265
2025-10-15,ILI incidence,2025-11-02,4,LT,QMUL,ARIMA,WIS,6.76371920065743,-0.3234380718820063,15,10,0.6941834330373812
2025-10-15,ILI incidence,2025-11-02,4,LT,QMUL,SEIR,WIS,5.20568619354897,0.05429034829374666,15,6,0.7795757015188425
2025-10-15,ILI incidence,2025-11-02,4,LT,QMUL,SEIR_agumented,WIS,9.89306948599719,-0.8720395152124292,15,13,0.522670815192265
2025-10-15,ILI incidence,2025-11-02,4,LT,respicast,hubEnsemble,WIS,4.43694974173421,0.2848104833298394,15,4,0.8217084093532422
2025-10-15,ILI incidence,2025-11-02,4,LT,respicast,quantileBaseline,WIS,5.405315,0.0,15,7,0.768634497732193
2025-10-15,ILI incidence,2025-11-02,4,LT,safinea,PRFM,WIS,17.672909267397,-1.7090889520841717,15,14,0.09627537663285642
2025-10-15,ILI incidence,2025-11-02,4,LU,ECDC,SARIMA,WIS,718.356641910272,0.3873597894154578,14,7,0.8543734873217987
2025-10-15,ILI incidence,2025-11-02,4,LU,ECDC,soca_simplex,WIS,305.967842298089,1.6186800335343523,14,2,0.9489353077297407
2025-10-15,ILI incidence,2025-11-02,4,LU,ItaLuxColab,EpiEKF,WIS,1118.27855352083,-0.2511476257964986,14,10,0.7626703566390971
2025-10-15,ILI incidence,2025-11-02,4,LU,ItaLuxColab,EpiNetEKF,WIS,4444.32189233728,-2.2418313416876137,14,14,0.0
2025-10-15,ILI incidence,2025-11-02,4,LU,MRC_GIDA,NBEATS,WIS,1786.45032915192,-0.9269638314659301,14,12,0.6094568369986471
2025-10-15,ILI incidence,2025-11-02,4,LU,MRC_GIDA,NHiTS,WIS,1517.25250259748,-0.691329230227117,14,11,0.6711845962219536
2025-10-15,ILI incidence,2025-11-02,4,LU,MRC_GIDA,Prophet,WIS,536.866485134512,0.8074967200488455,14,5,0.8959896505807865
2025-10-15,ILI incidence,2025-11-02,4,LU,MRC_GIDA,TiDE,WIS,641.308796295109,0.5510408693501475,14,6,0.8720407579817476
2025-10-15,ILI incidence,2025-11-02,4,LU,QMUL,ARIMA,WIS,377.60438167906,1.3151845592309732,14,3,0.932508863612053
2025-10-15,ILI incidence,2025-11-02,4,LU,QMUL,SEIR,WIS,1937.0279361614,-1.0437127908830983,14,13,0.5749290015072889
2025-10-15,ILI incidence,2025-11-02,4,LU,QMUL,SEIR_agumented,WIS,83.2721808033029,3.4961535527963146,14,1,1.0
2025-10-15,ILI incidence,2025-11-02,4,LU,respicast,hubEnsemble,WIS,394.321640906617,1.252687175220353,14,4,0.9286755527503712
2025-10-15,ILI incidence,2025-11-02,4,LU,respicast,quantileBaseline,WIS,939.608695652174,0.0,14,9,0.8036398180502146
2025-10-15,ILI incidence,2025-11-02,4,LU,safinea,PRFM,WIS,916.728636536021,0.03556532416770048,14,8,0.8088862748965193
2025-10-15,ILI incidence,2025-11-02,4,LV,respicast,quantileBaseline,WIS,38.3006663043478,0.0,1,1,0.0
2025-10-15,ILI incidence,2025-11-02,4,MT,ECDC,SARIMA,WIS,5679.65581163545,0.31262917874634344,9,7,0.3147775481635214
2025-10-15,ILI incidence,2025-11-02,4,MT,ECDC,soca_simplex,WIS,8046.30171081322,-0.18989315197424086,9,9,0.0
2025-10-15,ILI incidence,2025-11-02,4,MT,ItaLuxColab,EpiEKF,WIS,2372.60740935546,1.571959283103752,9,3,0.7546340506041481
2025-10-15,ILI incidence,2025-11-02,4,MT,ItaLuxColab,EpiNetEKF,WIS,2036.97388250319,1.7920052008962912,9,2,0.7992752445828242
2025-10-15,ILI incidence,2025-11-02,4,MT,MRC_GIDA,Prophet,WIS,527.830609601328,3.740285761482098,9,1,1.0
2025-10-15,ILI incidence,2025-11-02,4,MT,QMUL,ARIMA,WIS,5639.05755727899,0.3229786150293408,9,6,0.32017735003945275
2025-10-15,ILI incidence,2025-11-02,4,MT,respicast,hubEnsemble,WIS,3687.01950186352,0.9359776361529583,9,5,0.5798096647930234
2025-10-15,ILI incidence,2025-11-02,4,MT,respicast,quantileBaseline,WIS,7053.95652173913,0.0,9,8,0.13198763095785992
2025-10-15,ILI incidence,2025-11-02,4,MT,safinea,PRFM,WIS,3524.11927351783,1.0011699305193928,9,4,0.6014763342731297
2025-10-15,ILI incidence,2025-11-02,4,NL,ECDC,SARIMA,WIS,4.69393551483484,-0.14337827804665718,14,9,0.9071067951008183
2025-10-15,ILI incidence,2025-11-02,4,NL,ECDC,soca_simplex,WIS,3.98094596900923,0.09430845351519017,14,4,0.9346104831009017
2025-10-15,ILI incidence,2025-11-02,4,NL,ISI,FluBcast,WIS,18.5239130434783,-2.123897240392969,14,13,0.37361315662745753
2025-10-15,ILI incidence,2025-11-02,4,NL,ItaLuxColab,EpiEKF,WIS,9.91603729376002,-1.2223439531012414,14,11,0.705663367391195
2025-10-15,ILI incidence,2025-11-02,4,NL,ItaLuxColab,EpiNetEKF,WIS,11.5822379375114,-1.44642239062116,14,12,0.6413894058449414
2025-10-15,ILI incidence,2025-11-02,4,NL,MRC_GIDA,NBEATS,WIS,2.28582631976427,0.8947039544851815,14,1,1.0
2025-10-15,ILI incidence,2025-11-02,4,NL,MRC_GIDA,NHiTS,WIS,8.6176144955514,-1.0198688174452317,14,10,0.7557502385707335
2025-10-15,ILI incidence,2025-11-02,4,NL,MRC_GIDA,Prophet,WIS,4.25140495110934,-0.0005199396062067134,14,6,0.9241774837616366
2025-10-15,ILI incidence,2025-11-02,4,NL,MRC_GIDA,TiDE,WIS,4.50208550803751,-0.0831737138926842,14,7,0.9145074403987203
2025-10-15,ILI incidence,2025-11-02,4,NL,QMUL,ARIMA,WIS,3.47004868785572,0.2924638390088313,14,3,0.9543184290353206
2025-10-15,ILI incidence,2025-11-02,4,NL,QMUL,SEIR,WIS,28.2092423294081,-2.7306762678158956,14,14,0.0
2025-10-15,ILI incidence,2025-11-02,4,NL,respicast,hubEnsemble,WIS,4.64914105570943,-0.12954445388406335,14,8,0.9088347486663804
2025-10-15,ILI incidence,2025-11-02,4,NL,respicast,quantileBaseline,WIS,4.24987304347826,0.0,14,5,0.9242365773483193
2025-10-15,ILI incidence,2025-11-02,4,NL,safinea,PRFM,WIS,2.64928638437795,0.681815938667201,14,2,0.9859794687367409
2025-10-15,ILI incidence,2025-11-02,4,NO,ECDC,soca_simplex,WIS,5.24492743969267,0.26533039232594935,7,2,0.8278483202774017
2025-10-15,ILI incidence,2025-11-02,4,NO,ISI,FluBcast,WIS,10.2139130434783,-0.69621057018728,7,6,0.20953958001740441
2025-10-15,ILI incidence,2025-11-02,4,NO,ItaLuxColab,EpiEKF,WIS,7.74892118424223,-0.29774226384639624,7,5,0.5162673777542797
2025-10-15,ILI incidence,2025-11-02,4,NO,ItaLuxColab,EpiNetEKF,WIS,11.8978600568942,-0.9163770028725299,7,7,0.0
2025-10-15,ILI incidence,2025-11-02,4,NO,respicast,hubEnsemble,WIS,6.67128355446561,-0.08171115605736386,7,4,0.6503617017177702
2025-10-15,ILI incidence,2025-11-02,4,NO,respicast,quantileBaseline,WIS,6.30393739130435,0.0,7,3,0.6960719052672714
2025-10-15,ILI incidence,2025-11-02,4,NO,safinea,PRFM,WIS,3.86144510714566,0.707112343765626,7,1,1.0
2025-10-15,ILI incidence,2025-11-02,4,PL,ECDC,SARIMA,WIS,180.935019284649,0.24437344202076006,14,4,0.6488095707804704
2025-10-15,ILI incidence,2025-11-02,4,PL,ECDC,soca_simplex,WIS,228.17990991546,-0.09032667009015265,14,6,0.5135502246412066
2025-10-15,ILI incidence,2025-11-02,4,PL,ISI,FluBcast,WIS,243.549130434783,-0.18436772706270127,14,8,0.4695490492684339
2025-10-15,ILI incidence,2025-11-02,4,PL,ItaLuxColab,EpiEKF,WIS,382.3627479156,-0.8350968689734818,14,13,0.07213381801300546
2025-10-15,ILI incidence,2025-11-02,4,PL,ItaLuxColab,EpiNetEKF,WIS,297.312265230254,-0.4721338758361635,14,10,0.3156283530463104
2025-10-15,ILI incidence,2025-11-02,4,PL,MRC_GIDA,NBEATS,WIS,255.158788010814,-0.25155022578805636,14,9,0.43631128172007144
2025-10-15,ILI incidence,2025-11-02,4,PL,MRC_GIDA,NHiTS,WIS,317.044936178618,-0.5648422292529898,14,11,0.2591348754570885
2025-10-15,ILI incidence,2025-11-02,4,PL,MRC_GIDA,Prophet,WIS,58.2673154057534,1.8790863581963773,14,1,1.0
2025-10-15,ILI incidence,2025-11-02,4,PL,MRC_GIDA,TiDE,WIS,164.757867678703,0.3794977452801397,14,2,0.6951238053865932
2025-10-15,ILI incidence,2025-11-02,4,PL,QMUL,ARIMA,WIS,170.431391986314,0.33065401317086707,14,3,0.6788808386253956
2025-10-15,ILI incidence,2025-11-02,4,PL,QMUL,SEIR,WIS,407.55845113376,-0.9271618771797888,14,14,0.0
2025-10-15,ILI incidence,2025-11-02,4,PL,respicast,hubEnsemble,WIS,237.721686164663,-0.14942841402032203,14,7,0.4862326798391731
2025-10-15,ILI incidence,2025-11-02,4,PL,respicast,quantileBaseline,WIS,214.331679565217,0.0,14,5,0.5531968945212766
2025-10-15,ILI incidence,2025-11-02,4,PL,safinea,PRFM,WIS,350.208303581787,-0.7083681859232722,14,12,0.16419010299944065
2025-10-15,ILI incidence,2025-11-02,4,RO,ECDC,SARIMA,WIS,1.19693244327799,-0.4082727830796548,9,7,0.9068471756351419
2025-10-15,ILI incidence,2025-11-02,4,RO,ItaLuxColab,EpiEKF,WIS,0.977170704096544,-0.1156135733321463,9,5,0.9311697734231982
2025-10-15,ILI incidence,2025-11-02,4,RO,ItaLuxColab,EpiNetEKF,WIS,1.21015824016074,-0.42412676292658263,9,8,0.9053833824416415
2025-10-15,ILI incidence,2025-11-02,4,RO,QMUL,ARIMA,WIS,1.01859691524907,-0.17551430969591902,9,6,0.9265848394146715
2025-10-15,ILI incidence,2025-11-02,4,RO,QMUL,SEIR,WIS,0.355269604856276,1.3440827744823942,9,1,1.0
2025-10-15,ILI incidence,2025-11-02,4,RO,QMUL,SEIR_agumented,WIS,0.705672769314564,0.3539976984716196,9,2,0.9612183846718458
2025-10-15,ILI incidence,2025-11-02,4,RO,respicast,hubEnsemble,WIS,0.953625068437242,-0.08042512272895101,9,4,0.9337757367175297
2025-10-15,ILI incidence,2025-11-02,4,RO,respicast,quantileBaseline,WIS,0.901918478260869,0.0,9,3,0.9394984735348489
2025-10-15,ILI incidence,2025-11-02,4,RO,safinea,PRFM,WIS,9.39056020565562,-3.380142282674044,9,9,0.0
2025-10-15,ILI incidence,2025-11-02,4,SI,ECDC,SARIMA,WIS,5.04978217327508,-0.21403225057136804,13,6,0.6157030517318413
2025-10-15,ILI incidence,2025-11-02,4,SI,ItaLuxColab,EpiEKF,WIS,4.21179793439488,0.04775268358199589,13,4,0.7893264978990483
2025-10-15,ILI incidence,2025-11-02,4,SI,ItaLuxColab,EpiNetEKF,WIS,3.49470245420953,0.31701927977903205,13,2,0.9379027869556114
2025-10-15,ILI incidence,2025-11-02,4,SI,MRC_GIDA,NBEATS,WIS,7.2832525893436,-0.7423939731608399,13,10,0.1529463403782754
2025-10-15,ILI incidence,2025-11-02,4,SI,MRC_GIDA,NHiTS,WIS,6.90722477238237,-0.6659172653319134,13,9,0.23085621314961055
2025-10-15,ILI incidence,2025-11-02,4,SI,MRC_GIDA,Prophet,WIS,8.02143988754969,-0.8816723239806654,13,13,0.0
2025-10-15,ILI incidence,2025-11-02,4,SI,MRC_GIDA,TiDE,WIS,3.7725352143423,0.2066545392324941,13,3,0.8803381228076802
2025-10-15,ILI incidence,2025-11-02,4,SI,QMUL,ARIMA,WIS,5.1358024379095,-0.2384007997487911,13,7,0.5978803599757279
2025-10-15,ILI incidence,2025-11-02,4,SI,QMUL,SEIR,WIS,6.0518101076975,-0.4751778129765093,13,8,0.4080911002675599
2025-10-15,ILI incidence,2025-11-02,4,SI,QMUL,SEIR_agumented,WIS,7.61515287814925,-0.806684093119643,13,12,0.08417932871784888
2025-10-15,ILI incidence,2025-11-02,4,SI,respicast,hubEnsemble,WIS,3.19499359023807,0.4463758698800856,13,1,1.0
2025-10-15,ILI incidence,2025-11-02,4,SI,respicast,quantileBaseline,WIS,4.35353978260869,0.0,13,5,0.7599587520499416
2025-10-15,ILI incidence,2025-11-02,4,SI,safinea,PRFM,WIS,7.599,-0.8036206710356548,13,11,0.08752607229567495
2025-10-22,ILI incidence,2025-10-19,1,AT,ECDC,SARIMA,WIS,87.3140285359929,0.5310226405509835,12,5,0.740601511333509
2025-10-22,ILI incidence,2025-10-19,1,AT,ECDC,soca_simplex,WIS,128.513284177503,-0.026609483311111137,12,9,0.5102872094870046
2025-10-22,ILI incidence,2025-10-19,1,AT,ISI,FluBcast,WIS,85.9534782608696,0.5536800852742464,12,4,0.7482073328917599
2025-10-22,ILI incidence,2025-10-19,1,AT,ItaLuxColab,EpiEKF,WIS,135.293123233569,-0.10078049844014134,12,10,0.47238618738076477
2025-10-22,ILI incidence,2025-10-19,1,AT,ItaLuxColab,EpiNetEKF,WIS,88.6608127955938,0.5089395189565649,12,6,0.7330726452979947
2025-10-22,ILI incidence,2025-10-19,1,AT,NotreDame,Rt_cocirc,WIS,113.382636956522,0.15410828487150977,12,7,0.5948713699754502
2025-10-22,ILI incidence,2025-10-19,1,AT,QMUL,ARIMA,WIS,78.4516469633641,0.6854323728659006,12,3,0.790144474982124
2025-10-22,ILI incidence,2025-10-19,1,AT,QMUL,SEIR,WIS,212.529351034289,-0.7523540836556627,12,11,0.04061605934821895
2025-10-22,ILI incidence,2025-10-19,1,AT,QMUL,SEIR_agumented,WIS,40.9121135792977,1.6247080365124078,12,1,1.0
2025-10-22,ILI incidence,2025-10-19,1,AT,respicast,hubEnsemble,WIS,70.3532350683315,0.842619342636472,12,2,0.8354166541180646
2025-10-22,ILI incidence,2025-10-19,1,AT,respicast,quantileBaseline,WIS,126.164673913043,0.0,12,8,0.5234165373097054
2025-10-22,ILI incidence,2025-10-19,1,AT,safinea,PRFM,WIS,219.794863418115,-0.8008496585553927,12,12,0.0
2025-10-22,ILI incidence,2025-10-19,1,BE,ECDC,SARIMA,WIS,22.3145597288406,-0.24669759638623212,17,4,0.726809110768217
2025-10-22,ILI incidence,2025-10-19,1,BE,ECDC,soca_simplex,WIS,24.7817344173181,-0.39798941616727085,17,7,0.6909767342759181
2025-10-22,ILI incidence,2025-10-19,1,BE,ISI,FluBcast,WIS,31.33,-0.7362570239143201,17,13,0.5958720305733128
2025-10-22,ILI incidence,2025-10-19,1,BE,ItaLuxColab,EpiEKF,WIS,29.3945230936115,-0.6442596255336384,17,11,0.6239822156873878
2025-10-22,ILI incidence,2025-10-19,1,BE,ItaLuxColab,EpiNetEKF,WIS,24.8428942430609,-0.40154551419186063,17,8,0.6900884705009798
2025-10-22,ILI incidence,2025-10-19,1,BE,MRC_GIDA,NBEATS,WIS,34.488703357198,-0.874836144230428,17,15,0.5499961351812225
2025-10-22,ILI incidence,2025-10-19,1,BE,MRC_GIDA,NHiTS,WIS,3.50448590691099,2.4240130181145894,17,1,1.0
2025-10-22,ILI incidence,2025-10-19,1,BE,MRC_GIDA,Prophet,WIS,26.3758354204364,-0.4879290442463314,17,10,0.6678245725837376
2025-10-22,ILI incidence,2025-10-19,1,BE,MRC_GIDA,TiDE,WIS,21.9614095651446,-0.22368290906674315,17,3,0.7319381394028618
2025-10-22,ILI incidence,2025-10-19,1,BE,NotreDame,Rt_cocirc,WIS,22.3998260869565,-0.2521997853962948,17,5,0.7255707322049132
2025-10-22,ILI incidence,2025-10-19,1,BE,QMUL,ARIMA,WIS,31.6812775415171,-0.7523427672001918,17,14,0.5907701992438509
2025-10-22,ILI incidence,2025-10-19,1,BE,QMUL,SEIR,WIS,72.3577111181317,-1.9438590263056297,17,17,0.0
2025-10-22,ILI incidence,2025-10-19,1,BE,QMUL,SEIR_agumented,WIS,25.1703345340432,-0.4204366454121457,17,9,0.685332843005277
2025-10-22,ILI incidence,2025-10-19,1,BE,RIVM,KFdlm,WIS,29.5767666566194,-0.6531765992918833,17,12,0.6213353743455503
2025-10-22,ILI incidence,2025-10-19,1,BE,respicast,hubEnsemble,WIS,23.296462647213,-0.30882316579090957,17,6,0.7125482985061882
2025-10-22,ILI incidence,2025-10-19,1,BE,respicast,quantileBaseline,WIS,18.8072347826087,0.0,17,2,0.7777482633710542
2025-10-22,ILI incidence,2025-10-19,1,BE,safinea,PRFM,WIS,49.3218702698874,-1.390939761527878,17,16,0.3345644416449246
2025-10-22,ILI incidence,2025-10-19,1,CZ,ECDC,SARIMA,WIS,2.98547842024011,-0.4027360997306613,17,6,0.6956018655547855
2025-10-22,ILI incidence,2025-10-19,1,CZ,ECDC,soca_simplex,WIS,4.39156967906073,-0.9595106536574296,17,12,0.5233534842890718
2025-10-22,ILI incidence,2025-10-19,1,CZ,ISI,FluBcast,WIS,3.39391304347826,-0.5877235607349688,17,9,0.6455679845642642
2025-10-22,ILI incidence,2025-10-19,1,CZ,ItaLuxColab,EpiEKF,WIS,2.95153484865457,-0.3862393348567636,17,5,0.6997600062325751
2025-10-22,ILI incidence,2025-10-19,1,CZ,ItaLuxColab,EpiNetEKF,WIS,2.51465798570272,-0.1551361540357592,17,4,0.753278106131025
2025-10-22,ILI incidence,2025-10-19,1,CZ,MRC_GIDA,NBEATS,WIS,1.78631550298998,0.33823912592280025,17,2,0.8425012009104835
2025-10-22,ILI incidence,2025-10-19,1,CZ,MRC_GIDA,NHiTS,WIS,0.500627457347978,2.1734167167001006,17,1,1.0
2025-10-22,ILI incidence,2025-10-19,1,CZ,MRC_GIDA,Prophet,WIS,8.66378840253884,-1.9397719672707066,17,17,0.0
2025-10-22,ILI incidence,2025-10-19,1,CZ,MRC_GIDA,TiDE,WIS,6.0959776960197,-1.4326315834319827,17,15,0.3145608329616368
2025-10-22,ILI incidence,2025-10-19,1,CZ,NotreDame,Rt_cocirc,WIS,3.01690217391304,-0.4178418755332535,17,8,0.691752406517543
2025-10-22,ILI incidence,2025-10-19,1,CZ,QMUL,ARIMA,WIS,3.78076068156022,-0.7434504901631765,17,10,0.598178543062457
2025-10-22,ILI incidence,2025-10-19,1,CZ,QMUL,SEIR,WIS,6.56329800344731,-1.5391948986032278,17,16,0.25731336343784644
2025-10-22,ILI incidence,2025-10-19,1,CZ,QMUL,SEIR_agumented,WIS,4.75366125682889,-1.0738130604507967,17,13,0.4789966989458307
2025-10-22,ILI incidence,2025-10-19,1,CZ,RIVM,KFdlm,WIS,4.28026165249855,-0.9224729504326896,17,11,0.5369888918609088
2025-10-22,ILI incidence,2025-10-19,1,CZ,respicast,hubEnsemble,WIS,3.00379415629339,-0.41155991050529045,17,7,0.6933581592042364
2025-10-22,ILI incidence,2025-10-19,1,CZ,respicast,quantileBaseline,WIS,2.25828260869565,0.0,17,3,0.784684491320344
2025-10-22,ILI incidence,2025-10-19,1,CZ,safinea,PRFM,WIS,5.9889519473653,-1.4070775159596838,17,14,0.32767165478335425
2025-10-22,ILI incidence,2025-10-19,1,EE,ECDC,SARIMA,WIS,9.929191537559,-0.4211195946131108,11,6,0.7281792084351988
2025-10-22,ILI incidence,2025-10-19,1,EE,ECDC,soca_simplex,WIS,6.9890221488819,0.08546604093079402,11,2,0.8676965627451935
2025-10-22,ILI incidence,2025-10-19,1,EE,ISI,FluBcast,WIS,13.8265217391304,-0.8988097066100854,11,8,0.5432425171378539
2025-10-22,ILI incidence,2025-10-19,1,EE,ItaLuxColab,EpiEKF,WIS,25.274739255983,-1.7690676440180824,11,11,0.0
2025-10-22,ILI incidence,2025-10-19,1,EE,ItaLuxColab,EpiNetEKF,WIS,19.6224159419304,-1.403874114532708,11,9,0.2682148850057044
2025-10-22,ILI incidence,2025-10-19,1,EE,NotreDame,Rt_cocirc,WIS,10.16265,-0.45464808174974003,11,7,0.7171011028177184
2025-10-22,ILI incidence,2025-10-19,1,EE,QMUL,ARIMA,WIS,4.20087784843141,0.819865823389712,11,1,1.0
2025-10-22,ILI incidence,2025-10-19,1,EE,RIVM,KFdlm,WIS,25.2462780348689,-1.7674421475770123,11,10,0.0013505460894746501
2025-10-22,ILI incidence,2025-10-19,1,EE,respicast,hubEnsemble,WIS,9.75629567558558,-0.3957768216306138,11,5,0.7363834885445605
2025-10-22,ILI incidence,2025-10-19,1,EE,respicast,quantileBaseline,WIS,7.41556521739131,0.0,11,4,0.8474561777364659
2025-10-22,ILI incidence,2025-10-19,1,EE,safinea,PRFM,WIS,7.17031661375659,0.04851983544386204,11,3,0.8590937508841586
2025-10-22,ILI incidence,2025-10-19,1,ES,ECDC,SARIMA,WIS,1.19501549780857,-0.6442358155283043,12,2,0.8805988237709667
2025-10-22,ILI incidence,2025-10-19,1,ES,ECDC,soca_simplex,WIS,1.91810961908361,-1.3268916593793623,12,8,0.680001881129789
2025-10-22,ILI incidence,2025-10-19,1,ES,ISI,FluBcast,WIS,1.80869565217391,-1.2421561545051145,12,7,0.7103549245283821
2025-10-22,ILI incidence,2025-10-19,1,ES,ItaLuxColab,EpiEKF,WIS,2.32254296781188,-1.6029117744979002,12,9,0.5678061228321416
2025-10-22,ILI incidence,2025-10-19,1,ES,ItaLuxColab,EpiNetEKF,WIS,1.32296999378187,-0.7909868275999592,12,4,0.845102364963948
2025-10-22,ILI incidence,2025-10-19,1,ES,QMUL,ARIMA,WIS,1.42547986445196,-0.8986541480079975,12,5,0.8166646193898264
2025-10-22,ILI incidence,2025-10-19,1,ES,QMUL,SEIR,WIS,4.36932027178268,-2.514615346713297,12,12,0.0
2025-10-22,ILI incidence,2025-10-19,1,ES,QMUL,SEIR_agumented,WIS,1.19780952728701,-0.6476049998709652,12,3,0.8798237189062831
2025-10-22,ILI incidence,2025-10-19,1,ES,RIVM,KFdlm,WIS,2.67020838142033,-1.8041588206485313,12,10,0.47135862453280375
2025-10-22,ILI incidence,2025-10-19,1,ES,respicast,hubEnsemble,WIS,1.52341839748266,-0.9945187108640782,12,6,0.7894950301002909
2025-10-22,ILI incidence,2025-10-19,1,ES,respicast,quantileBaseline,WIS,0.764608695652175,0.0,12,1,1.0
2025-10-22,ILI incidence,2025-10-19,1,ES,safinea,PRFM,WIS,2.76407153506491,-1.8540014409317918,12,11,0.445319605415125
2025-10-22,ILI incidence,2025-10-19,1,FI,ECDC,SARIMA,WIS,1.70021000365482,-0.8010169969765041,13,12,0.7423021274031191
2025-10-22,ILI incidence,2025-10-19,1,FI,ECDC,soca_simplex,WIS,1.13280891067648,-0.21520856206841488,13,8,0.8321050923895352
2025-10-22,ILI incidence,2025-10-19,1,FI,ISI,FluBcast,WIS,0.363913043478261,1.4230302900323744,13,3,0.9537987752087851
2025-10-22,ILI incidence,2025-10-19,1,FI,ItaLuxColab,EpiEKF,WIS,1.42817695349439,-0.5494787860003091,13,11,0.7853569871505212
2025-10-22,ILI incidence,2025-10-19,1,FI,ItaLuxColab,EpiNetEKF,WIS,0.827284439736969,0.23824060465506675,13,5,0.8804606625599326
2025-10-22,ILI incidence,2025-10-19,1,FI,MRC_GIDA,Prophet,WIS,6.39028942889858,-2.7111853184245005,13,13,0.0
2025-10-22,ILI incidence,2025-10-19,1,FI,QMUL,ARIMA,WIS,1.27716412549778,-0.3882479777077058,13,10,0.8092578923001644
2025-10-22,ILI incidence,2025-10-19,1,FI,QMUL,SEIR,WIS,0.123018368159698,2.9877503078263032,13,2,0.9919253427476193
2025-10-22,ILI incidence,2025-10-19,1,FI,QMUL,SEIR_agumented,WIS,0.0720003494214606,3.7605482384792954,13,1,1.0
2025-10-22,ILI incidence,2025-10-19,1,FI,RIVM,KFdlm,WIS,0.952000423617673,0.03566183613980917,13,6,0.8607217771889224
2025-10-22,ILI incidence,2025-10-19,1,FI,respicast,hubEnsemble,WIS,0.825384051556988,0.24155848942852365,13,4,0.8807614383167991
2025-10-22,ILI incidence,2025-10-19,1,FI,respicast,quantileBaseline,WIS,0.975826086956522,0.0,13,7,0.8569508729078508
2025-10-22,ILI incidence,2025-10-19,1,FI,safinea,PRFM,WIS,1.1651246941529,-0.2557884067202177,13,9,0.8269904508987894
2025-10-22,ILI incidence,2025-10-19,1,FR,ECDC,soca_simplex,WIS,16.3891610399612,-0.3090427361662833,9,3,0.8208689018272143
2025-10-22,ILI incidence,2025-10-19,1,FR,ISI,FluBcast,WIS,30.9860869565217,-1.2279213085903613,9,7,0.6018488448561474
2025-10-22,ILI incidence,2025-10-19,1,FR,ItaLuxColab,EpiEKF,WIS,30.5394412197228,-1.206974396679123,9,6,0.6085505555641941
2025-10-22,ILI incidence,2025-10-19,1,FR,ItaLuxColab,EpiNetEKF,WIS,22.5248536277859,-0.7678184623706015,9,4,0.7288056997650797
2025-10-22,ILI incidence,2025-10-19,1,FR,NotreDame,Rt_cocirc,WIS,4.45069565217392,1.5715965139121584,9,1,1.0
2025-10-22,ILI incidence,2025-10-19,1,FR,RIVM,KFdlm,WIS,71.0972216298783,-2.4260939139417026,9,9,0.0
2025-10-22,ILI incidence,2025-10-19,1,FR,respicast,hubEnsemble,WIS,27.1997256629391,-1.039892831793268,9,5,0.6586614279283584
2025-10-22,ILI incidence,2025-10-19,1,FR,respicast,quantileBaseline,WIS,13.2289565217391,0.0,9,2,0.8682862948850204
2025-10-22,ILI incidence,2025-10-19,1,FR,safinea,PRFM,WIS,65.3889122016403,-2.3053467543647947,9,8,0.08565051733000519
2025-10-22,ILI incidence,2025-10-19,1,GR,ECDC,SARIMA,WIS,37.0255642336458,-0.5486952598222006,17,7,0.9664305433692637
2025-10-22,ILI incidence,2025-10-19,1,GR,ECDC,soca_simplex,WIS,24.5855363299717,0.04201663344240456,17,1,1.0
2025-10-22,ILI incidence,2025-10-19,1,GR,ISI,FluBcast,WIS,39.0717391304348,-0.6262990119235908,17,8,0.9609089336117508
2025-10-22,ILI incidence,2025-10-19,1,GR,ItaLuxColab,EpiEKF,WIS,57.2390719459533,-1.1771738197766526,17,11,0.9118843256471192
2025-10-22,ILI incidence,2025-10-19,1,GR,ItaLuxColab,EpiNetEKF,WIS,35.3092512479633,-0.480219767151392,17,5,0.9710620196636716
2025-10-22,ILI incidence,2025-10-19,1,GR,MRC_GIDA,NBEATS,WIS,395.161326117524,-3.9645433930559157,17,17,0.0
2025-10-22,ILI incidence,2025-10-19,1,GR,MRC_GIDA,NHiTS,WIS,372.332880572743,-3.8786946594129827,17,16,0.06160263615134799
2025-10-22,ILI incidence,2025-10-19,1,GR,MRC_GIDA,Prophet,WIS,56.3055993472671,-1.1534519380635824,17,10,0.9144033045561876
2025-10-22,ILI incidence,2025-10-19,1,GR,MRC_GIDA,TiDE,WIS,134.636786501195,-2.411174281831346,17,14,0.703026335761668
2025-10-22,ILI incidence,2025-10-19,1,GR,NotreDame,Rt_cocirc,WIS,201.641554347826,-2.9938946142302925,17,15,0.5222137471005355
2025-10-22,ILI incidence,2025-10-19,1,GR,QMUL,ARIMA,WIS,24.6809146112864,0.03643060308130074,17,2,0.9997426213909727
2025-10-22,ILI incidence,2025-10-19,1,GR,QMUL,SEIR,WIS,105.396387325145,-2.0579270502816054,17,13,0.7819316500910612
2025-10-22,ILI incidence,2025-10-19,1,GR,QMUL,SEIR_agumented,WIS,45.5112850336977,-0.8463978609600222,17,9,0.943531797596053
2025-10-22,ILI incidence,2025-10-19,1,GR,RIVM,KFdlm,WIS,99.4494379274552,-1.9741367560661764,17,12,0.7979795127997913
2025-10-22,ILI incidence,2025-10-19,1,GR,respicast,hubEnsemble,WIS,35.7180753883109,-0.4968278840945494,17,6,0.9699588063626029
2025-10-22,ILI incidence,2025-10-19,1,GR,respicast,quantileBaseline,WIS,25.3120869565217,0.0,17,3,0.9980394007202508
2025-10-22,ILI incidence,2025-10-19,1,GR,safinea,PRFM,WIS,30.615049037331,-0.27441453278420525,17,4,0.9837293399258059
2025-10-22,ILI incidence,2025-10-19,1,HR,ECDC,soca_simplex,WIS,1.64977257286935,-0.20985183074288466,9,8,0.44175960042479173
2025-10-22,ILI incidence,2025-10-19,1,HR,ISI,FluBcast,WIS,0.610434782608696,1.2245062522202605,9,1,1.0
2025-10-22,ILI incidence,2025-10-19,1,HR,ItaLuxColab,EpiEKF,WIS,1.05009504800475,0.44189540920258874,9,5,0.763853364582767
2025-10-22,ILI incidence,2025-10-19,1,HR,ItaLuxColab,EpiNetEKF,WIS,0.675010418978718,1.0794336508348743,9,2,0.9653156756274744
2025-10-22,ILI incidence,2025-10-19,1,HR,NotreDame,Rt_cocirc,WIS,1.14392173913043,0.3184269725055943,9,6,0.7134579589354042
2025-10-22,ILI incidence,2025-10-19,1,HR,RIVM,KFdlm,WIS,0.750320044056032,0.926837322658037,9,4,0.9248660012396361
2025-10-22,ILI incidence,2025-10-19,1,HR,respicast,hubEnsemble,WIS,0.676634416598029,1.075966860776504,9,3,0.9644434076426012
2025-10-22,ILI incidence,2025-10-19,1,HR,respicast,quantileBaseline,WIS,1.42643630434783,0.0,9,7,0.5617161044097205
2025-10-22,ILI incidence,2025-10-19,1,HR,safinea,PRFM,WIS,2.47224519807045,-0.7934065106015378,9,9,0.0
2025-10-22,ILI incidence,2025-10-19,1,HU,ECDC,SARIMA,WIS,13.3731743480483,0.22676058122762036,12,2,0.9992610538232763
2025-10-22,ILI incidence,2025-10-19,1,HU,ECDC,soca_simplex,WIS,13.339722899207,0.23037383696200728,12,1,1.0
2025-10-22,ILI incidence,2025-10-19,1,HU,ISI,FluBcast,WIS,18.3647826086956,-0.23083928314855376,12,6,0.8889958794385632
2025-10-22,ILI incidence,2025-10-19,1,HU,ItaLuxColab,EpiEKF,WIS,25.0399964417124,-0.6781318219958666,12,9,0.7415396731581851
2025-10-22,ILI incidence,2025-10-19,1,HU,ItaLuxColab,EpiNetEKF,WIS,17.279514545295,-0.14296015139860854,12,5,0.9129695700842126
2025-10-22,ILI incidence,2025-10-19,1,HU,NotreDame,Rt_cocirc,WIS,18.9556717391304,-0.2765270474689758,12,7,0.875943073687942
2025-10-22,ILI incidence,2025-10-19,1,HU,QMUL,ARIMA,WIS,49.378059732831,-1.657767612907551,12,10,0.20390918357457913
2025-10-22,ILI incidence,2025-10-19,1,HU,QMUL,SEIR,WIS,58.6088506043124,-1.905016009228649,12,12,0.0
2025-10-22,ILI incidence,2025-10-19,1,HU,QMUL,SEIR_agumented,WIS,19.816733868296,-0.3406166663998165,12,8,0.8569221167396487
2025-10-22,ILI incidence,2025-10-19,1,HU,respicast,hubEnsemble,WIS,16.9753985650902,-0.11734291261793786,12,4,0.9196875254684183
2025-10-22,ILI incidence,2025-10-19,1,HU,respicast,quantileBaseline,WIS,15.649347826087,0.0,12,3,0.9489801318477906
2025-10-22,ILI incidence,2025-10-19,1,HU,safinea,PRFM,WIS,50.637726982954,-1.6941101115262867,12,11,0.17608299575119551
2025-10-22,ILI incidence,2025-10-19,1,IE,ECDC,soca_simplex,WIS,1.03960866934384,0.18614436607055354,9,3,0.7052464837598945
2025-10-22,ILI incidence,2025-10-19,1,IE,ISI,FluBcast,WIS,0.523913043478261,1.1747856504572531,9,1,1.0
2025-10-22,ILI incidence,2025-10-19,1,IE,ItaLuxColab,EpiEKF,WIS,1.73565101837736,-0.5532919632671531,9,8,0.3074131116321079
2025-10-22,ILI incidence,2025-10-19,1,IE,ItaLuxColab,EpiNetEKF,WIS,1.31773187056999,-0.1558719077807306,9,6,0.5462810254592448
2025-10-22,ILI incidence,2025-10-19,1,IE,NotreDame,Rt_cocirc,WIS,2.27349565217391,-0.9427273093366941,9,9,0.0
2025-10-22,ILI incidence,2025-10-19,1,IE,RIVM,KFdlm,WIS,1.55198248065236,-0.3919273362031957,9,7,0.4123916001082414
2025-10-22,ILI incidence,2025-10-19,1,IE,respicast,hubEnsemble,WIS,0.989325981749655,0.25766706498983644,9,2,0.7339863028140357
2025-10-22,ILI incidence,2025-10-19,1,IE,respicast,quantileBaseline,WIS,1.18278260869565,0.0,9,4,0.6234132861502376
2025-10-22,ILI incidence,2025-10-19,1,IE,safinea,PRFM,WIS,1.2022175710915,-0.023513075389501554,9,5,0.6123049439094908
2025-10-22,ILI incidence,2025-10-19,1,IS,ECDC,SARIMA,WIS,0.718739949979029,-0.6082786261150492,9,5,0.6330360783182669
2025-10-22,ILI incidence,2025-10-19,1,IS,ItaLuxColab,EpiEKF,WIS,0.856189065169847,-0.8607381582474136,9,7,0.5438145592161991
2025-10-22,ILI incidence,2025-10-19,1,IS,ItaLuxColab,EpiNetEKF,WIS,0.60132986929403,-0.35096536994412697,9,4,0.7092497792363776
2025-10-22,ILI incidence,2025-10-19,1,IS,MRC_GIDA,Prophet,WIS,1.69395590375777,-1.845133162499547,9,9,0.0
2025-10-22,ILI incidence,2025-10-19,1,IS,QMUL,ARIMA,WIS,0.153418188483288,1.619721720409502,9,1,1.0
2025-10-22,ILI incidence,2025-10-19,1,IS,RIVM,KFdlm,WIS,0.772563192796819,-0.7124616929280483,9,6,0.5980981197833146
2025-10-22,ILI incidence,2025-10-19,1,IS,respicast,hubEnsemble,WIS,0.589468853027799,-0.32222433258245886,9,3,0.7169490495292298
2025-10-22,ILI incidence,2025-10-19,1,IS,respicast,quantileBaseline,WIS,0.471478260869565,0.0,9,2,0.7935395743754268
2025-10-22,ILI incidence,2025-10-19,1,IS,safinea,PRFM,WIS,1.25079885658737,-1.407586648423845,9,8,0.28766387396847437
2025-10-22,ILI incidence,2025-10-19,1,LT,ECDC,SARIMA,WIS,2.7826838021188,-0.40048309726748266,17,13,0.8691090815496733
2025-10-22,ILI incidence,2025-10-19,1,LT,ECDC,soca_simplex,WIS,2.62298875935784,-0.3152177385540869,17,12,0.8780268282046698
2025-10-22,ILI incidence,2025-10-19,1,LT,ISI,FluBcast,WIS,0.872608695652174,1.2725871309584764,17,4,0.975772166370545
2025-10-22,ILI incidence,2025-10-19,1,LT,ItaLuxColab,EpiEKF,WIS,2.27882851067994,-0.11229847466476721,17,11,0.897245545663697
2025-10-22,ILI incidence,2025-10-19,1,LT,ItaLuxColab,EpiNetEKF,WIS,1.46792174202038,0.5222188293495013,17,9,0.9425284861902374
2025-10-22,ILI incidence,2025-10-19,1,LT,MRC_GIDA,NBEATS,WIS,2.87617858332304,-0.44815936970365233,17,14,0.8638881131468421
2025-10-22,ILI incidence,2025-10-19,1,LT,MRC_GIDA,NHiTS,WIS,0.842017042170734,1.324072548077459,17,3,0.9774804762265579
2025-10-22,ILI incidence,2025-10-19,1,LT,MRC_GIDA,Prophet,WIS,18.3463028767029,-3.1214235707121296,17,17,0.0
2025-10-22,ILI incidence,2025-10-19,1,LT,MRC_GIDA,TiDE,WIS,5.76438795718771,-1.451173549140524,17,16,0.7026037110927036
2025-10-22,ILI incidence,2025-10-19,1,LT,NotreDame,Rt_cocirc,WIS,0.922254347826087,1.1927572960770105,17,5,0.9729998364287088
2025-10-22,ILI incidence,2025-10-19,1,LT,QMUL,ARIMA,WIS,3.10048290146594,-0.556499046846696,17,15,0.8513624326483291
2025-10-22,ILI incidence,2025-10-19,1,LT,QMUL,SEIR,WIS,0.438747421370135,2.2645313350192366,17,1,1.0
2025-10-22,ILI incidence,2025-10-19,1,LT,QMUL,SEIR_agumented,WIS,0.500647250013937,2.074127525460456,17,2,0.9965433680326607
2025-10-22,ILI incidence,2025-10-19,1,LT,RIVM,KFdlm,WIS,1.12103501672389,0.91116254352452,17,7,0.961899456514006
2025-10-22,ILI incidence,2025-10-19,1,LT,respicast,hubEnsemble,WIS,1.13404240998229,0.8945192924816546,17,8,0.961173093092106
2025-10-22,ILI incidence,2025-10-19,1,LT,respicast,quantileBaseline,WIS,2.10817391304348,0.0,17,10,0.9067752996305144
2025-10-22,ILI incidence,2025-10-19,1,LT,safinea,PRFM,WIS,1.07820853769492,0.9673576479147794,17,6,0.9642909877945202
2025-10-22,ILI incidence,2025-10-19,1,LU,ECDC,SARIMA,WIS,1095.02310853923,0.05812753034259627,16,6,0.7180149787672886
2025-10-22,ILI incidence,2025-10-19,1,LU,ECDC,soca_simplex,WIS,2259.66141204289,-0.9870177691888316,16,13,0.26301398929297404
2025-10-22,ILI incidence,2025-10-19,1,LU,ItaLuxColab,EpiEKF,WIS,1451.61875774761,-0.34857375845115085,16,10,0.5787001608157093
2025-10-22,ILI incidence,2025-10-19,1,LU,ItaLuxColab,EpiNetEKF,WIS,2246.71011434161,-0.9787251442678309,16,12,0.2680738033582774
2025-10-22,ILI incidence,2025-10-19,1,LU,MRC_GIDA,NBEATS,WIS,735.857310284366,0.6315908997796021,16,4,0.8583339027625456
2025-10-22,ILI incidence,2025-10-19,1,LU,MRC_GIDA,NHiTS,WIS,445.201684811167,1.3565578885296943,16,2,0.9718872667457917
2025-10-22,ILI incidence,2025-10-19,1,LU,MRC_GIDA,Prophet,WIS,1129.71295866469,0.013132591727380804,16,7,0.7044623452292055
2025-10-22,ILI incidence,2025-10-19,1,LU,MRC_GIDA,TiDE,WIS,627.869534047248,0.8605521304315485,16,3,0.9005225761826152
2025-10-22,ILI incidence,2025-10-19,1,LU,NotreDame,Rt_cocirc,WIS,373.243234782609,1.6109008298834206,16,1,1.0
2025-10-22,ILI incidence,2025-10-19,1,LU,QMUL,ARIMA,WIS,1248.24123672397,-0.13080793222988715,16,9,0.6581557076788035
2025-10-22,ILI incidence,2025-10-19,1,LU,QMUL,SEIR,WIS,2849.31491118445,-1.32152623357593,16,15,0.032648111106349
2025-10-22,ILI incidence,2025-10-19,1,LU,QMUL,SEIR_agumented,WIS,1552.81687055907,-0.44579885135626346,16,11,0.5391640736686298
2025-10-22,ILI incidence,2025-10-19,1,LU,RIVM,KFdlm,WIS,2932.88229150032,-1.3632303249997555,16,16,0.0
2025-10-22,ILI incidence,2025-10-19,1,LU,respicast,hubEnsemble,WIS,832.197811123234,0.4540904471633029,16,5,0.8206955878657541
2025-10-22,ILI incidence,2025-10-19,1,LU,respicast,quantileBaseline,WIS,1140.04347826087,0.0,16,8,0.7004264169724195
2025-10-22,ILI incidence,2025-10-19,1,LU,safinea,PRFM,WIS,2397.49053008729,-1.0724362706795316,16,14,0.20916689796864413
2025-10-22,ILI incidence,2025-10-19,1,LV,ECDC,SARIMA,WIS,7.14285320169224,-0.5395898493198412,11,9,0.3457481018761554
2025-10-22,ILI incidence,2025-10-19,1,LV,ECDC,soca_simplex,WIS,0.65675475086732,2.90348398561806,11,2,0.9838024772638336
2025-10-22,ILI incidence,2025-10-19,1,LV,ItaLuxColab,EpiEKF,WIS,2.87125400552682,0.7752296581429514,11,6,0.7659564255208877
2025-10-22,ILI incidence,2025-10-19,1,LV,ItaLuxColab,EpiNetEKF,WIS,1.96210300578909,1.3245098407323352,11,3,0.855391974128227
2025-10-22,ILI incidence,2025-10-19,1,LV,NotreDame,Rt_cocirc,WIS,2.15413913043478,1.189799189431474,11,4,0.8365008810479035
2025-10-22,ILI incidence,2025-10-19,1,LV,QMUL,ARIMA,WIS,5.41118808377295,-0.1390347654674988,11,8,0.5160965037037748
2025-10-22,ILI incidence,2025-10-19,1,LV,QMUL,SEIR,WIS,0.492099932753397,3.3198873979381283,11,1,1.0
2025-10-22,ILI incidence,2025-10-19,1,LV,QMUL,SEIR_agumented,WIS,10.6575320667843,-1.1168908686597836,11,11,0.0
2025-10-22,ILI incidence,2025-10-19,1,LV,respicast,hubEnsemble,WIS,2.25943979661445,1.1209455058503948,11,5,0.8261421806216666
2025-10-22,ILI incidence,2025-10-19,1,LV,respicast,quantileBaseline,WIS,4.91404347826087,0.0,11,7,0.5650019116546856
2025-10-22,ILI incidence,2025-10-19,1,LV,safinea,PRFM,WIS,7.16702725597422,-0.5444642186774975,11,10,0.34337003727808957
2025-10-22,ILI incidence,2025-10-19,1,MT,ECDC,SARIMA,WIS,304.890868970936,0.4573093362236226,11,1,1.0
2025-10-22,ILI incidence,2025-10-19,1,MT,ECDC,soca_simplex,WIS,457.091556084981,-0.12688088744195192,11,4,0.9876314343364102
2025-10-22,ILI incidence,2025-10-19,1,MT,ItaLuxColab,EpiEKF,WIS,1282.9572491831,-1.6157989118591685,11,7,0.9205175845366632
2025-10-22,ILI incidence,2025-10-19,1,MT,ItaLuxColab,EpiNetEKF,WIS,1129.40133615772,-1.4318840574826905,11,6,0.9329962824275853
2025-10-22,ILI incidence,2025-10-19,1,MT,MRC_GIDA,Prophet,WIS,5889.32789552688,-3.8144288138152507,11,10,0.5461815753473942
2025-10-22,ILI incidence,2025-10-19,1,MT,NotreDame,Rt_cocirc,WIS,1806.95532391304,-2.109886650958519,11,9,0.877934960779941
2025-10-22,ILI incidence,2025-10-19,1,MT,QMUL,ARIMA,WIS,334.553439013262,0.3233656062731357,11,2,0.9975894757620614
2025-10-22,ILI incidence,2025-10-19,1,MT,RIVM,KFdlm,WIS,1351.24876188255,-1.69061911029761,11,8,0.9149678851555025
2025-10-22,ILI incidence,2025-10-19,1,MT,respicast,hubEnsemble,WIS,648.343658318021,-0.6311564440854479,11,5,0.972089361369312
2025-10-22,ILI incidence,2025-10-19,1,MT,respicast,quantileBaseline,WIS,418.608695652174,0.0,11,3,0.9907587381299159
2025-10-22,ILI incidence,2025-10-19,1,MT,safinea,PRFM,WIS,12610.334463137,-4.912860449818718,11,11,0.0
2025-10-22,ILI incidence,2025-10-19,1,NL,ECDC,SARIMA,WIS,5.7809805362619,0.13007353564421098,17,9,0.4721525320735636
2025-10-22,ILI incidence,2025-10-19,1,NL,ECDC,soca_simplex,WIS,2.97984649406673,1.0861497380760035,17,5,0.8083913536617078
2025-10-22,ILI incidence,2025-10-19,1,NL,ISI,FluBcast,WIS,7.78391304347826,-0.29910784275406826,17,15,0.23172717013006966
2025-10-22,ILI incidence,2025-10-19,1,NL,ItaLuxColab,EpiEKF,WIS,6.51398437429157,-0.04215250835090742,17,12,0.38416518730318056
2025-10-22,ILI incidence,2025-10-19,1,NL,ItaLuxColab,EpiNetEKF,WIS,7.53602461176841,-0.25241592597194673,17,14,0.26148287368009837
2025-10-22,ILI incidence,2025-10-19,1,NL,MRC_GIDA,NBEATS,WIS,4.67447429978608,0.4365836247463029,17,8,0.6049738635158093
2025-10-22,ILI incidence,2025-10-19,1,NL,MRC_GIDA,NHiTS,WIS,1.57010729573583,2.0105245993525136,17,2,0.9776117621295329
2025-10-22,ILI incidence,2025-10-19,1,NL,MRC_GIDA,Prophet,WIS,2.88805232988788,1.1312908673718194,17,4,0.819410020075821
2025-10-22,ILI incidence,2025-10-19,1,NL,MRC_GIDA,TiDE,WIS,2.19416305461955,1.5277170100813453,17,3,0.9027021827193604
2025-10-22,ILI incidence,2025-10-19,1,NL,NotreDame,Rt_cocirc,WIS,1.38359565217391,2.192965365368507,17,1,1.0
2025-10-22,ILI incidence,2025-10-19,1,NL,QMUL,ARIMA,WIS,5.89060379931905,0.10297222973734374,17,10,0.4589937198804501
2025-10-22,ILI incidence,2025-10-19,1,NL,QMUL,SEIR,WIS,8.4215185398196,-0.4126926479939464,17,16,0.15519112526449583
2025-10-22,ILI incidence,2025-10-19,1,NL,QMUL,SEIR_agumented,WIS,9.71438276641812,-0.6187345819389128,17,17,0.0
2025-10-22,ILI incidence,2025-10-19,1,NL,RIVM,KFdlm,WIS,3.05562615644549,1.0499197044163333,17,6,0.7992950148236658
2025-10-22,ILI incidence,2025-10-19,1,NL,respicast,hubEnsemble,WIS,4.58495212818625,0.46448108004179844,17,7,0.6157198074911105
2025-10-22,ILI incidence,2025-10-19,1,NL,respicast,quantileBaseline,WIS,6.32641304347827,0.0,17,11,0.40668062650970943
2025-10-22,ILI incidence,2025-10-19,1,NL,safinea,PRFM,WIS,6.87347453236483,-0.11965181322398234,17,13,0.3410131833996606
2025-10-22,ILI incidence,2025-10-19,1,NO,ECDC,SARIMA,WIS,2.82635881916394,0.055270483205931226,12,8,0.7261355600516397
2025-10-22,ILI incidence,2025-10-19,1,NO,ECDC,soca_simplex,WIS,3.64120088105533,-0.31019921764837366,12,11,0.595522747830047
2025-10-22,ILI incidence,2025-10-19,1,NO,ISI,FluBcast,WIS,1.11782608695652,1.3935193682293459,12,1,1.0
2025-10-22,ILI incidence,2025-10-19,1,NO,ItaLuxColab,EpiEKF,WIS,2.70294310123803,0.11968397473553924,12,7,0.7459181347916248
2025-10-22,ILI incidence,2025-10-19,1,NO,ItaLuxColab,EpiNetEKF,WIS,1.9961444841973,0.5569989681538362,12,4,0.8592124274693231
2025-10-22,ILI incidence,2025-10-19,1,NO,MRC_GIDA,Prophet,WIS,7.35643352547457,-1.3247913851698527,12,12,0.0
2025-10-22,ILI incidence,2025-10-19,1,NO,NotreDame,Rt_cocirc,WIS,3.35200869565217,-0.19081077439490207,12,10,0.6418779942938084
2025-10-22,ILI incidence,2025-10-19,1,NO,QMUL,ARIMA,WIS,1.34869468682501,1.122651324657637,12,2,0.9629935683333632
2025-10-22,ILI incidence,2025-10-19,1,NO,RIVM,KFdlm,WIS,2.13523606320548,0.4598195399431965,12,5,0.8369171347491228
2025-10-22,ILI incidence,2025-10-19,1,NO,respicast,hubEnsemble,WIS,1.94357125112353,0.595505119531847,12,3,0.867639505722264
2025-10-22,ILI incidence,2025-10-19,1,NO,respicast,quantileBaseline,WIS,2.93673913043478,0.0,12,9,0.7084424590898231
2025-10-22,ILI incidence,2025-10-19,1,NO,safinea,PRFM,WIS,2.25961645454651,0.378137205689345,12,6,0.8169799304023501
2025-10-22,ILI incidence,2025-10-19,1,PL,ECDC,SARIMA,WIS,34.7312440278884,-1.4007039005336968,17,14,0.7974690776671525
2025-10-22,ILI incidence,2025-10-19,1,PL,ECDC,soca_simplex,WIS,7.50098773597873,0.8103776981169155,17,1,1.0
2025-10-22,ILI incidence,2025-10-19,1,PL,ISI,FluBcast,WIS,21.7004347826087,-0.7221937617440779,17,11,0.8943885405946463
2025-10-22,ILI incidence,2025-10-19,1,PL,ItaLuxColab,EpiEKF,WIS,16.8091982744649,-0.3537207293784858,17,9,0.9307681703242711
2025-10-22,ILI incidence,2025-10-19,1,PL,ItaLuxColab,EpiNetEKF,WIS,14.932280546102,-0.18290433264195538,17,6,0.9447281519929399
2025-10-22,ILI incidence,2025-10-19,1,PL,MRC_GIDA,NBEATS,WIS,16.2022747829388,-0.3006661936825622,17,7,0.9352822950980718
2025-10-22,ILI incidence,2025-10-19,1,PL,MRC_GIDA,NHiTS,WIS,9.42331119103863,0.4812241940683316,17,3,0.985702303415667
2025-10-22,ILI incidence,2025-10-19,1,PL,MRC_GIDA,Prophet,WIS,25.8234249152069,-0.9731501688608069,17,12,0.8637229094903061
2025-10-22,ILI incidence,2025-10-19,1,PL,MRC_GIDA,TiDE,WIS,13.2877781389793,-0.014569703911374805,17,5,0.9569594944277191
2025-10-22,ILI incidence,2025-10-19,1,PL,NotreDame,Rt_cocirc,WIS,87.8162260869565,-2.738957349233432,17,16,0.40263803887006133
2025-10-22,ILI incidence,2025-10-19,1,PL,QMUL,ARIMA,WIS,17.4362669066244,-0.4065610065404741,17,10,0.9261042117086854
2025-10-22,ILI incidence,2025-10-19,1,PL,QMUL,SEIR,WIS,84.8570527610898,-2.6895043855232457,17,15,0.42464753068702255
2025-10-22,ILI incidence,2025-10-19,1,PL,QMUL,SEIR_agumented,WIS,7.60295028020826,0.7908989249129258,17,2,0.9992416315180864
2025-10-22,ILI incidence,2025-10-19,1,PL,RIVM,KFdlm,WIS,141.950858295292,-3.431789480556555,17,17,0.0
2025-10-22,ILI incidence,2025-10-19,1,PL,respicast,hubEnsemble,WIS,16.2680216148462,-0.30650862621321695,17,8,0.934793288811685
2025-10-22,ILI incidence,2025-10-19,1,PL,respicast,quantileBaseline,WIS,13.1542608695652,0.0,17,4,0.9579525580049368
2025-10-22,ILI incidence,2025-10-19,1,PL,safinea,PRFM,WIS,29.4289337054727,-1.1617050836857212,17,13,0.8369061578246716
2025-10-22,ILI incidence,2025-10-19,1,RO,ECDC,soca_simplex,WIS,0.815304620591704,-0.6307716365887018,8,7,0.7528988409188643
2025-10-22,ILI incidence,2025-10-19,1,RO,ItaLuxColab,EpiEKF,WIS,0.605895806987845,-0.20250216697696846,8,4,0.8426081960026767
2025-10-22,ILI incidence,2025-10-19,1,RO,ItaLuxColab,EpiNetEKF,WIS,0.530756035982299,-0.01148131849744433,8,3,0.8747975784935415
2025-10-22,ILI incidence,2025-10-19,1,RO,NotreDame,Rt_cocirc,WIS,0.238495652173913,1.14260458882981,8,1,1.0
2025-10-22,ILI incidence,2025-10-19,1,RO,RIVM,KFdlm,WIS,0.688360235025065,-0.38659620397218947,8,6,0.8072809787320175
2025-10-22,ILI incidence,2025-10-19,1,RO,respicast,hubEnsemble,WIS,0.630919393270246,-0.26088814252732995,8,5,0.831888256623597
2025-10-22,ILI incidence,2025-10-19,1,RO,respicast,quantileBaseline,WIS,0.526548913043478,0.0,8,2,0.8765998822223325
2025-10-22,ILI incidence,2025-10-19,1,RO,safinea,PRFM,WIS,2.57279861765857,-2.2886990767048814,8,8,0.0
2025-10-22,ILI incidence,2025-10-19,1,SI,ECDC,SARIMA,WIS,2.51352634935515,0.30980123681905225,16,8,0.6922615440462373
2025-10-22,ILI incidence,2025-10-19,1,SI,ECDC,soca_simplex,WIS,4.3941647320723,-0.4960749059795477,16,14,0.4484244227804113
2025-10-22,ILI incidence,2025-10-19,1,SI,ItaLuxColab,EpiEKF,WIS,2.52453007649088,0.30349918441170914,16,9,0.6908348385335622
2025-10-22,ILI incidence,2025-10-19,1,SI,ItaLuxColab,EpiNetEKF,WIS,1.99126200686698,0.6458309888302485,16,4,0.7599765470911678
2025-10-22,ILI incidence,2025-10-19,1,SI,MRC_GIDA,NBEATS,WIS,4.13715901122536,-0.40912635871750713,16,13,0.48174690289996736
2025-10-22,ILI incidence,2025-10-19,1,SI,MRC_GIDA,NHiTS,WIS,2.46048682672314,0.340570257338324,16,6,0.6991384666012356
2025-10-22,ILI incidence,2025-10-19,1,SI,MRC_GIDA,Prophet,WIS,7.85272008595236,-1.333678422710188,16,16,0.0
2025-10-22,ILI incidence,2025-10-19,1,SI,MRC_GIDA,TiDE,WIS,2.49324970535354,0.3214866700627874,16,7,0.6948905441494583
2025-10-22,ILI incidence,2025-10-19,1,SI,NotreDame,Rt_cocirc,WIS,1.52347826086957,1.0321451359678142,16,2,0.8206277828881072
2025-10-22,ILI incidence,2025-10-19,1,SI,QMUL,ARIMA,WIS,2.08638066790773,0.5785116427908936,16,5,0.7476437878005026
2025-10-22,ILI incidence,2025-10-19,1,SI,QMUL,SEIR,WIS,5.53557387782144,-0.8292188404889825,16,15,0.30043322849039483
2025-10-22,ILI incidence,2025-10-19,1,SI,QMUL,SEIR_agumented,WIS,0.140037238672032,4.475631625285139,16,1,1.0
2025-10-22,ILI incidence,2025-10-19,1,SI,RIVM,KFdlm,WIS,3.95890820737253,-0.3455885671877898,16,12,0.5048582906469282
2025-10-22,ILI incidence,2025-10-19,1,SI,respicast,hubEnsemble,WIS,1.95231901255562,0.6743252385228964,16,3,0.7650257621415562
2025-10-22,ILI incidence,2025-10-19,1,SI,respicast,quantileBaseline,WIS,3.11560869565217,0.0,16,11,0.6141976124391794
2025-10-22,ILI incidence,2025-10-19,1,SI,safinea,PRFM,WIS,2.76494846632772,0.17226145827050332,16,10,0.6596630148507542
2025-10-22,ILI incidence,2025-10-26,2,AT,ECDC,SARIMA,WIS,493.017215924296,0.09479408126154158,12,7,0.6091936941501787
2025-10-22,ILI incidence,2025-10-26,2,AT,ECDC,soca_simplex,WIS,285.799468168307,0.8814288751736716,12,2,0.857871983194494
2025-10-22,ILI incidence,2025-10-26,2,AT,ISI,FluBcast,WIS,338.713043478261,0.6363685624119565,12,3,0.7943713539395533
2025-10-22,ILI incidence,2025-10-26,2,AT,ItaLuxColab,EpiEKF,WIS,674.434576906467,-0.3572463952918285,12,11,0.39147798485144514
2025-10-22,ILI incidence,2025-10-26,2,AT,ItaLuxColab,EpiNetEKF,WIS,592.073758769924,-0.1693448067015466,12,9,0.49031772015540903
2025-10-22,ILI incidence,2025-10-26,2,AT,NotreDame,Rt_cocirc,WIS,648.298563043478,-0.3002262682204423,12,10,0.42284334462526185
2025-10-22,ILI incidence,2025-10-26,2,AT,QMUL,ARIMA,WIS,486.028454427884,0.11539132839777308,12,6,0.6175807810203295
2025-10-22,ILI incidence,2025-10-26,2,AT,QMUL,SEIR,WIS,167.367546955378,1.6534122946382168,12,1,1.0
2025-10-22,ILI incidence,2025-10-26,2,AT,QMUL,SEIR_agumented,WIS,464.408346977365,0.1810382044513746,12,5,0.6435266827974323
2025-10-22,ILI incidence,2025-10-26,2,AT,respicast,hubEnsemble,WIS,433.1794551565,0.2814672865612295,12,4,0.6810039137337881
2025-10-22,ILI incidence,2025-10-26,2,AT,respicast,quantileBaseline,WIS,526.499480217391,0.0,12,8,0.5690122314718894
2025-10-22,ILI incidence,2025-10-26,2,AT,safinea,PRFM,WIS,1000.64394013123,-0.9264246981745139,12,12,0.0
2025-10-22,ILI incidence,2025-10-26,2,BE,ECDC,SARIMA,WIS,46.0975179490465,-0.059761262681019084,17,6,0.7418345069854069
2025-10-22,ILI incidence,2025-10-26,2,BE,ECDC,soca_simplex,WIS,103.665551111337,-1.2289368392825004,17,15,0.36166494372617186
2025-10-22,ILI incidence,2025-10-26,2,BE,ISI,FluBcast,WIS,89.2904347826087,-1.013577824909841,17,13,0.45659578287933456
2025-10-22,ILI incidence,2025-10-26,2,BE,ItaLuxColab,EpiEKF,WIS,73.0772527408646,-0.7244945881097784,17,11,0.563664897408157
2025-10-22,ILI incidence,2025-10-26,2,BE,ItaLuxColab,EpiNetEKF,WIS,62.9055525778939,-0.5082595568943626,17,8,0.6308370864884935
2025-10-22,ILI incidence,2025-10-26,2,BE,MRC_GIDA,NBEATS,WIS,7.77839681663097,2.507383069169755,17,2,0.9948875078464932
2025-10-22,ILI incidence,2025-10-26,2,BE,MRC_GIDA,NHiTS,WIS,7.00422616679822,2.658630236009794,17,1,1.0
2025-10-22,ILI incidence,2025-10-26,2,BE,MRC_GIDA,Prophet,WIS,26.6528119249544,0.7306400621121636,17,3,0.8702440598364425
2025-10-22,ILI incidence,2025-10-26,2,BE,MRC_GIDA,TiDE,WIS,27.6647279559822,0.6768800733811938,17,4,0.8635615373593181
2025-10-22,ILI incidence,2025-10-26,2,BE,NotreDame,Rt_cocirc,WIS,75.0785673913043,-0.7634733113654597,17,12,0.5504485536352668
2025-10-22,ILI incidence,2025-10-26,2,BE,QMUL,ARIMA,WIS,71.7964980632681,-0.6989856667191668,17,10,0.5721227848793417
2025-10-22,ILI incidence,2025-10-26,2,BE,QMUL,SEIR,WIS,158.431480544433,-1.840859313861162,17,17,0.0
2025-10-22,ILI incidence,2025-10-26,2,BE,QMUL,SEIR_agumented,WIS,100.843062773296,-1.189112125596927,17,14,0.3803041797715021
2025-10-22,ILI incidence,2025-10-26,2,BE,RIVM,KFdlm,WIS,66.3520802753281,-0.5852138874481935,17,9,0.608076799962799
2025-10-22,ILI incidence,2025-10-26,2,BE,respicast,hubEnsemble,WIS,60.1416439425537,-0.4434364934794191,17,7,0.6490894720758823
2025-10-22,ILI incidence,2025-10-26,2,BE,respicast,quantileBaseline,WIS,44.2270130434783,0.0,17,5,0.7541870053071651
2025-10-22,ILI incidence,2025-10-26,2,BE,safinea,PRFM,WIS,113.808818852404,-1.3636126385179577,17,16,0.2946805175556269
2025-10-22,ILI incidence,2025-10-26,2,CZ,ECDC,SARIMA,WIS,3.86224108335001,-0.7476509622907107,17,11,0.5695793526351104
2025-10-22,ILI incidence,2025-10-26,2,CZ,ECDC,soca_simplex,WIS,0.72524998927314,1.665236984480189,17,2,0.969188176351275
2025-10-22,ILI incidence,2025-10-26,2,CZ,ISI,FluBcast,WIS,2.65739130434783,-0.2082234235261943,17,8,0.7230603758521766
2025-10-22,ILI incidence,2025-10-26,2,CZ,ItaLuxColab,EpiEKF,WIS,3.3255675507439,-0.5318133173555926,17,9,0.6379440602969395
2025-10-22,ILI incidence,2025-10-26,2,CZ,ItaLuxColab,EpiNetEKF,WIS,2.11173062124152,0.12336144679652136,17,5,0.7925699208859466
2025-10-22,ILI incidence,2025-10-26,2,CZ,MRC_GIDA,NBEATS,WIS,3.80889963163158,-0.7275870132467497,17,10,0.5763743080995241
2025-10-22,ILI incidence,2025-10-26,2,CZ,MRC_GIDA,NHiTS,WIS,0.48337240639231,2.250580235234582,17,1,1.0
2025-10-22,ILI incidence,2025-10-26,2,CZ,MRC_GIDA,Prophet,WIS,8.33352712746279,-1.8571399802851871,17,17,0.0
2025-10-22,ILI incidence,2025-10-26,2,CZ,MRC_GIDA,TiDE,WIS,4.90743482046926,-1.0931818475647768,17,14,0.4364362778478249
2025-10-22,ILI incidence,2025-10-26,2,CZ,NotreDame,Rt_cocirc,WIS,2.48177391304348,-0.10958443479705578,17,7,0.7454315771270991
2025-10-22,ILI incidence,2025-10-26,2,CZ,QMUL,ARIMA,WIS,4.01397173873684,-0.8032432004423069,17,12,0.5502509876820514
2025-10-22,ILI incidence,2025-10-26,2,CZ,QMUL,SEIR,WIS,7.31195504316193,-1.6684699414765436,17,16,0.1301340063475277
2025-10-22,ILI incidence,2025-10-26,2,CZ,QMUL,SEIR_agumented,WIS,5.02143351089782,-1.126312022596549,17,15,0.4219144378995526
2025-10-22,ILI incidence,2025-10-26,2,CZ,RIVM,KFdlm,WIS,4.53319927659758,-0.9787423239094023,17,13,0.484108655930667
2025-10-22,ILI incidence,2025-10-26,2,CZ,respicast,hubEnsemble,WIS,2.06800620480207,0.15354674438679577,17,4,0.7981398004606879
2025-10-22,ILI incidence,2025-10-26,2,CZ,respicast,quantileBaseline,WIS,2.30024456521739,0.0,17,6,0.7685558790391174
2025-10-22,ILI incidence,2025-10-26,2,CZ,safinea,PRFM,WIS,1.3976293747149,0.7188054231080458,17,3,0.8835364396234577
2025-10-22,ILI incidence,2025-10-26,2,ES,ECDC,SARIMA,WIS,2.30134521475915,-0.5434265164741824,12,5,0.8026376051268719
2025-10-22,ILI incidence,2025-10-26,2,ES,ECDC,soca_simplex,WIS,5.10737415888589,-1.6935308569735381,12,11,0.4742719384765553
2025-10-22,ILI incidence,2025-10-26,2,ES,ISI,FluBcast,WIS,3.60826086956522,-1.1922527504261873,12,8,0.6497003978523818
2025-10-22,ILI incidence,2025-10-26,2,ES,ItaLuxColab,EpiEKF,WIS,4.01064917436231,-1.3447848783325265,12,9,0.602612321931587
2025-10-22,ILI incidence,2025-10-26,2,ES,ItaLuxColab,EpiNetEKF,WIS,2.29286546225848,-0.5381008091293153,12,4,0.8036299183347383
2025-10-22,ILI incidence,2025-10-26,2,ES,QMUL,ARIMA,WIS,2.12177334822107,-0.42621965740109374,12,3,0.8236513711433764
2025-10-22,ILI incidence,2025-10-26,2,ES,QMUL,SEIR,WIS,9.16023632419116,-2.5363339230619952,12,12,0.0
2025-10-22,ILI incidence,2025-10-26,2,ES,QMUL,SEIR_agumented,WIS,0.614796806255997,1.360869320057925,12,1,1.0
2025-10-22,ILI incidence,2025-10-26,2,ES,RIVM,KFdlm,WIS,4.70688295938239,-1.575721083931029,12,10,0.5211380123236582
2025-10-22,ILI incidence,2025-10-26,2,ES,respicast,hubEnsemble,WIS,2.42471796147768,-0.6187660498385507,12,6,0.788200343420251
2025-10-22,ILI incidence,2025-10-26,2,ES,respicast,quantileBaseline,WIS,1.57904347826087,0.0,12,2,0.8871624250594586
2025-10-22,ILI incidence,2025-10-26,2,ES,safinea,PRFM,WIS,2.43311305824274,-0.6237524631076683,12,7,0.787217936752058
2025-10-22,ILI incidence,2025-10-26,2,FI,ECDC,SARIMA,WIS,2.63526490499132,-0.7885159452186927,13,11,0.6559030494992951
2025-10-22,ILI incidence,2025-10-26,2,FI,ECDC,soca_simplex,WIS,0.804218587593121,0.9237724620192065,13,2,0.9410361508516171
2025-10-22,ILI incidence,2025-10-26,2,FI,ISI,FluBcast,WIS,1.42086956521739,0.10265792579392338,13,3,0.8450103955054666
2025-10-22,ILI incidence,2025-10-26,2,FI,ItaLuxColab,EpiEKF,WIS,2.34903337501974,-0.6226351631704709,13,9,0.7004754249057158
2025-10-22,ILI incidence,2025-10-26,2,FI,ItaLuxColab,EpiNetEKF,WIS,1.92159537873711,-0.332872538501548,13,7,0.7670366693471277
2025-10-22,ILI incidence,2025-10-26,2,FI,MRC_GIDA,Prophet,WIS,6.84729380538876,-2.166101869168599,13,13,0.0
2025-10-22,ILI incidence,2025-10-26,2,FI,QMUL,ARIMA,WIS,2.26341436370216,-0.5690686751337773,13,8,0.7138081374645058
2025-10-22,ILI incidence,2025-10-26,2,FI,QMUL,SEIR,WIS,2.62311042881754,-0.7818464959624069,13,10,0.6577957615808044
2025-10-22,ILI incidence,2025-10-26,2,FI,QMUL,SEIR_agumented,WIS,3.03522650078078,-0.9923721320832652,13,12,0.5936204686898049
2025-10-22,ILI incidence,2025-10-26,2,FI,RIVM,KFdlm,WIS,1.86967855582673,-0.2933582082204801,13,6,0.7751212298457558
2025-10-22,ILI incidence,2025-10-26,2,FI,respicast,hubEnsemble,WIS,1.7839379753308,-0.2256334078239852,13,5,0.78847287332755
2025-10-22,ILI incidence,2025-10-26,2,FI,respicast,quantileBaseline,WIS,1.52565847826087,0.0,13,4,0.8286925189561273
2025-10-22,ILI incidence,2025-10-26,2,FI,safinea,PRFM,WIS,0.425568973322757,1.8419671699406017,13,1,1.0
2025-10-22,ILI incidence,2025-10-26,2,FR,ECDC,soca_simplex,WIS,39.8723308352495,-0.5748440418270434,9,3,0.8839073903973698
2025-10-22,ILI incidence,2025-10-26,2,FR,ISI,FluBcast,WIS,74.4313043478261,-1.4753656159621533,9,7,0.5777309242775244
2025-10-22,ILI incidence,2025-10-26,2,FR,ItaLuxColab,EpiEKF,WIS,58.5030534160897,-1.1279680221470918,9,5,0.7188478350553984
2025-10-22,ILI incidence,2025-10-26,2,FR,ItaLuxColab,EpiNetEKF,WIS,48.3790139315343,-0.8538374621230755,9,4,0.8085421262099347
2025-10-22,ILI incidence,2025-10-26,2,FR,NotreDame,Rt_cocirc,WIS,37.0398347826087,-0.46853376116088913,9,2,0.909001990831042
2025-10-22,ILI incidence,2025-10-26,2,FR,RIVM,KFdlm,WIS,139.641370825268,-2.383110617282092,9,9,0.0
2025-10-22,ILI incidence,2025-10-26,2,FR,respicast,hubEnsemble,WIS,58.5351007880755,-1.1287580992994077,9,6,0.7185639102131437
2025-10-22,ILI incidence,2025-10-26,2,FR,respicast,quantileBaseline,WIS,26.7686410869565,0.0,9,1,1.0
2025-10-22,ILI incidence,2025-10-26,2,FR,safinea,PRFM,WIS,88.8536168946163,-1.7308866018434275,9,8,0.4499559286676242
2025-10-22,ILI incidence,2025-10-26,2,GR,ECDC,SARIMA,WIS,85.3585263947965,-0.03200945310091729,17,8,0.8051015004563656
2025-10-22,ILI incidence,2025-10-26,2,GR,ECDC,soca_simplex,WIS,146.643222305347,-0.812712670682492,17,15,0.6476527374231513
2025-10-22,ILI incidence,2025-10-26,2,GR,ISI,FluBcast,WIS,124.115652173913,-0.5720873425060803,17,11,0.7055291452055328
2025-10-22,ILI incidence,2025-10-26,2,GR,ItaLuxColab,EpiEKF,WIS,160.077389689833,-0.9391718250532122,17,16,0.6131385246063699
2025-10-22,ILI incidence,2025-10-26,2,GR,ItaLuxColab,EpiNetEKF,WIS,103.778738025235,-0.3139131754582173,17,10,0.757777458247595
2025-10-22,ILI incidence,2025-10-26,2,GR,MRC_GIDA,NBEATS,WIS,146.251986954459,-0.808858502922856,17,14,0.6486578745318038
2025-10-22,ILI incidence,2025-10-26,2,GR,MRC_GIDA,NHiTS,WIS,65.3478425441445,0.3533862107014799,17,4,0.856511683258488
2025-10-22,ILI incidence,2025-10-26,2,GR,MRC_GIDA,Prophet,WIS,57.4499695423538,0.5392196889884209,17,3,0.8768023988482392
2025-10-22,ILI incidence,2025-10-26,2,GR,MRC_GIDA,TiDE,WIS,137.255466696145,-0.7172658888165131,17,13,0.6717711651377043
2025-10-22,ILI incidence,2025-10-26,2,GR,NotreDame,Rt_cocirc,WIS,9.49705217391303,3.1359741325539994,17,1,1.0
2025-10-22,ILI incidence,2025-10-26,2,GR,QMUL,ARIMA,WIS,86.182446018238,-0.04586822839851268,17,9,0.8029847382921379
2025-10-22,ILI incidence,2025-10-26,2,GR,QMUL,SEIR,WIS,398.732856443917,-2.2558247692898767,17,17,0.0
2025-10-22,ILI incidence,2025-10-26,2,GR,QMUL,SEIR_agumented,WIS,127.898958569482,-0.6154067948593793,17,12,0.6958093137972573
2025-10-22,ILI incidence,2025-10-26,2,GR,RIVM,KFdlm,WIS,50.6694647143925,0.7204092290720352,17,2,0.894222442825637
2025-10-22,ILI incidence,2025-10-26,2,GR,respicast,hubEnsemble,WIS,77.4881412823082,0.10755027851499428,17,5,0.8253215959001774
2025-10-22,ILI incidence,2025-10-26,2,GR,respicast,quantileBaseline,WIS,83.4855097826087,0.0,17,7,0.8099135362239914
2025-10-22,ILI incidence,2025-10-26,2,GR,safinea,PRFM,WIS,81.0756121801736,0.04225780487654726,17,6,0.8161048926613951
2025-10-22,ILI incidence,2025-10-26,2,HR,ECDC,soca_simplex,WIS,3.15296636581315,-0.44150389944826224,9,8,0.04248043220612454
2025-10-22,ILI incidence,2025-10-26,2,HR,ISI,FluBcast,WIS,1.60608695652174,0.5316558755924756,9,4,0.7832460229430337
2025-10-22,ILI incidence,2025-10-26,2,HR,ItaLuxColab,EpiEKF,WIS,1.79327964738528,0.37260539842799284,9,5,0.6936036737099532
2025-10-22,ILI incidence,2025-10-26,2,HR,ItaLuxColab,EpiNetEKF,WIS,1.1534575847148,1.0092409269578193,9,1,1.0
2025-10-22,ILI incidence,2025-10-26,2,HR,NotreDame,Rt_cocirc,WIS,2.69957391304348,-0.21752583688543675,9,7,0.2595998314910562
2025-10-22,ILI incidence,2025-10-26,2,HR,RIVM,KFdlm,WIS,1.57635748510193,0.5586111356065365,9,3,0.7974827949411041
2025-10-22,ILI incidence,2025-10-26,2,HR,respicast,hubEnsemble,WIS,1.46965737260815,0.6597260280315588,9,2,0.8485790674678396
2025-10-22,ILI incidence,2025-10-26,2,HR,respicast,quantileBaseline,WIS,2.32173913043478,0.0,9,6,0.44053637008542224
2025-10-22,ILI incidence,2025-10-26,2,HR,safinea,PRFM,WIS,3.24167473280423,-0.48153345844288203,9,9,0.0
2025-10-22,ILI incidence,2025-10-26,2,HU,ECDC,SARIMA,WIS,76.038915573768,-0.3930072738559155,12,6,0.8587323892819961
2025-10-22,ILI incidence,2025-10-26,2,HU,ECDC,soca_simplex,WIS,59.2508268173051,-0.03310460294495175,12,3,0.9715778128972196
2025-10-22,ILI incidence,2025-10-26,2,HU,ISI,FluBcast,WIS,118.031739130435,-1.0273722688435352,12,9,0.5764669073803016
2025-10-22,ILI incidence,2025-10-26,2,HU,ItaLuxColab,EpiEKF,WIS,85.2171321794203,-0.5574128178397776,12,7,0.7970386636934659
2025-10-22,ILI incidence,2025-10-26,2,HU,ItaLuxColab,EpiNetEKF,WIS,70.6798293897739,-0.2875678741156761,12,5,0.8947548549358364
2025-10-22,ILI incidence,2025-10-26,2,HU,NotreDame,Rt_cocirc,WIS,55.0224391304348,0.07371058796621668,12,1,1.0
2025-10-22,ILI incidence,2025-10-26,2,HU,QMUL,ARIMA,WIS,148.215226266775,-1.3558910760064262,12,10,0.3735808944758426
2025-10-22,ILI incidence,2025-10-26,2,HU,QMUL,SEIR,WIS,203.793104511659,-1.8153026492435282,12,12,0.0
2025-10-22,ILI incidence,2025-10-26,2,HU,QMUL,SEIR_agumented,WIS,156.932400216593,-1.4383406529994456,12,11,0.31498618477631757
2025-10-22,ILI incidence,2025-10-26,2,HU,respicast,hubEnsemble,WIS,88.4035367456791,-0.6103734050989237,12,8,0.7756204320945572
2025-10-22,ILI incidence,2025-10-26,2,HU,respicast,quantileBaseline,WIS,57.9067160869565,0.0,12,2,0.9806125962458342
2025-10-22,ILI incidence,2025-10-26,2,HU,safinea,PRFM,WIS,63.7563636974065,-0.13883866517033377,12,4,0.9412926967518022
2025-10-22,ILI incidence,2025-10-26,2,IE,ECDC,soca_simplex,WIS,0.945691956925502,0.4292099412945053,9,1,1.0
2025-10-22,ILI incidence,2025-10-26,2,IE,ISI,FluBcast,WIS,2.00478260869565,-0.654793631466686,9,7,0.3004886251616258
2025-10-22,ILI incidence,2025-10-26,2,IE,ItaLuxColab,EpiEKF,WIS,2.45973545909851,-0.9498509910815002,9,9,0.0
2025-10-22,ILI incidence,2025-10-26,2,IE,ItaLuxColab,EpiNetEKF,WIS,2.04577946150937,-0.6839984553833454,9,8,0.27341090067426477
2025-10-22,ILI incidence,2025-10-26,2,IE,NotreDame,Rt_cocirc,WIS,1.32332391304348,-0.05551406351808703,9,4,0.7505805113419876
2025-10-22,ILI incidence,2025-10-26,2,IE,RIVM,KFdlm,WIS,1.05330396933048,0.27373033431689453,9,2,0.9289240948159485
2025-10-22,ILI incidence,2025-10-26,2,IE,respicast,hubEnsemble,WIS,1.50542843781795,-0.24152195649741762,9,5,0.6303035678373212
2025-10-22,ILI incidence,2025-10-26,2,IE,respicast,quantileBaseline,WIS,1.27337043478261,0.0,9,3,0.783573934707416
2025-10-22,ILI incidence,2025-10-26,2,IE,safinea,PRFM,WIS,1.68115893984804,-0.40080395294238785,9,6,0.5142365580203144
2025-10-22,ILI incidence,2025-10-26,2,IS,ECDC,SARIMA,WIS,1.56699614066163,-1.7375359080097894,9,9,0.0
2025-10-22,ILI incidence,2025-10-26,2,IS,ItaLuxColab,EpiEKF,WIS,1.04077671655464,-1.147194874073975,9,7,0.47965320535700173
2025-10-22,ILI incidence,2025-10-26,2,IS,ItaLuxColab,EpiNetEKF,WIS,0.638823502840133,-0.44302357816433713,9,4,0.8460367680483551
2025-10-22,ILI incidence,2025-10-26,2,IS,MRC_GIDA,Prophet,WIS,1.38762801455216,-1.5621551537140113,9,8,0.16349547866517714
2025-10-22,ILI incidence,2025-10-26,2,IS,QMUL,ARIMA,WIS,0.474774568494195,-0.01484884496955998,9,2,0.9955686811432831
2025-10-22,ILI incidence,2025-10-26,2,IS,RIVM,KFdlm,WIS,0.53151828331925,-0.17772550535620787,9,3,0.9438463321519098
2025-10-22,ILI incidence,2025-10-26,2,IS,respicast,hubEnsemble,WIS,0.661794422063047,-0.49398931844678284,9,5,0.8250985918227902
2025-10-22,ILI incidence,2025-10-26,2,IS,respicast,quantileBaseline,WIS,0.469913043478261,0.0,9,1,1.0
2025-10-22,ILI incidence,2025-10-26,2,IS,safinea,PRFM,WIS,0.978115424823184,-1.0576109103687938,9,6,0.5367694729326589
2025-10-22,ILI incidence,2025-10-26,2,LT,ECDC,SARIMA,WIS,4.88604056865284,-0.5719751093047829,17,16,0.7576333217903407
2025-10-22,ILI incidence,2025-10-26,2,LT,ECDC,soca_simplex,WIS,2.44459446177122,0.4270955792868528,17,9,0.8869527805044898
2025-10-22,ILI incidence,2025-10-26,2,LT,ISI,FluBcast,WIS,0.887826086956521,1.888341727959049,17,2,0.9694122880098521
2025-10-22,ILI incidence,2025-10-26,2,LT,ItaLuxColab,EpiEKF,WIS,3.67878110326989,-0.1625371018754157,17,12,0.8215799066241407
2025-10-22,ILI incidence,2025-10-26,2,LT,ItaLuxColab,EpiNetEKF,WIS,1.90284076753545,0.7885358931475123,17,7,0.9156485990595202
2025-10-22,ILI incidence,2025-10-26,2,LT,MRC_GIDA,NBEATS,WIS,4.1492985226693,-0.3361767231154213,17,13,0.7966573585405264
2025-10-22,ILI incidence,2025-10-26,2,LT,MRC_GIDA,NHiTS,WIS,0.896234054780017,1.874743281352053,17,3,0.9689669315283982
2025-10-22,ILI incidence,2025-10-26,2,LT,MRC_GIDA,Prophet,WIS,19.1895409259926,-2.5455575600379508,17,17,0.0
2025-10-22,ILI incidence,2025-10-26,2,LT,MRC_GIDA,TiDE,WIS,4.42824232423864,-0.4300434390718324,17,15,0.7818821557093286
2025-10-22,ILI incidence,2025-10-26,2,LT,NotreDame,Rt_cocirc,WIS,1.0404347826087,1.6595041972983446,17,4,0.9613288517786838
2025-10-22,ILI incidence,2025-10-26,2,LT,QMUL,ARIMA,WIS,4.33631412489396,-0.3997785370657795,17,14,0.7867514440160874
2025-10-22,ILI incidence,2025-10-26,2,LT,QMUL,SEIR,WIS,0.310354984778209,3.4046995098868855,17,1,1.0
2025-10-22,ILI incidence,2025-10-26,2,LT,QMUL,SEIR_agumented,WIS,2.33133405238886,0.495534992718799,17,8,0.8929520015373791
2025-10-22,ILI incidence,2025-10-26,2,LT,RIVM,KFdlm,WIS,1.66285555150839,0.9830278825841712,17,6,0.9283602285108283
2025-10-22,ILI incidence,2025-10-26,2,LT,respicast,hubEnsemble,WIS,1.63569179784992,1.0067897962176688,17,5,0.9297990486878769
2025-10-22,ILI incidence,2025-10-26,2,LT,respicast,quantileBaseline,WIS,3.28681608695652,0.0,17,10,0.8423416607344006
2025-10-22,ILI incidence,2025-10-26,2,LT,safinea,PRFM,WIS,3.36816161962866,-0.035270634093515746,17,11,0.8380329191962097
2025-10-22,ILI incidence,2025-10-26,2,LU,ECDC,SARIMA,WIS,1130.382736437,-0.002432711097257417,16,11,0.9816671811521295
2025-10-22,ILI incidence,2025-10-26,2,LU,ECDC,soca_simplex,WIS,140.62813313642,3.0044214821131874,16,1,1.0
2025-10-22,ILI incidence,2025-10-26,2,LU,ItaLuxColab,EpiEKF,WIS,1724.45520202988,-0.6117620243327229,16,12,0.9706634203634418
2025-10-22,ILI incidence,2025-10-26,2,LU,ItaLuxColab,EpiNetEKF,WIS,3209.34935691315,-1.5079022176101229,16,14,0.9431593345436259
2025-10-22,ILI incidence,2025-10-26,2,LU,MRC_GIDA,NBEATS,WIS,1023.45981851959,0.14092416392565615,16,8,0.9836476705363958
2025-10-22,ILI incidence,2025-10-26,2,LU,MRC_GIDA,NHiTS,WIS,625.601937876881,0.851061739874707,16,5,0.9910170289901957
2025-10-22,ILI incidence,2025-10-26,2,LU,MRC_GIDA,Prophet,WIS,926.047856073362,0.28521997079593864,16,7,0.985451992390709
2025-10-22,ILI incidence,2025-10-26,2,LU,MRC_GIDA,TiDE,WIS,460.235659553301,1.2939339519932014,16,2,0.9940800407851832
2025-10-22,ILI incidence,2025-10-26,2,LU,NotreDame,Rt_cocirc,WIS,560.589036956522,1.0093631905681553,16,4,0.9922212363072145
2025-10-22,ILI incidence,2025-10-26,2,LU,QMUL,ARIMA,WIS,1115.51077224907,0.016674181113163267,16,9,0.9819426484492353
2025-10-22,ILI incidence,2025-10-26,2,LU,QMUL,SEIR,WIS,3502.16317769982,-1.6338676788486726,16,15,0.9377356641563062
2025-10-22,ILI incidence,2025-10-26,2,LU,QMUL,SEIR_agumented,WIS,1987.82171489148,-0.8168097427263994,16,13,0.9657851903912991
2025-10-22,ILI incidence,2025-10-26,2,LU,RIVM,KFdlm,WIS,54128.7579190555,-5.583944751547407,16,16,0.0
2025-10-22,ILI incidence,2025-10-26,2,LU,respicast,hubEnsemble,WIS,812.654706831394,0.47366423330262397,16,6,0.9875523272178572
2025-10-22,ILI incidence,2025-10-26,2,LU,respicast,quantileBaseline,WIS,1128.47826086957,0.0,16,10,0.9817024569724808
2025-10-22,ILI incidence,2025-10-26,2,LU,safinea,PRFM,WIS,479.792380106337,1.2338964760088886,16,3,0.9937177996660597
2025-10-22,ILI incidence,2025-10-26,2,LV,ECDC,SARIMA,WIS,12.9633146179287,-0.5869581411507688,11,9,0.7489802317569801
2025-10-22,ILI incidence,2025-10-26,2,LV,ECDC,soca_simplex,WIS,1.36795506570963,2.657383763271184,11,2,0.9787257785032593
2025-10-22,ILI incidence,2025-10-26,2,LV,ItaLuxColab,EpiEKF,WIS,4.71458785564968,0.8722729474227554,11,6,0.9124170127749331
2025-10-22,ILI incidence,2025-10-26,2,LV,ItaLuxColab,EpiNetEKF,WIS,2.8507319803661,1.598072198345459,11,4,0.9493466642613626
2025-10-22,ILI incidence,2025-10-26,2,LV,NotreDame,Rt_cocirc,WIS,1.74112173913043,2.3093875252716827,11,3,0.9713320119687714
2025-10-22,ILI incidence,2025-10-26,2,LV,QMUL,ARIMA,WIS,9.9944596289544,-0.21172396185909284,11,8,0.8078038680211773
2025-10-22,ILI incidence,2025-10-26,2,LV,QMUL,SEIR,WIS,0.294235679450173,4.8743604993100185,11,1,1.0
2025-10-22,ILI incidence,2025-10-26,2,LV,QMUL,SEIR_agumented,WIS,15.6105281732733,-0.8550428408483001,11,10,0.6965294627327101
2025-10-22,ILI incidence,2025-10-26,2,LV,respicast,hubEnsemble,WIS,3.17625993092,1.4420756239128116,11,5,0.9428967912199623
2025-10-22,ILI incidence,2025-10-26,2,LV,respicast,quantileBaseline,WIS,8.63026347826087,0.0,11,7,0.834833473192004
2025-10-22,ILI incidence,2025-10-26,2,LV,safinea,PRFM,WIS,50.7646788128898,-2.556348533693996,11,11,0.0
2025-10-22,ILI incidence,2025-10-26,2,MT,ECDC,SARIMA,WIS,5275.25125557934,0.004549782809606169,11,6,0.18884679312936828
2025-10-22,ILI incidence,2025-10-26,2,MT,ECDC,soca_simplex,WIS,6354.62819120997,-0.2640181231652423,11,11,0.0
2025-10-22,ILI incidence,2025-10-26,2,MT,ItaLuxColab,EpiEKF,WIS,2170.4343318234,1.2858058191702406,11,3,0.7320626984817754
2025-10-22,ILI incidence,2025-10-26,2,MT,ItaLuxColab,EpiNetEKF,WIS,1506.352701553,1.8127299864262096,11,2,0.8482498080195726
2025-10-22,ILI incidence,2025-10-26,2,MT,MRC_GIDA,Prophet,WIS,639.005925433871,3.0498883782579194,11,1,1.0
2025-10-22,ILI incidence,2025-10-26,2,MT,NotreDame,Rt_cocirc,WIS,5324.22958695652,-0.008783190712728211,11,8,0.18027758944520408
2025-10-22,ILI incidence,2025-10-26,2,MT,QMUL,ARIMA,WIS,5801.51531831196,-0.13264017952036242,11,9,0.09677211809638464
2025-10-22,ILI incidence,2025-10-26,2,MT,RIVM,KFdlm,WIS,6021.28783050412,-0.18628249043254042,11,10,0.058320922063345465
2025-10-22,ILI incidence,2025-10-26,2,MT,respicast,hubEnsemble,WIS,4786.7682322698,0.14473763782059507,11,4,0.27431133235101524
2025-10-22,ILI incidence,2025-10-26,2,MT,respicast,quantileBaseline,WIS,5291.91391304348,0.0,11,7,0.1859315099477081
2025-10-22,ILI incidence,2025-10-26,2,MT,safinea,PRFM,WIS,5027.48416057764,0.07395296133091604,11,5,0.23219589555086234
2025-10-22,ILI incidence,2025-10-26,2,NL,ECDC,SARIMA,WIS,2.57877592768655,0.3130510698628555,17,12,0.6191374551396714
2025-10-22,ILI incidence,2025-10-26,2,NL,ECDC,soca_simplex,WIS,2.69014284070318,0.2520547125120736,17,13,0.6005026686675753
2025-10-22,ILI incidence,2025-10-26,2,NL,ISI,FluBcast,WIS,1.32086956521739,1.2782494826098505,17,4,0.8296202262927479
2025-10-22,ILI incidence,2025-10-26,2,NL,ItaLuxColab,EpiEKF,WIS,2.9039611521147,0.14171533754238047,17,14,0.5647249096451731
2025-10-22,ILI incidence,2025-10-26,2,NL,ItaLuxColab,EpiNetEKF,WIS,2.25347076863891,0.5075887553219766,17,10,0.6735700690365729
2025-10-22,ILI incidence,2025-10-26,2,NL,MRC_GIDA,NBEATS,WIS,0.336993276520218,3.2489457782254143,17,2,0.9942501334905203
2025-10-22,ILI incidence,2025-10-26,2,NL,MRC_GIDA,NHiTS,WIS,1.97279853054859,0.6994938610268921,17,6,0.7205343520878362
2025-10-22,ILI incidence,2025-10-26,2,NL,MRC_GIDA,Prophet,WIS,4.60393829235423,-0.5231310055454766,17,16,0.28027138428726234
2025-10-22,ILI incidence,2025-10-26,2,NL,MRC_GIDA,TiDE,WIS,2.20904756183398,0.5363130103491924,17,9,0.681003308863307
2025-10-22,ILI incidence,2025-10-26,2,NL,NotreDame,Rt_cocirc,WIS,6.27892173913043,-0.9707793393062732,17,17,0.0
2025-10-22,ILI incidence,2025-10-26,2,NL,QMUL,ARIMA,WIS,1.58548563629496,1.0148126838730673,17,5,0.7853425871982784
2025-10-22,ILI incidence,2025-10-26,2,NL,QMUL,SEIR,WIS,0.302630399093244,3.4041086732384604,17,1,1.0
2025-10-22,ILI incidence,2025-10-26,2,NL,QMUL,SEIR_agumented,WIS,2.04396111095366,0.6483697439127,17,8,0.7086268702807952
2025-10-22,ILI incidence,2025-10-26,2,NL,RIVM,KFdlm,WIS,1.99584253181929,0.6827395920104077,17,7,0.7166784488261727
2025-10-22,ILI incidence,2025-10-26,2,NL,respicast,hubEnsemble,WIS,1.31433519942807,1.2854042332139697,17,3,0.8307136076922698
2025-10-22,ILI incidence,2025-10-26,2,NL,respicast,quantileBaseline,WIS,3.20369652173913,0.0,17,15,0.5145708337191215
2025-10-22,ILI incidence,2025-10-26,2,NL,safinea,PRFM,WIS,2.55234663851796,0.3279132140151789,17,11,0.623559811357738
2025-10-22,ILI incidence,2025-10-26,2,NO,ECDC,SARIMA,WIS,3.79007957521954,0.21441264606150381,12,7,0.6072676493694842
2025-10-22,ILI incidence,2025-10-26,2,NO,ECDC,soca_simplex,WIS,5.04504691849139,-0.19822690122122882,12,11,0.4152369385878556
2025-10-22,ILI incidence,2025-10-26,2,NO,ISI,FluBcast,WIS,1.22347826086957,1.845652317704632,12,1,1.0
2025-10-22,ILI incidence,2025-10-26,2,NO,ItaLuxColab,EpiEKF,WIS,4.10915813295767,0.09779793422322154,12,9,0.5584433651631046
2025-10-22,ILI incidence,2025-10-26,2,NO,ItaLuxColab,EpiNetEKF,WIS,2.9824592416344,0.5601383629621794,12,5,0.7308468863364938
2025-10-22,ILI incidence,2025-10-26,2,NO,MRC_GIDA,Prophet,WIS,7.75872118198212,-0.8191780971419967,12,12,0.0
2025-10-22,ILI incidence,2025-10-26,2,NO,NotreDame,Rt_cocirc,WIS,3.7975,0.21159082038207402,12,8,0.6061322019392918
2025-10-22,ILI incidence,2025-10-26,2,NO,QMUL,ARIMA,WIS,1.81191072537959,1.2791289109753092,12,2,0.9099601236536978
2025-10-22,ILI incidence,2025-10-26,2,NO,RIVM,KFdlm,WIS,3.04916441217988,0.5282268419636111,12,6,0.7206398945917822
2025-10-22,ILI incidence,2025-10-26,2,NO,respicast,hubEnsemble,WIS,2.62809957749857,0.7426208453541631,12,3,0.7850697619684074
2025-10-22,ILI incidence,2025-10-26,2,NO,respicast,quantileBaseline,WIS,4.39736956521739,0.0,12,10,0.5143422604698676
2025-10-22,ILI incidence,2025-10-26,2,NO,safinea,PRFM,WIS,2.78600633832422,0.6584422449525648,12,4,0.7609074220627978
2025-10-22,ILI incidence,2025-10-26,2,PL,ECDC,SARIMA,WIS,18.0814652265781,-0.07834335830107199,17,5,0.981150447006768
2025-10-22,ILI incidence,2025-10-26,2,PL,ECDC,soca_simplex,WIS,23.8445971800387,-0.477494178107029,17,8,0.9550318629873698
2025-10-22,ILI incidence,2025-10-26,2,PL,ISI,FluBcast,WIS,35.2682608695652,-1.0422022034921907,17,12,0.9032596803801186
2025-10-22,ILI incidence,2025-10-26,2,PL,ItaLuxColab,EpiEKF,WIS,35.7456500831491,-1.0615994572685301,17,13,0.9010961466651812
2025-10-22,ILI incidence,2025-10-26,2,PL,ItaLuxColab,EpiNetEKF,WIS,27.5255452466089,-0.6846029094699575,17,10,0.938349761636207
2025-10-22,ILI incidence,2025-10-26,2,PL,MRC_GIDA,NBEATS,WIS,37.9070255897116,-1.1462970259448833,17,14,0.8913007666146301
2025-10-22,ILI incidence,2025-10-26,2,PL,MRC_GIDA,NHiTS,WIS,15.694277678067,0.12592960151594731,17,2,0.9919692099744298
2025-10-22,ILI incidence,2025-10-26,2,PL,MRC_GIDA,Prophet,WIS,22.4147936402013,-0.3882829848202383,17,7,0.9615117499981213
2025-10-22,ILI incidence,2025-10-26,2,PL,MRC_GIDA,TiDE,WIS,23.8833394303743,-0.4798363394774,17,9,0.9548562826382364
2025-10-22,ILI incidence,2025-10-26,2,PL,NotreDame,Rt_cocirc,WIS,121.193104347826,-2.8230674769023056,17,15,0.513847245984444
2025-10-22,ILI incidence,2025-10-26,2,PL,QMUL,ARIMA,WIS,13.9222634458436,0.29877445267589997,17,1,1.0
2025-10-22,ILI incidence,2025-10-26,2,PL,QMUL,SEIR,WIS,132.433969955656,-2.9510330901909008,17,16,0.4629035065039388
2025-10-22,ILI incidence,2025-10-26,2,PL,QMUL,SEIR_agumented,WIS,19.7549599421793,-0.20604668832927198,17,6,0.9735661486272726
2025-10-22,ILI incidence,2025-10-26,2,PL,RIVM,KFdlm,WIS,234.574805298049,-3.7758079301283014,17,17,0.0
2025-10-22,ILI incidence,2025-10-26,2,PL,respicast,hubEnsemble,WIS,18.0762195456245,-0.07792475196614654,17,4,0.9811742204965704
2025-10-22,ILI incidence,2025-10-26,2,PL,respicast,quantileBaseline,WIS,17.1257626086957,0.0,17,3,0.9854817028801879
2025-10-22,ILI incidence,2025-10-26,2,PL,safinea,PRFM,WIS,29.8791841598134,-0.8029725238186561,17,11,0.9276830414912789
2025-10-22,ILI incidence,2025-10-26,2,RO,ItaLuxColab,EpiEKF,WIS,0.691241976808709,0.15672623533680677,7,3,0.9253249060026172
2025-10-22,ILI incidence,2025-10-26,2,RO,ItaLuxColab,EpiNetEKF,WIS,0.482429350390095,0.6755993838879631,7,2,0.9640820055146305
2025-10-22,ILI incidence,2025-10-26,2,RO,NotreDame,Rt_cocirc,WIS,0.288913043478261,1.4152817272015918,7,1,1.0
2025-10-22,ILI incidence,2025-10-26,2,RO,RIVM,KFdlm,WIS,1.11103848230368,-0.5279198166185057,7,6,0.8474077071372246
2025-10-22,ILI incidence,2025-10-26,2,RO,respicast,hubEnsemble,WIS,0.701587917307315,0.1352931635188754,7,4,0.9234046263129879
2025-10-22,ILI incidence,2025-10-26,2,RO,respicast,quantileBaseline,WIS,0.770565217391304,0.0,7,5,0.9106019518326343
2025-10-22,ILI incidence,2025-10-26,2,RO,safinea,PRFM,WIS,5.67663888075071,-2.881047996874636,7,7,0.0
2025-10-22,ILI incidence,2025-10-26,2,SI,ECDC,SARIMA,WIS,3.33575236997967,-0.8883957785383368,16,13,0.6898548044152242
2025-10-22,ILI incidence,2025-10-26,2,SI,ECDC,soca_simplex,WIS,0.14885737181772,3.5976138409619063,16,1,1.0
2025-10-22,ILI incidence,2025-10-26,2,SI,ItaLuxColab,EpiEKF,WIS,1.72924031512746,0.05947803914861915,16,10,0.8461988307320016
2025-10-22,ILI incidence,2025-10-26,2,SI,ItaLuxColab,EpiNetEKF,WIS,1.6920270626326,0.09086377215446077,16,9,0.8498203844637754
2025-10-22,ILI incidence,2025-10-26,2,SI,MRC_GIDA,NBEATS,WIS,0.326061001752983,2.466402611349553,16,3,0.982754733213268
2025-10-22,ILI incidence,2025-10-26,2,SI,MRC_GIDA,NHiTS,WIS,0.290100531527766,2.6349915715767325,16,2,0.9862543675211924
2025-10-22,ILI incidence,2025-10-26,2,SI,MRC_GIDA,Prophet,WIS,10.4243510551975,-2.5322692540186518,16,16,0.0
2025-10-22,ILI incidence,2025-10-26,2,SI,MRC_GIDA,TiDE,WIS,1.12163128378325,0.684017921861915,16,8,0.905330688535291
2025-10-22,ILI incidence,2025-10-26,2,SI,NotreDame,Rt_cocirc,WIS,1.73326956521739,0.05612036974231785,16,11,0.845806708444345
2025-10-22,ILI incidence,2025-10-26,2,SI,QMUL,ARIMA,WIS,4.27550121688389,-1.246477141449307,16,14,0.5983994567831948
2025-10-22,ILI incidence,2025-10-26,2,SI,QMUL,SEIR,WIS,0.636709583343198,1.5009090315454632,16,5,0.9525227471732516
2025-10-22,ILI incidence,2025-10-26,2,SI,QMUL,SEIR_agumented,WIS,6.80530444959238,-1.917043289605489,16,15,0.3522017254955633
2025-10-22,ILI incidence,2025-10-26,2,SI,RIVM,KFdlm,WIS,0.406224646208122,2.1492667378663417,16,4,0.9749532935038747
2025-10-22,ILI incidence,2025-10-26,2,SI,respicast,hubEnsemble,WIS,0.810289296902639,1.153107426288672,16,7,0.9356301560328182
2025-10-22,ILI incidence,2025-10-26,2,SI,respicast,quantileBaseline,WIS,1.80202173913043,0.0,16,12,0.8391158207817654
2025-10-22,ILI incidence,2025-10-26,2,SI,safinea,PRFM,WIS,0.68980737152762,1.3853509644136826,16,6,0.9473553275026712
2025-10-22,ILI incidence,2025-11-02,3,AT,ECDC,SARIMA,WIS,139.678738218914,0.6760060754458856,12,5,0.8288332660435697
2025-10-22,ILI incidence,2025-11-02,3,AT,ECDC,soca_simplex,WIS,65.3312869623527,1.772272542258661,12,1,1.0
2025-10-22,ILI incidence,2025-11-02,3,AT,ISI,FluBcast,WIS,228.671739130435,-0.03515957124828436,12,9,0.6239487534805064
2025-10-22,ILI incidence,2025-11-02,3,AT,ItaLuxColab,EpiEKF,WIS,261.535659532487,-0.22888915956846176,12,11,0.5482876538039133
2025-10-22,ILI incidence,2025-11-02,3,AT,ItaLuxColab,EpiNetEKF,WIS,174.249912365534,0.3569605765413843,12,6,0.7492416342161948
2025-10-22,ILI incidence,2025-11-02,3,AT,NotreDame,Rt_cocirc,WIS,108.562013043478,1.039599129349132,12,4,0.9004718781234852
2025-10-22,ILI incidence,2025-11-02,3,AT,QMUL,ARIMA,WIS,101.278969472677,1.1397838767344453,12,3,0.9172392959731502
2025-10-22,ILI incidence,2025-11-02,3,AT,QMUL,SEIR,WIS,499.68818294359,-1.1629095933133737,12,12,0.0
2025-10-22,ILI incidence,2025-11-02,3,AT,QMUL,SEIR_agumented,WIS,247.281227654163,-0.14803421467146038,12,10,0.5811049798558513
2025-10-22,ILI incidence,2025-11-02,3,AT,respicast,hubEnsemble,WIS,92.7808100251292,1.2662201602296,12,2,0.936804219486912
2025-10-22,ILI incidence,2025-11-02,3,AT,respicast,quantileBaseline,WIS,223.166195217391,0.0,12,8,0.6366239152287886
2025-10-22,ILI incidence,2025-11-02,3,AT,safinea,PRFM,WIS,179.684907087464,0.31264927454047153,12,7,0.7367288946413988
2025-10-22,ILI incidence,2025-11-02,3,BE,ECDC,SARIMA,WIS,55.9477144047978,-0.03426495817863673,17,5,0.848760738015617
2025-10-22,ILI incidence,2025-11-02,3,BE,ECDC,soca_simplex,WIS,117.093772883281,-1.099778212628653,17,14,0.5290528462299603
2025-10-22,ILI incidence,2025-11-02,3,BE,ISI,FluBcast,WIS,130.33347826087,-1.2543215691855374,17,15,0.4598278070457633
2025-10-22,ILI incidence,2025-11-02,3,BE,ItaLuxColab,EpiEKF,WIS,100.045539135147,-0.8727706994285747,17,12,0.61819113258742
2025-10-22,ILI incidence,2025-11-02,3,BE,ItaLuxColab,EpiNetEKF,WIS,82.7194698811185,-0.5984127032220428,17,8,0.7087821079008486
2025-10-22,ILI incidence,2025-11-02,3,BE,MRC_GIDA,NBEATS,WIS,28.5520353218677,0.9362206454886143,17,2,0.9920016111247494
2025-10-22,ILI incidence,2025-11-02,3,BE,MRC_GIDA,NHiTS,WIS,58.5574830670583,-0.10003930790710047,17,6,0.8351153182155299
2025-10-22,ILI incidence,2025-11-02,3,BE,MRC_GIDA,Prophet,WIS,35.0631023408305,0.6398605870998105,17,3,0.9579578875928355
2025-10-22,ILI incidence,2025-11-02,3,BE,MRC_GIDA,TiDE,WIS,27.0222953108591,1.0156640123889404,17,1,1.0
2025-10-22,ILI incidence,2025-11-02,3,BE,NotreDame,Rt_cocirc,WIS,96.7273630434783,-0.8241098322947172,17,11,0.6355405269594917
2025-10-22,ILI incidence,2025-11-02,3,BE,QMUL,ARIMA,WIS,90.5278177086661,-0.7285469400123153,17,9,0.6679554301984286
2025-10-22,ILI incidence,2025-11-02,3,BE,QMUL,SEIR,WIS,218.27831385005,-1.9982826625103989,17,17,0.0
2025-10-22,ILI incidence,2025-11-02,3,BE,QMUL,SEIR_agumented,WIS,151.680186008855,-1.4731464966922891,17,16,0.3482145469192028
2025-10-22,ILI incidence,2025-11-02,3,BE,RIVM,KFdlm,WIS,94.1625617035109,-0.7853393328430308,17,10,0.6489508309047338
2025-10-22,ILI incidence,2025-11-02,3,BE,respicast,hubEnsemble,WIS,79.7757850828796,-0.5461366645513086,17,7,0.7241734394820595
2025-10-22,ILI incidence,2025-11-02,3,BE,respicast,quantileBaseline,WIS,54.634575,0.0,17,4,0.8556266103412438
2025-10-22,ILI incidence,2025-11-02,3,BE,safinea,PRFM,WIS,115.431418459776,-1.0791498125051886,17,13,0.5377446219774742
2025-10-22,ILI incidence,2025-11-02,3,CZ,ECDC,SARIMA,WIS,6.03036936264106,-0.5274366060065567,17,6,0.6640090065767438
2025-10-22,ILI incidence,2025-11-02,3,CZ,ECDC,soca_simplex,WIS,9.73914921259993,-1.2189859831298895,17,13,0.44611493713355166
2025-10-22,ILI incidence,2025-11-02,3,CZ,ISI,FluBcast,WIS,8.57086956521739,-1.0346318171769615,17,10,0.5147523912058559
2025-10-22,ILI incidence,2025-11-02,3,CZ,ItaLuxColab,EpiEKF,WIS,6.42170783725821,-0.6181472650422707,17,7,0.6410175279196949
2025-10-22,ILI incidence,2025-11-02,3,CZ,ItaLuxColab,EpiNetEKF,WIS,5.10726460364894,-0.2877410414643181,17,5,0.7182422208942236
2025-10-22,ILI incidence,2025-11-02,3,CZ,MRC_GIDA,NBEATS,WIS,0.311459117125108,3.7476950553397392,17,1,1.0
2025-10-22,ILI incidence,2025-11-02,3,CZ,MRC_GIDA,NHiTS,WIS,2.88483561257677,0.5363206527950929,17,3,0.848811873584343
2025-10-22,ILI incidence,2025-11-02,3,CZ,MRC_GIDA,Prophet,WIS,10.5828484671165,-1.338846324219012,17,14,0.3965468658567295
2025-10-22,ILI incidence,2025-11-02,3,CZ,MRC_GIDA,TiDE,WIS,2.68936739630649,0.6375429082752067,17,2,0.8602958027505364
2025-10-22,ILI incidence,2025-11-02,3,CZ,NotreDame,Rt_cocirc,WIS,8.71350434782609,-1.0584432859507629,17,11,0.5063724726115776
2025-10-22,ILI incidence,2025-11-02,3,CZ,QMUL,ARIMA,WIS,7.67257889069643,-0.8749018102929549,17,9,0.5675277562942993
2025-10-22,ILI incidence,2025-11-02,3,CZ,QMUL,SEIR,WIS,17.3324815774257,-2.050596557485646,17,17,0.0
2025-10-22,ILI incidence,2025-11-02,3,CZ,QMUL,SEIR_agumented,WIS,14.3903270190124,-1.7822177079670032,17,15,0.17285416109845972
2025-10-22,ILI incidence,2025-11-02,3,CZ,RIVM,KFdlm,WIS,9.525503543401,-1.1869855948123462,17,12,0.45866680760415546
2025-10-22,ILI incidence,2025-11-02,3,CZ,respicast,hubEnsemble,WIS,6.65986603424228,-0.6706833927260496,17,8,0.6270255249398772
2025-10-22,ILI incidence,2025-11-02,3,CZ,respicast,quantileBaseline,WIS,4.18378804347826,0.0,17,4,0.7724972788570795
2025-10-22,ILI incidence,2025-11-02,3,CZ,safinea,PRFM,WIS,15.1908421593521,-1.8603201834703993,17,16,0.12582319440966055
2025-10-22,ILI incidence,2025-11-02,3,EE,ECDC,SARIMA,WIS,14.229106475717,-0.042168882105323886,11,6,0.8458893960272593
2025-10-22,ILI incidence,2025-11-02,3,EE,ECDC,soca_simplex,WIS,8.55068032824239,0.6925650712148224,11,1,1.0
2025-10-22,ILI incidence,2025-11-02,3,EE,ISI,FluBcast,WIS,35.8021739130435,-1.3733710029916564,11,9,0.2604034944822283
2025-10-22,ILI incidence,2025-11-02,3,EE,ItaLuxColab,EpiEKF,WIS,45.3971140005095,-1.7159243971685738,11,11,0.0
2025-10-22,ILI incidence,2025-11-02,3,EE,ItaLuxColab,EpiNetEKF,WIS,34.8096135022719,-1.3328096078307232,11,8,0.2873412551241397
2025-10-22,ILI incidence,2025-11-02,3,EE,NotreDame,Rt_cocirc,WIS,19.4002065217391,-0.4893958226655944,11,7,0.7055474543344277
2025-10-22,ILI incidence,2025-11-02,3,EE,QMUL,ARIMA,WIS,11.8325588416666,0.22391409138810558,11,3,0.9109309046673257
2025-10-22,ILI incidence,2025-11-02,3,EE,RIVM,KFdlm,WIS,37.2918843651539,-1.4321855107714705,11,10,0.2199732464598356
2025-10-22,ILI incidence,2025-11-02,3,EE,respicast,hubEnsemble,WIS,12.5495045772123,0.13904577646481922,11,4,0.8914732349801422
2025-10-22,ILI incidence,2025-11-02,3,EE,respicast,quantileBaseline,WIS,13.81922,0.0,11,5,0.8570135791534408
2025-10-22,ILI incidence,2025-11-02,3,EE,safinea,PRFM,WIS,9.44496598035616,0.5490586824839278,11,2,0.9757293837425882
2025-10-22,ILI incidence,2025-11-02,3,ES,ECDC,SARIMA,WIS,3.64907290280309,-0.5203696637187791,12,7,0.899650075784372
2025-10-22,ILI incidence,2025-11-02,3,ES,ECDC,soca_simplex,WIS,10.6677774934161,-2.068027423433645,12,11,0.2707445685282295
2025-10-22,ILI incidence,2025-11-02,3,ES,ISI,FluBcast,WIS,5.37913043478261,-1.0802126619621484,12,8,0.7446296306744488
2025-10-22,ILI incidence,2025-11-02,3,ES,ItaLuxColab,EpiEKF,WIS,6.10024720561703,-1.261707397149228,12,9,0.6800145293124291
2025-10-22,ILI incidence,2025-11-02,3,ES,ItaLuxColab,EpiNetEKF,WIS,3.02830344331754,-0.2513494637982651,12,4,0.9552736351986004
2025-10-22,ILI incidence,2025-11-02,3,ES,QMUL,ARIMA,WIS,2.52914873989854,0.008508425526752841,12,1,1.0
2025-10-22,ILI incidence,2025-11-02,3,ES,QMUL,SEIR,WIS,13.6893381636404,-2.4278204831151173,12,12,0.0
2025-10-22,ILI incidence,2025-11-02,3,ES,QMUL,SEIR_agumented,WIS,2.70303393096435,-0.08741931172401135,12,3,0.9844191541502071
2025-10-22,ILI incidence,2025-11-02,3,ES,RIVM,KFdlm,WIS,7.03134525671446,-1.4666404258757801,12,10,0.5965842204041735
2025-10-22,ILI incidence,2025-11-02,3,ES,respicast,hubEnsemble,WIS,3.60869445204715,-0.5043166852042195,12,6,0.9032681551218104
2025-10-22,ILI incidence,2025-11-02,3,ES,respicast,quantileBaseline,WIS,2.54410869565217,0.0,12,2,0.9986595249251052
2025-10-22,ILI incidence,2025-11-02,3,ES,safinea,PRFM,WIS,3.07157196630725,-0.2718168754542058,12,5,0.9513965932106158
2025-10-22,ILI incidence,2025-11-02,3,FI,ECDC,SARIMA,WIS,3.50915923975064,-0.6248723659708695,13,10,0.43685554953001327
2025-10-22,ILI incidence,2025-11-02,3,FI,ECDC,soca_simplex,WIS,4.80274605397096,-1.077606477510181,13,12,0.19075110811151474
2025-10-22,ILI incidence,2025-11-02,3,FI,ISI,FluBcast,WIS,0.549130434782609,2.051032272375948,13,1,1.0
2025-10-22,ILI incidence,2025-11-02,3,FI,ItaLuxColab,EpiEKF,WIS,2.89112127040398,-0.345376074754744,13,9,0.5544370582076189
2025-10-22,ILI incidence,2025-11-02,3,FI,ItaLuxColab,EpiNetEKF,WIS,1.75375422349617,0.37580647209762713,13,4,0.7708207432374976
2025-10-22,ILI incidence,2025-11-02,3,FI,MRC_GIDA,Prophet,WIS,5.80538183262141,-1.3511379090782965,13,13,0.0
2025-10-22,ILI incidence,2025-11-02,3,FI,QMUL,ARIMA,WIS,2.26319813552167,0.007890157012156129,13,7,0.6738992161897298
2025-10-22,ILI incidence,2025-11-02,3,FI,QMUL,SEIR,WIS,1.16575624819398,0.9649868881089748,13,2,0.8826871534978507
2025-10-22,ILI incidence,2025-11-02,3,FI,QMUL,SEIR_agumented,WIS,1.4541769867308,0.6460501811157199,13,3,0.827815208321216
2025-10-22,ILI incidence,2025-11-02,3,FI,RIVM,KFdlm,WIS,2.10418820846578,0.11298929851688685,13,6,0.7041507994989433
2025-10-22,ILI incidence,2025-11-02,3,FI,respicast,hubEnsemble,WIS,1.78833578118461,0.34763540532714504,13,5,0.7642416139168074
2025-10-22,ILI incidence,2025-11-02,3,FI,respicast,quantileBaseline,WIS,2.27560956521739,0.0,13,8,0.6715379460075572
2025-10-22,ILI incidence,2025-11-02,3,FI,safinea,PRFM,WIS,3.88814070923651,-0.7728273797344731,13,11,0.3647544567927643
2025-10-22,ILI incidence,2025-11-02,3,FR,ECDC,soca_simplex,WIS,38.7472166330864,-0.13250557929934234,9,2,0.9815625639945577
2025-10-22,ILI incidence,2025-11-02,3,FR,ISI,FluBcast,WIS,109.975217391304,-1.6375194476786064,9,8,0.5953356066132671
2025-10-22,ILI incidence,2025-11-02,3,FR,ItaLuxColab,EpiEKF,WIS,81.6903975250861,-1.2085794033422876,9,7,0.7487073115708412
2025-10-22,ILI incidence,2025-11-02,3,FR,ItaLuxColab,EpiNetEKF,WIS,58.8308025606575,-0.7349846171287193,9,3,0.8726612582785386
2025-10-22,ILI incidence,2025-11-02,3,FR,NotreDame,Rt_cocirc,WIS,61.6983586956522,-0.8036450109258104,9,4,0.8571122119856553
2025-10-22,ILI incidence,2025-11-02,3,FR,RIVM,KFdlm,WIS,219.767048926722,-2.6363160846557703,9,9,0.0
2025-10-22,ILI incidence,2025-11-02,3,FR,respicast,hubEnsemble,WIS,67.8602723535308,-0.9409801199609016,9,6,0.823699830079736
2025-10-22,ILI incidence,2025-11-02,3,FR,respicast,quantileBaseline,WIS,35.3469834782609,0.0,9,1,1.0
2025-10-22,ILI incidence,2025-11-02,3,FR,safinea,PRFM,WIS,65.5793176148286,-0.8916537895769433,9,5,0.836068086934843
2025-10-22,ILI incidence,2025-11-02,3,GR,ECDC,SARIMA,WIS,83.0371242456851,-0.13912096830112713,17,10,0.8479881977003346
2025-10-22,ILI incidence,2025-11-02,3,GR,ECDC,soca_simplex,WIS,100.993439464793,-0.4215541607929206,17,12,0.8086327761609712
2025-10-22,ILI incidence,2025-11-02,3,GR,ISI,FluBcast,WIS,141.731739130435,-0.9104554510231673,17,13,0.719345361868302
2025-10-22,ILI incidence,2025-11-02,3,GR,ItaLuxColab,EpiEKF,WIS,188.743873323663,-1.3237223971945522,17,16,0.6163073868682436
2025-10-22,ILI incidence,2025-11-02,3,GR,ItaLuxColab,EpiNetEKF,WIS,92.3147252789788,-0.29192528034309767,17,11,0.8276541873488809
2025-10-22,ILI incidence,2025-11-02,3,GR,MRC_GIDA,NBEATS,WIS,62.3628492477421,0.2739486689120124,17,6,0.8933006572799562
2025-10-22,ILI incidence,2025-11-02,3,GR,MRC_GIDA,NHiTS,WIS,13.6801784335973,2.4625484648882754,17,1,1.0
2025-10-22,ILI incidence,2025-11-02,3,GR,MRC_GIDA,Prophet,WIS,54.4092301035619,0.47078409837304114,17,4,0.9107328548306913
2025-10-22,ILI incidence,2025-11-02,3,GR,MRC_GIDA,TiDE,WIS,51.1913909501087,0.5587343054845757,17,3,0.9177854942383165
2025-10-22,ILI incidence,2025-11-02,3,GR,NotreDame,Rt_cocirc,WIS,14.7608956521739,2.3528552496457045,17,2,0.9976313580384983
2025-10-22,ILI incidence,2025-11-02,3,GR,QMUL,ARIMA,WIS,67.479033374844,0.16019620520223019,17,8,0.8820873554116067
2025-10-22,ILI incidence,2025-11-02,3,GR,QMUL,SEIR,WIS,469.940447457725,-2.639770527134884,17,17,0.0
2025-10-22,ILI incidence,2025-11-02,3,GR,QMUL,SEIR_agumented,WIS,154.359213540796,-1.0335841807501385,17,15,0.6916693285433553
2025-10-22,ILI incidence,2025-11-02,3,GR,RIVM,KFdlm,WIS,56.926259075798,0.40554121686866607,17,5,0.9052162031668951
2025-10-22,ILI incidence,2025-11-02,3,GR,respicast,hubEnsemble,WIS,64.385982842857,0.22788887217728096,17,7,0.8888664916677671
2025-10-22,ILI incidence,2025-11-02,3,GR,respicast,quantileBaseline,WIS,75.4037102173913,0.0,17,9,0.8647185916148005
2025-10-22,ILI incidence,2025-11-02,3,GR,safinea,PRFM,WIS,145.038303940933,-0.9437265418667325,17,14,0.7120982596440162
2025-10-22,ILI incidence,2025-11-02,3,HR,ECDC,soca_simplex,WIS,5.33524602277128,-0.6925325225010529,9,8,0.6012767398368173
2025-10-22,ILI incidence,2025-11-02,3,HR,ISI,FluBcast,WIS,2.76869565217391,0.2538158019807705,9,3,0.9228249790980548
2025-10-22,ILI incidence,2025-11-02,3,HR,ItaLuxColab,EpiEKF,WIS,2.81531008332594,0.22972844460408062,9,4,0.9169849268501769
2025-10-22,ILI incidence,2025-11-02,3,HR,ItaLuxColab,EpiNetEKF,WIS,2.15269607788974,0.6168776254976439,9,1,1.0
2025-10-22,ILI incidence,2025-11-02,3,HR,NotreDame,Rt_cocirc,WIS,4.82978260869565,-0.5489359772928132,9,7,0.6646033250731567
2025-10-22,ILI incidence,2025-11-02,3,HR,RIVM,KFdlm,WIS,2.86793180355049,0.20301155803963777,9,5,0.9103922561280497
2025-10-22,ILI incidence,2025-11-02,3,HR,respicast,hubEnsemble,WIS,2.64893672098,0.3176088963368831,9,2,0.9378288823537103
2025-10-22,ILI incidence,2025-11-02,3,HR,respicast,quantileBaseline,WIS,3.30127260869565,0.0,9,6,0.8561014950774334
2025-10-22,ILI incidence,2025-11-02,3,HR,safinea,PRFM,WIS,10.1345478102894,-1.6181875373490966,9,9,0.0
2025-10-22,ILI incidence,2025-11-02,3,HU,ECDC,SARIMA,WIS,69.8172134861861,-0.369511268850301,12,6,0.827255567514721
2025-10-22,ILI incidence,2025-11-02,3,HU,ECDC,soca_simplex,WIS,33.725802561917,0.6802187340564978,12,1,1.0
2025-10-22,ILI incidence,2025-11-02,3,HU,ISI,FluBcast,WIS,157.286956521739,-1.5412556219381992,12,10,0.4085988640676036
2025-10-22,ILI incidence,2025-11-02,3,HU,ItaLuxColab,EpiEKF,WIS,91.7179879979819,-0.7631331981266964,12,8,0.7224318222760926
2025-10-22,ILI incidence,2025-11-02,3,HU,ItaLuxColab,EpiNetEKF,WIS,65.4155123332268,-0.27556128136738667,12,5,0.8483234434487829
2025-10-22,ILI incidence,2025-11-02,3,HU,NotreDame,Rt_cocirc,WIS,46.4337630434783,0.2188973057385319,12,3,0.9391758491781069
2025-10-22,ILI incidence,2025-11-02,3,HU,QMUL,ARIMA,WIS,135.853574990962,-1.3299091165291115,12,9,0.5111855248258521
2025-10-22,ILI incidence,2025-11-02,3,HU,QMUL,SEIR,WIS,242.655320028969,-2.16676507632016,12,12,0.0
2025-10-22,ILI incidence,2025-11-02,3,HU,QMUL,SEIR_agumented,WIS,188.094374525178,-1.7993132876855908,12,11,0.2611452233521536
2025-10-22,ILI incidence,2025-11-02,3,HU,respicast,hubEnsemble,WIS,82.5635935330154,-0.6114342556196385,12,7,0.766247529007958
2025-10-22,ILI incidence,2025-11-02,3,HU,respicast,quantileBaseline,WIS,54.0416419565217,0.0,12,4,0.9027622346478232
2025-10-22,ILI incidence,2025-11-02,3,HU,safinea,PRFM,WIS,42.8265241372789,0.3355669182201011,12,2,0.9564411879867712
2025-10-22,ILI incidence,2025-11-02,3,IE,ECDC,soca_simplex,WIS,0.778071457635049,1.0079483935895786,9,1,1.0
2025-10-22,ILI incidence,2025-11-02,3,IE,ISI,FluBcast,WIS,3.30695652173913,-1.0795811215180258,9,9,0.0
2025-10-22,ILI incidence,2025-11-02,3,IE,ItaLuxColab,EpiEKF,WIS,3.17414181808473,-1.0204436317778351,9,8,0.052519074725704516
2025-10-22,ILI incidence,2025-11-02,3,IE,ItaLuxColab,EpiNetEKF,WIS,2.61292875438327,-0.7397448315614782,9,7,0.27444021763074317
2025-10-22,ILI incidence,2025-11-02,3,IE,NotreDame,Rt_cocirc,WIS,1.13742608695652,0.4601501581746752,9,3,0.8578999755970399
2025-10-22,ILI incidence,2025-11-02,3,IE,RIVM,KFdlm,WIS,1.13280709058892,0.46602075544585236,9,2,0.8597264707719943
2025-10-22,ILI incidence,2025-11-02,3,IE,respicast,hubEnsemble,WIS,1.81259957871999,-0.21213729831116682,9,5,0.5909153263746894
2025-10-22,ILI incidence,2025-11-02,3,IE,respicast,quantileBaseline,WIS,1.56474,0.0,9,4,0.6889267315738419
2025-10-22,ILI incidence,2025-11-02,3,IE,safinea,PRFM,WIS,1.93187465488819,-0.30407853507836596,9,6,0.5437502424959342
2025-10-22,ILI incidence,2025-11-02,3,IS,ECDC,SARIMA,WIS,1.88200209863796,-1.5814355151338533,10,10,0.0
2025-10-22,ILI incidence,2025-11-02,3,IS,ECDC,soca_simplex,WIS,0.623982274051722,0.011255770670461442,10,1,1.0
2025-10-22,ILI incidence,2025-11-02,3,IS,ItaLuxColab,EpiEKF,WIS,1.61209059286946,-1.35810009798313,10,8,0.21455266482567056
2025-10-22,ILI incidence,2025-11-02,3,IS,ItaLuxColab,EpiNetEKF,WIS,0.853165199683516,-0.4400643032582479,10,3,0.8178224848665065
2025-10-22,ILI incidence,2025-11-02,3,IS,MRC_GIDA,Prophet,WIS,1.0563636546133,-0.7482738482203174,10,6,0.6563000263499124
2025-10-22,ILI incidence,2025-11-02,3,IS,QMUL,ARIMA,WIS,1.39137771879876,-1.1456814013216277,10,7,0.3899973356942655
2025-10-22,ILI incidence,2025-11-02,3,IS,RIVM,KFdlm,WIS,0.941289334435994,-0.581877431551766,10,5,0.7477726072491472
2025-10-22,ILI incidence,2025-11-02,3,IS,respicast,hubEnsemble,WIS,0.920440771302428,-0.5495640731639766,10,4,0.7643451307707245
2025-10-22,ILI incidence,2025-11-02,3,IS,respicast,quantileBaseline,WIS,0.628869565217391,0.0,10,2,0.9961150920914331
2025-10-22,ILI incidence,2025-11-02,3,IS,safinea,PRFM,WIS,1.7998475124057,-1.5170419612949664,10,9,0.06530468330201435
2025-10-22,ILI incidence,2025-11-02,3,LT,ECDC,SARIMA,WIS,6.61379465222136,-0.5139846542716662,17,15,0.7195768101895442
2025-10-22,ILI incidence,2025-11-02,3,LT,ECDC,soca_simplex,WIS,4.62215846494188,0.0029268769172929123,17,10,0.8158191623503059
2025-10-22,ILI incidence,2025-11-02,3,LT,ISI,FluBcast,WIS,1.25695652173913,1.881558850926691,17,2,0.9784366888736631
2025-10-22,ILI incidence,2025-11-02,3,LT,ItaLuxColab,EpiEKF,WIS,5.40698996851018,-0.22333208124461013,17,14,0.7778935459974227
2025-10-22,ILI incidence,2025-11-02,3,LT,ItaLuxColab,EpiNetEKF,WIS,2.52202760973379,0.8769095290089676,17,6,0.9173043304957548
2025-10-22,ILI incidence,2025-11-02,3,LT,MRC_GIDA,NBEATS,WIS,3.73671684806311,0.30972235178457735,17,8,0.8586065873096027
2025-10-22,ILI incidence,2025-11-02,3,LT,MRC_GIDA,NHiTS,WIS,1.34415988570707,1.7847888439393642,17,3,0.974222738093792
2025-10-22,ILI incidence,2025-11-02,3,LT,MRC_GIDA,Prophet,WIS,21.5046943707439,-2.2150861238571453,17,17,0.0
2025-10-22,ILI incidence,2025-11-02,3,LT,MRC_GIDA,TiDE,WIS,4.98829566337786,-0.10705337971658827,17,12,0.7981262195246563
2025-10-22,ILI incidence,2025-11-02,3,LT,NotreDame,Rt_cocirc,WIS,1.67767173913044,1.4650331394432825,17,4,0.9581063582790604
2025-10-22,ILI incidence,2025-11-02,3,LT,QMUL,ARIMA,WIS,5.24416191035568,-0.17921863001993765,17,13,0.7857619284935073
2025-10-22,ILI incidence,2025-11-02,3,LT,QMUL,SEIR,WIS,0.810726044276962,2.5142072035953444,17,1,1.0
2025-10-22,ILI incidence,2025-11-02,3,LT,QMUL,SEIR_agumented,WIS,3.76637637025579,0.2983164243313426,17,9,0.857173342524225
2025-10-22,ILI incidence,2025-11-02,3,LT,RIVM,KFdlm,WIS,2.62787818297091,0.8175951984433751,17,7,0.9121892857847923
2025-10-22,ILI incidence,2025-11-02,3,LT,respicast,hubEnsemble,WIS,2.41463747057016,0.9396869969524652,17,5,0.922493772050388
2025-10-22,ILI incidence,2025-11-02,3,LT,respicast,quantileBaseline,WIS,4.6315452173913,0.0,17,11,0.8153655638765219
2025-10-22,ILI incidence,2025-11-02,3,LT,safinea,PRFM,WIS,7.63102528394268,-0.7203833081190452,17,16,0.6704209104764711
2025-10-22,ILI incidence,2025-11-02,3,LU,ECDC,SARIMA,WIS,663.40065995814,0.358836366215579,16,6,0.9944231193945086
2025-10-22,ILI incidence,2025-11-02,3,LU,ECDC,soca_simplex,WIS,149.664911517336,2.506980787969817,16,1,1.0
2025-10-22,ILI incidence,2025-11-02,3,LU,ItaLuxColab,EpiEKF,WIS,1413.44238751189,-0.7324243608658492,16,10,0.9862810090266803
2025-10-22,ILI incidence,2025-11-02,3,LU,ItaLuxColab,EpiNetEKF,WIS,2790.24725469636,-1.7136042518924035,16,15,0.9713350443266355
2025-10-22,ILI incidence,2025-11-02,3,LU,MRC_GIDA,NBEATS,WIS,1694.80483453179,-0.9943304305304194,16,13,0.9832266668309868
2025-10-22,ILI incidence,2025-11-02,3,LU,MRC_GIDA,NHiTS,WIS,1006.67758840583,-0.24281298247048297,16,9,0.9906966618715838
2025-10-22,ILI incidence,2025-11-02,3,LU,MRC_GIDA,Prophet,WIS,535.972648413142,0.666557434146812,16,5,0.9958064196774623
2025-10-22,ILI incidence,2025-11-02,3,LU,MRC_GIDA,TiDE,WIS,1518.22275722935,-0.8355947632445956,16,12,0.9851435611977389
2025-10-22,ILI incidence,2025-11-02,3,LU,NotreDame,Rt_cocirc,WIS,880.735454347826,-0.0499919297560724,16,8,0.9920638321473022
2025-10-22,ILI incidence,2025-11-02,3,LU,QMUL,ARIMA,WIS,338.177014201158,1.3309382100565252,16,2,0.9979535987274615
2025-10-22,ILI incidence,2025-11-02,3,LU,QMUL,SEIR,WIS,2033.41196631659,-1.257113814055575,16,14,0.9795509024874249
2025-10-22,ILI incidence,2025-11-02,3,LU,QMUL,SEIR_agumented,WIS,444.032467361387,0.9380516442079996,16,4,0.9968044802837741
2025-10-22,ILI incidence,2025-11-02,3,LU,RIVM,KFdlm,WIS,92268.5006518653,-6.760977589539468,16,16,0.0
2025-10-22,ILI incidence,2025-11-02,3,LU,respicast,hubEnsemble,WIS,365.445263943682,1.2190614767316639,16,3,0.9976575870646633
2025-10-22,ILI incidence,2025-11-02,3,LU,respicast,quantileBaseline,WIS,850.739130434783,0.0,16,7,0.9923894585370842
2025-10-22,ILI incidence,2025-11-02,3,LU,safinea,PRFM,WIS,1436.5226562596,-0.755792027994375,16,11,0.9860304601724508
2025-10-22,ILI incidence,2025-11-02,3,LV,ECDC,SARIMA,WIS,19.0418554040009,-0.759651841845236,11,9,0.550672682790131
2025-10-22,ILI incidence,2025-11-02,3,LV,ECDC,soca_simplex,WIS,1.17806033878206,3.255036878033899,11,2,0.9921245470952934
2025-10-22,ILI incidence,2025-11-02,3,LV,ItaLuxColab,EpiEKF,WIS,7.25657422687719,0.6321616884791723,11,6,0.8419117127950951
2025-10-22,ILI incidence,2025-11-02,3,LV,ItaLuxColab,EpiNetEKF,WIS,4.26098967624017,1.4002617560567387,11,4,0.9159388934548871
2025-10-22,ILI incidence,2025-11-02,3,LV,NotreDame,Rt_cocirc,WIS,3.54965434782609,1.6637717649713177,11,3,0.9335174821997795
2025-10-22,ILI incidence,2025-11-02,3,LV,QMUL,ARIMA,WIS,15.3665704864365,-0.4502730028032429,11,8,0.6414966859086181
2025-10-22,ILI incidence,2025-11-02,3,LV,QMUL,SEIR,WIS,0.859372191532084,3.7100953133978174,11,1,1.0
2025-10-22,ILI incidence,2025-11-02,3,LV,QMUL,SEIR_agumented,WIS,25.2457819844518,-1.1665201481027527,11,10,0.3973606376757773
2025-10-22,ILI incidence,2025-11-02,3,LV,respicast,hubEnsemble,WIS,5.05111307230921,1.1548489743795016,11,5,0.896413286216763
2025-10-22,ILI incidence,2025-11-02,3,LV,respicast,quantileBaseline,WIS,11.2468595652174,0.0,11,7,0.743303388231993
2025-10-22,ILI incidence,2025-11-02,3,LV,safinea,PRFM,WIS,41.325381080941,-1.8775059061052661,11,11,0.0
2025-10-22,ILI incidence,2025-11-02,3,MT,ECDC,SARIMA,WIS,7608.90814221091,-0.046978370447153424,11,7,0.2504770689322424
2025-10-22,ILI incidence,2025-11-02,3,MT,ECDC,soca_simplex,WIS,8782.9557789432,-0.25399546470046536,11,10,0.1235518416608393
2025-10-22,ILI incidence,2025-11-02,3,MT,ItaLuxColab,EpiEKF,WIS,2585.79736163134,1.510101853822796,11,3,0.7935210285530013
2025-10-22,ILI incidence,2025-11-02,3,MT,ItaLuxColab,EpiNetEKF,WIS,1835.13826881983,2.0048223080093632,11,2,0.8746741035880408
2025-10-22,ILI incidence,2025-11-02,3,MT,MRC_GIDA,Prophet,WIS,675.884307515579,3.445862851564029,11,1,1.0
2025-10-22,ILI incidence,2025-11-02,3,MT,NotreDame,Rt_cocirc,WIS,8058.52757826087,-0.12980518411080014,11,9,0.20186911869172416
2025-10-22,ILI incidence,2025-11-02,3,MT,QMUL,ARIMA,WIS,7838.09677371228,-0.08979231011616043,11,8,0.22569969343979773
2025-10-22,ILI incidence,2025-11-02,3,MT,RIVM,KFdlm,WIS,9925.79988357229,-0.4304722931201641,11,11,0.0
2025-10-22,ILI incidence,2025-11-02,3,MT,respicast,hubEnsemble,WIS,7159.34595158456,0.04088328046680678,11,5,0.29907883042183225
2025-10-22,ILI incidence,2025-11-02,3,MT,respicast,quantileBaseline,WIS,7365.13043478261,0.0,11,6,0.2768316562172676
2025-10-22,ILI incidence,2025-11-02,3,MT,safinea,PRFM,WIS,2820.7083003778,1.3846535959499493,11,4,0.7681250196040631
2025-10-22,ILI incidence,2025-11-02,3,NL,ECDC,SARIMA,WIS,3.74609615419847,0.17375669713222974,17,12,0.6265404585855593
2025-10-22,ILI incidence,2025-11-02,3,NL,ECDC,soca_simplex,WIS,9.64562888387093,-1.1907306753378875,17,17,0.0
2025-10-22,ILI incidence,2025-11-02,3,NL,ISI,FluBcast,WIS,2.00173913043478,1.0778906557541124,17,5,0.8117941557315911
2025-10-22,ILI incidence,2025-11-02,3,NL,ItaLuxColab,EpiEKF,WIS,4.25520802731822,-0.010085035617894124,17,14,0.5724719075541439
2025-10-22,ILI incidence,2025-11-02,3,NL,ItaLuxColab,EpiNetEKF,WIS,3.07167452545248,0.4601192718236832,17,9,0.6981651881898636
2025-10-22,ILI incidence,2025-11-02,3,NL,MRC_GIDA,NBEATS,WIS,1.67155612870975,1.337952828437817,17,3,0.8468601548195294
2025-10-22,ILI incidence,2025-11-02,3,NL,MRC_GIDA,NHiTS,WIS,3.51214244279451,0.26679327026962757,17,11,0.6513867425791341
2025-10-22,ILI incidence,2025-11-02,3,NL,MRC_GIDA,Prophet,WIS,4.46010315064936,-0.07793244828143199,17,15,0.5507116952769651
2025-10-22,ILI incidence,2025-11-02,3,NL,MRC_GIDA,TiDE,WIS,1.99215131845568,1.0848173932518164,17,4,0.8128123977499807
2025-10-22,ILI incidence,2025-11-02,3,NL,NotreDame,Rt_cocirc,WIS,6.14064130434783,-0.5392447047864816,17,16,0.37223567120255896
2025-10-22,ILI incidence,2025-11-02,3,NL,QMUL,ARIMA,WIS,2.14016666089482,0.9814214802672857,17,7,0.7970929154148659
2025-10-22,ILI incidence,2025-11-02,3,NL,QMUL,SEIR,WIS,0.229584558511805,4.202047111013712,17,1,1.0
2025-10-22,ILI incidence,2025-11-02,3,NL,QMUL,SEIR_agumented,WIS,2.05809124356871,1.0378376838567094,17,6,0.8058094650072533
2025-10-22,ILI incidence,2025-11-02,3,NL,RIVM,KFdlm,WIS,2.46035784250262,0.7802764669376369,17,8,0.7630880647000635
2025-10-22,ILI incidence,2025-11-02,3,NL,respicast,hubEnsemble,WIS,1.63487330519338,1.3699657899161968,17,2,0.8507559333703563
2025-10-22,ILI incidence,2025-11-02,3,NL,respicast,quantileBaseline,WIS,4.22556608695652,0.0,17,13,0.5756199322806067
2025-10-22,ILI incidence,2025-11-02,3,NL,safinea,PRFM,WIS,3.4102813533455,0.30925385938232347,17,10,0.6622045643660047
2025-10-22,ILI incidence,2025-11-02,3,NO,ECDC,SARIMA,WIS,4.6874062869309,0.2546530304134471,12,8,0.46949307349722585
2025-10-22,ILI incidence,2025-11-02,3,NO,ECDC,soca_simplex,WIS,7.22964815469758,-0.3704825591555498,12,12,0.0
2025-10-22,ILI incidence,2025-11-02,3,NO,ISI,FluBcast,WIS,1.81478260869565,1.6236461387585044,12,1,1.0
2025-10-22,ILI incidence,2025-11-02,3,NO,ItaLuxColab,EpiEKF,WIS,5.40859235157013,0.048189713176223,12,9,0.33630674439774927
2025-10-22,ILI incidence,2025-11-02,3,NO,ItaLuxColab,EpiNetEKF,WIS,3.91055337546023,0.5160701028959495,12,5,0.6129597773093379
2025-10-22,ILI incidence,2025-11-02,3,NO,MRC_GIDA,Prophet,WIS,7.08528736788061,-0.34138348963802306,12,11,0.02666008704935608
2025-10-22,ILI incidence,2025-11-02,3,NO,NotreDame,Rt_cocirc,WIS,4.61199130434782,0.2780530852153249,12,7,0.4834204705752129
2025-10-22,ILI incidence,2025-11-02,3,NO,QMUL,ARIMA,WIS,2.21079734093116,1.338876095643408,12,2,0.9268652695304858
2025-10-22,ILI incidence,2025-11-02,3,NO,RIVM,KFdlm,WIS,4.15836130367868,0.42742776433954693,12,6,0.5671954040089854
2025-10-22,ILI incidence,2025-11-02,3,NO,respicast,hubEnsemble,WIS,3.33948070008941,0.7438191016308506,12,4,0.7184236471911066
2025-10-22,ILI incidence,2025-11-02,3,NO,respicast,quantileBaseline,WIS,5.59230434782609,0.0,12,10,0.30237940221441395
2025-10-22,ILI incidence,2025-11-02,3,NO,safinea,PRFM,WIS,3.3183657545235,0.7529699673335674,12,3,0.7223230876086993
2025-10-22,ILI incidence,2025-11-02,3,PL,ECDC,SARIMA,WIS,37.2769169992938,0.6273619484670439,17,3,0.9690936639386009
2025-10-22,ILI incidence,2025-11-02,3,PL,ECDC,soca_simplex,WIS,76.556939530847,-0.41088866246884675,17,8,0.8727815488706615
2025-10-22,ILI incidence,2025-11-02,3,PL,ISI,FluBcast,WIS,102.786956521739,-0.83594080086586,17,10,0.8084672167535789
2025-10-22,ILI incidence,2025-11-02,3,PL,ItaLuxColab,EpiEKF,WIS,30.7835017195385,0.9034871427144253,17,2,0.9850151048976874
2025-10-22,ILI incidence,2025-11-02,3,PL,ItaLuxColab,EpiNetEKF,WIS,24.6720481725305,1.22276700753432,17,1,1.0
2025-10-22,ILI incidence,2025-11-02,3,PL,MRC_GIDA,NBEATS,WIS,262.599535790601,-2.1891479660158044,17,16,0.4166169444813902
2025-10-22,ILI incidence,2025-11-02,3,PL,MRC_GIDA,NHiTS,WIS,256.202522909861,-2.1535682825402325,17,14,0.43230201289411857
2025-10-22,ILI incidence,2025-11-02,3,PL,MRC_GIDA,Prophet,WIS,60.2166882817939,-0.06451887201478847,17,5,0.9128468048738538
2025-10-22,ILI incidence,2025-11-02,3,PL,MRC_GIDA,TiDE,WIS,259.630378159271,-2.1727427964421904,17,15,0.423897130006075
2025-10-22,ILI incidence,2025-11-02,3,PL,NotreDame,Rt_cocirc,WIS,247.36732826087,-2.102938564972868,17,12,0.45396534781195663
2025-10-22,ILI incidence,2025-11-02,3,PL,QMUL,ARIMA,WIS,72.0912346195824,-0.3241793619119953,17,7,0.8837311730702831
2025-10-22,ILI incidence,2025-11-02,3,PL,QMUL,SEIR,WIS,254.577638927059,-2.1443893043929037,17,13,0.4362861249958355
2025-10-22,ILI incidence,2025-11-02,3,PL,QMUL,SEIR_agumented,WIS,132.705635121657,-1.204513233729712,17,11,0.7351085211550391
2025-10-22,ILI incidence,2025-11-02,3,PL,RIVM,KFdlm,WIS,432.51297767392,-2.909027021972343,17,17,0.0
2025-10-22,ILI incidence,2025-11-02,3,PL,respicast,hubEnsemble,WIS,93.3134178013443,-0.6964400504247611,17,9,0.8316957307038013
2025-10-22,ILI incidence,2025-11-02,3,PL,respicast,quantileBaseline,WIS,57.5830615217391,0.0,17,4,0.919304290058763
2025-10-22,ILI incidence,2025-11-02,3,PL,safinea,PRFM,WIS,62.8865007410229,-0.1271058656556538,17,6,0.9063005946577948
2025-10-22,ILI incidence,2025-11-02,3,RO,ItaLuxColab,EpiEKF,WIS,0.899685224720568,0.04301367146062858,7,3,0.9382052274449488
2025-10-22,ILI incidence,2025-11-02,3,RO,ItaLuxColab,EpiNetEKF,WIS,0.613715372791342,0.5948642799966809,7,2,0.9698036681915244
2025-10-22,ILI incidence,2025-11-02,3,RO,NotreDame,Rt_cocirc,WIS,0.340434782608696,1.445055555258178,7,1,1.0
2025-10-22,ILI incidence,2025-11-02,3,RO,RIVM,KFdlm,WIS,1.45856222092037,-0.6540410248724419,7,6,0.8764517190596867
2025-10-22,ILI incidence,2025-11-02,3,RO,respicast,hubEnsemble,WIS,0.935315265390279,-0.013018732541683672,7,5,0.9342682609384982
2025-10-22,ILI incidence,2025-11-02,3,RO,respicast,quantileBaseline,WIS,0.926913043478261,0.0,7,4,0.9351966703824847
2025-10-22,ILI incidence,2025-11-02,3,RO,safinea,PRFM,WIS,9.39056020565562,-3.3407053195123115,7,7,0.0
2025-10-22,ILI incidence,2025-11-02,3,SI,ECDC,SARIMA,WIS,4.2753364045337,-0.16193961961039383,16,11,0.6392120700919427
2025-10-22,ILI incidence,2025-11-02,3,SI,ECDC,soca_simplex,WIS,4.36444588141728,-0.1917001748894282,16,12,0.6260245008713258
2025-10-22,ILI incidence,2025-11-02,3,SI,ItaLuxColab,EpiEKF,WIS,3.57343513983186,0.09678672054953831,16,6,0.7430884684057538
2025-10-22,ILI incidence,2025-11-02,3,SI,ItaLuxColab,EpiNetEKF,WIS,2.26662673052413,0.7535514964708767,16,3,0.9364868246585398
2025-10-22,ILI incidence,2025-11-02,3,SI,MRC_GIDA,NBEATS,WIS,7.1109218416842,-0.8959382760477578,16,15,0.21956557971639235
2025-10-22,ILI incidence,2025-11-02,3,SI,MRC_GIDA,NHiTS,WIS,6.35763293260324,-0.7343913995269504,16,14,0.3310469841533958
2025-10-22,ILI incidence,2025-11-02,3,SI,MRC_GIDA,Prophet,WIS,8.59454430635949,-1.1693228250014465,16,16,0.0
2025-10-22,ILI incidence,2025-11-02,3,SI,MRC_GIDA,TiDE,WIS,3.19979630740213,0.2561182542379796,16,5,0.7983843599147469
2025-10-22,ILI incidence,2025-11-02,3,SI,NotreDame,Rt_cocirc,WIS,1.83746304347826,1.0563830896008386,16,1,1.0
2025-10-22,ILI incidence,2025-11-02,3,SI,QMUL,ARIMA,WIS,4.17641252710041,-0.12816589861476052,16,9,0.653852100836683
2025-10-22,ILI incidence,2025-11-02,3,SI,QMUL,SEIR,WIS,6.0518101076975,-0.6632683965037082,16,13,0.3763065885606596
2025-10-22,ILI incidence,2025-11-02,3,SI,QMUL,SEIR_agumented,WIS,4.19424548907475,-0.13431298159867266,16,10,0.6512129492147687
2025-10-22,ILI incidence,2025-11-02,3,SI,RIVM,KFdlm,WIS,3.93548210215311,-0.04244205554368148,16,8,0.689508091281967
2025-10-22,ILI incidence,2025-11-02,3,SI,respicast,hubEnsemble,WIS,2.22878131029761,0.7778432579916248,16,2,0.9420876778604124
2025-10-22,ILI incidence,2025-11-02,3,SI,respicast,quantileBaseline,WIS,3.82139217391304,0.0,16,7,0.7063925897512694
2025-10-22,ILI incidence,2025-11-02,3,SI,safinea,PRFM,WIS,2.26957924798624,0.7516734587792833,16,4,0.9360498730595812
2025-10-22,ILI incidence,2025-11-09,4,AT,ECDC,SARIMA,WIS,204.236978931333,0.6746409436931811,12,5,0.6146698750316922
2025-10-22,ILI incidence,2025-11-09,4,AT,ECDC,soca_simplex,WIS,440.854401504804,-0.43541721729989724,12,10,0.08071635659398234
2025-10-22,ILI incidence,2025-11-09,4,AT,ISI,FluBcast,WIS,241.552173913043,0.4325502096508163,12,7,0.5304639892817258
2025-10-22,ILI incidence,2025-11-09,4,AT,ItaLuxColab,EpiEKF,WIS,449.806123703439,-0.4644182558402018,12,11,0.060515800303356834
2025-10-22,ILI incidence,2025-11-09,4,AT,ItaLuxColab,EpiNetEKF,WIS,325.629431156937,0.0016539467152238006,12,8,0.3407343115694685
2025-10-22,ILI incidence,2025-11-09,4,AT,NotreDame,Rt_cocirc,WIS,140.279815217391,1.2165776110723898,12,3,0.7589963249732731
2025-10-22,ILI incidence,2025-11-09,4,AT,QMUL,ARIMA,WIS,69.2322506433773,2.2353688923748596,12,2,0.9193230526847358
2025-10-22,ILI incidence,2025-11-09,4,AT,QMUL,SEIR,WIS,226.909692939704,0.5227668082225485,12,6,0.563506375380509
2025-10-22,ILI incidence,2025-11-09,4,AT,QMUL,SEIR_agumented,WIS,33.4808777697842,3.283475789694971,12,1,1.0
2025-10-22,ILI incidence,2025-11-09,4,AT,respicast,hubEnsemble,WIS,155.86830675329,1.0645574367585078,12,4,0.7238191608735111
2025-10-22,ILI incidence,2025-11-09,4,AT,respicast,quantileBaseline,WIS,326.002956086956,0.0,12,9,0.3398914110406797
2025-10-22,ILI incidence,2025-11-09,4,AT,safinea,PRFM,WIS,476.623238299195,-0.5479642470566833,12,12,0.0
2025-10-22,ILI incidence,2025-11-09,4,BE,ECDC,SARIMA,WIS,50.7772765660057,-0.1248030269185624,17,6,0.8592770618757078
2025-10-22,ILI incidence,2025-11-09,4,BE,ECDC,soca_simplex,WIS,20.2366839149042,1.2024070892285772,17,1,1.0
2025-10-22,ILI incidence,2025-11-09,4,BE,ISI,FluBcast,WIS,146.12652173913,-1.649766152384776,17,15,0.41993306871938635
2025-10-22,ILI incidence,2025-11-09,4,BE,ItaLuxColab,EpiEKF,WIS,97.5036610288029,-1.06607639827851,17,13,0.6439742946816028
2025-10-22,ILI incidence,2025-11-09,4,BE,ItaLuxColab,EpiNetEKF,WIS,75.936545739303,-0.705414382672579,17,11,0.7433498328407914
2025-10-22,ILI incidence,2025-11-09,4,BE,MRC_GIDA,NBEATS,WIS,22.6905288314844,1.037289758106657,17,2,0.9886933344644813
2025-10-22,ILI incidence,2025-11-09,4,BE,MRC_GIDA,NHiTS,WIS,52.4773572165215,-0.1723150756676013,17,7,0.8514435418480533
2025-10-22,ILI incidence,2025-11-09,4,BE,MRC_GIDA,Prophet,WIS,31.5029959845854,0.5638909536321011,17,4,0.9480878267693494
2025-10-22,ILI incidence,2025-11-09,4,BE,MRC_GIDA,TiDE,WIS,30.2680544194566,0.6215840472506743,17,3,0.9537781094512237
2025-10-22,ILI incidence,2025-11-09,4,BE,NotreDame,Rt_cocirc,WIS,87.208097826087,-0.9050821132829924,17,12,0.6914135150032908
2025-10-22,ILI incidence,2025-11-09,4,BE,QMUL,ARIMA,WIS,71.0804558715163,-0.6100729427181876,17,10,0.7657254049784167
2025-10-22,ILI incidence,2025-11-09,4,BE,QMUL,SEIR,WIS,237.26308386206,-2.349035750338307,17,17,0.0
2025-10-22,ILI incidence,2025-11-09,4,BE,QMUL,SEIR_agumented,WIS,164.507373711379,-1.820700354851825,17,16,0.3352389855261685
2025-10-22,ILI incidence,2025-11-09,4,BE,RIVM,KFdlm,WIS,97.9200916977774,-1.0722249177083611,17,14,0.6420554927797333
2025-10-22,ILI incidence,2025-11-09,4,BE,respicast,hubEnsemble,WIS,61.8820378135232,-0.41014071506116273,17,8,0.8081092719191798
2025-10-22,ILI incidence,2025-11-09,4,BE,respicast,quantileBaseline,WIS,46.5693256521739,0.0,17,5,0.8786661818853305
2025-10-22,ILI incidence,2025-11-09,4,BE,safinea,PRFM,WIS,64.679799093291,-0.473935206214652,17,9,0.7952179311401363
2025-10-22,ILI incidence,2025-11-09,4,CZ,ECDC,SARIMA,WIS,6.53801930449572,-0.5936478791510178,17,8,0.7095546267859175
2025-10-22,ILI incidence,2025-11-09,4,CZ,ECDC,soca_simplex,WIS,12.0568831546836,-1.4765793390443815,17,15,0.444211928234097
2025-10-22,ILI incidence,2025-11-09,4,CZ,ISI,FluBcast,WIS,8.41434782608696,-0.9576456986630617,17,12,0.6193422050259898
2025-10-22,ILI incidence,2025-11-09,4,CZ,ItaLuxColab,EpiEKF,WIS,7.1488270811756,-0.7225007984224852,17,9,0.6801874620650193
2025-10-22,ILI incidence,2025-11-09,4,CZ,ItaLuxColab,EpiNetEKF,WIS,4.6172973586279,-0.09184288866465033,17,6,0.8019014499942705
2025-10-22,ILI incidence,2025-11-09,4,CZ,MRC_GIDA,NBEATS,WIS,1.19845192182093,1.8540337240454077,17,2,0.9662768900774783
2025-10-22,ILI incidence,2025-11-09,4,CZ,MRC_GIDA,NHiTS,WIS,0.497044823441811,3.1237578929064203,17,1,1.0
2025-10-22,ILI incidence,2025-11-09,4,CZ,MRC_GIDA,Prophet,WIS,7.71332445957069,-0.8321470411331062,17,11,0.6530468654178161
2025-10-22,ILI incidence,2025-11-09,4,CZ,MRC_GIDA,TiDE,WIS,2.84208024322064,0.6082584695663493,17,4,0.8872525136740722
2025-10-22,ILI incidence,2025-11-09,4,CZ,NotreDame,Rt_cocirc,WIS,8.50389347826087,-0.9729177677131683,17,13,0.6150369194388848
2025-10-22,ILI incidence,2025-11-09,4,CZ,QMUL,ARIMA,WIS,7.40448883365216,-0.7731943852574272,17,10,0.6678954430625379
2025-10-22,ILI incidence,2025-11-09,4,CZ,QMUL,SEIR,WIS,21.2960488296141,-2.2973081214656994,17,17,0.0
2025-10-22,ILI incidence,2025-11-09,4,CZ,QMUL,SEIR_agumented,WIS,17.5167516952644,-2.0154576036637444,17,16,0.18170567846557273
2025-10-22,ILI incidence,2025-11-09,4,CZ,RIVM,KFdlm,WIS,10.9829339823607,-1.3419858447149988,17,14,0.4958465724701477
2025-10-22,ILI incidence,2025-11-09,4,CZ,respicast,hubEnsemble,WIS,6.15916320874796,-0.5075286002297646,17,7,0.7277697343764219
2025-10-22,ILI incidence,2025-11-09,4,CZ,respicast,quantileBaseline,WIS,4.33251804347826,0.0,17,5,0.8155934188532183
2025-10-22,ILI incidence,2025-11-09,4,CZ,safinea,PRFM,WIS,1.88680631905785,1.1992594200531919,17,3,0.9331813439141791
2025-10-22,ILI incidence,2025-11-09,4,EE,ECDC,SARIMA,WIS,15.7583723132743,-0.1212911175971467,11,3,0.8562379084714559
2025-10-22,ILI incidence,2025-11-09,4,EE,ECDC,soca_simplex,WIS,17.7356277462826,-0.29182298634399073,11,5,0.8176908093663501
2025-10-22,ILI incidence,2025-11-09,4,EE,ISI,FluBcast,WIS,59.6786956521739,-2.0423885956325734,11,11,0.0
2025-10-22,ILI incidence,2025-11-09,4,EE,ItaLuxColab,EpiEKF,WIS,48.1133112241539,-1.7316086825764203,11,9,0.22547011999216077
2025-10-22,ILI incidence,2025-11-09,4,EE,ItaLuxColab,EpiNetEKF,WIS,36.3332029407583,-1.3264611431202176,11,7,0.4551263363253494
2025-10-22,ILI incidence,2025-11-09,4,EE,NotreDame,Rt_cocirc,WIS,43.6857413043478,-1.5923350632882352,11,8,0.31178672514311195
2025-10-22,ILI incidence,2025-11-09,4,EE,QMUL,ARIMA,WIS,8.38416301777377,0.789088735161075,11,1,1.0
2025-10-22,ILI incidence,2025-11-09,4,EE,RIVM,KFdlm,WIS,48.7073575955234,-1.7493123096826007,11,10,0.21388903442884072
2025-10-22,ILI incidence,2025-11-09,4,EE,respicast,hubEnsemble,WIS,18.1931808165323,-0.32857039104766683,11,6,0.8087706955306145
2025-10-22,ILI incidence,2025-11-09,4,EE,respicast,quantileBaseline,WIS,14.4876882608696,0.0,11,2,0.8810102182507739
2025-10-22,ILI incidence,2025-11-09,4,EE,safinea,PRFM,WIS,17.1725474664675,-0.24527666371000545,11,4,0.828668203074729
2025-10-22,ILI incidence,2025-11-09,4,ES,ECDC,SARIMA,WIS,5.22025854444437,-0.2195445507240231,12,6,0.8538093795237587
2025-10-22,ILI incidence,2025-11-09,4,ES,ECDC,soca_simplex,WIS,18.6787835122222,-2.05875188461694,12,12,0.0
2025-10-22,ILI incidence,2025-11-09,4,ES,ISI,FluBcast,WIS,6.18130434782609,-0.46333459013081457,12,8,0.7928405940852501
2025-10-22,ILI incidence,2025-11-09,4,ES,ItaLuxColab,EpiEKF,WIS,7.72267791078207,-0.784524491854905,12,9,0.6950557916234192
2025-10-22,ILI incidence,2025-11-09,4,ES,ItaLuxColab,EpiNetEKF,WIS,3.5480977251438,0.3375309641009591,12,2,0.9598913309269883
2025-10-22,ILI incidence,2025-11-09,4,ES,QMUL,ARIMA,WIS,2.91586817005908,0.6206512152466952,12,1,1.0
2025-10-22,ILI incidence,2025-11-09,4,ES,QMUL,SEIR,WIS,16.487363809391,-1.8787121269250486,12,11,0.13902375640942038
2025-10-22,ILI incidence,2025-11-09,4,ES,QMUL,SEIR_agumented,WIS,3.54815560936838,0.3375074279390402,12,3,0.9598876587493914
2025-10-22,ILI incidence,2025-11-09,4,ES,RIVM,KFdlm,WIS,9.41646238543985,-1.0706084537407405,12,10,0.5876020346317039
2025-10-22,ILI incidence,2025-11-09,4,ES,respicast,hubEnsemble,WIS,4.27668721090039,0.06808301540155293,12,4,0.9136695838744149
2025-10-22,ILI incidence,2025-11-09,4,ES,respicast,quantileBaseline,WIS,4.48334869565217,0.0,12,5,0.9005589707507756
2025-10-22,ILI incidence,2025-11-09,4,ES,safinea,PRFM,WIS,6.05944751237049,-0.4346095474159688,12,7,0.8005711967568037
2025-10-22,ILI incidence,2025-11-09,4,FI,ECDC,SARIMA,WIS,4.14443691311332,-0.45739583759556746,13,10,0.4047029552576244
2025-10-22,ILI incidence,2025-11-09,4,FI,ECDC,soca_simplex,WIS,6.40065841409442,-1.0844400532621974,13,13,0.0
2025-10-22,ILI incidence,2025-11-09,4,FI,ISI,FluBcast,WIS,0.825652173913044,1.870174220328175,13,1,1.0
2025-10-22,ILI incidence,2025-11-09,4,FI,ItaLuxColab,EpiEKF,WIS,3.70092259175187,-0.29410469599527744,13,9,0.48425700457237825
2025-10-22,ILI incidence,2025-11-09,4,FI,ItaLuxColab,EpiNetEKF,WIS,2.07969260078099,0.5374099651751665,13,5,0.7750602648962869
2025-10-22,ILI incidence,2025-11-09,4,FI,MRC_GIDA,Prophet,WIS,6.07033166020194,-1.0079950774457398,13,12,0.059251369354832065
2025-10-22,ILI incidence,2025-11-09,4,FI,QMUL,ARIMA,WIS,2.44603096563976,0.30333759680183703,13,6,0.7093494209839666
2025-10-22,ILI incidence,2025-11-09,4,FI,QMUL,SEIR,WIS,1.61616523358864,0.9012055606820546,13,2,0.8582040941984888
2025-10-22,ILI incidence,2025-11-09,4,FI,QMUL,SEIR_agumented,WIS,1.79523848948575,0.7496047522168543,13,3,0.826083366762086
2025-10-22,ILI incidence,2025-11-09,4,FI,RIVM,KFdlm,WIS,3.11783000847759,-0.04676200636219646,13,8,0.5888474853994113
2025-10-22,ILI incidence,2025-11-09,4,FI,respicast,hubEnsemble,WIS,2.05136344805776,0.5571971422783368,13,4,0.7801417215804158
2025-10-22,ILI incidence,2025-11-09,4,FI,respicast,quantileBaseline,WIS,3.01839217391304,0.0,13,7,0.6066838483164356
2025-10-22,ILI incidence,2025-11-09,4,FI,safinea,PRFM,WIS,5.56423273234022,-0.8824024993699321,13,11,0.1500313444899369
2025-10-22,ILI incidence,2025-11-09,4,FR,ECDC,soca_simplex,WIS,53.1352329208614,-0.6827143734795021,9,2,0.9298762496601448
2025-10-22,ILI incidence,2025-11-09,4,FR,ISI,FluBcast,WIS,127.033043478261,-1.9401774831149927,9,8,0.6711958082087465
2025-10-22,ILI incidence,2025-11-09,4,FR,ItaLuxColab,EpiEKF,WIS,80.422686137583,-1.2806480959488695,9,6,0.8343560929607374
2025-10-22,ILI incidence,2025-11-09,4,FR,ItaLuxColab,EpiNetEKF,WIS,59.8076439819653,-0.8533754588997511,9,3,0.9065193703992783
2025-10-22,ILI incidence,2025-11-09,4,FR,NotreDame,Rt_cocirc,WIS,67.7332695652174,-1.0329102106733938,9,4,0.8787755941061816
2025-10-22,ILI incidence,2025-11-09,4,FR,RIVM,KFdlm,WIS,318.775025993973,-3.267512275251225,9,9,0.0
2025-10-22,ILI incidence,2025-11-09,4,FR,respicast,hubEnsemble,WIS,79.319383976231,-1.260719045740361,9,5,0.8382182194297095
2025-10-22,ILI incidence,2025-11-09,4,FR,respicast,quantileBaseline,WIS,33.1028269565217,0.0,9,1,1.0
2025-10-22,ILI incidence,2025-11-09,4,FR,safinea,PRFM,WIS,109.888691247136,-1.7310165922887228,9,7,0.7312098812928319
2025-10-22,ILI incidence,2025-11-09,4,GR,ECDC,SARIMA,WIS,93.5832241755393,-0.12446343704479865,17,12,0.8336479303587077
2025-10-22,ILI incidence,2025-11-09,4,GR,ECDC,soca_simplex,WIS,31.2740745772803,1.4568193023307636,17,3,0.9503013457591811
2025-10-22,ILI incidence,2025-11-09,4,GR,ISI,FluBcast,WIS,177.65347826087,-1.0492075332715898,17,14,0.6762539948633423
2025-10-22,ILI incidence,2025-11-09,4,GR,ItaLuxColab,EpiEKF,WIS,196.694084274688,-1.196095166044408,17,16,0.6406067145340865
2025-10-22,ILI incidence,2025-11-09,4,GR,ItaLuxColab,EpiNetEKF,WIS,102.468395443339,-0.2553206026110599,17,13,0.817013365748377
2025-10-22,ILI incidence,2025-11-09,4,GR,MRC_GIDA,NBEATS,WIS,20.0453294355909,2.0985203692528853,17,2,0.9713234826345035
2025-10-22,ILI incidence,2025-11-09,4,GR,MRC_GIDA,NHiTS,WIS,64.5588211987544,0.4111722607511299,17,9,0.8879865910374634
2025-10-22,ILI incidence,2025-11-09,4,GR,MRC_GIDA,Prophet,WIS,62.1005498868011,0.46718045370129013,17,8,0.8925888965795754
2025-10-22,ILI incidence,2025-11-09,4,GR,MRC_GIDA,TiDE,WIS,37.3639922094895,1.2001378868430819,17,4,0.9388999754004913
2025-10-22,ILI incidence,2025-11-09,4,GR,NotreDame,Rt_cocirc,WIS,4.72808043478261,4.182460012781137,17,1,1.0
2025-10-22,ILI incidence,2025-11-09,4,GR,QMUL,ARIMA,WIS,74.2976198280584,0.20847050311049803,17,10,0.8697538895910373
2025-10-22,ILI incidence,2025-11-09,4,GR,QMUL,SEIR,WIS,538.867174299719,-2.650071303946884,17,17,0.0
2025-10-22,ILI incidence,2025-11-09,4,GR,QMUL,SEIR_agumented,WIS,194.066315092181,-1.176691323060574,17,15,0.6455263491623872
2025-10-22,ILI incidence,2025-11-09,4,GR,RIVM,KFdlm,WIS,58.6199148636042,0.5503956242163036,17,6,0.8991052423463899
2025-10-22,ILI incidence,2025-11-09,4,GR,respicast,hubEnsemble,WIS,59.3169421998595,0.5333422684592082,17,7,0.8978002876178158
2025-10-22,ILI incidence,2025-11-09,4,GR,respicast,quantileBaseline,WIS,85.8481173913044,0.0,17,11,0.8481293769951351
2025-10-22,ILI incidence,2025-11-09,4,GR,safinea,PRFM,WIS,40.9975183068594,1.0662499148990496,17,5,0.9320973913187339
2025-10-22,ILI incidence,2025-11-09,4,HR,ECDC,soca_simplex,WIS,7.06902026416284,-0.6356626879890017,9,7,0.7987045246583788
2025-10-22,ILI incidence,2025-11-09,4,HR,ISI,FluBcast,WIS,4.23,0.10518992622111623,9,2,0.9583271245540228
2025-10-22,ILI incidence,2025-11-09,4,HR,ItaLuxColab,EpiEKF,WIS,4.42290417280558,0.04085360460217521,9,4,0.9474811767520176
2025-10-22,ILI incidence,2025-11-09,4,HR,ItaLuxColab,EpiNetEKF,WIS,3.48881336393211,0.38311116776679893,9,1,1.0
2025-10-22,ILI incidence,2025-11-09,4,HR,NotreDame,Rt_cocirc,WIS,8.43891304347826,-0.8912095980189423,9,8,0.7216829373971564
2025-10-22,ILI incidence,2025-11-09,4,HR,RIVM,KFdlm,WIS,4.67719595437009,-0.039796283166539846,9,6,0.9331837390697996
2025-10-22,ILI incidence,2025-11-09,4,HR,respicast,hubEnsemble,WIS,4.24113363035545,0.10139764923659361,9,3,0.9577011413421215
2025-10-22,ILI incidence,2025-11-09,4,HR,respicast,quantileBaseline,WIS,4.5499402173913,0.0,9,5,0.9403386339624504
2025-10-22,ILI incidence,2025-11-09,4,HR,safinea,PRFM,WIS,21.2746423506727,-2.225215384200629,9,9,0.0
2025-10-22,ILI incidence,2025-11-09,4,HU,ECDC,SARIMA,WIS,60.7722821243741,-0.2605276080730513,12,5,0.8709696385663002
2025-10-22,ILI incidence,2025-11-09,4,HU,ECDC,soca_simplex,WIS,148.987273400797,-1.5542313338004878,12,9,0.49630396516189984
2025-10-22,ILI incidence,2025-11-09,4,HU,ISI,FluBcast,WIS,200.920434782609,-1.985666535941397,12,10,0.2757340529554199
2025-10-22,ILI incidence,2025-11-09,4,HU,ItaLuxColab,EpiEKF,WIS,92.9758927751394,-0.8739708349838206,12,7,0.7341948421746708
2025-10-22,ILI incidence,2025-11-09,4,HU,ItaLuxColab,EpiNetEKF,WIS,60.4590178144984,-0.2530716808911925,12,4,0.8723001310587312
2025-10-22,ILI incidence,2025-11-09,4,HU,NotreDame,Rt_cocirc,WIS,30.392097826087,0.7391896001276826,12,1,1.0
2025-10-22,ILI incidence,2025-11-09,4,HU,QMUL,ARIMA,WIS,110.831866658814,-1.1274149822510526,12,8,0.6583571599098157
2025-10-22,ILI incidence,2025-11-09,4,HU,QMUL,SEIR,WIS,265.841986989557,-2.389611215245009,12,12,0.0
2025-10-22,ILI incidence,2025-11-09,4,HU,QMUL,SEIR_agumented,WIS,203.878855079481,-2.006754390539773,12,11,0.26316908506614634
2025-10-22,ILI incidence,2025-11-09,4,HU,respicast,hubEnsemble,WIS,92.4537122151464,-0.8658453870997713,12,6,0.7364126413074216
2025-10-22,ILI incidence,2025-11-09,4,HU,respicast,quantileBaseline,WIS,50.731642173913,0.0,12,2,0.9136141264704334
2025-10-22,ILI incidence,2025-11-09,4,HU,safinea,PRFM,WIS,57.2096593651081,-0.1733728933771097,12,3,0.8861007680474973
2025-10-22,ILI incidence,2025-11-09,4,IE,ECDC,soca_simplex,WIS,6.92937566654017,-0.9162251667461182,9,8,0.18311606375580075
2025-10-22,ILI incidence,2025-11-09,4,IE,ISI,FluBcast,WIS,2.39173913043478,0.6184401635195949,9,2,0.9755782293673289
2025-10-22,ILI incidence,2025-11-09,4,IE,ItaLuxColab,EpiEKF,WIS,3.57569935047579,0.03827476741711593,9,4,0.7688089845179197
2025-10-22,ILI incidence,2025-11-09,4,IE,ItaLuxColab,EpiNetEKF,WIS,2.25190012800912,0.7053573601623799,9,1,1.0
2025-10-22,ILI incidence,2025-11-09,4,IE,NotreDame,Rt_cocirc,WIS,7.97789782608696,-1.1195084414383996,9,9,0.0
2025-10-22,ILI incidence,2025-11-09,4,IE,RIVM,KFdlm,WIS,4.47183470701828,-0.28436665731745947,9,6,0.6123060650627977
2025-10-22,ILI incidence,2025-11-09,4,IE,respicast,hubEnsemble,WIS,3.03813834468077,0.273312639429802,9,3,0.8626897427961624
2025-10-22,ILI incidence,2025-11-09,4,IE,respicast,quantileBaseline,WIS,3.67183239130435,0.0,9,5,0.7520201127967817
2025-10-22,ILI incidence,2025-11-09,4,IE,safinea,PRFM,WIS,5.40215578786983,-0.5570350396870507,9,7,0.4498328804920373
2025-10-22,ILI incidence,2025-11-09,4,IS,ECDC,SARIMA,WIS,2.13739146384375,0.8683947660173348,10,1,1.0
2025-10-22,ILI incidence,2025-11-09,4,IS,ECDC,soca_simplex,WIS,3.94638781968413,-0.01628681143577745,10,8,0.44275853218639266
2025-10-22,ILI incidence,2025-11-09,4,IS,ItaLuxColab,EpiEKF,WIS,2.97456099210419,0.3915691677771537,10,5,0.7421191174705519
2025-10-22,ILI incidence,2025-11-09,4,IS,ItaLuxColab,EpiNetEKF,WIS,2.81091972002441,0.4732036773340797,10,4,0.792527014840948
2025-10-22,ILI incidence,2025-11-09,4,IS,MRC_GIDA,Prophet,WIS,4.93668172472397,-0.33929570714911045,10,9,0.1377093664267899
2025-10-22,ILI incidence,2025-11-09,4,IS,QMUL,ARIMA,WIS,5.38373341850509,-0.4643610468668029,10,10,0.0
2025-10-22,ILI incidence,2025-11-09,4,IS,RIVM,KFdlm,WIS,2.59403624766877,0.5890472890388982,10,2,0.8593355875004679
2025-10-22,ILI incidence,2025-11-09,4,IS,respicast,hubEnsemble,WIS,2.62504205830532,0.5719053904559815,10,3,0.8497845879232271
2025-10-22,ILI incidence,2025-11-09,4,IS,respicast,quantileBaseline,WIS,3.90208695652174,0.0,10,7,0.4564049267378906
2025-10-22,ILI incidence,2025-11-09,4,IS,safinea,PRFM,WIS,3.82949349120232,0.02709234182271678,10,6,0.47876654678077774
2025-10-22,ILI incidence,2025-11-09,4,LT,ECDC,SARIMA,WIS,8.04601123806804,-0.49816246019396104,17,15,0.6641471153801639
2025-10-22,ILI incidence,2025-11-09,4,LT,ECDC,soca_simplex,WIS,5.78065120746197,-0.021120732926198874,17,11,0.7797299318456482
2025-10-22,ILI incidence,2025-11-09,4,LT,ISI,FluBcast,WIS,1.46347826086957,1.9607099773215408,17,1,1.0
2025-10-22,ILI incidence,2025-11-09,4,LT,ItaLuxColab,EpiEKF,WIS,6.88242023230823,-0.2728046911699525,17,14,0.7235156589417111
2025-10-22,ILI incidence,2025-11-09,4,LT,ItaLuxColab,EpiNetEKF,WIS,3.21576458048884,0.8249494991739028,17,6,0.9105951436684669
2025-10-22,ILI incidence,2025-11-09,4,LT,MRC_GIDA,NBEATS,WIS,5.59731940203984,0.02537521766234319,17,8,0.7890838562250427
2025-10-22,ILI incidence,2025-11-09,4,LT,MRC_GIDA,NHiTS,WIS,2.4355007437223,1.225892869089431,17,4,0.9504056332247401
2025-10-22,ILI incidence,2025-11-09,4,LT,MRC_GIDA,Prophet,WIS,21.0629317080224,-1.8865230582916097,17,17,0.0
2025-10-22,ILI incidence,2025-11-09,4,LT,MRC_GIDA,TiDE,WIS,5.66646152374792,0.007663181236829267,17,9,0.785556098581468
2025-10-22,ILI incidence,2025-11-09,4,LT,NotreDame,Rt_cocirc,WIS,2.10810652173913,1.4341635252269482,17,2,0.9671098858645365
2025-10-22,ILI incidence,2025-11-09,4,LT,QMUL,ARIMA,WIS,6.00936811188456,-0.07710200597400606,17,12,0.768060376618545
2025-10-22,ILI incidence,2025-11-09,4,LT,QMUL,SEIR,WIS,2.27758535681001,1.3226061700596297,17,3,0.9584627653962104
2025-10-22,ILI incidence,2025-11-09,4,LT,QMUL,SEIR_agumented,WIS,6.23516527538614,-0.13031650922712884,17,13,0.7565397919190577
2025-10-22,ILI incidence,2025-11-09,4,LT,RIVM,KFdlm,WIS,4.13420133859816,0.4625026420525417,17,7,0.8637348186810506
2025-10-22,ILI incidence,2025-11-09,4,LT,respicast,hubEnsemble,WIS,3.08346960280441,0.8855566686862464,17,5,0.9173450756520881
2025-10-22,ILI incidence,2025-11-09,4,LT,respicast,quantileBaseline,WIS,5.6966402173913,0.0,17,10,0.7840163263768628
2025-10-22,ILI incidence,2025-11-09,4,LT,safinea,PRFM,WIS,13.4097253151232,-1.2350964874406183,17,16,0.390480602611445
2025-10-22,ILI incidence,2025-11-09,4,LU,ECDC,SARIMA,WIS,1122.38429178234,0.1723227121516997,16,9,0.9993700024438178
2025-10-22,ILI incidence,2025-11-09,4,LU,ECDC,soca_simplex,WIS,1401.46152776397,-0.14804270548717366,16,11,0.9991483098713576
2025-10-22,ILI incidence,2025-11-09,4,LU,ItaLuxColab,EpiEKF,WIS,2839.89882585239,-1.1669500979680683,16,13,0.9980056481855549
2025-10-22,ILI incidence,2025-11-09,4,LU,ItaLuxColab,EpiNetEKF,WIS,4469.60041701854,-1.8212564247410226,16,15,0.9967110505204415
2025-10-22,ILI incidence,2025-11-09,4,LU,MRC_GIDA,NBEATS,WIS,611.892760713916,1.0475386993668416,16,2,0.9997755252387661
2025-10-22,ILI incidence,2025-11-09,4,LU,MRC_GIDA,NHiTS,WIS,874.602149928266,0.5321906353304102,16,5,0.9995668349093685
2025-10-22,ILI incidence,2025-11-09,4,LU,MRC_GIDA,Prophet,WIS,1120.1100596038,0.17524893991109916,16,8,0.9993718090418381
2025-10-22,ILI incidence,2025-11-09,4,LU,MRC_GIDA,TiDE,WIS,815.683855589043,0.632807432310327,16,3,0.9996136382546541
2025-10-22,ILI incidence,2025-11-09,4,LU,NotreDame,Rt_cocirc,WIS,862.403273913043,0.5524548751996172,16,4,0.9995765254174295
2025-10-22,ILI incidence,2025-11-09,4,LU,QMUL,ARIMA,WIS,1064.32988199004,0.248944061356624,16,6,0.9994161195389805
2025-10-22,ILI incidence,2025-11-09,4,LU,QMUL,SEIR,WIS,3366.06299597309,-1.4121727417342687,16,14,0.9975876754046502
2025-10-22,ILI incidence,2025-11-09,4,LU,QMUL,SEIR_agumented,WIS,1730.75071103208,-0.45250850557838873,16,12,0.9988867300765554
2025-10-22,ILI incidence,2025-11-09,4,LU,RIVM,KFdlm,WIS,1259177.24336946,-9.959376222309391,16,16,0.0
2025-10-22,ILI incidence,2025-11-09,4,LU,respicast,hubEnsemble,WIS,1095.1179720831,0.2078031420890508,16,7,0.9993916621844784
2025-10-22,ILI incidence,2025-11-09,4,LU,respicast,quantileBaseline,WIS,1264.78260869565,0.0,16,10,0.9992568844781784
2025-10-22,ILI incidence,2025-11-09,4,LU,safinea,PRFM,WIS,329.313172152873,1.9413573109054332,16,1,1.0
2025-10-22,ILI incidence,2025-11-09,4,LV,ECDC,SARIMA,WIS,20.0876658069684,-0.3951343491330944,11,10,0.8323164029158316
2025-10-22,ILI incidence,2025-11-09,4,LV,ECDC,soca_simplex,WIS,19.0828818531224,-0.3211034772343775,11,9,0.8468061534298631
2025-10-22,ILI incidence,2025-11-09,4,LV,ItaLuxColab,EpiEKF,WIS,13.4120321869525,0.1876477325541209,11,5,0.9285841282381408
2025-10-22,ILI incidence,2025-11-09,4,LV,ItaLuxColab,EpiNetEKF,WIS,9.1239450543231,0.7434459193867182,11,2,0.9904216132978904
2025-10-22,ILI incidence,2025-11-09,4,LV,NotreDame,Rt_cocirc,WIS,12.5382956521739,0.284834329123622,11,3,0.9411840750779334
2025-10-22,ILI incidence,2025-11-09,4,LV,QMUL,ARIMA,WIS,13.1857279877481,0.212198358063639,11,4,0.9318476072917206
2025-10-22,ILI incidence,2025-11-09,4,LV,QMUL,SEIR,WIS,17.2140470258175,-0.1724107320769483,11,8,0.8737561761645326
2025-10-22,ILI incidence,2025-11-09,4,LV,QMUL,SEIR_agumented,WIS,15.4961371832938,-0.020733047852656034,11,7,0.8985297455756366
2025-10-22,ILI incidence,2025-11-09,4,LV,respicast,hubEnsemble,WIS,8.45973698167949,0.8524908681667218,11,1,1.0
2025-10-22,ILI incidence,2025-11-09,4,LV,respicast,quantileBaseline,WIS,15.2750339130435,0.0,11,6,0.9017182232692745
2025-10-22,ILI incidence,2025-11-09,4,LV,safinea,PRFM,WIS,77.8041989772813,-2.348672434361567,11,11,0.0
2025-10-22,ILI incidence,2025-11-09,4,MT,ECDC,SARIMA,WIS,5980.82565937664,-0.10123784972095198,11,8,0.4217567953986197
2025-10-22,ILI incidence,2025-11-09,4,MT,ECDC,soca_simplex,WIS,6955.11902474476,-0.3189683901468572,11,10,0.3219247203650833
2025-10-22,ILI incidence,2025-11-09,4,MT,ItaLuxColab,EpiEKF,WIS,1549.4305489418,1.8473687244589354,11,3,0.8758247228765265
2025-10-22,ILI incidence,2025-11-09,4,MT,ItaLuxColab,EpiNetEKF,WIS,940.409051717897,2.5677464835031376,11,2,0.9382288015340068
2025-10-22,ILI incidence,2025-11-09,4,MT,MRC_GIDA,Prophet,WIS,337.564036064988,4.045873700841578,11,1,1.0
2025-10-22,ILI incidence,2025-11-09,4,MT,NotreDame,Rt_cocirc,WIS,6944.32093695652,-0.3167268105033455,11,9,0.3230311586809051
2025-10-22,ILI incidence,2025-11-09,4,MT,QMUL,ARIMA,WIS,5659.75698034596,-0.021633293646192667,11,7,0.4546554618529464
2025-10-22,ILI incidence,2025-11-09,4,MT,RIVM,KFdlm,WIS,10096.8860279281,-0.8567317020619373,11,11,0.0
2025-10-22,ILI incidence,2025-11-09,4,MT,respicast,hubEnsemble,WIS,5302.68186057244,0.07238461882629722,11,5,0.49124356910785955
2025-10-22,ILI incidence,2025-11-09,4,MT,respicast,quantileBaseline,WIS,5575.52173913043,0.0,11,6,0.4632867214102969
2025-10-22,ILI incidence,2025-11-09,4,MT,safinea,PRFM,WIS,4091.2733529997,0.4465568818431937,11,4,0.6153719161982372
2025-10-22,ILI incidence,2025-11-09,4,NL,ECDC,SARIMA,WIS,6.06279851888591,0.26351507866988566,17,10,0.6781470454891101
2025-10-22,ILI incidence,2025-11-09,4,NL,ECDC,soca_simplex,WIS,13.8451493252496,-0.9278097509541662,17,16,0.08767663370412075
2025-10-22,ILI incidence,2025-11-09,4,NL,ISI,FluBcast,WIS,4.7695652173913,0.609641198282894,17,5,0.7762685538954349
2025-10-22,ILI incidence,2025-11-09,4,NL,ItaLuxColab,EpiEKF,WIS,7.7347743019368,-0.0878602371999419,17,13,0.551289203472363
2025-10-22,ILI incidence,2025-11-09,4,NL,ItaLuxColab,EpiNetEKF,WIS,6.34743919416211,0.19732428822355086,17,11,0.656550499545221
2025-10-22,ILI incidence,2025-11-09,4,NL,MRC_GIDA,NBEATS,WIS,13.216148256732,-0.860730913038979,17,15,0.1354008405899224
2025-10-22,ILI incidence,2025-11-09,4,NL,MRC_GIDA,NHiTS,WIS,11.5423232196152,-0.6653627736145824,17,14,0.2623989910863257
2025-10-22,ILI incidence,2025-11-09,4,NL,MRC_GIDA,Prophet,WIS,3.11059788478671,1.2263070518182775,17,2,0.9021394055691829
2025-10-22,ILI incidence,2025-11-09,4,NL,MRC_GIDA,TiDE,WIS,15.0007200488424,-1.04346089026426,17,17,0.0
2025-10-22,ILI incidence,2025-11-09,4,NL,NotreDame,Rt_cocirc,WIS,3.62001739130435,1.0075023294143703,17,3,0.8634882122126958
2025-10-22,ILI incidence,2025-11-09,4,NL,QMUL,ARIMA,WIS,5.54650651969816,0.39191958512764513,17,6,0.7173196755782605
2025-10-22,ILI incidence,2025-11-09,4,NL,QMUL,SEIR,WIS,1.82080340773979,1.9989237948941256,17,1,1.0
2025-10-22,ILI incidence,2025-11-09,4,NL,QMUL,SEIR_agumented,WIS,5.80613810197179,0.3259200701277526,17,9,0.6976206448982067
2025-10-22,ILI incidence,2025-11-09,4,NL,RIVM,KFdlm,WIS,4.23850458770842,0.7799436090945671,17,4,0.8165617244930945
2025-10-22,ILI incidence,2025-11-09,4,NL,respicast,hubEnsemble,WIS,5.70529809475703,0.3511966902299551,17,8,0.7052716801786791
2025-10-22,ILI incidence,2025-11-09,4,NL,respicast,quantileBaseline,WIS,7.27778260869565,0.0,17,12,0.5859625406174543
2025-10-22,ILI incidence,2025-11-09,4,NL,safinea,PRFM,WIS,5.59230427984303,0.3800560971932874,17,7,0.7138448614810265
2025-10-22,ILI incidence,2025-11-09,4,NO,ECDC,SARIMA,WIS,7.09822850039328,0.2854695211506401,12,8,0.5996000087339779
2025-10-22,ILI incidence,2025-11-09,4,NO,ECDC,soca_simplex,WIS,14.8677115832019,-0.7811821634568684,12,12,0.0
2025-10-22,ILI incidence,2025-11-09,4,NO,ISI,FluBcast,WIS,3.20130434782609,1.434268698020435,12,2,0.9003401906754349
2025-10-22,ILI incidence,2025-11-09,4,NO,ItaLuxColab,EpiEKF,WIS,8.0631825207357,0.10157915858392448,12,10,0.5251309053382284
2025-10-22,ILI incidence,2025-11-09,4,NO,ItaLuxColab,EpiNetEKF,WIS,6.42452078623109,0.42933969263252625,12,6,0.6515925476185301
2025-10-22,ILI incidence,2025-11-09,4,NO,MRC_GIDA,Prophet,WIS,5.56593249607636,0.6363051266674211,12,4,0.7178530106105631
2025-10-22,ILI incidence,2025-11-09,4,NO,NotreDame,Rt_cocirc,WIS,1.9099347826087,2.179405162096811,12,1,1.0
2025-10-22,ILI incidence,2025-11-09,4,NO,QMUL,ARIMA,WIS,4.11550323839141,1.0718596860518204,12,3,0.8297880500857415
2025-10-22,ILI incidence,2025-11-09,4,NO,RIVM,KFdlm,WIS,7.71993019316948,0.16434073625959214,12,9,0.5516209686298346
2025-10-22,ILI incidence,2025-11-09,4,NO,respicast,hubEnsemble,WIS,5.63626192434155,0.6181898812616022,12,5,0.712425426130024
2025-10-22,ILI incidence,2025-11-09,4,NO,respicast,quantileBaseline,WIS,8.65136956521739,0.0,12,11,0.47973831573483566
2025-10-22,ILI incidence,2025-11-09,4,NO,safinea,PRFM,WIS,6.61353278076597,0.38750740977829345,12,7,0.6370057865218096
2025-10-22,ILI incidence,2025-11-09,4,PL,ECDC,SARIMA,WIS,37.1485711197717,0.6257164979397235,17,4,0.9651352237770272
2025-10-22,ILI incidence,2025-11-09,4,PL,ECDC,soca_simplex,WIS,82.7557483120508,-0.5298363086600756,17,11,0.8854367272080735
2025-10-22,ILI incidence,2025-11-09,4,PL,ISI,FluBcast,WIS,121.257391304348,-1.0809775670158939,17,13,0.8181551445531366
2025-10-22,ILI incidence,2025-11-09,4,PL,ItaLuxColab,EpiEKF,WIS,38.9945562943416,0.5557504826654438,17,5,0.9619093665291312
2025-10-22,ILI incidence,2025-11-09,4,PL,ItaLuxColab,EpiNetEKF,WIS,27.3817896271016,1.0658064762760404,17,3,0.9822026646756731
2025-10-22,ILI incidence,2025-11-09,4,PL,MRC_GIDA,NBEATS,WIS,17.1973286820356,1.7368387343059113,17,1,1.0
2025-10-22,ILI incidence,2025-11-09,4,PL,MRC_GIDA,NHiTS,WIS,26.8646591035573,1.0933136868176556,17,2,0.9831063497488062
2025-10-22,ILI incidence,2025-11-09,4,PL,MRC_GIDA,Prophet,WIS,52.3196937077032,0.13166912307165082,17,6,0.9386237022148876
2025-10-22,ILI incidence,2025-11-09,4,PL,MRC_GIDA,TiDE,WIS,52.3335894180612,0.13128600518099026,17,7,0.9385994194749226
2025-10-22,ILI incidence,2025-11-09,4,PL,NotreDame,Rt_cocirc,WIS,303.131580434783,-2.4028490376550735,17,16,0.5003301807917943
2025-10-22,ILI incidence,2025-11-09,4,PL,QMUL,ARIMA,WIS,66.2187691691676,-0.20821697707730424,17,10,0.9143350817351119
2025-10-22,ILI incidence,2025-11-09,4,PL,QMUL,SEIR,WIS,268.28786026518,-2.2266866525337705,17,15,0.5612195469693795
2025-10-22,ILI incidence,2025-11-09,4,PL,QMUL,SEIR_agumented,WIS,149.629360430678,-1.3842981669882228,17,14,0.7685751568565493
2025-10-22,ILI incidence,2025-11-09,4,PL,RIVM,KFdlm,WIS,589.443721721841,-3.36225895252893,17,17,0.0
2025-10-22,ILI incidence,2025-11-09,4,PL,respicast,hubEnsemble,WIS,59.5858096586353,-0.055945576191005444,17,9,0.9259261718515521
2025-10-22,ILI incidence,2025-11-09,4,PL,respicast,quantileBaseline,WIS,57.3193884782609,0.0,17,8,0.9298867405994565
2025-10-22,ILI incidence,2025-11-09,4,PL,safinea,PRFM,WIS,84.8907739506728,-0.5665845501189753,17,12,0.8817057720380801
2025-10-22,ILI incidence,2025-11-09,4,RO,ItaLuxColab,EpiEKF,WIS,1.12795676589651,0.1555750906513683,7,3,0.949188728455952
2025-10-22,ILI incidence,2025-11-09,4,RO,ItaLuxColab,EpiNetEKF,WIS,0.505544158112429,1.3133778427415896,7,1,1.0
2025-10-22,ILI incidence,2025-11-09,4,RO,NotreDame,Rt_cocirc,WIS,1.23673913043478,0.022745641696983378,7,4,0.9403081720619609
2025-10-22,ILI incidence,2025-11-09,4,RO,RIVM,KFdlm,WIS,2.31707883742457,-0.8830202704400972,7,6,0.8521135668673336
2025-10-22,ILI incidence,2025-11-09,4,RO,respicast,hubEnsemble,WIS,1.07000764946639,0.23166575109453597,7,2,0.9539194621426481
2025-10-22,ILI incidence,2025-11-09,4,RO,respicast,quantileBaseline,WIS,1.25639217391304,0.0,7,5,0.9387037763341879
2025-10-22,ILI incidence,2025-11-09,4,RO,safinea,PRFM,WIS,12.7550429183337,-3.3437089866748804,7,7,0.0
2025-10-22,ILI incidence,2025-11-09,4,SI,ECDC,SARIMA,WIS,5.74066044447894,-0.7499714954168839,16,13,0.5958602193694561
2025-10-22,ILI incidence,2025-11-09,4,SI,ECDC,soca_simplex,WIS,0.967218309625432,1.81933176799827,16,4,0.9515884345402452
2025-10-22,ILI incidence,2025-11-09,4,SI,ItaLuxColab,EpiEKF,WIS,3.62489693628658,-0.08669474830281,16,12,0.7535319277991747
2025-10-22,ILI incidence,2025-11-09,4,SI,ItaLuxColab,EpiNetEKF,WIS,3.20251748416821,0.0920387814534645,16,10,0.7850086450992148
2025-10-22,ILI incidence,2025-11-09,4,SI,MRC_GIDA,NBEATS,WIS,1.66858996286716,1.0326157562002822,16,8,0.8993205575385849
2025-10-22,ILI incidence,2025-11-09,4,SI,MRC_GIDA,NHiTS,WIS,0.317593690254534,3.425991073097476,16,1,1.0
2025-10-22,ILI incidence,2025-11-09,4,SI,MRC_GIDA,Prophet,WIS,10.5081672495056,-1.622193934350364,16,15,0.24057431903691315
2025-10-22,ILI incidence,2025-11-09,4,SI,MRC_GIDA,TiDE,WIS,2.07606469041272,0.7173938295079273,16,9,0.8689545756198718
2025-10-22,ILI incidence,2025-11-09,4,SI,NotreDame,Rt_cocirc,WIS,0.944247826086956,1.8540077661372705,16,3,0.9533002493857817
2025-10-22,ILI incidence,2025-11-09,4,SI,QMUL,ARIMA,WIS,7.01938008794102,-1.0400983970203361,16,14,0.5005670025204887
2025-10-22,ILI incidence,2025-11-09,4,SI,QMUL,SEIR,WIS,1.60064172956629,1.092594801803577,16,7,0.9043842208392544
2025-10-22,ILI incidence,2025-11-09,4,SI,QMUL,SEIR_agumented,WIS,13.7363834608712,-2.0086850853095726,16,16,0.0
2025-10-22,ILI incidence,2025-11-09,4,SI,RIVM,KFdlm,WIS,1.16975426276153,1.545039742339449,16,5,0.9364949755474234
2025-10-22,ILI incidence,2025-11-09,4,SI,respicast,hubEnsemble,WIS,1.19706314339257,1.511745974028961,16,6,0.9344598530737978
2025-10-22,ILI incidence,2025-11-09,4,SI,respicast,quantileBaseline,WIS,3.41348456521739,0.0,16,11,0.7692868784827395
2025-10-22,ILI incidence,2025-11-09,4,SI,safinea,PRFM,WIS,0.638421343634912,2.4186644389389302,16,2,0.9760911632967901
2025-10-29,ILI incidence,2025-10-26,1,AT,ECDC,SARIMA,WIS,506.634808794402,-0.007940203497727193,13,7,0.5847183983570476
2025-10-29,ILI incidence,2025-10-26,1,AT,ECDC,soca_simplex,WIS,279.770587073349,0.8487617019816207,13,1,1.0
2025-10-29,ILI incidence,2025-10-26,1,AT,ISI,FluBcast,WIS,398.912173913044,0.33693484665833295,13,4,0.7819078361950453
2025-10-29,ILI incidence,2025-10-26,1,AT,ItaLuxColab,EpiEKF,WIS,534.239440083442,-0.08448048787747224,13,10,0.5341873123730656
2025-10-29,ILI incidence,2025-10-26,1,AT,ItaLuxColab,EpiNetEKF,WIS,567.08415652015,-0.17055685153030287,13,11,0.4740640970689093
2025-10-29,ILI incidence,2025-10-26,1,AT,NotreDame,Rt_cocirc,WIS,692.292247826087,-0.4583751945832116,13,12,0.24486701917920858
2025-10-29,ILI incidence,2025-10-26,1,AT,QMUL,ARIMA,WIS,519.391810632901,-0.04381726829778105,13,8,0.5613663328992871
2025-10-29,ILI incidence,2025-10-26,1,AT,QMUL,SEIR,WIS,379.424258775888,0.4091940771090196,13,2,0.8175810355626875
2025-10-29,ILI incidence,2025-10-26,1,AT,QMUL,SEIR_agumented,WIS,525.603001622109,-0.060967516048123255,13,9,0.549996565897066
2025-10-29,ILI incidence,2025-10-26,1,AT,RIVM,KFdlm,WIS,398.133947807518,0.3397521072140758,13,3,0.7833324018717812
2025-10-29,ILI incidence,2025-10-26,1,AT,respicast,hubEnsemble,WIS,481.63364125803,0.06506983328763763,13,5,0.6304837676986023
2025-10-29,ILI incidence,2025-10-26,1,AT,respicast,quantileBaseline,WIS,503.854086956522,0.0,13,6,0.5898085911155083
2025-10-29,ILI incidence,2025-10-26,1,AT,safinea,PRFM,WIS,826.060672700847,-0.713241750343191,13,13,0.0
2025-10-29,ILI incidence,2025-10-26,1,BE,ECDC,SARIMA,WIS,27.4666843210238,-0.24362825658247825,17,9,0.7745530995264445
2025-10-29,ILI incidence,2025-10-26,1,BE,ECDC,soca_simplex,WIS,16.9898692741645,0.449379755426777,17,2,0.8740488236627931
2025-10-29,ILI incidence,2025-10-26,1,BE,ISI,FluBcast,WIS,28.8030434782609,-0.3121667549225357,17,12,0.761862026766178
2025-10-29,ILI incidence,2025-10-26,1,BE,ItaLuxColab,EpiEKF,WIS,21.1360360455273,0.13434967532448222,17,4,0.8346737021719853
2025-10-29,ILI incidence,2025-10-26,1,BE,ItaLuxColab,EpiNetEKF,WIS,27.7884323789459,-0.2604299430776103,17,10,0.7714975377102588
2025-10-29,ILI incidence,2025-10-26,1,BE,MRC_GIDA,NBEATS,WIS,3.72731763314177,2.6378448349475443,17,1,1.0
2025-10-29,ILI incidence,2025-10-26,1,BE,MRC_GIDA,NHiTS,WIS,21.7624228070067,0.09221532687025587,17,5,0.8287250618510418
2025-10-29,ILI incidence,2025-10-26,1,BE,MRC_GIDA,Prophet,WIS,27.1840951365003,-0.22870829925550681,17,8,0.777236779196412
2025-10-29,ILI incidence,2025-10-26,1,BE,MRC_GIDA,TiDE,WIS,20.5762557500255,0.17307402771556768,17,3,0.83998979734109
2025-10-29,ILI incidence,2025-10-26,1,BE,NotreDame,Rt_cocirc,WIS,73.2068891304348,-1.6579249122333524,17,16,0.3401696748594684
2025-10-29,ILI incidence,2025-10-26,1,BE,QMUL,ARIMA,WIS,51.375308125929,-1.1470206340494473,17,14,0.5474988060285654
2025-10-29,ILI incidence,2025-10-26,1,BE,QMUL,SEIR,WIS,109.026466293057,-2.2325519807864582,17,17,0.0
2025-10-29,ILI incidence,2025-10-26,1,BE,QMUL,SEIR_agumented,WIS,64.2400824401904,-1.4694192368819554,17,15,0.4253252226901969
2025-10-29,ILI incidence,2025-10-26,1,BE,RIVM,KFdlm,WIS,33.1309296018842,-0.51412417634026,17,13,0.7207611614818719
2025-10-29,ILI incidence,2025-10-26,1,BE,respicast,hubEnsemble,WIS,24.9776044318135,-0.10658060924973817,17,7,0.7981912762912851
2025-10-29,ILI incidence,2025-10-26,1,BE,respicast,quantileBaseline,WIS,23.1988695652174,0.0,17,6,0.8150834818716063
2025-10-29,ILI incidence,2025-10-26,1,BE,safinea,PRFM,WIS,28.6134670007065,-0.3026398075117716,17,11,0.7636623877374397
2025-10-29,ILI incidence,2025-10-26,1,CZ,ECDC,soca_simplex,WIS,0.718095390958301,1.6533124609486973,9,1,1.0
2025-10-29,ILI incidence,2025-10-26,1,CZ,ISI,FluBcast,WIS,2.5904347826087,-0.19763439364317928,9,7,0.509233654356538
2025-10-29,ILI incidence,2025-10-26,1,CZ,ItaLuxColab,EpiEKF,WIS,3.47837497576122,-0.6228535976568278,9,8,0.2764921088404254
2025-10-29,ILI incidence,2025-10-26,1,CZ,ItaLuxColab,EpiNetEKF,WIS,2.48093836912605,-0.13532602781783956,9,6,0.5379341960134534
2025-10-29,ILI incidence,2025-10-26,1,CZ,NotreDame,Rt_cocirc,WIS,1.34304347826087,0.7500538589787151,9,2,0.836192364274297
2025-10-29,ILI incidence,2025-10-26,1,CZ,RIVM,KFdlm,WIS,4.53322943238387,-1.0049793108887493,9,9,0.0
2025-10-29,ILI incidence,2025-10-26,1,CZ,respicast,hubEnsemble,WIS,2.17348412923404,0.05555030766928712,9,4,0.6185222530918164
2025-10-29,ILI incidence,2025-10-26,1,CZ,respicast,quantileBaseline,WIS,2.2588052173913,0.0,9,5,0.5961584023775756
2025-10-29,ILI incidence,2025-10-26,1,CZ,safinea,PRFM,WIS,1.3976293747149,0.6925780332048426,9,3,0.8218846372426057
2025-10-29,ILI incidence,2025-10-26,1,ES,ECDC,SARIMA,WIS,1.29273782195512,-0.714560241104891,12,5,0.8929878396895952
2025-10-29,ILI incidence,2025-10-26,1,ES,ECDC,soca_simplex,WIS,0.755863458500358,0.059671922859593475,12,1,1.0
2025-10-29,ILI incidence,2025-10-26,1,ES,ISI,FluBcast,WIS,1.45695652173913,-0.8870883522869235,12,8,0.8602550459049028
2025-10-29,ILI incidence,2025-10-26,1,ES,ItaLuxColab,EpiEKF,WIS,1.93893986735937,-1.2993985885292614,12,9,0.7641840047835576
2025-10-29,ILI incidence,2025-10-26,1,ES,ItaLuxColab,EpiNetEKF,WIS,1.1289254034933,-0.5190806865717534,12,3,0.9256396516935568
2025-10-29,ILI incidence,2025-10-26,1,ES,QMUL,ARIMA,WIS,1.39901699673995,-0.8285440169104109,12,7,0.8718038069551097
2025-10-29,ILI incidence,2025-10-26,1,ES,QMUL,SEIR,WIS,5.77281070914437,-2.87340444696698,12,12,0.0
2025-10-29,ILI incidence,2025-10-26,1,ES,QMUL,SEIR_agumented,WIS,2.75748351275664,-1.8074827867524828,12,10,0.6010282838833239
2025-10-29,ILI incidence,2025-10-26,1,ES,RIVM,KFdlm,WIS,2.88992629476646,-1.8751632253387993,12,11,0.5746292058398346
2025-10-29,ILI incidence,2025-10-26,1,ES,respicast,hubEnsemble,WIS,1.18736503952826,-0.5918940674159338,12,4,0.9139912063112662
2025-10-29,ILI incidence,2025-10-26,1,ES,respicast,quantileBaseline,WIS,0.787782608695652,0.0,12,2,0.9936377345424159
2025-10-29,ILI incidence,2025-10-26,1,ES,safinea,PRFM,WIS,1.38096794429842,-0.8098103583577669,12,6,0.8754014235015489
2025-10-29,ILI incidence,2025-10-26,1,FI,ECDC,soca_simplex,WIS,0.811608615709697,0.9410605638443944,8,2,0.7999437503807889
2025-10-29,ILI incidence,2025-10-26,1,FI,ISI,FluBcast,WIS,1.92608695652174,-0.30575618840911595,8,6,0.22239074114548396
2025-10-29,ILI incidence,2025-10-26,1,FI,ItaLuxColab,EpiEKF,WIS,2.35522447332204,-0.5959479185411319,8,8,0.0
2025-10-29,ILI incidence,2025-10-26,1,FI,ItaLuxColab,EpiNetEKF,WIS,1.97967863371179,-0.3453496037398811,8,7,0.1946180754079625
2025-10-29,ILI incidence,2025-10-26,1,FI,RIVM,KFdlm,WIS,1.867993839889,-0.26157304825705086,8,5,0.25249617531897334
2025-10-29,ILI incidence,2025-10-26,1,FI,respicast,hubEnsemble,WIS,1.57995453864328,-0.01996639792396683,8,4,0.40176598085982085
2025-10-29,ILI incidence,2025-10-26,1,FI,respicast,quantileBaseline,WIS,1.55823913043478,0.0,8,3,0.413019496426982
2025-10-29,ILI incidence,2025-10-26,1,FI,safinea,PRFM,WIS,0.425568973322757,1.8724517710342616,8,1,1.0
2025-10-29,ILI incidence,2025-10-26,1,FR,ECDC,SARIMA,WIS,25.481026805009,0.15120574384535818,13,3,0.941399826197254
2025-10-29,ILI incidence,2025-10-26,1,FR,ECDC,soca_simplex,WIS,29.3008483964938,-0.05031327934531685,13,5,0.8746742379928538
2025-10-29,ILI incidence,2025-10-26,1,FR,ISI,FluBcast,WIS,31.5813043478261,-0.1584415988885256,13,8,0.8348386694767533
2025-10-29,ILI incidence,2025-10-26,1,FR,ItaLuxColab,EpiEKF,WIS,30.1171577042437,-0.0899564639461049,13,6,0.8604147451312604
2025-10-29,ILI incidence,2025-10-26,1,FR,ItaLuxColab,EpiNetEKF,WIS,32.8413190241262,-0.21488291337052123,13,9,0.812828421508701
2025-10-29,ILI incidence,2025-10-26,1,FR,NotreDame,Rt_cocirc,WIS,22.8172804347826,0.31050230994770167,13,2,0.9879308065385645
2025-10-29,ILI incidence,2025-10-26,1,FR,QMUL,ARIMA,WIS,36.9123176416968,-0.38347316534504944,13,11,0.7417152108963936
2025-10-29,ILI incidence,2025-10-26,1,FR,QMUL,SEIR,WIS,79.3730864945057,-1.4880207484081638,13,13,0.0
2025-10-29,ILI incidence,2025-10-26,1,FR,QMUL,SEIR_agumented,WIS,34.4849564994232,-0.2853379882398568,13,10,0.7841169556176052
2025-10-29,ILI incidence,2025-10-26,1,FR,RIVM,KFdlm,WIS,50.2807192173876,-0.8293761276020786,13,12,0.5081926661578934
2025-10-29,ILI incidence,2025-10-26,1,FR,respicast,hubEnsemble,WIS,31.2718963956935,-0.1442375514047781,13,7,0.8402434841013918
2025-10-29,ILI incidence,2025-10-26,1,FR,respicast,quantileBaseline,WIS,28.2966086956522,0.0,13,4,0.8922165454362808
2025-10-29,ILI incidence,2025-10-26,1,FR,safinea,PRFM,WIS,22.1263586007993,0.3548631165163684,13,1,1.0
2025-10-29,ILI incidence,2025-10-26,1,GR,ECDC,SARIMA,WIS,92.7277900893048,0.10741258032803555,17,7,0.6896236068119213
2025-10-29,ILI incidence,2025-10-26,1,GR,ECDC,soca_simplex,WIS,45.3328556280025,1.1398573100114244,17,2,0.8583465797953064
2025-10-29,ILI incidence,2025-10-26,1,GR,ISI,FluBcast,WIS,82.3130434782609,0.2792932920978759,17,6,0.7266994469002477
2025-10-29,ILI incidence,2025-10-26,1,GR,ItaLuxColab,EpiEKF,WIS,110.519885860219,-0.145819719198553,17,12,0.626284869704376
2025-10-29,ILI incidence,2025-10-26,1,GR,ItaLuxColab,EpiNetEKF,WIS,98.5608455828492,0.019399719608151726,17,8,0.6688582976995845
2025-10-29,ILI incidence,2025-10-26,1,GR,MRC_GIDA,NBEATS,WIS,138.881016859496,-0.47536315794595946,17,16,0.5253210347764824
2025-10-29,ILI incidence,2025-10-26,1,GR,MRC_GIDA,NHiTS,WIS,109.57754682451,-0.13346595255825813,17,11,0.6296395371486982
2025-10-29,ILI incidence,2025-10-26,1,GR,MRC_GIDA,Prophet,WIS,65.9554423534136,0.5989226437577118,17,3,0.784931473677583
2025-10-29,ILI incidence,2025-10-26,1,GR,MRC_GIDA,TiDE,WIS,116.083922339492,-0.21668191419591334,17,14,0.6064772512902719
2025-10-29,ILI incidence,2025-10-26,1,GR,NotreDame,Rt_cocirc,WIS,5.54186304347826,4.171971390074375,17,1,1.0
2025-10-29,ILI incidence,2025-10-26,1,GR,QMUL,ARIMA,WIS,102.03695350252,-0.030605472313591058,17,10,0.6564835730737529
2025-10-29,ILI incidence,2025-10-26,1,GR,QMUL,SEIR,WIS,286.44572351522,-1.5197755411316256,17,17,0.0
2025-10-29,ILI incidence,2025-10-26,1,GR,QMUL,SEIR_agumented,WIS,112.05834177866,-0.16576379095210395,17,13,0.6208080638112232
2025-10-29,ILI incidence,2025-10-26,1,GR,RIVM,KFdlm,WIS,77.0935463343665,0.3738042588966474,17,5,0.7452805270432153
2025-10-29,ILI incidence,2025-10-26,1,GR,respicast,hubEnsemble,WIS,73.8633505582253,0.435555646051295,17,4,0.7567798199711107
2025-10-29,ILI incidence,2025-10-26,1,GR,respicast,quantileBaseline,WIS,99.8951304347827,0.0,17,9,0.6641083279067425
2025-10-29,ILI incidence,2025-10-26,1,GR,safinea,PRFM,WIS,136.029311772151,-0.44543130065159015,17,15,0.5354729247596102
2025-10-29,ILI incidence,2025-10-26,1,HR,ECDC,SARIMA,WIS,1.43149772951055,-0.18908850103421682,13,10,0.6272468161614783
2025-10-29,ILI incidence,2025-10-26,1,HR,ECDC,soca_simplex,WIS,0.621669863149238,1.0142163332729655,13,2,0.854601441456067
2025-10-29,ILI incidence,2025-10-26,1,HR,ISI,FluBcast,WIS,0.800434782608696,0.6495811155372598,13,6,0.804414194304227
2025-10-29,ILI incidence,2025-10-26,1,HR,ItaLuxColab,EpiEKF,WIS,1.1239294336705,0.1598854228004257,13,8,0.7135948878417028
2025-10-29,ILI incidence,2025-10-26,1,HR,ItaLuxColab,EpiNetEKF,WIS,0.787975104552512,0.6722149263449002,13,5,0.8079121789419785
2025-10-29,ILI incidence,2025-10-26,1,HR,NotreDame,Rt_cocirc,WIS,2.03761739130435,-0.6984462972939061,13,12,0.4570821252253804
2025-10-29,ILI incidence,2025-10-26,1,HR,QMUL,ARIMA,WIS,1.64690203435121,-0.3913178581258797,13,11,0.5667732673393884
2025-10-29,ILI incidence,2025-10-26,1,HR,QMUL,SEIR,WIS,0.727154572844082,0.788102902345409,13,4,0.8249872016365154
2025-10-29,ILI incidence,2025-10-26,1,HR,QMUL,SEIR_agumented,WIS,0.103766150897618,3.597029070746332,13,1,1.0
2025-10-29,ILI incidence,2025-10-26,1,HR,RIVM,KFdlm,WIS,0.88028555277448,0.5123933854355984,13,7,0.7819965390411439
2025-10-29,ILI incidence,2025-10-26,1,HR,respicast,hubEnsemble,WIS,0.69732173722438,0.8485405212834846,13,3,0.8333626026884301
2025-10-29,ILI incidence,2025-10-26,1,HR,respicast,quantileBaseline,WIS,1.25565217391304,0.0,13,9,0.6766144683049198
2025-10-29,ILI incidence,2025-10-26,1,HR,safinea,PRFM,WIS,3.66572520632479,-1.545661760160227,13,13,0.0
2025-10-29,ILI incidence,2025-10-26,1,HU,ECDC,SARIMA,WIS,62.3341605193383,-0.22419381310195538,13,9,0.8165914029686053
2025-10-29,ILI incidence,2025-10-26,1,HU,ECDC,soca_simplex,WIS,45.9492212884214,0.21578878408734423,13,4,0.9565413999852075
2025-10-29,ILI incidence,2025-10-26,1,HU,ISI,FluBcast,WIS,78.3121739130435,-0.5534074010177249,13,11,0.6801171142778722
2025-10-29,ILI incidence,2025-10-26,1,HU,ItaLuxColab,EpiEKF,WIS,62.1934205214186,-0.2209327687323706,13,8,0.8177935168129956
2025-10-29,ILI incidence,2025-10-26,1,HU,ItaLuxColab,EpiNetEKF,WIS,63.1898914031969,-0.2438645902880605,13,10,0.8092822800627938
2025-10-29,ILI incidence,2025-10-26,1,HU,NotreDame,Rt_cocirc,WIS,50.3355,0.08425295099144607,13,5,0.9190765254471859
2025-10-29,ILI incidence,2025-10-26,1,HU,QMUL,ARIMA,WIS,41.4298571163629,0.365158351391058,13,2,0.9951430080523941
2025-10-29,ILI incidence,2025-10-26,1,HU,QMUL,SEIR,WIS,157.93831056832,-1.565460062113387,13,13,0.0
2025-10-29,ILI incidence,2025-10-26,1,HU,QMUL,SEIR_agumented,WIS,44.7826829554934,0.25288823269441,13,3,0.9665052475108044
2025-10-29,ILI incidence,2025-10-26,1,HU,RIVM,KFdlm,WIS,96.941926610394,-0.8612915585721688,13,12,0.5209933117620457
2025-10-29,ILI incidence,2025-10-26,1,HU,respicast,hubEnsemble,WIS,57.564576501879,-0.10935209771399879,13,7,0.8573302338917218
2025-10-29,ILI incidence,2025-10-26,1,HU,respicast,quantileBaseline,WIS,53.3626086956522,0.0,13,6,0.8932208388953506
2025-10-29,ILI incidence,2025-10-26,1,HU,safinea,PRFM,WIS,40.8612146040152,0.3850971071637,13,1,1.0
2025-10-29,ILI incidence,2025-10-26,1,IE,ECDC,SARIMA,WIS,2.08225262154165,-1.3216814089520712,17,15,0.5090712891839464
2025-10-29,ILI incidence,2025-10-26,1,IE,ECDC,soca_simplex,WIS,0.964604985140481,-0.21154647126784662,17,6,0.805703008578334
2025-10-29,ILI incidence,2025-10-26,1,IE,ISI,FluBcast,WIS,1.46434782608696,-0.8137945773302186,17,10,0.6730676650792665
2025-10-29,ILI incidence,2025-10-26,1,IE,ItaLuxColab,EpiEKF,WIS,1.6511331973364,-0.986992807618412,17,12,0.6234934844279749
2025-10-29,ILI incidence,2025-10-26,1,IE,ItaLuxColab,EpiNetEKF,WIS,1.3436885876177,-0.6897351188988272,17,9,0.7050914945960561
2025-10-29,ILI incidence,2025-10-26,1,IE,MRC_GIDA,NBEATS,WIS,3.09879836754928,-1.8952451848678706,17,16,0.23927273849559816
2025-10-29,ILI incidence,2025-10-26,1,IE,MRC_GIDA,NHiTS,WIS,1.75303576658667,-1.0733917313047152,17,13,0.5964478097959004
2025-10-29,ILI incidence,2025-10-26,1,IE,MRC_GIDA,Prophet,WIS,1.6424042148329,-0.9793455349871012,17,11,0.625810219152091
2025-10-29,ILI incidence,2025-10-26,1,IE,MRC_GIDA,TiDE,WIS,1.85946124717849,-1.1584209813146154,17,14,0.5682017219707802
2025-10-29,ILI incidence,2025-10-26,1,IE,NotreDame,Rt_cocirc,WIS,0.853052173913043,-0.0342421867795681,17,3,0.8353099268233568
2025-10-29,ILI incidence,2025-10-26,1,IE,QMUL,ARIMA,WIS,1.09580518157818,-0.39552763073515856,17,8,0.7708815330196215
2025-10-29,ILI incidence,2025-10-26,1,IE,QMUL,SEIR,WIS,4.00032909791358,-2.2636549921949305,17,17,0.0
2025-10-29,ILI incidence,2025-10-26,1,IE,QMUL,SEIR_agumented,WIS,0.232533669012742,1.8409521727604994,17,1,1.0
2025-10-29,ILI incidence,2025-10-26,1,IE,RIVM,KFdlm,WIS,0.916750713152048,-0.1381376884364066,17,5,0.8184038764708333
2025-10-29,ILI incidence,2025-10-26,1,IE,respicast,hubEnsemble,WIS,0.911098319309349,-0.12921495311730033,17,4,0.8199040624414788
2025-10-29,ILI incidence,2025-10-26,1,IE,respicast,quantileBaseline,WIS,0.83304347826087,0.0,17,2,0.8406203785264128
2025-10-29,ILI incidence,2025-10-26,1,IE,safinea,PRFM,WIS,1.09495139206482,-0.3944031261014003,17,7,0.7711081348958304
2025-10-29,ILI incidence,2025-10-26,1,IS,ECDC,SARIMA,WIS,1.06177170051193,-1.1757409329147452,11,7,0.5985820173887539
2025-10-29,ILI incidence,2025-10-26,1,IS,ECDC,soca_simplex,WIS,0.488726280037174,-0.0563659272089211,11,2,0.9872973554703058
2025-10-29,ILI incidence,2025-10-26,1,IS,ISI,FluBcast,WIS,1.31478260869565,-1.48409161648642,11,10,0.42695649313017947
2025-10-29,ILI incidence,2025-10-26,1,IS,ItaLuxColab,EpiEKF,WIS,1.2578369421397,-1.4202122507646466,11,9,0.46558459002559927
2025-10-29,ILI incidence,2025-10-26,1,IS,ItaLuxColab,EpiNetEKF,WIS,0.725710392496738,-0.6267331734335768,11,3,0.8265433277732395
2025-10-29,ILI incidence,2025-10-26,1,IS,MRC_GIDA,Prophet,WIS,1.20778786492917,-1.3616344209968425,11,8,0.49953450616390976
2025-10-29,ILI incidence,2025-10-26,1,IS,QMUL,ARIMA,WIS,0.762352634779925,-0.6977977301243398,11,4,0.8016877036145562
2025-10-29,ILI incidence,2025-10-26,1,IS,RIVM,KFdlm,WIS,0.806985217324162,-0.7798814890938728,11,6,0.7714119718954855
2025-10-29,ILI incidence,2025-10-26,1,IS,respicast,hubEnsemble,WIS,0.802981292450186,-0.7727056199887601,11,5,0.7741279643027736
2025-10-29,ILI incidence,2025-10-26,1,IS,respicast,quantileBaseline,WIS,0.47,0.0,11,1,1.0
2025-10-29,ILI incidence,2025-10-26,1,IS,safinea,PRFM,WIS,1.94420326479253,-2.0484463974616474,11,11,0.0
2025-10-29,ILI incidence,2025-10-26,1,LT,ECDC,SARIMA,WIS,2.8858283889129,-1.0705122045678055,17,12,0.8575349254100427
2025-10-29,ILI incidence,2025-10-26,1,LT,ECDC,soca_simplex,WIS,4.92989599235314,-1.8430839046087146,17,16,0.7365139801379242
2025-10-29,ILI incidence,2025-10-26,1,LT,ISI,FluBcast,WIS,0.479565217391304,1.5186743755412848,17,1,1.0
2025-10-29,ILI incidence,2025-10-26,1,LT,ItaLuxColab,EpiEKF,WIS,2.55766262129039,-0.8963526670139377,17,9,0.8769642883806141
2025-10-29,ILI incidence,2025-10-26,1,LT,ItaLuxColab,EpiNetEKF,WIS,1.64351017534414,-0.25830708319705503,17,8,0.9310875438664098
2025-10-29,ILI incidence,2025-10-26,1,LT,MRC_GIDA,NBEATS,WIS,3.61267466276598,-1.3945940342888086,17,13,0.8145013080379114
2025-10-29,ILI incidence,2025-10-26,1,LT,MRC_GIDA,NHiTS,WIS,2.70688462371527,-0.9781600911765335,17,10,0.8681294593571203
2025-10-29,ILI incidence,2025-10-26,1,LT,MRC_GIDA,Prophet,WIS,17.3697621898584,-3.660032791771725,17,17,0.0
2025-10-29,ILI incidence,2025-10-26,1,LT,MRC_GIDA,TiDE,WIS,4.03865895859208,-1.5554030186253323,17,14,0.7892805070892603
2025-10-29,ILI incidence,2025-10-26,1,LT,NotreDame,Rt_cocirc,WIS,0.676782608695652,1.0217089042347258,17,2,0.9883235588296669
2025-10-29,ILI incidence,2025-10-26,1,LT,QMUL,ARIMA,WIS,4.12309248604991,-1.585253517717204,17,15,0.784281540671316
2025-10-29,ILI incidence,2025-10-26,1,LT,QMUL,SEIR,WIS,1.06018895764444,0.3741518858316786,17,3,0.9656236252780465
2025-10-29,ILI incidence,2025-10-26,1,LT,QMUL,SEIR_agumented,WIS,2.73382549048929,-0.9924478483815226,17,11,0.8665343999970704
2025-10-29,ILI incidence,2025-10-26,1,LT,RIVM,KFdlm,WIS,1.27222654377037,0.11111771292322851,17,4,0.9530697405322631
2025-10-29,ILI incidence,2025-10-26,1,LT,respicast,hubEnsemble,WIS,1.34230129308129,0.03376476994234587,17,5,0.9489208990815001
2025-10-29,ILI incidence,2025-10-26,1,LT,respicast,quantileBaseline,WIS,1.37408695652174,0.0,17,6,0.9470389989774183
2025-10-29,ILI incidence,2025-10-26,1,LT,safinea,PRFM,WIS,1.57340532252482,-0.19541706378127885,17,7,0.9352381676237052
2025-10-29,ILI incidence,2025-10-26,1,LU,ECDC,SARIMA,WIS,597.0558958107,-0.5185709227766189,15,10,0.9730886883459366
2025-10-29,ILI incidence,2025-10-26,1,LU,ItaLuxColab,EpiEKF,WIS,436.471154036368,-0.06659123187429512,15,6,0.9856267544478502
2025-10-29,ILI incidence,2025-10-26,1,LU,ItaLuxColab,EpiNetEKF,WIS,624.572128007653,-0.5835731106763794,15,11,0.9709402878544016
2025-10-29,ILI incidence,2025-10-26,1,LU,MRC_GIDA,NBEATS,WIS,1128.28209014803,-1.436760827789512,15,13,0.931611839013455
2025-10-29,ILI incidence,2025-10-26,1,LU,MRC_GIDA,NHiTS,WIS,252.381844992225,0.7236869445433209,15,1,1.0
2025-10-29,ILI incidence,2025-10-26,1,LU,MRC_GIDA,Prophet,WIS,927.352781673031,-1.1538231916168098,15,12,0.9472999107669446
2025-10-29,ILI incidence,2025-10-26,1,LU,MRC_GIDA,TiDE,WIS,299.783679049167,0.47537323718181423,15,2,0.9962989800762448
2025-10-29,ILI incidence,2025-10-26,1,LU,NotreDame,Rt_cocirc,WIS,493.129280434783,-0.2426708391986591,15,8,0.9812030257290146
2025-10-29,ILI incidence,2025-10-26,1,LU,QMUL,ARIMA,WIS,444.723456843891,-0.09361342255133219,15,7,0.9849824347139172
2025-10-29,ILI incidence,2025-10-26,1,LU,QMUL,SEIR,WIS,1510.27397946636,-1.857443309334141,15,14,0.9017868412848501
2025-10-29,ILI incidence,2025-10-26,1,LU,QMUL,SEIR_agumented,WIS,593.227941462766,-0.5092914725798536,15,9,0.9733875657119876
2025-10-29,ILI incidence,2025-10-26,1,LU,RIVM,KFdlm,WIS,13060.1578184993,-4.969733441454587,15,15,0.0
2025-10-29,ILI incidence,2025-10-26,1,LU,respicast,hubEnsemble,WIS,352.883506068836,0.24010307929808694,15,4,0.9921530747192566
2025-10-29,ILI incidence,2025-10-26,1,LU,respicast,quantileBaseline,WIS,416.782608695652,0.0,15,5,0.9871639881862792
2025-10-29,ILI incidence,2025-10-26,1,LU,safinea,PRFM,WIS,304.62187763876,0.4522755203253965,15,3,0.9959212252966797
2025-10-29,ILI incidence,2025-10-26,1,LV,ECDC,soca_simplex,WIS,1.36715575826856,2.7129076512819563,7,1,1.0
2025-10-29,ILI incidence,2025-10-26,1,LV,ItaLuxColab,EpiEKF,WIS,3.80206693552432,1.2373013370420318,7,5,0.9507078285167585
2025-10-29,ILI incidence,2025-10-26,1,LV,ItaLuxColab,EpiNetEKF,WIS,3.1418892279513,1.5124529508131086,7,4,0.9640724198312467
2025-10-29,ILI incidence,2025-10-26,1,LV,NotreDame,Rt_cocirc,WIS,1.99245434782609,2.1695385991516276,7,2,0.9873414991098621
2025-10-29,ILI incidence,2025-10-26,1,LV,respicast,hubEnsemble,WIS,2.96825766905181,1.5944689328213728,7,3,0.9675874049592966
2025-10-29,ILI incidence,2025-10-26,1,LV,respicast,quantileBaseline,WIS,8.96364347826088,0.0,7,6,0.8462172341800921
2025-10-29,ILI incidence,2025-10-26,1,LV,safinea,PRFM,WIS,50.7646788128898,-2.501667870684636,7,7,0.0
2025-10-29,ILI incidence,2025-10-26,1,MT,ECDC,SARIMA,WIS,16143.5523396374,0.18276270107931764,10,7,0.23380346232443042
2025-10-29,ILI incidence,2025-10-26,1,MT,ECDC,soca_simplex,WIS,16764.0512388786,0.12834993914104476,10,8,0.20090018594360945
2025-10-29,ILI incidence,2025-10-26,1,MT,ItaLuxColab,EpiEKF,WIS,11532.9521367438,0.6679589224985569,10,5,0.47829036301481603
2025-10-29,ILI incidence,2025-10-26,1,MT,ItaLuxColab,EpiNetEKF,WIS,12369.350232907,0.5669510583516852,10,6,0.43393857164805566
2025-10-29,ILI incidence,2025-10-26,1,MT,NotreDame,Rt_cocirc,WIS,9842.44974782609,0.8966314286786253,10,4,0.5679328545535086
2025-10-29,ILI incidence,2025-10-26,1,MT,QMUL,ARIMA,WIS,20552.6813677622,-0.16560584945195078,10,10,0.0
2025-10-29,ILI incidence,2025-10-26,1,MT,RIVM,KFdlm,WIS,5490.81180414943,1.7386294059654794,10,3,0.7986877296147809
2025-10-29,ILI incidence,2025-10-26,1,MT,respicast,hubEnsemble,WIS,1694.41047523536,3.434865456632403,10,1,1.0
2025-10-29,ILI incidence,2025-10-26,1,MT,respicast,quantileBaseline,WIS,18323.8260869565,0.0,10,9,0.1181898008310483
2025-10-29,ILI incidence,2025-10-26,1,MT,safinea,PRFM,WIS,5469.93350092023,1.7441255761843153,10,2,0.7997948461340093
2025-10-29,ILI incidence,2025-10-26,1,NL,ECDC,SARIMA,WIS,3.87296034478197,-0.20083705011930664,17,13,0.6296252521519579
2025-10-29,ILI incidence,2025-10-26,1,NL,ECDC,soca_simplex,WIS,3.62964684550588,-0.10722950527728901,17,11,0.6548795323806863
2025-10-29,ILI incidence,2025-10-26,1,NL,ISI,FluBcast,WIS,5.46086956521739,-0.6965310183706531,17,15,0.46481111504091255
2025-10-29,ILI incidence,2025-10-26,1,NL,ItaLuxColab,EpiEKF,WIS,2.82528292222261,0.25420433415501925,17,5,0.7383670165725313
2025-10-29,ILI incidence,2025-10-26,1,NL,ItaLuxColab,EpiNetEKF,WIS,3.36843018556341,0.000523281389959208,17,9,0.6819920384694425
2025-10-29,ILI incidence,2025-10-26,1,NL,MRC_GIDA,NBEATS,WIS,0.30456817021932,3.467762597793688,17,1,1.0
2025-10-29,ILI incidence,2025-10-26,1,NL,MRC_GIDA,NHiTS,WIS,2.92221060052994,0.20553952423071833,17,7,0.7283065852476102
2025-10-29,ILI incidence,2025-10-26,1,NL,MRC_GIDA,Prophet,WIS,4.65093505266354,-0.4649211141121027,17,14,0.5488767883710378
2025-10-29,ILI incidence,2025-10-26,1,NL,MRC_GIDA,TiDE,WIS,1.99579966836619,0.7556327644923286,17,3,0.824461715799053
2025-10-29,ILI incidence,2025-10-26,1,NL,NotreDame,Rt_cocirc,WIS,6.74863043478261,-1.0019950721536128,17,16,0.3311503277670893
2025-10-29,ILI incidence,2025-10-26,1,NL,QMUL,ARIMA,WIS,3.762646475767,-0.15914806595006195,17,12,0.6410750786905919
2025-10-29,ILI incidence,2025-10-26,1,NL,QMUL,SEIR,WIS,9.93911316902333,-1.5605174515138054,17,17,0.0
2025-10-29,ILI incidence,2025-10-26,1,NL,QMUL,SEIR_agumented,WIS,1.18634115334657,1.5060807375957717,17,2,0.9084779838345547
2025-10-29,ILI incidence,2025-10-26,1,NL,RIVM,KFdlm,WIS,2.88372742599605,0.2246648741338007,17,6,0.7323008760562232
2025-10-29,ILI incidence,2025-10-26,1,NL,respicast,hubEnsemble,WIS,3.24968780274785,0.05229855437765083,17,8,0.6943166872027559
2025-10-29,ILI incidence,2025-10-26,1,NL,respicast,quantileBaseline,WIS,3.36965217391304,0.0,17,10,0.6818652044207374
2025-10-29,ILI incidence,2025-10-26,1,NL,safinea,PRFM,WIS,2.11260593615345,0.6735759927468571,17,4,0.8123380225886565
2025-10-29,ILI incidence,2025-10-26,1,NO,ECDC,SARIMA,WIS,2.84987804993079,0.22260506635021152,12,7,0.717172432300555
2025-10-29,ILI incidence,2025-10-26,1,NO,ECDC,soca_simplex,WIS,3.56632680575953,-0.1009336604559601,12,10,0.6031875150200363
2025-10-29,ILI incidence,2025-10-26,1,NO,ISI,FluBcast,WIS,1.07217391304348,1.6329663135391832,12,1,1.0
2025-10-29,ILI incidence,2025-10-26,1,NO,ItaLuxColab,EpiEKF,WIS,2.90314628549361,0.19588798292251042,12,8,0.7086976106543316
2025-10-29,ILI incidence,2025-10-26,1,NO,ItaLuxColab,EpiNetEKF,WIS,2.21012581527002,0.5893767522222888,12,4,0.818955155704804
2025-10-29,ILI incidence,2025-10-26,1,NO,MRC_GIDA,Prophet,WIS,7.35764371836472,-1.145738565788924,12,12,0.0
2025-10-29,ILI incidence,2025-10-26,1,NO,NotreDame,Rt_cocirc,WIS,2.46842173913043,0.4299163466943305,12,5,0.7778610240232329
2025-10-29,ILI incidence,2025-10-26,1,NO,QMUL,ARIMA,WIS,1.50686601632667,1.1419541073539723,12,2,0.9308417482309465
2025-10-29,ILI incidence,2025-10-26,1,NO,RIVM,KFdlm,WIS,2.50639504116318,0.4078914316201407,12,6,0.7718195819021361
2025-10-29,ILI incidence,2025-10-26,1,NO,respicast,hubEnsemble,WIS,2.15835402711565,0.6235737277508597,12,3,0.8271918969123652
2025-10-29,ILI incidence,2025-10-26,1,NO,respicast,quantileBaseline,WIS,3.32534782608696,0.0,12,9,0.6415265711505039
2025-10-29,ILI incidence,2025-10-26,1,NO,safinea,PRFM,WIS,4.15173153284065,-0.3202079043114567,12,11,0.5100513223068807
2025-10-29,ILI incidence,2025-10-26,1,PL,ECDC,SARIMA,WIS,38.6036468119626,-2.051493349142701,16,12,0.7065703242530104
2025-10-29,ILI incidence,2025-10-26,1,PL,ECDC,soca_simplex,WIS,7.3509512795791,0.34124092847369164,16,1,1.0
2025-10-29,ILI incidence,2025-10-26,1,PL,ItaLuxColab,EpiEKF,WIS,18.4440810871044,-0.9859141201025228,16,8,0.8958472724674714
2025-10-29,ILI incidence,2025-10-26,1,PL,ItaLuxColab,EpiNetEKF,WIS,13.4457780817686,-0.5299094502592823,16,7,0.9427760382957237
2025-10-29,ILI incidence,2025-10-26,1,PL,MRC_GIDA,NBEATS,WIS,32.2238994635287,-1.7908872939467382,16,11,0.7664693878028707
2025-10-29,ILI incidence,2025-10-26,1,PL,MRC_GIDA,NHiTS,WIS,8.75455862889286,0.08913744292196882,16,2,0.9868216151480929
2025-10-29,ILI incidence,2025-10-26,1,PL,MRC_GIDA,Prophet,WIS,21.0717194979989,-1.1780642525993827,16,9,0.8711765337118276
2025-10-29,ILI incidence,2025-10-26,1,PL,MRC_GIDA,TiDE,WIS,44.3182974433447,-2.2506586656641874,16,13,0.6529158137153109
2025-10-29,ILI incidence,2025-10-26,1,PL,NotreDame,Rt_cocirc,WIS,85.1179739130435,-3.1922200169710706,16,15,0.26985010904094786
2025-10-29,ILI incidence,2025-10-26,1,PL,QMUL,ARIMA,WIS,10.944269391796,-0.23293185412515605,16,4,0.9662625526994607
2025-10-29,ILI incidence,2025-10-26,1,PL,QMUL,SEIR,WIS,71.2260920025472,-2.9351620419890976,16,14,0.40028015147644336
2025-10-29,ILI incidence,2025-10-26,1,PL,QMUL,SEIR_agumented,WIS,11.3044251986957,-0.2796438431736122,16,6,0.962881071523622
2025-10-29,ILI incidence,2025-10-26,1,PL,RIVM,KFdlm,WIS,113.859249913052,-3.6119358021079684,16,16,0.0
2025-10-29,ILI incidence,2025-10-26,1,PL,respicast,hubEnsemble,WIS,11.0192658368259,-0.24278431355031782,16,5,0.9655584155947269
2025-10-29,ILI incidence,2025-10-26,1,PL,respicast,quantileBaseline,WIS,9.31252173913044,0.0,16,3,0.9815829331167735
2025-10-29,ILI incidence,2025-10-26,1,PL,safinea,PRFM,WIS,26.063572130356,-1.4847910319298292,16,10,0.8243083300469135
2025-10-29,ILI incidence,2025-10-26,1,RO,ECDC,soca_simplex,WIS,0.851299306416482,-0.4342071003483937,8,7,0.7666419547952356
2025-10-29,ILI incidence,2025-10-26,1,RO,ItaLuxColab,EpiEKF,WIS,0.414861355947411,0.6028300772623199,8,5,0.9367901453796615
2025-10-29,ILI incidence,2025-10-26,1,RO,ItaLuxColab,EpiNetEKF,WIS,0.252725165693539,1.317890023535652,8,1,1.0
2025-10-29,ILI incidence,2025-10-26,1,RO,NotreDame,Rt_cocirc,WIS,0.312182608695652,1.0130691858602057,8,2,0.9768201268182267
2025-10-29,ILI incidence,2025-10-26,1,RO,RIVM,KFdlm,WIS,0.399440086566234,0.6574802302305572,8,4,0.9428022281485915
2025-10-29,ILI incidence,2025-10-26,1,RO,respicast,hubEnsemble,WIS,0.324336696581062,0.9579670901109557,8,3,0.9720817761324443
2025-10-29,ILI incidence,2025-10-26,1,RO,respicast,quantileBaseline,WIS,0.630046956521739,0.0,8,6,0.8528986310459656
2025-10-29,ILI incidence,2025-10-26,1,RO,safinea,PRFM,WIS,2.81777125269565,-2.161023238309864,8,8,0.0
2025-10-29,ILI incidence,2025-10-26,1,SI,ECDC,SARIMA,WIS,3.9658783282037,-0.2651743923821569,17,11,0.6357253854062421
2025-10-29,ILI incidence,2025-10-26,1,SI,ECDC,soca_simplex,WIS,3.887025232068,-0.23620044828480088,17,10,0.6435167220306596
2025-10-29,ILI incidence,2025-10-26,1,SI,ISI,FluBcast,WIS,4.94608695652174,-0.5838215793165871,17,14,0.5388726838681649
2025-10-29,ILI incidence,2025-10-26,1,SI,ItaLuxColab,EpiEKF,WIS,2.73958401192788,0.26850917854455664,17,7,0.7568933837087078
2025-10-29,ILI incidence,2025-10-26,1,SI,ItaLuxColab,EpiNetEKF,WIS,4.04361229208546,-0.29317865152844974,17,12,0.6280446282840257
2025-10-29,ILI incidence,2025-10-26,1,SI,MRC_GIDA,NBEATS,WIS,0.27919623641247,3.5631146253240034,17,1,1.0
2025-10-29,ILI incidence,2025-10-26,1,SI,MRC_GIDA,NHiTS,WIS,0.59821284257842,2.463735236441616,17,2,0.9684785266625342
2025-10-29,ILI incidence,2025-10-26,1,SI,MRC_GIDA,Prophet,WIS,10.3998083902477,-1.6560190183032177,17,17,0.0
2025-10-29,ILI incidence,2025-10-26,1,SI,MRC_GIDA,TiDE,WIS,2.00680010149636,0.7175691082901826,17,4,0.8292984812752449
2025-10-29,ILI incidence,2025-10-26,1,SI,NotreDame,Rt_cocirc,WIS,2.30028043478261,0.5206562688635249,17,5,0.8003002024334817
2025-10-29,ILI incidence,2025-10-26,1,SI,QMUL,ARIMA,WIS,6.39106558282923,-0.9535904674051334,17,15,0.3960968710671663
2025-10-29,ILI incidence,2025-10-26,1,SI,QMUL,SEIR,WIS,0.636709583343198,2.373758640455288,17,3,0.9646747309849981
2025-10-29,ILI incidence,2025-10-26,1,SI,QMUL,SEIR_agumented,WIS,8.41190999247154,-1.3499673888285506,17,16,0.19642076660578692
2025-10-29,ILI incidence,2025-10-26,1,SI,RIVM,KFdlm,WIS,2.5689458321672,0.3612895540407095,17,6,0.7737538440412397
2025-10-29,ILI incidence,2025-10-26,1,SI,respicast,hubEnsemble,WIS,2.98977042065942,0.1424313178712753,17,8,0.7321729018911399
2025-10-29,ILI incidence,2025-10-26,1,SI,respicast,quantileBaseline,WIS,3.3,0.0,17,9,0.7015196593179605
2025-10-29,ILI incidence,2025-10-26,1,SI,safinea,PRFM,WIS,4.55458580111639,-0.4648538352980584,17,13,0.5775562288409846
2025-10-29,ILI incidence,2025-11-02,2,AT,ECDC,SARIMA,WIS,117.132672534184,0.5519108039475656,13,4,0.8147317791167616
2025-10-29,ILI incidence,2025-11-02,2,AT,ECDC,soca_simplex,WIS,157.443134955836,0.12522350314681308,13,7,0.6753334680530165
2025-10-29,ILI incidence,2025-11-02,2,AT,ISI,FluBcast,WIS,168.568695652174,0.026717712771664986,13,8,0.6368599731453106
2025-10-29,ILI incidence,2025-11-02,2,AT,ItaLuxColab,EpiEKF,WIS,170.242412254283,0.012463857289552798,13,9,0.6310720646591002
2025-10-29,ILI incidence,2025-11-02,2,AT,ItaLuxColab,EpiNetEKF,WIS,120.68744560065,0.508778746803532,13,5,0.8024389565612435
2025-10-29,ILI incidence,2025-11-02,2,AT,NotreDame,Rt_cocirc,WIS,63.5577934782608,1.4339134107444587,13,1,1.0
2025-10-29,ILI incidence,2025-11-02,2,AT,QMUL,ARIMA,WIS,93.3744267864929,0.8789549691672065,13,2,0.8968905818718161
2025-10-29,ILI incidence,2025-11-02,2,AT,QMUL,SEIR,WIS,352.732476543241,-1.0385200570192248,13,13,0.0
2025-10-29,ILI incidence,2025-11-02,2,AT,QMUL,SEIR_agumented,WIS,207.429475523582,-0.27256655856735557,13,12,0.5024748345172668
2025-10-29,ILI incidence,2025-11-02,2,AT,RIVM,KFdlm,WIS,150.042324478801,0.1946848369520496,13,6,0.7009263394572258
2025-10-29,ILI incidence,2025-11-02,2,AT,respicast,hubEnsemble,WIS,112.61342667767,0.608675508321821,13,3,0.8303598617988769
2025-10-29,ILI incidence,2025-11-02,2,AT,respicast,quantileBaseline,WIS,171.719556956522,0.0,13,10,0.6259639248780424
2025-10-29,ILI incidence,2025-11-02,2,AT,safinea,PRFM,WIS,188.980437560099,-0.1381825449155484,13,11,0.5662737735113049
2025-10-29,ILI incidence,2025-11-02,2,BE,ECDC,SARIMA,WIS,36.0115722793396,-0.08992353969346516,17,6,0.825830111121016
2025-10-29,ILI incidence,2025-11-02,2,BE,ECDC,soca_simplex,WIS,9.85577652316666,1.7794956010092624,17,1,1.0
2025-10-29,ILI incidence,2025-11-02,2,BE,ISI,FluBcast,WIS,52.385652173913,-0.6306346784883077,17,10,0.7167960866042741
2025-10-29,ILI incidence,2025-11-02,2,BE,ItaLuxColab,EpiEKF,WIS,34.832293977823,-0.041888438917263925,17,5,0.8336828552182423
2025-10-29,ILI incidence,2025-11-02,2,BE,ItaLuxColab,EpiNetEKF,WIS,43.6695841282438,-0.36809174235042874,17,7,0.774835865517045
2025-10-29,ILI incidence,2025-11-02,2,BE,MRC_GIDA,NBEATS,WIS,56.9529706319124,-0.7512340441418478,17,11,0.6863825845368806
2025-10-29,ILI incidence,2025-11-02,2,BE,MRC_GIDA,NHiTS,WIS,127.405192805393,-1.912815125482408,17,16,0.21724542573578942
2025-10-29,ILI incidence,2025-11-02,2,BE,MRC_GIDA,Prophet,WIS,32.3318164067604,0.0655824892545823,17,3,0.8503333867010623
2025-10-29,ILI incidence,2025-11-02,2,BE,MRC_GIDA,TiDE,WIS,71.3911969579035,-1.0772091408268782,17,12,0.590239293839483
2025-10-29,ILI incidence,2025-11-02,2,BE,NotreDame,Rt_cocirc,WIS,90.2180869565217,-1.4148796446899439,17,13,0.4648721526687808
2025-10-29,ILI incidence,2025-11-02,2,BE,QMUL,ARIMA,WIS,91.2171066507629,-1.4307673597023978,17,14,0.45821973992034276
2025-10-29,ILI incidence,2025-11-02,2,BE,QMUL,SEIR,WIS,160.029815931014,-2.2417317707123776,17,17,0.0
2025-10-29,ILI incidence,2025-11-02,2,BE,QMUL,SEIR_agumented,WIS,112.626820341928,-1.7349414689734672,17,15,0.31565372933964625
2025-10-29,ILI incidence,2025-11-02,2,BE,RIVM,KFdlm,WIS,45.5451792033171,-0.42876130808349283,17,8,0.7623463894233807
2025-10-29,ILI incidence,2025-11-02,2,BE,respicast,hubEnsemble,WIS,47.8587884994353,-0.500246827020202,17,9,0.7469402026733871
2025-10-29,ILI incidence,2025-11-02,2,BE,respicast,quantileBaseline,WIS,33.8354845652174,0.0,17,4,0.8403205498326786
2025-10-29,ILI incidence,2025-11-02,2,BE,safinea,PRFM,WIS,24.3995376684441,0.47168323851743976,17,2,0.9031539592154204
2025-10-29,ILI incidence,2025-11-02,2,CZ,ECDC,soca_simplex,WIS,9.69738589067465,-1.2201983658910227,9,8,0.4981148017737645
2025-10-29,ILI incidence,2025-11-02,2,CZ,ISI,FluBcast,WIS,8.43608695652174,-1.0191764373079957,9,6,0.6124820849257779
2025-10-29,ILI incidence,2025-11-02,2,CZ,ItaLuxColab,EpiEKF,WIS,6.65205193961751,-0.6764019045725285,9,4,0.7742480488908735
2025-10-29,ILI incidence,2025-11-02,2,CZ,ItaLuxColab,EpiNetEKF,WIS,5.69171552356211,-0.4514660278831682,9,3,0.8613257937792891
2025-10-29,ILI incidence,2025-11-02,2,CZ,NotreDame,Rt_cocirc,WIS,5.59188260869565,-0.42593654555338456,9,2,0.8703780643657948
2025-10-29,ILI incidence,2025-11-02,2,CZ,RIVM,KFdlm,WIS,9.52564684778732,-1.194419534717183,9,7,0.513687103639969
2025-10-29,ILI incidence,2025-11-02,2,CZ,respicast,hubEnsemble,WIS,7.54306121772072,-0.8577526058021245,9,5,0.6934564873976905
2025-10-29,ILI incidence,2025-11-02,2,CZ,respicast,quantileBaseline,WIS,4.16234782608696,0.0,9,1,1.0
2025-10-29,ILI incidence,2025-11-02,2,CZ,safinea,PRFM,WIS,15.1908421593521,-1.867732419223703,9,9,0.0
2025-10-29,ILI incidence,2025-11-02,2,EE,ECDC,SARIMA,WIS,14.0688659150586,-0.05406968813848482,12,6,0.78326410471216
2025-10-29,ILI incidence,2025-11-02,2,EE,ECDC,soca_simplex,WIS,20.0463233794862,-0.5649013115634146,12,9,0.5806157203101321
2025-10-29,ILI incidence,2025-11-02,2,EE,ISI,FluBcast,WIS,18.6173913043478,-0.45821458442792523,12,8,0.6290595240795936
2025-10-29,ILI incidence,2025-11-02,2,EE,ItaLuxColab,EpiEKF,WIS,37.1725678426376,-1.4558020014012578,12,12,0.0
2025-10-29,ILI incidence,2025-11-02,2,EE,ItaLuxColab,EpiNetEKF,WIS,28.9963837910979,-1.0974366393573278,12,10,0.27718984174767525
2025-10-29,ILI incidence,2025-11-02,2,EE,NotreDame,Rt_cocirc,WIS,11.9786413043478,0.17797207260379586,12,3,0.8541271167735036
2025-10-29,ILI incidence,2025-11-02,2,EE,QMUL,ARIMA,WIS,13.6065886782671,-0.005869062503561618,12,5,0.7989362756542583
2025-10-29,ILI incidence,2025-11-02,2,EE,QMUL,SEIR_agumented,WIS,7.67587344724037,0.8200335191161569,12,1,1.0
2025-10-29,ILI incidence,2025-11-02,2,EE,RIVM,KFdlm,WIS,30.7929792695638,-1.184165107042229,12,11,0.2162814750546858
2025-10-29,ILI incidence,2025-11-02,2,EE,respicast,hubEnsemble,WIS,14.5220352330292,-0.09980730808633573,12,7,0.7679007113808275
2025-10-29,ILI incidence,2025-11-02,2,EE,respicast,quantileBaseline,WIS,13.551347826087,0.0,12,4,0.8008090567679523
2025-10-29,ILI incidence,2025-11-02,2,EE,safinea,PRFM,WIS,9.85062633841111,0.4601489857648575,12,2,0.9262713013865683
2025-10-29,ILI incidence,2025-11-02,2,ES,ECDC,SARIMA,WIS,2.85445405175191,-0.5690082382012546,12,8,0.7688973283965383
2025-10-29,ILI incidence,2025-11-02,2,ES,ECDC,soca_simplex,WIS,0.866230427807748,1.1513838456957803,12,1,1.0
2025-10-29,ILI incidence,2025-11-02,2,ES,ISI,FluBcast,WIS,2.13826086956522,-0.1522312725588318,12,7,0.8521445827769023
2025-10-29,ILI incidence,2025-11-02,2,ES,ItaLuxColab,EpiEKF,WIS,3.21480739034378,-0.7405257023446125,12,9,0.7270113864597844
2025-10-29,ILI incidence,2025-11-02,2,ES,ItaLuxColab,EpiNetEKF,WIS,1.83378038986071,0.0693857264108461,12,4,0.8875361008452904
2025-10-29,ILI incidence,2025-11-02,2,ES,QMUL,ARIMA,WIS,2.12304971285168,-0.14193155225392515,12,6,0.8539126630432984
2025-10-29,ILI incidence,2025-11-02,2,ES,QMUL,SEIR,WIS,9.4694352724305,-2.2990717892233667,12,12,0.0
2025-10-29,ILI incidence,2025-11-02,2,ES,QMUL,SEIR_agumented,WIS,1.07920162790718,0.8342421715911256,12,2,0.9752451320239638
2025-10-29,ILI incidence,2025-11-02,2,ES,RIVM,KFdlm,WIS,4.14500907002352,-1.1071686573945547,12,10,0.6188886930589474
2025-10-29,ILI incidence,2025-11-02,2,ES,respicast,hubEnsemble,WIS,1.78700352761726,0.10666411888492276,12,3,0.8929732446874118
2025-10-29,ILI incidence,2025-11-02,2,ES,respicast,quantileBaseline,WIS,1.92413043478261,0.0,12,5,0.8770341952701406
2025-10-29,ILI incidence,2025-11-02,2,ES,safinea,PRFM,WIS,5.34180014970929,-1.473119400896915,12,11,0.4797787797998439
2025-10-29,ILI incidence,2025-11-02,2,FI,ECDC,soca_simplex,WIS,4.83625807006773,-1.0416832392338295,8,8,0.0
2025-10-29,ILI incidence,2025-11-02,2,FI,ISI,FluBcast,WIS,1.24913043478261,0.9112838601025962,8,1,1.0
2025-10-29,ILI incidence,2025-11-02,2,FI,ItaLuxColab,EpiEKF,WIS,2.85646691490851,-0.28202382816789257,8,6,0.5519154478042033
2025-10-29,ILI incidence,2025-11-02,2,FI,ItaLuxColab,EpiNetEKF,WIS,1.83811101292654,0.3539840908118432,8,3,0.8358071866887682
2025-10-29,ILI incidence,2025-11-02,2,FI,RIVM,KFdlm,WIS,2.10197114639607,0.1604651261365014,8,4,0.7622496887971278
2025-10-29,ILI incidence,2025-11-02,2,FI,respicast,hubEnsemble,WIS,1.83388070317638,0.35730819939914477,8,2,0.836986489512718
2025-10-29,ILI incidence,2025-11-02,2,FI,respicast,quantileBaseline,WIS,2.34926260869565,0.0,8,5,0.693311115252358
2025-10-29,ILI incidence,2025-11-02,2,FI,safinea,PRFM,WIS,3.88814070923651,-0.7268724382628534,8,7,0.26431101907414006
2025-10-29,ILI incidence,2025-11-02,2,FR,ECDC,SARIMA,WIS,29.3432830516367,0.29146543421133914,13,2,0.964454951367332
2025-10-29,ILI incidence,2025-11-02,2,FR,ECDC,soca_simplex,WIS,52.6652373619844,-0.5523552700479586,13,10,0.6993231219760851
2025-10-29,ILI incidence,2025-11-02,2,FR,ISI,FluBcast,WIS,51.2017391304348,-0.5116970848535197,13,9,0.7159606626503433
2025-10-29,ILI incidence,2025-11-02,2,FR,ItaLuxColab,EpiEKF,WIS,45.0324693806142,-0.32646986171087705,13,8,0.7860949984359291
2025-10-29,ILI incidence,2025-11-02,2,FR,ItaLuxColab,EpiNetEKF,WIS,42.3653042103131,-0.23838749945896587,13,7,0.8164162301594984
2025-10-29,ILI incidence,2025-11-02,2,FR,NotreDame,Rt_cocirc,WIS,38.5770173913044,-0.10324587561060461,13,4,0.859482750281137
2025-10-29,ILI incidence,2025-11-02,2,FR,QMUL,ARIMA,WIS,41.3138371217247,-0.20212933105303513,13,5,0.8283696620645784
2025-10-29,ILI incidence,2025-11-02,2,FR,QMUL,SEIR,WIS,114.180227607944,-1.6687452090913937,13,13,0.0
2025-10-29,ILI incidence,2025-11-02,2,FR,QMUL,SEIR_agumented,WIS,68.0107222641948,-0.9212664839708146,13,11,0.5248704825927032
2025-10-29,ILI incidence,2025-11-02,2,FR,RIVM,KFdlm,WIS,75.6537998700663,-1.074916817506205,13,12,0.4379814028501501
2025-10-29,ILI incidence,2025-11-02,2,FR,respicast,hubEnsemble,WIS,42.1072175210211,-0.22957181507550473,13,6,0.8193502465443585
2025-10-29,ILI incidence,2025-11-02,2,FR,respicast,quantileBaseline,WIS,35.91274,0.0,13,3,0.8897711527607206
2025-10-29,ILI incidence,2025-11-02,2,FR,safinea,PRFM,WIS,26.2166120590458,0.4540144692502572,13,1,1.0
2025-10-29,ILI incidence,2025-11-02,2,GR,ECDC,SARIMA,WIS,81.4629004221138,-0.04291011577396201,17,11,0.7656507973657285
2025-10-29,ILI incidence,2025-11-02,2,GR,ECDC,soca_simplex,WIS,49.5858831063872,0.6733036156762879,17,3,0.8627431249593543
2025-10-29,ILI incidence,2025-11-02,2,GR,ISI,FluBcast,WIS,84.6426086956522,-0.0981510266792187,17,12,0.7559659114089035
2025-10-29,ILI incidence,2025-11-02,2,GR,ItaLuxColab,EpiEKF,WIS,111.582746505695,-0.4968089969246013,17,14,0.6739105340264138
2025-10-29,ILI incidence,2025-11-02,2,GR,ItaLuxColab,EpiNetEKF,WIS,79.91696278424,-0.015268689562796003,17,10,0.770359477669444
2025-10-29,ILI incidence,2025-11-02,2,GR,MRC_GIDA,NBEATS,WIS,77.5796700934702,0.02755442465661689,17,8,0.7774784996709928
2025-10-29,ILI incidence,2025-11-02,2,GR,MRC_GIDA,NHiTS,WIS,44.679444975328,0.8236218012587196,17,2,0.8776873555823254
2025-10-29,ILI incidence,2025-11-02,2,GR,MRC_GIDA,Prophet,WIS,54.5300454272846,0.5361817081751928,17,5,0.8476839924507491
2025-10-29,ILI incidence,2025-11-02,2,GR,MRC_GIDA,TiDE,WIS,51.4088596808059,0.621216054013784,17,4,0.8571906280928535
2025-10-29,ILI incidence,2025-11-02,2,GR,NotreDame,Rt_cocirc,WIS,4.52218043478261,4.128142603683755,17,1,1.0
2025-10-29,ILI incidence,2025-11-02,2,GR,QMUL,ARIMA,WIS,74.725430749601,0.08163375725366212,17,7,0.7861720590043764
2025-10-29,ILI incidence,2025-11-02,2,GR,QMUL,SEIR,WIS,332.838723108947,-2.073518318600379,17,17,0.0
2025-10-29,ILI incidence,2025-11-02,2,GR,QMUL,SEIR_agumented,WIS,139.752798328777,-0.8215722004344757,17,15,0.5881090340665438
2025-10-29,ILI incidence,2025-11-02,2,GR,RIVM,KFdlm,WIS,89.6797774856961,-0.1815496330220911,17,13,0.7406234959795261
2025-10-29,ILI incidence,2025-11-02,2,GR,respicast,hubEnsemble,WIS,69.8941215145174,0.17806194349434865,17,6,0.8008874589526465
2025-10-29,ILI incidence,2025-11-02,2,GR,respicast,quantileBaseline,WIS,79.0756256521739,0.0,17,9,0.7729220568353105
2025-10-29,ILI incidence,2025-11-02,2,GR,safinea,PRFM,WIS,154.436435966507,-0.9657081951230115,17,16,0.5433850079235704
2025-10-29,ILI incidence,2025-11-02,2,HR,ECDC,SARIMA,WIS,2.43639748341965,0.12922830769225174,13,10,0.5543706803596669
2025-10-29,ILI incidence,2025-11-02,2,HR,ECDC,soca_simplex,WIS,0.902318313389112,1.5622694550483367,13,2,0.9037053397634078
2025-10-29,ILI incidence,2025-11-02,2,HR,ISI,FluBcast,WIS,1.72826086956522,0.6246568278251614,13,6,0.7156248500562877
2025-10-29,ILI incidence,2025-11-02,2,HR,ItaLuxColab,EpiEKF,WIS,2.11650620285766,0.33229311027480624,13,9,0.6272151030755589
2025-10-29,ILI incidence,2025-11-02,2,HR,ItaLuxColab,EpiNetEKF,WIS,1.62480735148413,0.7137091547789045,13,5,0.7391828907421912
2025-10-29,ILI incidence,2025-11-02,2,HR,NotreDame,Rt_cocirc,WIS,4.87087826086957,-0.8702040989231147,13,13,0.0
2025-10-29,ILI incidence,2025-11-02,2,HR,QMUL,ARIMA,WIS,2.1033462760792,0.34129144504864567,13,8,0.6302118314248787
2025-10-29,ILI incidence,2025-11-02,2,HR,QMUL,SEIR,WIS,1.17901033405501,1.1764014634213644,13,3,0.8406980877992668
2025-10-29,ILI incidence,2025-11-02,2,HR,QMUL,SEIR_agumented,WIS,0.479446924943818,2.4745348050456304,13,1,1.0
2025-10-29,ILI incidence,2025-11-02,2,HR,RIVM,KFdlm,WIS,1.76854812696035,0.5914123478597028,13,7,0.7064507894110615
2025-10-29,ILI incidence,2025-11-02,2,HR,respicast,hubEnsemble,WIS,1.30638936204073,1.0283928788920444,13,4,0.8116918212219785
2025-10-29,ILI incidence,2025-11-02,2,HR,respicast,quantileBaseline,WIS,2.66470869565217,0.0,13,11,0.5023805216237817
2025-10-29,ILI incidence,2025-11-02,2,HR,safinea,PRFM,WIS,4.29193424378387,-0.6876501458514276,13,12,0.13183492415090978
2025-10-29,ILI incidence,2025-11-02,2,HU,ECDC,SARIMA,WIS,49.7611175759182,-0.08218033339833858,13,6,0.7643522200761478
2025-10-29,ILI incidence,2025-11-02,2,HU,ECDC,soca_simplex,WIS,42.2350991068539,0.15439611727005392,13,4,0.8054482919013934
2025-10-29,ILI incidence,2025-11-02,2,HU,ISI,FluBcast,WIS,104.017391304348,-1.145914302775216,13,11,0.46808404969110223
2025-10-29,ILI incidence,2025-11-02,2,HU,ItaLuxColab,EpiEKF,WIS,58.1377599988325,-0.3066369330041305,13,9,0.7186112881236799
2025-10-29,ILI incidence,2025-11-02,2,HU,ItaLuxColab,EpiNetEKF,WIS,55.9832549889199,-0.25215681713491717,13,8,0.7303760337191327
2025-10-29,ILI incidence,2025-11-02,2,HU,NotreDame,Rt_cocirc,WIS,32.9665065217391,0.5118375417142773,13,2,0.8560597471034394
2025-10-29,ILI incidence,2025-11-02,2,HU,QMUL,ARIMA,WIS,40.0625975856091,0.23058258776732687,13,3,0.8173113080399431
2025-10-29,ILI incidence,2025-11-02,2,HU,QMUL,SEIR,WIS,189.738703502502,-2.013103535505068,13,13,0.0
2025-10-29,ILI incidence,2025-11-02,2,HU,QMUL,SEIR_agumented,WIS,68.0127180413191,-0.5329659947543068,13,10,0.6646887543625088
2025-10-29,ILI incidence,2025-11-02,2,HU,RIVM,KFdlm,WIS,121.19708801901,-1.3664445770757596,13,12,0.37427374972654937
2025-10-29,ILI incidence,2025-11-02,2,HU,respicast,hubEnsemble,WIS,49.7666527602688,-0.082340802843083,13,7,0.7643219950196224
2025-10-29,ILI incidence,2025-11-02,2,HU,respicast,quantileBaseline,WIS,47.0057926086957,0.0,13,5,0.779397762844919
2025-10-29,ILI incidence,2025-11-02,2,HU,safinea,PRFM,WIS,6.60639584381726,2.830903232541843,13,1,1.0
2025-10-29,ILI incidence,2025-11-02,2,IE,ECDC,SARIMA,WIS,2.74807790042109,-1.2777768622595291,17,16,0.6252437393531154
2025-10-29,ILI incidence,2025-11-02,2,IE,ECDC,soca_simplex,WIS,1.18094410006012,-0.05929463754418401,17,5,0.8892461598471101
2025-10-29,ILI incidence,2025-11-02,2,IE,ISI,FluBcast,WIS,2.53782608695652,-1.1629471681531978,17,15,0.6606631704540928
2025-10-29,ILI incidence,2025-11-02,2,IE,ItaLuxColab,EpiEKF,WIS,2.49928678442367,-1.1408704162396683,17,14,0.6671555766229084
2025-10-29,ILI incidence,2025-11-02,2,IE,ItaLuxColab,EpiNetEKF,WIS,1.95451582856735,-0.7861652293846219,17,12,0.7589287557399487
2025-10-29,ILI incidence,2025-11-02,2,IE,MRC_GIDA,NBEATS,WIS,2.2701289235322,-1.0021281934466166,17,13,0.7057599573953984
2025-10-29,ILI incidence,2025-11-02,2,IE,MRC_GIDA,NHiTS,WIS,1.19667768090181,-0.07838858307273129,17,6,0.886595650092112
2025-10-29,ILI incidence,2025-11-02,2,IE,MRC_GIDA,Prophet,WIS,1.58122868399855,-0.48039999256380184,17,11,0.8218134371135211
2025-10-29,ILI incidence,2025-11-02,2,IE,MRC_GIDA,TiDE,WIS,1.56689024222446,-0.46725808632206145,17,10,0.8242289190165979
2025-10-29,ILI incidence,2025-11-02,2,IE,NotreDame,Rt_cocirc,WIS,0.797943478260869,0.5062875759595006,17,2,0.9537671925645572
2025-10-29,ILI incidence,2025-11-02,2,IE,QMUL,ARIMA,WIS,1.25358505188136,-0.1454138430063567,17,8,0.8770089232414179
2025-10-29,ILI incidence,2025-11-02,2,IE,QMUL,SEIR,WIS,6.45956128595558,-2.510790145825436,17,17,0.0
2025-10-29,ILI incidence,2025-11-02,2,IE,QMUL,SEIR_agumented,WIS,1.50689674192797,-0.410934522688524,17,9,0.834335541238984
2025-10-29,ILI incidence,2025-11-02,2,IE,RIVM,KFdlm,WIS,1.05587877010383,0.10220183659677302,17,3,0.910314909573991
2025-10-29,ILI incidence,2025-11-02,2,IE,respicast,hubEnsemble,WIS,1.22442262992057,-0.11145557538314474,17,7,0.881921681796777
2025-10-29,ILI incidence,2025-11-02,2,IE,respicast,quantileBaseline,WIS,1.13339130434783,0.0,17,4,0.897256996679555
2025-10-29,ILI incidence,2025-11-02,2,IE,safinea,PRFM,WIS,0.523502830777069,1.1143767954117763,17,1,1.0
2025-10-29,ILI incidence,2025-11-02,2,IS,ECDC,SARIMA,WIS,1.44071672065213,-0.9765267044158931,11,4,0.8328549204438662
2025-10-29,ILI incidence,2025-11-02,2,IS,ECDC,soca_simplex,WIS,4.30113263164348,-2.55445662890782,11,10,0.15808266020685594
2025-10-29,ILI incidence,2025-11-02,2,IS,ISI,FluBcast,WIS,1.95608695652174,-1.4177105150991298,11,7,0.7112790553466491
2025-10-29,ILI incidence,2025-11-02,2,IS,ItaLuxColab,EpiEKF,WIS,2.50035385009907,-1.7718722889026293,11,9,0.5828864672128244
2025-10-29,ILI incidence,2025-11-02,2,IS,ItaLuxColab,EpiNetEKF,WIS,1.19298116274702,-0.704311272312861,11,3,0.8912957512707276
2025-10-29,ILI incidence,2025-11-02,2,IS,MRC_GIDA,Prophet,WIS,1.0321103049622,-0.49533717383191844,11,2,0.9292451948801741
2025-10-29,ILI incidence,2025-11-02,2,IS,QMUL,ARIMA,WIS,1.94558017068571,-1.4099404394018087,11,6,0.713757606664715
2025-10-29,ILI incidence,2025-11-02,2,IS,RIVM,KFdlm,WIS,1.99832499467598,-1.4485312421710586,11,8,0.7013150999778525
2025-10-29,ILI incidence,2025-11-02,2,IS,respicast,hubEnsemble,WIS,1.75319197670749,-1.2597239910050988,11,5,0.7591419915000684
2025-10-29,ILI incidence,2025-11-02,2,IS,respicast,quantileBaseline,WIS,0.732174782608696,0.0,11,1,1.0
2025-10-29,ILI incidence,2025-11-02,2,IS,safinea,PRFM,WIS,4.97125821793937,-2.7633510512896398,11,11,0.0
2025-10-29,ILI incidence,2025-11-02,2,LT,ECDC,SARIMA,WIS,5.1887448897728,-0.7513864600535466,17,15,0.7665165337807563
2025-10-29,ILI incidence,2025-11-02,2,LT,ECDC,soca_simplex,WIS,0.961360762275344,1.6808493193978984,17,3,0.9819603498329419
2025-10-29,ILI incidence,2025-11-02,2,LT,ISI,FluBcast,WIS,0.607391304347826,2.3433009863345773,17,1,1.0
2025-10-29,ILI incidence,2025-11-02,2,LT,ItaLuxColab,EpiEKF,WIS,4.2485398829583,-0.4629679622674357,17,10,0.8144330108337654
2025-10-29,ILI incidence,2025-11-02,2,LT,ItaLuxColab,EpiNetEKF,WIS,2.29640922056146,0.4246193924576881,17,7,0.9139211260971941
2025-10-29,ILI incidence,2025-11-02,2,LT,MRC_GIDA,NBEATS,WIS,4.4479949467852,-0.529156003153598,17,11,0.8042680107330441
2025-10-29,ILI incidence,2025-11-02,2,LT,MRC_GIDA,NHiTS,WIS,3.34381249939926,-0.11749480624008261,17,9,0.860541411235093
2025-10-29,ILI incidence,2025-11-02,2,LT,MRC_GIDA,Prophet,WIS,20.2291386580685,-2.7143638412791473,17,17,0.0
2025-10-29,ILI incidence,2025-11-02,2,LT,MRC_GIDA,TiDE,WIS,4.89573855785126,-0.6675273713988177,17,14,0.7814492676825604
2025-10-29,ILI incidence,2025-11-02,2,LT,NotreDame,Rt_cocirc,WIS,0.773830434782609,1.9939097696477994,17,2,0.9915176193315309
2025-10-29,ILI incidence,2025-11-02,2,LT,QMUL,ARIMA,WIS,5.28027311210145,-0.7766134062631482,17,16,0.7618519022024023
2025-10-29,ILI incidence,2025-11-02,2,LT,QMUL,SEIR,WIS,2.15260407967932,0.5179161514459986,17,6,0.9212499912736624
2025-10-29,ILI incidence,2025-11-02,2,LT,QMUL,SEIR_agumented,WIS,4.56486337745139,-0.5665725362856042,17,12,0.7983119443053501
2025-10-29,ILI incidence,2025-11-02,2,LT,RIVM,KFdlm,WIS,2.02333570531893,0.6072634388593291,17,5,0.9278380067052178
2025-10-29,ILI incidence,2025-11-02,2,LT,respicast,hubEnsemble,WIS,1.98379589963387,0.6357355424318872,17,4,0.9298531078566227
2025-10-29,ILI incidence,2025-11-02,2,LT,respicast,quantileBaseline,WIS,3.08228260869565,0.0,17,8,0.8738699841694508
2025-10-29,ILI incidence,2025-11-02,2,LT,safinea,PRFM,WIS,4.77303014494523,-0.6309063021110972,17,13,0.7877029621519657
2025-10-29,ILI incidence,2025-11-02,2,LU,ECDC,SARIMA,WIS,708.756410720562,0.3850461252678366,15,7,0.984329034125841
2025-10-29,ILI incidence,2025-11-02,2,LU,ItaLuxColab,EpiEKF,WIS,825.308506772536,0.16540249373152227,15,10,0.9795487026905351
2025-10-29,ILI incidence,2025-11-02,2,LU,ItaLuxColab,EpiNetEKF,WIS,794.15723847748,0.22091132378637554,15,8,0.9808263578518296
2025-10-29,ILI incidence,2025-11-02,2,LU,MRC_GIDA,NBEATS,WIS,1532.60537069562,-0.7275783567379513,15,14,0.9505392421382591
2025-10-29,ILI incidence,2025-11-02,2,LU,MRC_GIDA,NHiTS,WIS,797.256585087897,0.21529189586400085,15,9,0.9806992395542397
2025-10-29,ILI incidence,2025-11-02,2,LU,MRC_GIDA,Prophet,WIS,553.177013653027,0.7425947956458399,15,6,0.990710052637565
2025-10-29,ILI incidence,2025-11-02,2,LU,MRC_GIDA,TiDE,WIS,897.000795992833,0.04522673921312756,15,11,0.9766082759162623
2025-10-29,ILI incidence,2025-11-02,2,LU,NotreDame,Rt_cocirc,WIS,930.150402173913,-0.007128009394595492,15,13,0.9752486598315824
2025-10-29,ILI incidence,2025-11-02,2,LU,QMUL,ARIMA,WIS,355.679751786151,1.3797571579146195,15,3,0.9988103133902165
2025-10-29,ILI incidence,2025-11-02,2,LU,QMUL,SEIR,WIS,407.074846400357,1.1850419260679406,15,4,0.9967023668604926
2025-10-29,ILI incidence,2025-11-02,2,LU,QMUL,SEIR_agumented,WIS,326.673296921719,1.502487474439961,15,1,1.0
2025-10-29,ILI incidence,2025-11-02,2,LU,RIVM,KFdlm,WIS,24708.2664206033,-4.73851397714239,15,15,0.0
2025-10-29,ILI incidence,2025-11-02,2,LU,respicast,hubEnsemble,WIS,467.610795929994,0.9850277662265469,15,5,0.9942195123061346
2025-10-29,ILI incidence,2025-11-02,2,LU,respicast,quantileBaseline,WIS,925.566086956522,0.0,15,12,0.9754366834440731
2025-10-29,ILI incidence,2025-11-02,2,LU,safinea,PRFM,WIS,344.861798110746,1.4243176807519975,15,2,0.9992540068609643
2025-10-29,ILI incidence,2025-11-02,2,LV,ECDC,soca_simplex,WIS,1.19366923934187,3.2658998296668837,7,1,1.0
2025-10-29,ILI incidence,2025-11-02,2,LV,ItaLuxColab,EpiEKF,WIS,5.77516230734399,0.991441463854554,7,5,0.8858385835599193
2025-10-29,ILI incidence,2025-11-02,2,LV,ItaLuxColab,EpiNetEKF,WIS,4.38462666468622,1.3888489494346583,7,4,0.9204878815551367
2025-10-29,ILI incidence,2025-11-02,2,LV,NotreDame,Rt_cocirc,WIS,2.72838695652174,2.07325468629405,7,2,0.9617579802417242
2025-10-29,ILI incidence,2025-11-02,2,LV,respicast,hubEnsemble,WIS,4.21687485339002,1.4451287504342387,7,3,0.9246679128470568
2025-10-29,ILI incidence,2025-11-02,2,LV,respicast,quantileBaseline,WIS,11.482007173913,0.0,7,6,0.7436357069646204
2025-10-29,ILI incidence,2025-11-02,2,LV,safinea,PRFM,WIS,41.325381080941,-1.847653261241922,7,7,0.0
2025-10-29,ILI incidence,2025-11-02,2,MT,ECDC,SARIMA,WIS,21095.6451603752,-0.08448256050138225,10,9,0.054156336904494985
2025-10-29,ILI incidence,2025-11-02,2,MT,ECDC,soca_simplex,WIS,19162.1449902863,0.05420358526989853,10,7,0.15097993391828002
2025-10-29,ILI incidence,2025-11-02,2,MT,ItaLuxColab,EpiEKF,WIS,10757.6178816196,0.8871039997664272,10,4,0.5718521730055725
2025-10-29,ILI incidence,2025-11-02,2,MT,ItaLuxColab,EpiNetEKF,WIS,11072.0581913243,0.8455392186760818,10,5,0.5561059929417053
2025-10-29,ILI incidence,2025-11-02,2,MT,NotreDame,Rt_cocirc,WIS,13217.2480086957,0.590040827631554,10,6,0.4486816453215582
2025-10-29,ILI incidence,2025-11-02,2,MT,QMUL,ARIMA,WIS,22177.1096984188,-0.15660870483801495,10,10,0.0
2025-10-29,ILI incidence,2025-11-02,2,MT,RIVM,KFdlm,WIS,7830.7296492086,1.3452440032769946,10,3,0.7184215145052023
2025-10-29,ILI incidence,2025-11-02,2,MT,respicast,hubEnsemble,WIS,4645.1328260367,2.0986708934457416,10,2,0.8779461671671195
2025-10-29,ILI incidence,2025-11-02,2,MT,respicast,quantileBaseline,WIS,19895.7826086957,0.0,10,8,0.11424167331820013
2025-10-29,ILI incidence,2025-11-02,2,MT,safinea,PRFM,WIS,2207.8023216889,3.1717797396169622,10,1,1.0
2025-10-29,ILI incidence,2025-11-02,2,NL,ECDC,SARIMA,WIS,2.63800604166777,0.16820338792538259,17,5,0.9093238021132831
2025-10-29,ILI incidence,2025-11-02,2,NL,ECDC,soca_simplex,WIS,6.23022038584456,-1.0716319409528379,17,15,0.5685941414782891
2025-10-29,ILI incidence,2025-11-02,2,NL,ISI,FluBcast,WIS,5.77826086956522,-0.9629840816948411,17,14,0.6114635244961073
2025-10-29,ILI incidence,2025-11-02,2,NL,ItaLuxColab,EpiEKF,WIS,3.3979130750045,-0.19699768950966318,17,10,0.8372449001394353
2025-10-29,ILI incidence,2025-11-02,2,NL,ItaLuxColab,EpiNetEKF,WIS,2.67344102484305,0.1489534048882389,17,6,0.9059627137607765
2025-10-29,ILI incidence,2025-11-02,2,NL,MRC_GIDA,NBEATS,WIS,1.68203309197786,0.8174451674751031,17,1,1.0
2025-10-29,ILI incidence,2025-11-02,2,NL,MRC_GIDA,NHiTS,WIS,3.77357975823232,-0.3482825106384574,17,12,0.8016120650065357
2025-10-29,ILI incidence,2025-11-02,2,NL,MRC_GIDA,Prophet,WIS,4.1187961560086,-0.4745714706877628,17,13,0.7688675083654138
2025-10-29,ILI incidence,2025-11-02,2,NL,MRC_GIDA,TiDE,WIS,2.23052791865207,0.4102660507586854,17,3,0.9479740243073993
2025-10-29,ILI incidence,2025-11-02,2,NL,NotreDame,Rt_cocirc,WIS,6.84940869565217,-1.2083281900242726,17,16,0.5098627289132488
2025-10-29,ILI incidence,2025-11-02,2,NL,QMUL,ARIMA,WIS,2.35981172193352,0.32897949818055094,17,4,0.9357111629642005
2025-10-29,ILI incidence,2025-11-02,2,NL,QMUL,SEIR,WIS,12.2247441007061,-2.0440811039590945,17,17,0.0
2025-10-29,ILI incidence,2025-11-02,2,NL,QMUL,SEIR_agumented,WIS,1.72722821834401,0.7791925381474529,17,2,0.9957131399761663
2025-10-29,ILI incidence,2025-11-02,2,NL,RIVM,KFdlm,WIS,3.05412636509919,-0.043108498533303466,17,9,0.8698538476502502
2025-10-29,ILI incidence,2025-11-02,2,NL,respicast,hubEnsemble,WIS,2.75663394607402,0.10474355230868977,17,7,0.898071676895392
2025-10-29,ILI incidence,2025-11-02,2,NL,respicast,quantileBaseline,WIS,2.96421739130435,0.0,17,8,0.8783819173014438
2025-10-29,ILI incidence,2025-11-02,2,NL,safinea,PRFM,WIS,3.63057752502531,-0.2925478029387463,17,11,0.8151761504764513
2025-10-29,ILI incidence,2025-11-02,2,NO,ECDC,SARIMA,WIS,3.69290377834265,0.36662917275579804,12,7,0.5712783729114572
2025-10-29,ILI incidence,2025-11-02,2,NO,ECDC,soca_simplex,WIS,5.45175845981858,-0.1953367997707511,12,10,0.250975748656301
2025-10-29,ILI incidence,2025-11-02,2,NO,ISI,FluBcast,WIS,1.33869565217391,1.830556838965375,12,1,1.0
2025-10-29,ILI incidence,2025-11-02,2,NO,ItaLuxColab,EpiEKF,WIS,4.35623349175779,0.12830356137771698,12,8,0.4504803046054387
2025-10-29,ILI incidence,2025-11-02,2,NO,ItaLuxColab,EpiNetEKF,WIS,3.16428893781769,0.5895035038619169,12,5,0.6675436996741462
2025-10-29,ILI incidence,2025-11-02,2,NO,MRC_GIDA,Prophet,WIS,6.82992347325729,-0.5204845685681411,12,12,0.0
2025-10-29,ILI incidence,2025-11-02,2,NO,NotreDame,Rt_cocirc,WIS,2.8031152173913,0.7643538000078894,12,3,0.7333165527034226
2025-10-29,ILI incidence,2025-11-02,2,NO,QMUL,ARIMA,WIS,2.01185310453961,1.242859874572243,12,2,0.8774122155738767
2025-10-29,ILI incidence,2025-11-02,2,NO,RIVM,KFdlm,WIS,3.44683193277434,0.4661138904431853,12,6,0.6160901806866739
2025-10-29,ILI incidence,2025-11-02,2,NO,respicast,hubEnsemble,WIS,2.86276535343918,0.7339754204935829,12,4,0.7224537478824578
2025-10-29,ILI incidence,2025-11-02,2,NO,respicast,quantileBaseline,WIS,4.76139673913043,0.0,12,9,0.3766965788934895
2025-10-29,ILI incidence,2025-11-02,2,NO,safinea,PRFM,WIS,6.19305870714555,-0.3792672769800576,12,11,0.1159785728915708
2025-10-29,ILI incidence,2025-11-02,2,PL,ECDC,SARIMA,WIS,17.8383314714198,1.3978533391453867,16,1,1.0
2025-10-29,ILI incidence,2025-11-02,2,PL,ECDC,soca_simplex,WIS,76.2733502200684,-0.6983450532904202,16,8,0.8209096083643311
2025-10-29,ILI incidence,2025-11-02,2,PL,ItaLuxColab,EpiEKF,WIS,30.2736435058628,0.6347716991607961,16,2,0.9618885224981355
2025-10-29,ILI incidence,2025-11-02,2,PL,ItaLuxColab,EpiNetEKF,WIS,30.9742336572706,0.6017654279359801,16,3,0.9597413688344839
2025-10-29,ILI incidence,2025-11-02,2,PL,MRC_GIDA,NBEATS,WIS,192.381776881315,-2.033066226421556,16,11,0.4650629936416329
2025-10-29,ILI incidence,2025-11-02,2,PL,MRC_GIDA,NHiTS,WIS,344.126180947596,-2.8720317340580532,16,16,0.0
2025-10-29,ILI incidence,2025-11-02,2,PL,MRC_GIDA,Prophet,WIS,56.0312908288452,-0.25339871264727887,16,6,0.8829470376578823
2025-10-29,ILI incidence,2025-11-02,2,PL,MRC_GIDA,TiDE,WIS,235.306751821036,-2.3236367957040747,16,14,0.3335074514765388
2025-10-29,ILI incidence,2025-11-02,2,PL,NotreDame,Rt_cocirc,WIS,194.585410869565,-2.0494976257424464,16,13,0.45830934347725283
2025-10-29,ILI incidence,2025-11-02,2,PL,QMUL,ARIMA,WIS,39.2531351818342,0.26002612869011105,16,4,0.9343683690802652
2025-10-29,ILI incidence,2025-11-02,2,PL,QMUL,SEIR,WIS,193.983040632253,-2.04502460562488,16,12,0.4601554748556632
2025-10-29,ILI incidence,2025-11-02,2,PL,QMUL,SEIR_agumented,WIS,78.434502833611,-0.7386544096452308,16,9,0.8142861542056422
2025-10-29,ILI incidence,2025-11-02,2,PL,RIVM,KFdlm,WIS,240.302361873612,-2.3539449067281364,16,15,0.3181970129769257
2025-10-29,ILI incidence,2025-11-02,2,PL,respicast,hubEnsemble,WIS,82.6242258031228,-0.8137308318972949,16,10,0.8014455811464922
2025-10-29,ILI incidence,2025-11-02,2,PL,respicast,quantileBaseline,WIS,47.0056447826087,0.0,16,5,0.910608643999419
2025-10-29,ILI incidence,2025-11-02,2,PL,safinea,PRFM,WIS,61.5149833063758,-0.3881038362788576,16,7,0.8661407346149276
2025-10-29,ILI incidence,2025-11-02,2,RO,ItaLuxColab,EpiEKF,WIS,0.493715654994734,0.5802060078216339,7,5,0.9669274764728524
2025-10-29,ILI incidence,2025-11-02,2,RO,ItaLuxColab,EpiNetEKF,WIS,0.258206829960063,1.5153592367469289,7,1,1.0
2025-10-29,ILI incidence,2025-11-02,2,RO,NotreDame,Rt_cocirc,WIS,0.296739130434783,1.3146912144935234,7,2,0.9945889058984618
2025-10-29,ILI incidence,2025-11-02,2,RO,RIVM,KFdlm,WIS,0.415671083830283,0.8284440090213301,7,4,0.9778872819732299
2025-10-29,ILI incidence,2025-11-02,2,RO,respicast,hubEnsemble,WIS,0.310405781546384,1.2497309702764996,7,3,0.9926696969670801
2025-10-29,ILI incidence,2025-11-02,2,RO,respicast,quantileBaseline,WIS,0.738135869565217,0.0,7,6,0.9326035257856425
2025-10-29,ILI incidence,2025-11-02,2,RO,safinea,PRFM,WIS,7.3791882343985,-3.32150381335843,7,7,0.0
2025-10-29,ILI incidence,2025-11-02,2,SI,ECDC,SARIMA,WIS,4.13416730698995,-0.7951205607143889,17,10,0.5370529287842133
2025-10-29,ILI incidence,2025-11-02,2,SI,ECDC,soca_simplex,WIS,3.64935297431868,-0.6151644845183735,17,9,0.607176384127572
2025-10-29,ILI incidence,2025-11-02,2,SI,ISI,FluBcast,WIS,0.933478260869565,1.3517878841081818,17,1,1.0
2025-10-29,ILI incidence,2025-11-02,2,SI,ItaLuxColab,EpiEKF,WIS,2.79962278447533,-0.23275624031080472,17,7,0.7300812015100782
2025-10-29,ILI incidence,2025-11-02,2,SI,ItaLuxColab,EpiNetEKF,WIS,2.44960359217414,-0.040072089429106526,17,6,0.7807079126995213
2025-10-29,ILI incidence,2025-11-02,2,SI,MRC_GIDA,NBEATS,WIS,7.33531008809305,-1.6223817405975576,17,16,0.0740402294245083
2025-10-29,ILI incidence,2025-11-02,2,SI,MRC_GIDA,NHiTS,WIS,6.51558430376578,-1.4514183482876872,17,15,0.19260521514667953
2025-10-29,ILI incidence,2025-11-02,2,SI,MRC_GIDA,Prophet,WIS,7.84720392223895,-1.7197024773082688,17,17,0.0
2025-10-29,ILI incidence,2025-11-02,2,SI,MRC_GIDA,TiDE,WIS,3.03586367625251,-0.3496307946648842,17,8,0.6959113626492188
2025-10-29,ILI incidence,2025-11-02,2,SI,NotreDame,Rt_cocirc,WIS,1.34663913043478,0.8231129219718897,17,2,0.940240488297972
2025-10-29,ILI incidence,2025-11-02,2,SI,QMUL,ARIMA,WIS,5.25834609593123,-1.1421328868263283,17,12,0.37445191682583356
2025-10-29,ILI incidence,2025-11-02,2,SI,QMUL,SEIR,WIS,6.0518101076975,-1.3448905055772074,17,14,0.25968542902609765
2025-10-29,ILI incidence,2025-11-02,2,SI,QMUL,SEIR_agumented,WIS,6.02205734717956,-1.337780232568626,17,13,0.26398886280047845
2025-10-29,ILI incidence,2025-11-02,2,SI,RIVM,KFdlm,WIS,1.61406371422028,0.5617786848532534,17,3,0.9015602459968143
2025-10-29,ILI incidence,2025-11-02,2,SI,respicast,hubEnsemble,WIS,1.89313795068237,0.33169667181311063,17,4,0.8611950000887469
2025-10-29,ILI incidence,2025-11-02,2,SI,respicast,quantileBaseline,WIS,2.3825,0.0,17,5,0.790413763851395
2025-10-29,ILI incidence,2025-11-02,2,SI,safinea,PRFM,WIS,4.33558522379194,-0.8637505295950475,17,11,0.507919878578386
2025-10-29,ILI incidence,2025-11-09,3,AT,ECDC,SARIMA,WIS,175.602056777459,0.6323266485915242,13,6,0.694254979944434
2025-10-29,ILI incidence,2025-11-09,3,AT,ECDC,soca_simplex,WIS,277.785345399364,-0.02933410032486497,13,11,0.48421073655583763
2025-10-29,ILI incidence,2025-11-09,3,AT,ISI,FluBcast,WIS,169.834782608696,0.6805044345669216,13,5,0.7061099785017296
2025-10-29,ILI incidence,2025-11-09,3,AT,ItaLuxColab,EpiEKF,WIS,302.805024713447,-0.15375275400127195,13,12,0.4327811957549233
2025-10-29,ILI incidence,2025-11-09,3,AT,ItaLuxColab,EpiNetEKF,WIS,251.517964872688,0.11397494208138696,13,9,0.5382050064891627
2025-10-29,ILI incidence,2025-11-09,3,AT,NotreDame,Rt_cocirc,WIS,184.184241304348,0.5634867608766219,13,7,0.67661375426181
2025-10-29,ILI incidence,2025-11-09,3,AT,QMUL,ARIMA,WIS,72.0472538567897,1.9176210444496136,13,2,0.9071184581322401
2025-10-29,ILI incidence,2025-11-09,3,AT,QMUL,SEIR,WIS,122.272376063623,1.1545378863323654,13,3,0.8038775276894065
2025-10-29,ILI incidence,2025-11-09,3,AT,QMUL,SEIR_agumented,WIS,26.8618146026323,3.3410077195490713,13,1,1.0
2025-10-29,ILI incidence,2025-11-09,3,AT,RIVM,KFdlm,WIS,202.384138726693,0.4275401640458893,13,8,0.6392027085283786
2025-10-29,ILI incidence,2025-11-09,3,AT,respicast,hubEnsemble,WIS,169.051547925909,0.6871731650695666,13,4,0.7077199671658294
2025-10-29,ILI incidence,2025-11-09,3,AT,respicast,quantileBaseline,WIS,272.194212391304,0.0,13,10,0.4957036657637474
2025-10-29,ILI incidence,2025-11-09,3,AT,safinea,PRFM,WIS,513.346409340413,-0.915296302570897,13,13,0.0
2025-10-29,ILI incidence,2025-11-09,3,BE,ECDC,SARIMA,WIS,36.0201022920464,-0.26827801291029196,17,10,0.8270192182393808
2025-10-29,ILI incidence,2025-11-09,3,BE,ECDC,soca_simplex,WIS,7.27168457411174,2.040162739574546,17,1,1.0
2025-10-29,ILI incidence,2025-11-09,3,BE,ISI,FluBcast,WIS,51.4939130434783,-0.7838776398946732,17,12,0.7339124633960099
2025-10-29,ILI incidence,2025-11-09,3,BE,ItaLuxColab,EpiEKF,WIS,33.1886733235382,-0.15016669521453313,17,7,0.8440560792338788
2025-10-29,ILI incidence,2025-11-09,3,BE,ItaLuxColab,EpiNetEKF,WIS,35.5998831826566,-0.2513482417529217,17,9,0.8295476993114941
2025-10-29,ILI incidence,2025-11-09,3,BE,MRC_GIDA,NBEATS,WIS,27.1269339450271,0.1407982709334216,17,4,0.8805298923950752
2025-10-29,ILI incidence,2025-11-09,3,BE,MRC_GIDA,NHiTS,WIS,67.1547004292086,-1.1669641178587176,17,14,0.6396806600477354
2025-10-29,ILI incidence,2025-11-09,3,BE,MRC_GIDA,Prophet,WIS,32.9838010263068,-0.1412333979629524,17,6,0.8452888069089769
2025-10-29,ILI incidence,2025-11-09,3,BE,MRC_GIDA,TiDE,WIS,17.8642883126875,0.7434458251996365,17,2,0.9362637313275086
2025-10-29,ILI incidence,2025-11-09,3,BE,NotreDame,Rt_cocirc,WIS,66.5862760869565,-1.1547005926624248,17,13,0.64310090000874
2025-10-29,ILI incidence,2025-11-09,3,BE,QMUL,ARIMA,WIS,78.0111258401379,-1.3831556284517272,17,15,0.5743569621268985
2025-10-29,ILI incidence,2025-11-09,3,BE,QMUL,SEIR,WIS,173.46597173902,-2.5360565112145683,17,17,0.0
2025-10-29,ILI incidence,2025-11-09,3,BE,QMUL,SEIR_agumented,WIS,125.084573320791,-2.0643077024051566,17,16,0.29111348677239424
2025-10-29,ILI incidence,2025-11-09,3,BE,RIVM,KFdlm,WIS,36.7923728885212,-0.29888245914181294,17,11,0.8223724243594656
2025-10-29,ILI incidence,2025-11-09,3,BE,respicast,hubEnsemble,WIS,33.6137050503393,-0.16852530620852382,17,8,0.841498640382931
2025-10-29,ILI incidence,2025-11-09,3,BE,respicast,quantileBaseline,WIS,29.9078513043478,0.0,17,5,0.8637969624805752
2025-10-29,ILI incidence,2025-11-09,3,BE,safinea,PRFM,WIS,18.8552681448623,0.6655565978867096,17,3,0.930300952166565
2025-10-29,ILI incidence,2025-11-09,3,CZ,ECDC,soca_simplex,WIS,12.157062580696,-1.4986037888848622,9,9,0.0
2025-10-29,ILI incidence,2025-11-09,3,CZ,ISI,FluBcast,WIS,8.40173913043478,-0.9655690022271558,9,7,0.3656504136404313
2025-10-29,ILI incidence,2025-11-09,3,CZ,ItaLuxColab,EpiEKF,WIS,7.44950415880186,-0.7920254131890023,9,6,0.45836815576627726
2025-10-29,ILI incidence,2025-11-09,3,CZ,ItaLuxColab,EpiNetEKF,WIS,5.50675088887538,-0.35608235681072986,9,4,0.6475312321719874
2025-10-29,ILI incidence,2025-11-09,3,CZ,NotreDame,Rt_cocirc,WIS,4.64790652173913,-0.11146206431342147,9,3,0.7311556661935841
2025-10-29,ILI incidence,2025-11-09,3,CZ,RIVM,KFdlm,WIS,10.982938275062,-1.3520731769587293,9,8,0.1143227856951956
2025-10-29,ILI incidence,2025-11-09,3,CZ,respicast,hubEnsemble,WIS,6.21197733142064,-0.5299335757179844,9,5,0.5788643533152787
2025-10-29,ILI incidence,2025-11-09,3,CZ,respicast,quantileBaseline,WIS,4.30233239130435,0.0,9,2,0.7648037195265455
2025-10-29,ILI incidence,2025-11-09,3,CZ,safinea,PRFM,WIS,1.88680631905785,1.1891726516895391,9,1,1.0
2025-10-29,ILI incidence,2025-11-09,3,EE,ECDC,SARIMA,WIS,14.4302015447692,-0.12582313469462042,12,6,0.8108620100931968
2025-10-29,ILI incidence,2025-11-09,3,EE,ECDC,soca_simplex,WIS,12.7151132338847,0.05672400526850247,12,3,0.8577100630961183
2025-10-29,ILI incidence,2025-11-09,3,EE,ISI,FluBcast,WIS,33.4569565217391,-1.33903789852427,12,9,0.2911415852160698
2025-10-29,ILI incidence,2025-11-09,3,EE,ItaLuxColab,EpiEKF,WIS,44.1155324413259,-1.7380183820849306,12,12,0.0
2025-10-29,ILI incidence,2025-11-09,3,EE,ItaLuxColab,EpiNetEKF,WIS,33.8389117937308,-1.355414859185345,12,10,0.2807083843636984
2025-10-29,ILI incidence,2025-11-09,3,EE,NotreDame,Rt_cocirc,WIS,32.2386130434782,-1.2855213629493163,12,8,0.32442093268937555
2025-10-29,ILI incidence,2025-11-09,3,EE,QMUL,ARIMA,WIS,9.0628229012884,0.5452359170725946,12,2,0.9574732589605276
2025-10-29,ILI incidence,2025-11-09,3,EE,QMUL,SEIR_agumented,WIS,7.50593607714946,0.8171644062542991,12,1,1.0
2025-10-29,ILI incidence,2025-11-09,3,EE,RIVM,KFdlm,WIS,40.2061355520383,-1.6041473616920707,12,11,0.10678612379111227
2025-10-29,ILI incidence,2025-11-09,3,EE,respicast,hubEnsemble,WIS,14.3941642246667,-0.1222157082205328,12,5,0.8118463782283715
2025-10-29,ILI incidence,2025-11-09,3,EE,respicast,quantileBaseline,WIS,13.2250054347826,0.0,12,4,0.8437822340147563
2025-10-29,ILI incidence,2025-11-09,3,EE,safinea,PRFM,WIS,16.6292330139385,-0.33045331387659166,12,7,0.7507949323987506
2025-10-29,ILI incidence,2025-11-09,3,ES,ECDC,SARIMA,WIS,5.13487065570477,-0.2604378738264478,12,9,0.5997045523620247
2025-10-29,ILI incidence,2025-11-09,3,ES,ECDC,soca_simplex,WIS,3.80220512873823,0.17305369515979258,12,6,0.7288043255234979
2025-10-29,ILI incidence,2025-11-09,3,ES,ISI,FluBcast,WIS,2.34,0.8733815327479724,12,2,0.8704530337821513
2025-10-29,ILI incidence,2025-11-09,3,ES,ItaLuxColab,EpiEKF,WIS,4.95344001550628,-0.2085407191249204,12,8,0.6172803461528954
2025-10-29,ILI incidence,2025-11-09,3,ES,ItaLuxColab,EpiNetEKF,WIS,2.71321247656309,0.6598880304618436,12,4,0.8342986911580128
2025-10-29,ILI incidence,2025-11-09,3,ES,QMUL,ARIMA,WIS,3.19004304841092,0.42631416981732134,12,5,0.7881065165903008
2025-10-29,ILI incidence,2025-11-09,3,ES,QMUL,SEIR,WIS,11.3254747421903,-1.4016095588802273,12,12,0.0
2025-10-29,ILI incidence,2025-11-09,3,ES,QMUL,SEIR_agumented,WIS,1.00271820798871,2.095973837520294,12,1,1.0
2025-10-29,ILI incidence,2025-11-09,3,ES,RIVM,KFdlm,WIS,5.27130553091577,-0.2982702521938675,12,10,0.5864876490320895
2025-10-29,ILI incidence,2025-11-09,3,ES,respicast,hubEnsemble,WIS,2.41192123404965,0.8297072685447863,12,3,0.8634857829503256
2025-10-29,ILI incidence,2025-11-09,3,ES,respicast,quantileBaseline,WIS,4.28676717391304,0.0,12,7,0.6818631772391857
2025-10-29,ILI incidence,2025-11-09,3,ES,safinea,PRFM,WIS,10.1003164416578,-1.2364385254720245,12,11,0.11868518805740294
2025-10-29,ILI incidence,2025-11-09,3,FI,ECDC,soca_simplex,WIS,6.42900536541553,-1.0834257423843268,8,8,0.0
2025-10-29,ILI incidence,2025-11-09,3,FI,ISI,FluBcast,WIS,1.97,0.622974182691282,8,1,1.0
2025-10-29,ILI incidence,2025-11-09,3,FI,ItaLuxColab,EpiEKF,WIS,3.64746660938104,-0.2657249587240691,8,6,0.623802513809104
2025-10-29,ILI incidence,2025-11-09,3,FI,ItaLuxColab,EpiNetEKF,WIS,2.09510185001919,0.5341494324359192,8,2,0.9719440010120886
2025-10-29,ILI incidence,2025-11-09,3,FI,RIVM,KFdlm,WIS,3.1131351663395,-0.037198404837077675,8,5,0.7436344940946326
2025-10-29,ILI incidence,2025-11-09,3,FI,respicast,hubEnsemble,WIS,2.40393346822958,0.3357728441039871,8,3,0.9026837976928197
2025-10-29,ILI incidence,2025-11-09,3,FI,respicast,quantileBaseline,WIS,3.03389217391304,0.0,8,4,0.7614059444366923
2025-10-29,ILI incidence,2025-11-09,3,FI,safinea,PRFM,WIS,5.56423273234022,-0.8750129516429344,8,7,0.19393845985980834
2025-10-29,ILI incidence,2025-11-09,3,FR,ECDC,SARIMA,WIS,21.9725035053202,0.516404097769301,13,1,1.0
2025-10-29,ILI incidence,2025-11-09,3,FR,ECDC,soca_simplex,WIS,39.2510305409163,-0.3206271778189068,13,8,0.8309233035210278
2025-10-29,ILI incidence,2025-11-09,3,FR,ISI,FluBcast,WIS,56.7965217391304,-0.8536992258984357,13,10,0.6592342652260699
2025-10-29,ILI incidence,2025-11-09,3,FR,ItaLuxColab,EpiEKF,WIS,42.1004562393736,-0.42173251292175185,13,9,0.803040632563895
2025-10-29,ILI incidence,2025-11-09,3,FR,ItaLuxColab,EpiNetEKF,WIS,39.1543479071837,-0.31706916611907227,13,7,0.8318693783967808
2025-10-29,ILI incidence,2025-11-09,3,FR,NotreDame,Rt_cocirc,WIS,35.0031413043478,-0.1553810455386662,13,5,0.8724904508622309
2025-10-29,ILI incidence,2025-11-09,3,FR,QMUL,ARIMA,WIS,31.5957270020527,-0.00762610706160162,13,4,0.9058332440633171
2025-10-29,ILI incidence,2025-11-09,3,FR,QMUL,SEIR,WIS,124.16593048504,-1.9820941111775492,13,13,0.0
2025-10-29,ILI incidence,2025-11-09,3,FR,QMUL,SEIR_agumented,WIS,80.5615185228069,-1.3579875224667755,13,11,0.4266850936595594
2025-10-29,ILI incidence,2025-11-09,3,FR,RIVM,KFdlm,WIS,89.3952490958322,-1.5080948066916258,13,12,0.34024381427298656
2025-10-29,ILI incidence,2025-11-09,3,FR,respicast,hubEnsemble,WIS,38.9984446689308,-0.3113132329111796,13,6,0.8333949485127905
2025-10-29,ILI incidence,2025-11-09,3,FR,respicast,quantileBaseline,WIS,31.429152173913,0.0,13,3,0.9074632395832125
2025-10-29,ILI incidence,2025-11-09,3,FR,safinea,PRFM,WIS,22.2838793913854,0.4961029421007392,13,2,0.9969530732526761
2025-10-29,ILI incidence,2025-11-09,3,GR,ECDC,SARIMA,WIS,89.7601487614666,-0.037830081320639156,17,10,0.7814553343091207
2025-10-29,ILI incidence,2025-11-09,3,GR,ECDC,soca_simplex,WIS,93.5632539764403,-0.09769705149074538,17,11,0.7714665490229107
2025-10-29,ILI incidence,2025-11-09,3,GR,ISI,FluBcast,WIS,108.631739130435,-0.3131287887834129,17,13,0.731889452339106
2025-10-29,ILI incidence,2025-11-09,3,GR,ItaLuxColab,EpiEKF,WIS,140.119164331024,-0.680337398311884,17,15,0.6491883142517504
2025-10-29,ILI incidence,2025-11-09,3,GR,ItaLuxColab,EpiNetEKF,WIS,86.85613005122,0.009617311919566905,17,8,0.7890826855718678
2025-10-29,ILI incidence,2025-11-09,3,GR,MRC_GIDA,NBEATS,WIS,6.55199742187317,3.738238291228533,17,1,1.0
2025-10-29,ILI incidence,2025-11-09,3,GR,MRC_GIDA,NHiTS,WIS,53.3285123578823,0.713337902204629,17,3,0.8771423513887133
2025-10-29,ILI incidence,2025-11-09,3,GR,MRC_GIDA,Prophet,WIS,57.4678392681057,0.6054901793010209,17,4,0.8662704860580197
2025-10-29,ILI incidence,2025-11-09,3,GR,MRC_GIDA,TiDE,WIS,71.8656585971184,0.28294245012286634,17,5,0.8284548807203307
2025-10-29,ILI incidence,2025-11-09,3,GR,NotreDame,Rt_cocirc,WIS,13.1300434782609,2.7353732921212566,17,2,0.9827228840786851
2025-10-29,ILI incidence,2025-11-09,3,GR,QMUL,ARIMA,WIS,80.5961237282263,0.11753453165600085,17,7,0.8055244760341739
2025-10-29,ILI incidence,2025-11-09,3,GR,QMUL,SEIR,WIS,387.289505137057,-2.1470955166523953,17,17,0.0
2025-10-29,ILI incidence,2025-11-09,3,GR,QMUL,SEIR_agumented,WIS,179.57107818553,-1.0382381167987695,17,16,0.5455685944840343
2025-10-29,ILI incidence,2025-11-09,3,GR,RIVM,KFdlm,WIS,118.251380054045,-0.43554012990055296,17,14,0.7066236439312669
2025-10-29,ILI incidence,2025-11-09,3,GR,respicast,hubEnsemble,WIS,75.5722151232248,0.21038907489395153,17,6,0.8187196787741144
2025-10-29,ILI incidence,2025-11-09,3,GR,respicast,quantileBaseline,WIS,87.4370656521739,0.0,17,9,0.7875568689943521
2025-10-29,ILI incidence,2025-11-09,3,GR,safinea,PRFM,WIS,107.987241396088,-0.3045439784719228,17,12,0.7335822136806787
2025-10-29,ILI incidence,2025-11-09,3,HR,ECDC,SARIMA,WIS,3.2759997040104,0.3811438436031379,13,8,0.8158406789049051
2025-10-29,ILI incidence,2025-11-09,3,HR,ECDC,soca_simplex,WIS,2.24880621298567,0.9239197255293282,13,4,0.9019435348818046
2025-10-29,ILI incidence,2025-11-09,3,HR,ISI,FluBcast,WIS,3.32260869565217,0.36076267370746384,13,9,0.8119337545234466
2025-10-29,ILI incidence,2025-11-09,3,HR,ItaLuxColab,EpiEKF,WIS,3.53124225689714,0.2729032712724463,13,10,0.794445379029651
2025-10-29,ILI incidence,2025-11-09,3,HR,ItaLuxColab,EpiNetEKF,WIS,3.07737354833451,0.4713794937635625,13,7,0.8324901995890218
2025-10-29,ILI incidence,2025-11-09,3,HR,NotreDame,Rt_cocirc,WIS,8.22978260869565,-0.9477752518475694,13,12,0.400597728370406
2025-10-29,ILI incidence,2025-11-09,3,HR,QMUL,ARIMA,WIS,2.5415076516009,0.7473944959843339,13,5,0.8774083036585454
2025-10-29,ILI incidence,2025-11-09,3,HR,QMUL,SEIR,WIS,1.39785423679089,1.6098651407235953,13,2,0.9732732269892415
2025-10-29,ILI incidence,2025-11-09,3,HR,QMUL,SEIR_agumented,WIS,1.07900805031698,1.9833734416361668,13,1,1.0
2025-10-29,ILI incidence,2025-11-09,3,HR,RIVM,KFdlm,WIS,3.05348224979595,0.4826236115612536,13,6,0.83449284958159
2025-10-29,ILI incidence,2025-11-09,3,HR,respicast,hubEnsemble,WIS,2.20549038901535,0.9519795966995478,13,3,0.9055744147359172
2025-10-29,ILI incidence,2025-11-09,3,HR,respicast,quantileBaseline,WIS,4.26657695652174,0.0,13,11,0.7328071207172555
2025-10-29,ILI incidence,2025-11-09,3,HR,safinea,PRFM,WIS,13.0088503229161,-1.6083424919582945,13,13,0.0
2025-10-29,ILI incidence,2025-11-09,3,HU,ECDC,SARIMA,WIS,41.097515043148,0.06626499954440754,13,4,0.849481418270194
2025-10-29,ILI incidence,2025-11-09,3,HU,ECDC,soca_simplex,WIS,141.435741909672,-1.7167586776550938,13,11,0.3372698788993389
2025-10-29,ILI incidence,2025-11-09,3,HU,ISI,FluBcast,WIS,130.242608695652,-1.5978134326813636,13,10,0.3944091385113605
2025-10-29,ILI incidence,2025-11-09,3,HU,ItaLuxColab,EpiEKF,WIS,61.3145605297708,-0.5109135514959997,13,8,0.7462764453139841
2025-10-29,ILI incidence,2025-11-09,3,HU,ItaLuxColab,EpiNetEKF,WIS,50.0694192024145,-0.21861355679031924,13,7,0.8036811985132821
2025-10-29,ILI incidence,2025-11-09,3,HU,NotreDame,Rt_cocirc,WIS,11.6121043478261,1.8896867223130998,13,1,1.0
2025-10-29,ILI incidence,2025-11-09,3,HU,QMUL,ARIMA,WIS,36.6018955830029,0.2333977972165877,13,2,0.872430878670463
2025-10-29,ILI incidence,2025-11-09,3,HU,QMUL,SEIR,WIS,207.504268334933,-2.2697529440082436,13,13,0.0
2025-10-29,ILI incidence,2025-11-09,3,HU,QMUL,SEIR_agumented,WIS,82.832041822768,-0.9448727880563956,13,9,0.6364329433839455
2025-10-29,ILI incidence,2025-11-09,3,HU,RIVM,KFdlm,WIS,149.791160720715,-1.7995644230833574,13,12,0.2946167240156503
2025-10-29,ILI incidence,2025-11-09,3,HU,respicast,hubEnsemble,WIS,49.7619017964358,-0.20972545964022218,13,6,0.8052510285652843
2025-10-29,ILI incidence,2025-11-09,3,HU,respicast,quantileBaseline,WIS,43.0292043478261,0.0,13,5,0.8396204352407491
2025-10-29,ILI incidence,2025-11-09,3,HU,safinea,PRFM,WIS,37.8040713542673,0.18677454812145966,13,3,0.8662939523800192
2025-10-29,ILI incidence,2025-11-09,3,IE,ECDC,SARIMA,WIS,3.01288777942367,0.005290458638864117,17,11,0.7251606890358929
2025-10-29,ILI incidence,2025-11-09,3,IE,ECDC,soca_simplex,WIS,2.64276138739531,0.1943912255361108,17,7,0.7800487504228716
2025-10-29,ILI incidence,2025-11-09,3,IE,ISI,FluBcast,WIS,1.1595652173913,1.382853433008362,17,1,1.0
2025-10-29,ILI incidence,2025-11-09,3,IE,ItaLuxColab,EpiEKF,WIS,2.66692461769635,0.18126034994617835,17,8,0.7764654532124161
2025-10-29,ILI incidence,2025-11-09,3,IE,ItaLuxColab,EpiNetEKF,WIS,1.83228677781416,0.7227920742145117,17,3,0.9002384507019839
2025-10-29,ILI incidence,2025-11-09,3,IE,MRC_GIDA,NBEATS,WIS,7.90286025597625,-1.385937500901616,17,17,0.0
2025-10-29,ILI incidence,2025-11-09,3,IE,MRC_GIDA,NHiTS,WIS,6.00005661758974,-0.9885387175820378,17,15,0.282177129652302
2025-10-29,ILI incidence,2025-11-09,3,IE,MRC_GIDA,Prophet,WIS,2.84147838085602,0.08979565791773647,17,9,0.7505799236366111
2025-10-29,ILI incidence,2025-11-09,3,IE,MRC_GIDA,TiDE,WIS,2.94832178694974,0.03654340448535963,17,10,0.734735532210407
2025-10-29,ILI incidence,2025-11-09,3,IE,NotreDame,Rt_cocirc,WIS,6.30785217391304,-1.06071145387939,17,16,0.2365324478517724
2025-10-29,ILI incidence,2025-11-09,3,IE,QMUL,ARIMA,WIS,2.24161075246985,0.43190161556703444,17,4,0.8395375659989495
2025-10-29,ILI incidence,2025-11-09,3,IE,QMUL,SEIR,WIS,2.63566101225639,0.19827256787833683,17,6,0.7811017037785074
2025-10-29,ILI incidence,2025-11-09,3,IE,QMUL,SEIR_agumented,WIS,1.65405891470724,0.8704267750102269,17,2,0.9266688325979421
2025-10-29,ILI incidence,2025-11-09,3,IE,RIVM,KFdlm,WIS,3.07282432472298,-0.02312789278853843,17,13,0.7162723718324553
2025-10-29,ILI incidence,2025-11-09,3,IE,respicast,hubEnsemble,WIS,2.53429860858242,0.2548508739299419,17,5,0.7961332874618517
2025-10-29,ILI incidence,2025-11-09,3,IE,respicast,quantileBaseline,WIS,3.02395652173913,0.0,17,12,0.7235192448677044
2025-10-29,ILI incidence,2025-11-09,3,IE,safinea,PRFM,WIS,4.59864112935407,-0.6047702197547031,17,14,0.4900006758884979
2025-10-29,ILI incidence,2025-11-09,3,IS,ECDC,SARIMA,WIS,2.22796954635661,0.6569562081721031,11,4,0.8022232178638223
2025-10-29,ILI incidence,2025-11-09,3,IS,ECDC,soca_simplex,WIS,4.51332511602831,-0.36150498530837016,11,8,0.16300629994161966
2025-10-29,ILI incidence,2025-11-09,3,IS,ISI,FluBcast,WIS,1.52086956521739,1.20778929300225,11,1,1.0
2025-10-29,ILI incidence,2025-11-09,3,IS,ItaLuxColab,EpiEKF,WIS,2.45370954246949,0.5177212408117514,11,6,0.7390834480695868
2025-10-29,ILI incidence,2025-11-09,3,IS,ItaLuxColab,EpiNetEKF,WIS,2.41691446430904,0.5395193047121959,11,5,0.749375079170041
2025-10-29,ILI incidence,2025-11-09,3,IS,MRC_GIDA,Prophet,WIS,4.92363487880923,-0.48703805899540975,11,9,0.048242126944291766
2025-10-29,ILI incidence,2025-11-09,3,IS,QMUL,ARIMA,WIS,5.09611218723736,-0.5367113167433072,11,11,0.0
2025-10-29,ILI incidence,2025-11-09,3,IS,RIVM,KFdlm,WIS,1.79921126284151,0.9653211237417786,11,2,0.9221474660461336
2025-10-29,ILI incidence,2025-11-09,3,IS,respicast,hubEnsemble,WIS,1.86419583237797,0.9141322991040322,11,3,0.9039711976339652
2025-10-29,ILI incidence,2025-11-09,3,IS,respicast,quantileBaseline,WIS,3.51295652173913,0.0,11,7,0.4428106936708439
2025-10-29,ILI incidence,2025-11-09,3,IS,safinea,PRFM,WIS,4.93924508761169,-0.49160483659144494,11,10,0.04387593128911669
2025-10-29,ILI incidence,2025-11-09,3,LT,ECDC,SARIMA,WIS,7.15594184777089,-0.68781196394819,17,14,0.6625041754814532
2025-10-29,ILI incidence,2025-11-09,3,LT,ECDC,soca_simplex,WIS,2.11548769698956,1.0703394040768395,17,3,0.9311040088877836
2025-10-29,ILI incidence,2025-11-09,3,LT,ISI,FluBcast,WIS,0.822608695652174,2.4330514720276795,17,1,1.0
2025-10-29,ILI incidence,2025-11-09,3,LT,ItaLuxColab,EpiEKF,WIS,6.18971989806101,-0.47854442544191755,17,12,0.7139929990997345
2025-10-29,ILI incidence,2025-11-09,3,LT,ItaLuxColab,EpiNetEKF,WIS,3.09569371622612,0.5210669592998404,17,5,0.878869990762649
2025-10-29,ILI incidence,2025-11-09,3,LT,MRC_GIDA,NBEATS,WIS,6.44146520921071,-0.5360591890577004,17,13,0.7005777895545485
2025-10-29,ILI incidence,2025-11-09,3,LT,MRC_GIDA,NHiTS,WIS,4.09479073682875,0.11753997432439058,17,7,0.8256292935431279
2025-10-29,ILI incidence,2025-11-09,3,LT,MRC_GIDA,Prophet,WIS,19.5882724224657,-2.1405885608266018,17,17,0.0
2025-10-29,ILI incidence,2025-11-09,3,LT,MRC_GIDA,TiDE,WIS,5.70790420365833,-0.3616314225826823,17,10,0.7396683869472868
2025-10-29,ILI incidence,2025-11-09,3,LT,NotreDame,Rt_cocirc,WIS,0.834963043478261,2.411545450932492,17,2,0.9993416514328542
2025-10-29,ILI incidence,2025-11-09,3,LT,QMUL,ARIMA,WIS,6.16594816363977,-0.4729930614027464,17,11,0.7152597666794643
2025-10-29,ILI incidence,2025-11-09,3,LT,QMUL,SEIR,WIS,4.53785697598013,-0.030681439378864445,17,9,0.8020188182835557
2025-10-29,ILI incidence,2025-11-09,3,LT,QMUL,SEIR_agumented,WIS,7.30097291456316,-0.7167590282229955,17,15,0.6547756416601292
2025-10-29,ILI incidence,2025-11-09,3,LT,RIVM,KFdlm,WIS,3.30158831206136,0.42816946334724587,17,6,0.8678981115457661
2025-10-29,ILI incidence,2025-11-09,3,LT,respicast,hubEnsemble,WIS,2.81450476168549,0.658448610521566,17,4,0.8938542172005793
2025-10-29,ILI incidence,2025-11-09,3,LT,respicast,quantileBaseline,WIS,4.44237043478261,0.0,17,8,0.8071071830004979
2025-10-29,ILI incidence,2025-11-09,3,LT,safinea,PRFM,WIS,10.9012257848985,-1.2950887628647814,17,16,0.4629224291787035
2025-10-29,ILI incidence,2025-11-09,3,LU,ECDC,SARIMA,WIS,721.904269089167,0.01617485165081578,15,4,0.9996299211941126
2025-10-29,ILI incidence,2025-11-09,3,LU,ItaLuxColab,EpiEKF,WIS,707.264532780473,0.0457324710471988,15,3,0.9996667382443254
2025-10-29,ILI incidence,2025-11-09,3,LU,ItaLuxColab,EpiNetEKF,WIS,1774.84975834162,-1.2816426127439338,15,13,0.9969818989803547
2025-10-29,ILI incidence,2025-11-09,3,LU,MRC_GIDA,NBEATS,WIS,800.106384196719,-0.1322094499012269,15,6,0.9994332529524218
2025-10-29,ILI incidence,2025-11-09,3,LU,MRC_GIDA,NHiTS,WIS,1659.89359987116,-1.1850364745612763,15,12,0.9972709989046578
2025-10-29,ILI incidence,2025-11-09,3,LU,MRC_GIDA,Prophet,WIS,1185.72628351423,-0.6997167200226062,15,10,0.9984634685999717
2025-10-29,ILI incidence,2025-11-09,3,LU,MRC_GIDA,TiDE,WIS,585.753284469886,0.3176892486104356,15,2,0.9999723233748303
2025-10-29,ILI incidence,2025-11-09,3,LU,NotreDame,Rt_cocirc,WIS,804.257552173913,-0.13967519091367112,15,7,0.9994228132999148
2025-10-29,ILI incidence,2025-11-09,3,LU,QMUL,ARIMA,WIS,574.74809822987,0.34505260003256855,15,1,1.0
2025-10-29,ILI incidence,2025-11-09,3,LU,QMUL,SEIR,WIS,1615.6204711739,-1.1460340389453052,15,11,0.9973823401179109
2025-10-29,ILI incidence,2025-11-09,3,LU,QMUL,SEIR_agumented,WIS,1091.92496994424,-0.5808194345484772,15,9,0.9986993668155474
2025-10-29,ILI incidence,2025-11-09,3,LU,RIVM,KFdlm,WIS,398209.437030146,-9.091329308780145,15,15,0.0
2025-10-29,ILI incidence,2025-11-09,3,LU,respicast,hubEnsemble,WIS,957.954910923506,-0.3919753654217743,15,8,0.9990362842494377
2025-10-29,ILI incidence,2025-11-09,3,LU,respicast,quantileBaseline,WIS,730.04347826087,0.0,15,5,0.9996094521319352
2025-10-29,ILI incidence,2025-11-09,3,LU,safinea,PRFM,WIS,1838.71753190303,-1.3326455741803984,15,14,0.9968212797604046
2025-10-29,ILI incidence,2025-11-09,3,LV,ECDC,soca_simplex,WIS,19.2532198467394,-0.31361524184495826,7,6,0.8480524988893495
2025-10-29,ILI incidence,2025-11-09,3,LV,ItaLuxColab,EpiEKF,WIS,12.2303129294985,0.34102317814261557,7,3,0.9497722967317519
2025-10-29,ILI incidence,2025-11-09,3,LV,ItaLuxColab,EpiNetEKF,WIS,8.85301669636702,0.807243448371015,7,2,0.9986890621305174
2025-10-29,ILI incidence,2025-11-09,3,LV,NotreDame,Rt_cocirc,WIS,12.9146456521739,0.26247643602731324,7,4,0.9398604202071473
2025-10-29,ILI incidence,2025-11-09,3,LV,respicast,hubEnsemble,WIS,8.76250732821112,0.8220688450482452,7,1,1.0
2025-10-29,ILI incidence,2025-11-09,3,LV,respicast,quantileBaseline,WIS,15.491582173913,0.0,7,5,0.902536066469737
2025-10-29,ILI incidence,2025-11-09,3,LV,safinea,PRFM,WIS,77.8041989772813,-2.32836352159394,7,7,0.0
2025-10-29,ILI incidence,2025-11-09,3,MT,ECDC,SARIMA,WIS,19200.7058489036,-0.10805102002064092,10,8,0.051433949108117834
2025-10-29,ILI incidence,2025-11-09,3,MT,ECDC,soca_simplex,WIS,20042.1583803717,-0.16992955593567752,10,10,0.0
2025-10-29,ILI incidence,2025-11-09,3,MT,ItaLuxColab,EpiEKF,WIS,7060.64197328487,1.335237059261755,10,5,0.7934977069512948
2025-10-29,ILI incidence,2025-11-09,3,MT,ItaLuxColab,EpiNetEKF,WIS,6803.5062697913,1.3887579741116558,10,4,0.8092151766750991
2025-10-29,ILI incidence,2025-11-09,3,MT,NotreDame,Rt_cocirc,WIS,12100.0868456522,0.5580909255401189,10,6,0.48546066219218403
2025-10-29,ILI incidence,2025-11-09,3,MT,QMUL,ARIMA,WIS,19870.4035752445,-0.1575128468585639,10,9,0.010498545759407377
2025-10-29,ILI incidence,2025-11-09,3,MT,RIVM,KFdlm,WIS,6372.31659577042,1.4832184765300784,10,3,0.8355717290891038
2025-10-29,ILI incidence,2025-11-09,3,MT,respicast,hubEnsemble,WIS,3682.29206523988,2.2744323623374103,10,1,1.0
2025-10-29,ILI incidence,2025-11-09,3,MT,respicast,quantileBaseline,WIS,17815.1956521739,0.0,10,7,0.13612352847516868
2025-10-29,ILI incidence,2025-11-09,3,MT,safinea,PRFM,WIS,4196.69872600136,2.0857815243121745,10,2,0.9685567931392148
2025-10-29,ILI incidence,2025-11-09,3,NL,ECDC,SARIMA,WIS,2.87303072797967,0.18155035105022949,17,6,0.7927910601770085
2025-10-29,ILI incidence,2025-11-09,3,NL,ECDC,soca_simplex,WIS,1.35284207030589,1.2681303439999485,17,2,0.9229037657138882
2025-10-29,ILI incidence,2025-11-09,3,NL,ISI,FluBcast,WIS,4.70260869565217,-0.5293375163638144,17,12,0.6361977727827943
2025-10-29,ILI incidence,2025-11-09,3,NL,ItaLuxColab,EpiEKF,WIS,4.02805451147181,-0.3059594333141514,17,11,0.6939327581689066
2025-10-29,ILI incidence,2025-11-09,3,NL,ItaLuxColab,EpiNetEKF,WIS,2.49082607117322,0.3874994891664403,17,5,0.8255038959917284
2025-10-29,ILI incidence,2025-11-09,3,NL,MRC_GIDA,NBEATS,WIS,12.1357078248344,-1.8970625780823114,17,17,0.0
2025-10-29,ILI incidence,2025-11-09,3,NL,MRC_GIDA,NHiTS,WIS,11.4454780900696,-1.8125820478941341,17,16,0.059076653268599164
2025-10-29,ILI incidence,2025-11-09,3,NL,MRC_GIDA,Prophet,WIS,2.97034010449572,0.1334956447516501,17,8,0.7844623661108492
2025-10-29,ILI incidence,2025-11-09,3,NL,MRC_GIDA,TiDE,WIS,11.0740697794001,-1.7649898384514726,17,15,0.09086543153381675
2025-10-29,ILI incidence,2025-11-09,3,NL,NotreDame,Rt_cocirc,WIS,4.77774347826087,-0.5522056220735002,17,13,0.6297669986839383
2025-10-29,ILI incidence,2025-11-09,3,NL,QMUL,ARIMA,WIS,1.61049349368512,1.0166209417714747,17,3,0.900851421347237
2025-10-29,ILI incidence,2025-11-09,3,NL,QMUL,SEIR,WIS,10.8298832752269,-1.7328220144248294,17,14,0.11176531560622219
2025-10-29,ILI incidence,2025-11-09,3,NL,QMUL,SEIR_agumented,WIS,0.45207822539539,2.849479437870109,17,1,1.0
2025-10-29,ILI incidence,2025-11-09,3,NL,RIVM,KFdlm,WIS,3.38641103607795,-0.055633321332760645,17,10,0.7488509212219931
2025-10-29,ILI incidence,2025-11-09,3,NL,respicast,hubEnsemble,WIS,2.42059419518512,0.4287625376518364,17,4,0.8315150310923716
2025-10-29,ILI incidence,2025-11-09,3,NL,respicast,quantileBaseline,WIS,3.2583097826087,0.0,17,9,0.7598150871414092
2025-10-29,ILI incidence,2025-11-09,3,NL,safinea,PRFM,WIS,2.92543518369748,0.15547252010450185,17,7,0.7883057711431686
2025-10-29,ILI incidence,2025-11-09,3,NO,ECDC,SARIMA,WIS,6.26292617440799,0.37452713138729626,12,7,0.6160169718780963
2025-10-29,ILI incidence,2025-11-09,3,NO,ECDC,soca_simplex,WIS,13.3053131289923,-0.7125665538707081,12,11,0.06893696269280074
2025-10-29,ILI incidence,2025-11-09,3,NO,ISI,FluBcast,WIS,3.76434782608696,1.1089640649708807,12,2,0.8101162559084688
2025-10-29,ILI incidence,2025-11-09,3,NO,ItaLuxColab,EpiEKF,WIS,7.00623437436609,0.21272475399628074,12,9,0.5582738998936932
2025-10-29,ILI incidence,2025-11-09,3,NO,ItaLuxColab,EpiNetEKF,WIS,5.61903505795858,0.5310416028418375,12,5,0.6660369381442451
2025-10-29,ILI incidence,2025-11-09,3,NO,MRC_GIDA,Prophet,WIS,5.95079944763938,0.44828050707906747,12,6,0.6402641899944469
2025-10-29,ILI incidence,2025-11-09,3,NO,NotreDame,Rt_cocirc,WIS,1.3200347826087,2.6207880595890205,12,1,1.0
2025-10-29,ILI incidence,2025-11-09,3,NO,QMUL,ARIMA,WIS,4.52051436518383,0.8448770658083578,12,3,0.7513742981287366
2025-10-29,ILI incidence,2025-11-09,3,NO,RIVM,KFdlm,WIS,6.7433368623966,0.26790133526773163,12,8,0.5786968011330855
2025-10-29,ILI incidence,2025-11-09,3,NO,respicast,hubEnsemble,WIS,5.34435724827722,0.6033475550928024,12,4,0.687374978728007
2025-10-29,ILI incidence,2025-11-09,3,NO,respicast,quantileBaseline,WIS,8.11934869565217,0.0,12,10,0.47180285008620404
2025-10-29,ILI incidence,2025-11-09,3,NO,safinea,PRFM,WIS,14.1927167237232,-0.805714862365562,12,12,0.0
2025-10-29,ILI incidence,2025-11-09,3,PL,ECDC,SARIMA,WIS,22.8189294920697,1.0570100041053798,16,2,0.9869861182153729
2025-10-29,ILI incidence,2025-11-09,3,PL,ECDC,soca_simplex,WIS,54.4627608454091,-0.1980290018930258,16,8,0.8802256744314318
2025-10-29,ILI incidence,2025-11-09,3,PL,ItaLuxColab,EpiEKF,WIS,36.687011725829,0.37197171868889345,16,4,0.9401977695740164
2025-10-29,ILI incidence,2025-11-09,3,PL,ItaLuxColab,EpiNetEKF,WIS,31.1249961023763,0.6091674594269028,16,3,0.9589629832316968
2025-10-29,ILI incidence,2025-11-09,3,PL,MRC_GIDA,NBEATS,WIS,58.360545025026,-0.29775224059992295,16,10,0.8670752703560413
2025-10-29,ILI incidence,2025-11-09,3,PL,MRC_GIDA,NHiTS,WIS,74.2548093834082,-0.6452433543965712,16,11,0.8134509573715427
2025-10-29,ILI incidence,2025-11-09,3,PL,MRC_GIDA,Prophet,WIS,50.377723260138,-0.08554480732611874,16,7,0.8940078369201595
2025-10-29,ILI incidence,2025-11-09,3,PL,MRC_GIDA,TiDE,WIS,18.9616105652353,1.324159606573241,16,1,1.0
2025-10-29,ILI incidence,2025-11-09,3,PL,NotreDame,Rt_cocirc,WIS,214.795330434783,-2.177649608987784,16,15,0.33929319090096394
2025-10-29,ILI incidence,2025-11-09,3,PL,QMUL,ARIMA,WIS,37.0408518540751,0.3581238383115187,16,5,0.9390039783197809
2025-10-29,ILI incidence,2025-11-09,3,PL,QMUL,SEIR,WIS,214.337269976538,-2.1745697133942827,16,14,0.340838602303776
2025-10-29,ILI incidence,2025-11-09,3,PL,QMUL,SEIR_agumented,WIS,100.924848895129,-1.087968405755382,16,13,0.7234711688240324
2025-10-29,ILI incidence,2025-11-09,3,PL,RIVM,KFdlm,WIS,315.361946043227,-2.7316955630804607,16,16,0.0
2025-10-29,ILI incidence,2025-11-09,3,PL,respicast,hubEnsemble,WIS,55.1925859991349,-0.21723336734962295,16,9,0.8777633791288679
2025-10-29,ILI incidence,2025-11-09,3,PL,respicast,quantileBaseline,WIS,47.4774060869565,0.0,16,6,0.9037929715034396
2025-10-29,ILI incidence,2025-11-09,3,PL,safinea,PRFM,WIS,83.5443926916818,-0.8153018852021781,16,12,0.7821096186605299
2025-10-29,ILI incidence,2025-11-09,3,RO,ItaLuxColab,EpiEKF,WIS,0.90786072887913,0.44137551270995523,7,3,0.939343495997137
2025-10-29,ILI incidence,2025-11-09,3,RO,ItaLuxColab,EpiNetEKF,WIS,0.789458780930387,0.642982567045634,7,1,1.0
2025-10-29,ILI incidence,2025-11-09,3,RO,NotreDame,Rt_cocirc,WIS,1.24260869565217,-0.011453640769146352,7,6,0.7678544137794259
2025-10-29,ILI incidence,2025-11-09,3,RO,RIVM,KFdlm,WIS,1.15267419115408,0.09693362850432936,7,4,0.8139272421964502
2025-10-29,ILI incidence,2025-11-09,3,RO,respicast,hubEnsemble,WIS,0.865618074536204,0.5101158857125881,7,2,0.9609841174280656
2025-10-29,ILI incidence,2025-11-09,3,RO,respicast,quantileBaseline,WIS,1.23278260869565,0.0,7,5,0.7728882505797179
2025-10-29,ILI incidence,2025-11-09,3,RO,safinea,PRFM,WIS,2.74146623495633,-1.1530292904142543,7,7,0.0
2025-10-29,ILI incidence,2025-11-09,3,SI,ECDC,SARIMA,WIS,6.37986506318477,-0.7831384344972855,17,13,0.6250549794864266
2025-10-29,ILI incidence,2025-11-09,3,SI,ECDC,soca_simplex,WIS,7.09517708771425,-0.9364512165840332,17,14,0.576484256600801
2025-10-29,ILI incidence,2025-11-09,3,SI,ISI,FluBcast,WIS,5.05652173913044,-0.44775785431699733,17,10,0.7149119085901487
2025-10-29,ILI incidence,2025-11-09,3,SI,ItaLuxColab,EpiEKF,WIS,4.3500818432569,-0.23065506814034906,17,9,0.7628802010851532
2025-10-29,ILI incidence,2025-11-09,3,SI,ItaLuxColab,EpiNetEKF,WIS,6.08242060898615,-0.7142581082458206,17,12,0.6452518888956461
2025-10-29,ILI incidence,2025-11-09,3,SI,MRC_GIDA,NBEATS,WIS,1.49935491092942,1.306045553478322,17,3,0.9564486902263016
2025-10-29,ILI incidence,2025-11-09,3,SI,MRC_GIDA,NHiTS,WIS,0.857964918886408,2.1113969121661267,17,1,1.0
2025-10-29,ILI incidence,2025-11-09,3,SI,MRC_GIDA,Prophet,WIS,10.2699749542886,-1.4699732819900755,17,16,0.36091088147588324
2025-10-29,ILI incidence,2025-11-09,3,SI,MRC_GIDA,TiDE,WIS,3.5001543386369,0.08296893738942984,17,5,0.8205915101141376
2025-10-29,ILI incidence,2025-11-09,3,SI,NotreDame,Rt_cocirc,WIS,1.2454347826087,1.573737999611382,17,2,0.9736902348457434
2025-10-29,ILI incidence,2025-11-09,3,SI,QMUL,ARIMA,WIS,9.39964376324363,-1.3422186049677265,17,15,0.4200076303761522
2025-10-29,ILI incidence,2025-11-09,3,SI,QMUL,SEIR,WIS,1.60064172956629,1.2117370495691477,17,4,0.9495711684857521
2025-10-29,ILI incidence,2025-11-09,3,SI,QMUL,SEIR_agumented,WIS,15.585191157909,-2.0717164689147696,17,17,0.0
2025-10-29,ILI incidence,2025-11-09,3,SI,RIVM,KFdlm,WIS,4.25889697204561,-0.20009235353159843,17,8,0.7690717859587309
2025-10-29,ILI incidence,2025-11-09,3,SI,respicast,hubEnsemble,WIS,4.096689055028,-0.14407091799925684,17,7,0.780085938548294
2025-10-29,ILI incidence,2025-11-09,3,SI,respicast,quantileBaseline,WIS,3.70734782608696,0.0,17,6,0.8065227721123364
2025-10-29,ILI incidence,2025-11-09,3,SI,safinea,PRFM,WIS,5.42341088767913,-0.5488129995370344,17,11,0.6899996038157067
2025-10-29,ILI incidence,2025-11-16,4,AT,ECDC,SARIMA,WIS,151.315582235889,0.7948993410120707,13,5,0.4942209492153989
2025-10-29,ILI incidence,2025-11-16,4,AT,ECDC,soca_simplex,WIS,173.726968818906,0.5956381718408753,13,7,0.41318287071231
2025-10-29,ILI incidence,2025-11-16,4,AT,ISI,FluBcast,WIS,260.067826086957,0.013571973236959108,13,11,0.10098009185281501
2025-10-29,ILI incidence,2025-11-16,4,AT,ItaLuxColab,EpiEKF,WIS,287.994251756289,-0.13358011373338846,13,13,0.0
2025-10-29,ILI incidence,2025-11-16,4,AT,ItaLuxColab,EpiNetEKF,WIS,217.112425102006,0.2740176104932371,13,9,0.25630395565104985
2025-10-29,ILI incidence,2025-11-16,4,AT,NotreDame,Rt_cocirc,WIS,11.4404760869565,4.520240907471502,13,1,1.0
2025-10-29,ILI incidence,2025-11-16,4,AT,QMUL,ARIMA,WIS,66.876831444278,1.9728815018990418,13,3,0.799545837972557
2025-10-29,ILI incidence,2025-11-16,4,AT,QMUL,SEIR,WIS,224.940192695445,0.22291843528968835,13,10,0.22799927033444636
2025-10-29,ILI incidence,2025-11-16,4,AT,QMUL,SEIR_agumented,WIS,64.8948034171012,2.0162850414043008,13,2,0.8067127190696592
2025-10-29,ILI incidence,2025-11-16,4,AT,RIVM,KFdlm,WIS,167.311474273431,0.6499235133895473,13,6,0.43638087092021827
2025-10-29,ILI incidence,2025-11-16,4,AT,respicast,hubEnsemble,WIS,132.064756962559,0.9912143848720093,13,4,0.5638306489084801
2025-10-29,ILI incidence,2025-11-16,4,AT,respicast,quantileBaseline,WIS,262.525925652174,0.0,13,12,0.09209176783963609
2025-10-29,ILI incidence,2025-11-16,4,AT,safinea,PRFM,WIS,205.670462310565,0.35212528883272287,13,8,0.29767732964946464
2025-10-29,ILI incidence,2025-11-16,4,BE,ECDC,SARIMA,WIS,45.3014559039306,-0.21211426906533914,17,7,0.8056942237263112
2025-10-29,ILI incidence,2025-11-16,4,BE,ECDC,soca_simplex,WIS,2.77794795935472,3.815351669487505,17,1,1.0
2025-10-29,ILI incidence,2025-11-16,4,BE,ISI,FluBcast,WIS,76.9673913043478,-0.976804202655484,17,13,0.661000748121475
2025-10-29,ILI incidence,2025-11-16,4,BE,ItaLuxColab,EpiEKF,WIS,48.0031905770621,-0.29568715163170306,17,9,0.7933489897998773
2025-10-29,ILI incidence,2025-11-16,4,BE,ItaLuxColab,EpiNetEKF,WIS,55.8050432551755,-0.5129523607959792,17,11,0.7576994135003484
2025-10-29,ILI incidence,2025-11-16,4,BE,MRC_GIDA,NBEATS,WIS,22.225338826278,0.8152377342945836,17,3,0.9111376139564851
2025-10-29,ILI incidence,2025-11-16,4,BE,MRC_GIDA,NHiTS,WIS,63.5031921095203,-0.6993859660683428,17,12,0.7225236986707191
2025-10-29,ILI incidence,2025-11-16,4,BE,MRC_GIDA,Prophet,WIS,44.155040923185,-0.1751350038772245,17,6,0.8109326215804086
2025-10-29,ILI incidence,2025-11-16,4,BE,MRC_GIDA,TiDE,WIS,31.2305346023892,0.32448588193158334,17,4,0.8699895139912981
2025-10-29,ILI incidence,2025-11-16,4,BE,NotreDame,Rt_cocirc,WIS,85.7524282608696,-1.132734377349515,17,14,0.6208586359595419
2025-10-29,ILI incidence,2025-11-16,4,BE,QMUL,ARIMA,WIS,114.174814898322,-1.5457293982224893,17,15,0.4909861450460647
2025-10-29,ILI incidence,2025-11-16,4,BE,QMUL,SEIR,WIS,221.626346396463,-2.50261434304985,17,17,0.0
2025-10-29,ILI incidence,2025-11-16,4,BE,QMUL,SEIR_agumented,WIS,175.461191146406,-2.165636915089043,17,16,0.2109458217640269
2025-10-29,ILI incidence,2025-11-16,4,BE,RIVM,KFdlm,WIS,48.1161922251357,-0.29907932889383804,17,10,0.7928326431010638
2025-10-29,ILI incidence,2025-11-16,4,BE,respicast,hubEnsemble,WIS,46.9600708216172,-0.26399143674556236,17,8,0.7981153932229513
2025-10-29,ILI incidence,2025-11-16,4,BE,respicast,quantileBaseline,WIS,39.1074413043478,0.0,17,5,0.83399698784895
2025-10-29,ILI incidence,2025-11-16,4,BE,safinea,PRFM,WIS,12.2457211979593,1.675165405163584,17,2,0.9567382109888942
2025-10-29,ILI incidence,2025-11-16,4,CZ,ECDC,soca_simplex,WIS,20.9886258914326,-2.0095841609627803,9,9,0.0
2025-10-29,ILI incidence,2025-11-16,4,CZ,ISI,FluBcast,WIS,13.3821739130435,-1.3602889418837774,9,7,0.48214691770170937
2025-10-29,ILI incidence,2025-11-16,4,CZ,ItaLuxColab,EpiEKF,WIS,9.69459277720849,-0.89522864743327,9,4,0.7158900457026772
2025-10-29,ILI incidence,2025-11-16,4,CZ,ItaLuxColab,EpiNetEKF,WIS,7.3802233990774,-0.5017128357150926,9,3,0.8625899874441677
2025-10-29,ILI incidence,2025-11-16,4,CZ,NotreDame,Rt_cocirc,WIS,7.25474565217391,-0.4769733834430335,9,2,0.8705435917108558
2025-10-29,ILI incidence,2025-11-16,4,CZ,RIVM,KFdlm,WIS,16.4111148500936,-1.654649691572982,9,8,0.29015273423109783
2025-10-29,ILI incidence,2025-11-16,4,CZ,respicast,hubEnsemble,WIS,11.3273943000815,-1.1197924719495647,9,5,0.6123923540445222
2025-10-29,ILI incidence,2025-11-16,4,CZ,respicast,quantileBaseline,WIS,5.21241391304348,0.0,9,1,1.0
2025-10-29,ILI incidence,2025-11-16,4,CZ,safinea,PRFM,WIS,12.9785337741728,-1.3161038500739723,9,6,0.5077322825170163
2025-10-29,ILI incidence,2025-11-16,4,EE,ECDC,SARIMA,WIS,24.4708625011006,-0.14172175137166712,12,4,0.8403408600375756
2025-10-29,ILI incidence,2025-11-16,4,EE,ECDC,soca_simplex,WIS,11.3509372849513,0.9665317696331618,12,1,1.0
2025-10-29,ILI incidence,2025-11-16,4,EE,ISI,FluBcast,WIS,75.1221739130435,-1.7598956125995238,12,11,0.22395435746471562
2025-10-29,ILI incidence,2025-11-16,4,EE,ItaLuxColab,EpiEKF,WIS,45.0951659522475,-1.0236295895538585,12,7,0.589359356935637
2025-10-29,ILI incidence,2025-11-16,4,EE,ItaLuxColab,EpiNetEKF,WIS,32.5310807011161,-0.5524755500950456,12,5,0.7422543630093814
2025-10-29,ILI incidence,2025-11-16,4,EE,NotreDame,Rt_cocirc,WIS,93.5255326086957,-2.076017076416477,12,12,0.0
2025-10-29,ILI incidence,2025-11-16,4,EE,QMUL,ARIMA,WIS,17.8453419708815,0.3137956521700423,12,2,0.9209682182145943
2025-10-29,ILI incidence,2025-11-16,4,EE,QMUL,SEIR_agumented,WIS,51.0283664791866,-1.201956258652012,12,8,0.517156987047912
2025-10-29,ILI incidence,2025-11-16,4,EE,RIVM,KFdlm,WIS,68.486874065514,-1.626484312872647,12,10,0.3047007222187897
2025-10-29,ILI incidence,2025-11-16,4,EE,respicast,hubEnsemble,WIS,33.9242933508309,-0.6129755641234474,12,6,0.7253000641263029
2025-10-29,ILI incidence,2025-11-16,4,EE,respicast,quantileBaseline,WIS,22.1812889130435,0.0,12,3,0.8682031644278415
2025-10-29,ILI incidence,2025-11-16,4,EE,safinea,PRFM,WIS,65.7170429257239,-1.566924364466125,12,9,0.33840738215277244
2025-10-29,ILI incidence,2025-11-16,4,ES,ECDC,SARIMA,WIS,7.7489829589972,-0.1032640671189203,12,10,0.4283055072852565
2025-10-29,ILI incidence,2025-11-16,4,ES,ECDC,soca_simplex,WIS,4.55487573231511,0.6633312099286759,12,5,0.6961077129585242
2025-10-29,ILI incidence,2025-11-16,4,ES,ISI,FluBcast,WIS,3.07173913043478,1.231687205001498,12,2,0.8204577191137307
2025-10-29,ILI incidence,2025-11-16,4,ES,ItaLuxColab,EpiEKF,WIS,7.0768447230378,0.02763663971467956,12,7,0.4846593142594336
2025-10-29,ILI incidence,2025-11-16,4,ES,ItaLuxColab,EpiNetEKF,WIS,4.24025895458083,0.7665905308569229,12,4,0.722485996791712
2025-10-29,ILI incidence,2025-11-16,4,ES,QMUL,ARIMA,WIS,5.0345847277263,0.5188701203909231,12,6,0.6558876708825195
2025-10-29,ILI incidence,2025-11-16,4,ES,QMUL,SEIR,WIS,12.8574312356207,-0.8337876283558885,12,12,0.0
2025-10-29,ILI incidence,2025-11-16,4,ES,QMUL,SEIR_agumented,WIS,0.93031801916324,2.954947029034026,12,1,1.0
2025-10-29,ILI incidence,2025-11-16,4,ES,RIVM,KFdlm,WIS,7.33490966222897,-0.024036293183562325,12,9,0.4630224827388706
2025-10-29,ILI incidence,2025-11-16,4,ES,respicast,hubEnsemble,WIS,3.50293250586251,1.0421797136805828,12,3,0.7843053520151477
2025-10-29,ILI incidence,2025-11-16,4,ES,respicast,quantileBaseline,WIS,7.21371739130435,0.0,12,8,0.4731835559780677
2025-10-29,ILI incidence,2025-11-16,4,ES,safinea,PRFM,WIS,11.1216227147374,-0.6245524922004181,12,11,0.14553467292388644
2025-10-29,ILI incidence,2025-11-16,4,FI,ECDC,soca_simplex,WIS,8.74282642181914,-1.1907881195789634,8,8,0.0
2025-10-29,ILI incidence,2025-11-16,4,FI,ISI,FluBcast,WIS,3.13173913043478,0.29034759363435664,8,2,0.8971084253633087
2025-10-29,ILI incidence,2025-11-16,4,FI,ItaLuxColab,EpiEKF,WIS,4.47657192139882,-0.22508272830368248,8,5,0.6820946918697709
2025-10-29,ILI incidence,2025-11-16,4,FI,ItaLuxColab,EpiNetEKF,WIS,2.48818971041829,0.6222151497400219,8,1,1.0
2025-10-29,ILI incidence,2025-11-16,4,FI,RIVM,KFdlm,WIS,4.71787037988031,-0.30082414535164403,8,6,0.6435155593612985
2025-10-29,ILI incidence,2025-11-16,4,FI,respicast,hubEnsemble,WIS,3.19761821292449,0.2603139415886561,8,3,0.8865755862026222
2025-10-29,ILI incidence,2025-11-16,4,FI,respicast,quantileBaseline,WIS,3.82991304347826,0.0,8,4,0.7854834109526618
2025-10-29,ILI incidence,2025-11-16,4,FI,safinea,PRFM,WIS,7.81350795444182,-1.0286587697735596,8,7,0.14858072662851443
2025-10-29,ILI incidence,2025-11-16,4,FR,ECDC,SARIMA,WIS,25.6059289471364,0.5141315186661617,13,2,0.985175148333336
2025-10-29,ILI incidence,2025-11-16,4,FR,ECDC,soca_simplex,WIS,72.488055971616,-0.987133880784673,13,9,0.5875853602886499
2025-10-29,ILI incidence,2025-11-16,4,FR,ISI,FluBcast,WIS,74.4460869565217,-1.025586602051426,13,10,0.5709800316979251
2025-10-29,ILI incidence,2025-11-16,4,FR,ItaLuxColab,EpiEKF,WIS,50.6863681985146,-0.47098837737213173,13,8,0.7724773217006765
2025-10-29,ILI incidence,2025-11-16,4,FR,ItaLuxColab,EpiNetEKF,WIS,44.4306987152354,-0.2809474116336986,13,5,0.8255293153236599
2025-10-29,ILI incidence,2025-11-16,4,FR,NotreDame,Rt_cocirc,WIS,45.996647826087,-0.3309193056718636,13,6,0.8122490864904596
2025-10-29,ILI incidence,2025-11-16,4,FR,QMUL,ARIMA,WIS,38.8543176866527,-0.08746550939801423,13,4,0.8728205175776219
2025-10-29,ILI incidence,2025-11-16,4,FR,QMUL,SEIR,WIS,141.773667240085,-1.954908271378086,13,13,0.0
2025-10-29,ILI incidence,2025-11-16,4,FR,QMUL,SEIR_agumented,WIS,105.095187976336,-1.5230152909539487,13,11,0.3110564669700424
2025-10-29,ILI incidence,2025-11-16,4,FR,RIVM,KFdlm,WIS,120.020826324258,-1.7146034449669434,13,12,0.18447770948142964
2025-10-29,ILI incidence,2025-11-16,4,FR,respicast,hubEnsemble,WIS,46.8576925537032,-0.3576764946519865,13,7,0.8049468881373182
2025-10-29,ILI incidence,2025-11-16,4,FR,respicast,quantileBaseline,WIS,36.5687019565217,0.0,13,3,0.8922039698945334
2025-10-29,ILI incidence,2025-11-16,4,FR,safinea,PRFM,WIS,23.8578443638435,0.6161457210600396,13,1,1.0
2025-10-29,ILI incidence,2025-11-16,4,GR,ECDC,SARIMA,WIS,104.61865329433,-0.020410363607616964,17,9,0.845169826828825
2025-10-29,ILI incidence,2025-11-16,4,GR,ECDC,soca_simplex,WIS,106.893391842613,-0.05144292778078558,17,10,0.839084236171113
2025-10-29,ILI incidence,2025-11-16,4,GR,ISI,FluBcast,WIS,135.848695652174,-0.39727097310612985,17,12,0.7616203331270982
2025-10-29,ILI incidence,2025-11-16,4,GR,ItaLuxColab,EpiEKF,WIS,154.440202282976,-0.5823186084892472,17,13,0.7118826174891411
2025-10-29,ILI incidence,2025-11-16,4,GR,ItaLuxColab,EpiNetEKF,WIS,98.8063625759812,0.06205388913138683,17,6,0.8607194037778717
2025-10-29,ILI incidence,2025-11-16,4,GR,MRC_GIDA,NBEATS,WIS,46.7445399733035,1.1418599755082126,17,1,1.0
2025-10-29,ILI incidence,2025-11-16,4,GR,MRC_GIDA,NHiTS,WIS,112.609516459519,-0.12659901202063764,17,11,0.8237919316584833
2025-10-29,ILI incidence,2025-11-16,4,GR,MRC_GIDA,Prophet,WIS,101.755680891134,0.019620399938433553,17,7,0.8528291150240894
2025-10-29,ILI incidence,2025-11-16,4,GR,MRC_GIDA,TiDE,WIS,51.4317304658985,1.0039991401544712,17,3,0.9874603950884012
2025-10-29,ILI incidence,2025-11-16,4,GR,NotreDame,Rt_cocirc,WIS,48.8501978260869,1.0782934307955454,17,2,0.9943667496350695
2025-10-29,ILI incidence,2025-11-16,4,GR,QMUL,ARIMA,WIS,97.2389322033306,0.08512378442489554,17,4,0.8649127382776175
2025-10-29,ILI incidence,2025-11-16,4,GR,QMUL,SEIR,WIS,420.535462864301,-2.027497724505302,17,17,0.0
2025-10-29,ILI incidence,2025-11-16,4,GR,QMUL,SEIR_agumented,WIS,198.283391803753,-0.9428341021206784,17,16,0.5945892675552202
2025-10-29,ILI incidence,2025-11-16,4,GR,RIVM,KFdlm,WIS,158.516431432622,-0.6199026538992851,17,14,0.7009775127901843
2025-10-29,ILI incidence,2025-11-16,4,GR,respicast,hubEnsemble,WIS,98.7253274618515,0.06323758744155461,17,5,0.860936196399541
2025-10-29,ILI incidence,2025-11-16,4,GR,respicast,quantileBaseline,WIS,103.14899326087,0.0,17,8,0.8491015970871643
2025-10-29,ILI incidence,2025-11-16,4,GR,safinea,PRFM,WIS,182.444667180195,-0.8227292413414824,17,15,0.6369624865222757
2025-10-29,ILI incidence,2025-11-16,4,HR,ECDC,SARIMA,WIS,4.18410879956216,0.5050146835762391,13,6,0.7827482814821943
2025-10-29,ILI incidence,2025-11-16,4,HR,ECDC,soca_simplex,WIS,3.44395952912562,0.785866860764986,13,5,0.8324554668297718
2025-10-29,ILI incidence,2025-11-16,4,HR,ISI,FluBcast,WIS,4.72565217391304,0.3294216047677151,13,8,0.7463791354763688
2025-10-29,ILI incidence,2025-11-16,4,HR,ItaLuxColab,EpiEKF,WIS,5.3467932006362,0.15126117180033166,13,10,0.7046643444530628
2025-10-29,ILI incidence,2025-11-16,4,HR,ItaLuxColab,EpiNetEKF,WIS,4.83988470997422,0.29496236838110396,13,9,0.7387074696793223
2025-10-29,ILI incidence,2025-11-16,4,HR,NotreDame,Rt_cocirc,WIS,12.5726260869565,-1.0822790666060258,13,12,0.2193895101495684
2025-10-29,ILI incidence,2025-11-16,4,HR,QMUL,ARIMA,WIS,3.02400947516519,0.9734723901306622,13,4,0.8606586090913652
2025-10-29,ILI incidence,2025-11-16,4,HR,QMUL,SEIR,WIS,1.12374777533311,2.401616790449956,13,2,0.9882770021578684
2025-10-29,ILI incidence,2025-11-16,4,HR,QMUL,SEIR_agumented,WIS,0.949190148714131,2.645166017574878,13,1,1.0
2025-10-29,ILI incidence,2025-11-16,4,HR,RIVM,KFdlm,WIS,4.64001219024291,0.3558064545032857,13,7,0.7521305733436844
2025-10-29,ILI incidence,2025-11-16,4,HR,respicast,hubEnsemble,WIS,2.96366345925769,1.0025534193445533,13,3,0.8647113464478889
2025-10-29,ILI incidence,2025-11-16,4,HR,respicast,quantileBaseline,WIS,5.93782695652174,0.0,13,11,0.6649715073134006
2025-10-29,ILI incidence,2025-11-16,4,HR,safinea,PRFM,WIS,15.8393768543392,-1.4155086234496062,13,13,0.0
2025-10-29,ILI incidence,2025-11-16,4,HU,ECDC,SARIMA,WIS,41.3907403474443,0.1216446722874362,13,4,0.8319637855477623
2025-10-29,ILI incidence,2025-11-16,4,HU,ECDC,soca_simplex,WIS,35.0544655295592,0.36135448782452345,13,2,0.8603814965877522
2025-10-29,ILI incidence,2025-11-16,4,HU,ISI,FluBcast,WIS,172.420869565217,-1.9369097752735385,13,11,0.2443036134963802
2025-10-29,ILI incidence,2025-11-16,4,HU,ItaLuxColab,EpiEKF,WIS,70.1545402857914,-0.6395837494346589,13,9,0.702960328697566
2025-10-29,ILI incidence,2025-11-16,4,HU,ItaLuxColab,EpiNetEKF,WIS,52.6436349309398,-0.2253063812658108,13,8,0.7814954084921129
2025-10-29,ILI incidence,2025-11-16,4,HU,NotreDame,Rt_cocirc,WIS,3.92383695652174,3.5206157252929096,13,1,1.0
2025-10-29,ILI incidence,2025-11-16,4,HU,QMUL,ARIMA,WIS,40.3213514214471,0.15940873285848417,13,3,0.8367599136138264
2025-10-29,ILI incidence,2025-11-16,4,HU,QMUL,SEIR,WIS,226.893055306606,-2.3329878206082855,13,13,0.0
2025-10-29,ILI incidence,2025-11-16,4,HU,QMUL,SEIR_agumented,WIS,101.678383291399,-1.174988365089188,13,10,0.5615782884371388
2025-10-29,ILI incidence,2025-11-16,4,HU,RIVM,KFdlm,WIS,197.300267564836,-2.131368281163967,13,12,0.13272140415053313
2025-10-29,ILI incidence,2025-11-16,4,HU,respicast,hubEnsemble,WIS,50.498610509039,-0.16529096576836488,13,7,0.7911156800155699
2025-10-29,ILI incidence,2025-11-16,4,HU,respicast,quantileBaseline,WIS,45.032067826087,0.0,13,5,0.8156327085247204
2025-10-29,ILI incidence,2025-11-16,4,HU,safinea,PRFM,WIS,48.3256188873578,-0.10183548231927189,13,6,0.8008613823047056
2025-10-29,ILI incidence,2025-11-16,4,IE,ECDC,SARIMA,WIS,3.5489577863701,0.3139662895077654,17,7,0.7808505366341422
2025-10-29,ILI incidence,2025-11-16,4,IE,ECDC,soca_simplex,WIS,5.21947456015695,-0.24254287563521926,17,13,0.5844210474162239
2025-10-29,ILI incidence,2025-11-16,4,IE,ISI,FluBcast,WIS,1.76130434782609,1.3247174797936194,17,2,0.9910536649965391
2025-10-29,ILI incidence,2025-11-16,4,IE,ItaLuxColab,EpiEKF,WIS,3.4535996969394,0.35326083233581923,17,6,0.7920633188663179
2025-10-29,ILI incidence,2025-11-16,4,IE,ItaLuxColab,EpiNetEKF,WIS,2.51922002859976,0.8083845711327452,17,4,0.9019333446377454
2025-10-29,ILI incidence,2025-11-16,4,IE,MRC_GIDA,NBEATS,WIS,10.18963034761,-1.2076681065952652,17,17,0.0
2025-10-29,ILI incidence,2025-11-16,4,IE,MRC_GIDA,NHiTS,WIS,8.17971784199357,-0.8906893748515378,17,15,0.23633769684093978
2025-10-29,ILI incidence,2025-11-16,4,IE,MRC_GIDA,Prophet,WIS,2.32050713000723,0.9269215732980404,17,3,0.925299211885555
2025-10-29,ILI incidence,2025-11-16,4,IE,MRC_GIDA,TiDE,WIS,5.2410036054207,-0.2484813977947421,17,14,0.5818895317613877
2025-10-29,ILI incidence,2025-11-16,4,IE,NotreDame,Rt_cocirc,WIS,9.5128347826087,-1.108513618235709,17,16,0.07958172538237601
2025-10-29,ILI incidence,2025-11-16,4,IE,QMUL,ARIMA,WIS,3.81844822604287,0.2083752411541754,17,9,0.7491622170406576
2025-10-29,ILI incidence,2025-11-16,4,IE,QMUL,SEIR,WIS,3.1481677395383,0.4868492915980446,17,5,0.8279778599978769
2025-10-29,ILI incidence,2025-11-16,4,IE,QMUL,SEIR_agumented,WIS,1.6852210532724,1.388423859100055,17,1,1.0
2025-10-29,ILI incidence,2025-11-16,4,IE,RIVM,KFdlm,WIS,4.51482719096747,-0.033309064676752466,17,12,0.6672777567774077
2025-10-29,ILI incidence,2025-11-16,4,IE,respicast,hubEnsemble,WIS,3.60381042279395,0.2918385829765169,17,8,0.7744006311174388
2025-10-29,ILI incidence,2025-11-16,4,IE,respicast,quantileBaseline,WIS,4.41178260869565,0.0,17,11,0.679394363434666
2025-10-29,ILI incidence,2025-11-16,4,IE,safinea,PRFM,WIS,3.95639617438537,0.15717480581126256,17,10,0.7329414610106828
2025-10-29,ILI incidence,2025-11-16,4,IS,ECDC,SARIMA,WIS,3.07353162746678,0.6512165010632993,11,5,0.7263432140250072
2025-10-29,ILI incidence,2025-11-16,4,IS,ECDC,soca_simplex,WIS,6.83803875313982,-0.5024687670339472,11,11,0.0
2025-10-29,ILI incidence,2025-11-16,4,IS,ISI,FluBcast,WIS,1.65521739130435,1.5440931231993185,11,1,1.0
2025-10-29,ILI incidence,2025-11-16,4,IS,ItaLuxColab,EpiEKF,WIS,3.03203398855905,0.6708279059766616,11,4,0.7343499802263863
2025-10-29,ILI incidence,2025-11-16,4,IS,ItaLuxColab,EpiNetEKF,WIS,3.21371449159605,0.5868720671529193,11,6,0.6992956169070497
2025-10-29,ILI incidence,2025-11-16,4,IS,MRC_GIDA,Prophet,WIS,6.44839413028802,-0.41782609314489483,11,10,0.07518002177752262
2025-10-29,ILI incidence,2025-11-16,4,IS,QMUL,ARIMA,WIS,6.30385177940378,-0.38511978160285654,11,9,0.1030687605151918
2025-10-29,ILI incidence,2025-11-16,4,IS,RIVM,KFdlm,WIS,2.96697913408515,0.7021190511371893,11,3,0.7469019958048012
2025-10-29,ILI incidence,2025-11-16,4,IS,respicast,hubEnsemble,WIS,2.72621405621154,0.8242149881613735,11,2,0.7933564384847133
2025-10-29,ILI incidence,2025-11-16,4,IS,respicast,quantileBaseline,WIS,4.82695652173913,0.0,11,8,0.38802846770093485
2025-10-29,ILI incidence,2025-11-16,4,IS,safinea,PRFM,WIS,4.07818602636726,0.2431862465713214,11,7,0.5325000678385666
2025-10-29,ILI incidence,2025-11-16,4,LT,ECDC,SARIMA,WIS,8.42102191155847,-0.7251014851042886,17,13,0.6336994058026756
2025-10-29,ILI incidence,2025-11-16,4,LT,ECDC,soca_simplex,WIS,3.64733918729865,0.4820494628537044,17,4,0.8454492487007544
2025-10-29,ILI incidence,2025-11-16,4,LT,ISI,FluBcast,WIS,3.59130434782609,0.5043859128997997,17,3,0.8479348283130805
2025-10-29,ILI incidence,2025-11-16,4,LT,ItaLuxColab,EpiEKF,WIS,8.23381355493719,-0.6926669475149525,17,12,0.6420035479909083
2025-10-29,ILI incidence,2025-11-16,4,LT,ItaLuxColab,EpiNetEKF,WIS,5.00366935095284,0.025907375905812446,17,6,0.7852854892594034
2025-10-29,ILI incidence,2025-11-16,4,LT,MRC_GIDA,NBEATS,WIS,0.163151235132389,4.964612018904001,17,1,1.0
2025-10-29,ILI incidence,2025-11-16,4,LT,MRC_GIDA,NHiTS,WIS,0.457135833120444,3.478199017570175,17,2,0.9869595035878558
2025-10-29,ILI incidence,2025-11-16,4,LT,MRC_GIDA,Prophet,WIS,20.753341701799,-2.026377919343118,17,16,0.08666540103286666
2025-10-29,ILI incidence,2025-11-16,4,LT,MRC_GIDA,TiDE,WIS,5.70190875326269,-0.16255111886684415,17,9,0.7543131577734888
2025-10-29,ILI incidence,2025-11-16,4,LT,NotreDame,Rt_cocirc,WIS,4.23267173913043,0.26732522723500607,17,5,0.8194852114882206
2025-10-29,ILI incidence,2025-11-16,4,LT,QMUL,ARIMA,WIS,8.22552673320974,-0.6912142334435756,17,11,0.6423711327886985
2025-10-29,ILI incidence,2025-11-16,4,LT,QMUL,SEIR,WIS,13.442234182603,-1.3998072044123024,17,14,0.4109697082154851
2025-10-29,ILI incidence,2025-11-16,4,LT,QMUL,SEIR_agumented,WIS,15.9218432870398,-1.6440416292489777,17,15,0.3009798180946349
2025-10-29,ILI incidence,2025-11-16,4,LT,RIVM,KFdlm,WIS,6.18732359633228,-0.2804216553391639,17,10,0.7327812456843127
2025-10-29,ILI incidence,2025-11-16,4,LT,respicast,hubEnsemble,WIS,5.06257675514355,0.009021957221007277,17,7,0.7826724891285977
2025-10-29,ILI incidence,2025-11-16,4,LT,respicast,quantileBaseline,WIS,5.094335,0.0,17,8,0.7812637647228267
2025-10-29,ILI incidence,2025-11-16,4,LT,safinea,PRFM,WIS,22.7071241558468,-2.156179262633506,17,17,0.0
2025-10-29,ILI incidence,2025-11-16,4,LU,ECDC,SARIMA,WIS,716.789494311023,0.22526189445185407,15,6,0.9989298904130728
2025-10-29,ILI incidence,2025-11-16,4,LU,ItaLuxColab,EpiEKF,WIS,754.647549209607,0.1510083819526647,15,8,0.9988626905171091
2025-10-29,ILI incidence,2025-11-16,4,LU,ItaLuxColab,EpiNetEKF,WIS,2382.78812996754,-1.5077673851949112,15,14,0.9959726614880396
2025-10-29,ILI incidence,2025-11-16,4,LU,MRC_GIDA,NBEATS,WIS,113.927437629438,2.878696147738671,15,1,1.0
2025-10-29,ILI incidence,2025-11-16,4,LU,MRC_GIDA,NHiTS,WIS,815.923863923288,0.038376850338122596,15,10,0.9987539220665159
2025-10-29,ILI incidence,2025-11-16,4,LU,MRC_GIDA,Prophet,WIS,1235.63269546569,-0.5603666588964881,15,13,0.9980089183971462
2025-10-29,ILI incidence,2025-11-16,4,LU,MRC_GIDA,TiDE,WIS,509.329775732485,0.718211326472362,15,3,0.9992981415433133
2025-10-29,ILI incidence,2025-11-16,4,LU,NotreDame,Rt_cocirc,WIS,725.001815217391,0.20882677974608677,15,7,0.9989153131424758
2025-10-29,ILI incidence,2025-11-16,4,LU,QMUL,ARIMA,WIS,516.47617738345,0.6981095811249302,15,4,0.9992854563314411
2025-10-29,ILI incidence,2025-11-16,4,LU,QMUL,SEIR,WIS,1142.98584212636,-0.44792424124136715,15,12,0.9981733710855487
2025-10-29,ILI incidence,2025-11-16,4,LU,QMUL,SEIR_agumented,WIS,759.709562577247,0.1413634062390759,15,9,0.9988537051962156
2025-10-29,ILI incidence,2025-11-16,4,LU,RIVM,KFdlm,WIS,563478.711798322,-9.393334004117955,15,15,0.0
2025-10-29,ILI incidence,2025-11-16,4,LU,respicast,hubEnsemble,WIS,639.743514511784,0.3893177701954746,15,5,0.999066650789188
2025-10-29,ILI incidence,2025-11-16,4,LU,respicast,quantileBaseline,WIS,837.919347826087,0.0,15,11,0.9987148790086016
2025-10-29,ILI incidence,2025-11-16,4,LU,safinea,PRFM,WIS,376.689377240307,1.1534360376120805,15,2,0.9995335847271515
2025-10-29,ILI incidence,2025-11-16,4,LV,ItaLuxColab,EpiEKF,WIS,19.8041845799429,-0.011599310125929284,6,4,0.8503544078424664
2025-10-29,ILI incidence,2025-11-16,4,LV,ItaLuxColab,EpiNetEKF,WIS,15.6051753101739,0.3321814258919273,6,1,1.0
2025-10-29,ILI incidence,2025-11-16,4,LV,NotreDame,Rt_cocirc,WIS,25.9041847826087,-0.3989791913550783,6,5,0.6329607123674342
2025-10-29,ILI incidence,2025-11-16,4,LV,respicast,hubEnsemble,WIS,15.9261419638046,0.3028091678191646,6,2,0.98856129104282
2025-10-29,ILI incidence,2025-11-16,4,LV,respicast,quantileBaseline,WIS,19.6455967391304,0.0,6,3,0.8560062104041398
2025-10-29,ILI incidence,2025-11-16,4,LV,safinea,PRFM,WIS,43.6648676086858,-1.1522669753284656,6,6,0.0
2025-10-29,ILI incidence,2025-11-16,4,MT,ECDC,SARIMA,WIS,18569.74327177,-0.12089006186726056,10,9,0.015591406090185205
2025-10-29,ILI incidence,2025-11-16,4,MT,ECDC,soca_simplex,WIS,14622.9028771244,0.22383407069831832,10,7,0.27062844278644727
2025-10-29,ILI incidence,2025-11-16,4,MT,ItaLuxColab,EpiEKF,WIS,5115.92394931715,1.7389970850338716,10,4,0.8849506578349946
2025-10-29,ILI incidence,2025-11-16,4,MT,ItaLuxColab,EpiNetEKF,WIS,4751.65240304251,1.845562600321564,10,3,0.9084891662177212
2025-10-29,ILI incidence,2025-11-16,4,MT,NotreDame,Rt_cocirc,WIS,12456.8090108696,0.4551292593697365,10,6,0.41059715335427815
2025-10-29,ILI incidence,2025-11-16,4,MT,QMUL,ARIMA,WIS,18811.0289774197,-0.13951495935616764,10,10,0.0
2025-10-29,ILI incidence,2025-11-16,4,MT,RIVM,KFdlm,WIS,6136.33462361589,1.4766147457231156,10,5,0.819013733975738
2025-10-29,ILI incidence,2025-11-16,4,MT,respicast,hubEnsemble,WIS,3335.47120834903,2.356101314978903,10,1,1.0
2025-10-29,ILI incidence,2025-11-16,4,MT,respicast,quantileBaseline,WIS,17077.1095652174,0.0,10,8,0.1120424502997687
2025-10-29,ILI incidence,2025-11-16,4,MT,safinea,PRFM,WIS,3866.11159663279,2.143108621017853,10,2,0.9657110653973136
2025-10-29,ILI incidence,2025-11-16,4,NL,ECDC,SARIMA,WIS,3.30317630084724,0.1265370743888452,17,8,0.8930050953300274
2025-10-29,ILI incidence,2025-11-16,4,NL,ECDC,soca_simplex,WIS,2.7708499259196,0.3800624731649773,17,5,0.9259978082678508
2025-10-29,ILI incidence,2025-11-16,4,NL,ISI,FluBcast,WIS,8.23086956521739,-1.1906538076332938,17,16,0.5875947738160686
2025-10-29,ILI incidence,2025-11-16,4,NL,ItaLuxColab,EpiEKF,WIS,5.29700184830553,-0.5547849648286736,17,14,0.769431068128516
2025-10-29,ILI incidence,2025-11-16,4,NL,ItaLuxColab,EpiNetEKF,WIS,2.92785927186383,0.3005448353471301,17,6,0.9162666273170713
2025-10-29,ILI incidence,2025-11-16,4,NL,MRC_GIDA,NBEATS,WIS,3.11588753197798,0.21074788697910235,17,7,0.9046129450981735
2025-10-29,ILI incidence,2025-11-16,4,NL,MRC_GIDA,NHiTS,WIS,2.34934246308583,0.6181340172239399,17,3,0.9521221473527126
2025-10-29,ILI incidence,2025-11-16,4,NL,MRC_GIDA,Prophet,WIS,3.55260539399462,0.021513597142604594,17,10,0.8775458904960161
2025-10-29,ILI incidence,2025-11-16,4,NL,MRC_GIDA,TiDE,WIS,1.71221845815217,1.0745242634721839,17,2,0.9916100449858705
2025-10-29,ILI incidence,2025-11-16,4,NL,NotreDame,Rt_cocirc,WIS,7.68774347826087,-1.0921691503956505,17,15,0.6212568351378199
2025-10-29,ILI incidence,2025-11-16,4,NL,QMUL,ARIMA,WIS,1.57684934355725,1.1933462194782551,17,1,1.0
2025-10-29,ILI incidence,2025-11-16,4,NL,QMUL,SEIR,WIS,17.7115144719096,-2.2962246266589625,17,17,0.0
2025-10-29,ILI incidence,2025-11-16,4,NL,QMUL,SEIR_agumented,WIS,3.40221615160361,0.08391624514698252,17,9,0.8868667683199221
2025-10-29,ILI incidence,2025-11-16,4,NL,RIVM,KFdlm,WIS,4.19305225821877,-0.21760976346390415,17,12,0.8378520475107819
2025-10-29,ILI incidence,2025-11-16,4,NL,respicast,hubEnsemble,WIS,2.69250976098103,0.42143947232473156,17,4,0.9308532028059692
2025-10-29,ILI incidence,2025-11-16,4,NL,respicast,quantileBaseline,WIS,3.60597913043478,0.0,17,11,0.8742378741216092
2025-10-29,ILI incidence,2025-11-16,4,NL,safinea,PRFM,WIS,4.45915507141402,-0.3063793244218314,17,13,0.8213594329397087
2025-10-29,ILI incidence,2025-11-16,4,NO,ECDC,SARIMA,WIS,6.87537104747367,0.36532831321755715,12,7,0.5910502595352577
2025-10-29,ILI incidence,2025-11-16,4,NO,ECDC,soca_simplex,WIS,13.2553457168067,-0.581736505288751,12,11,0.09160535368958887
2025-10-29,ILI incidence,2025-11-16,4,NO,ISI,FluBcast,WIS,4.17695652173913,1.0843137612183882,12,2,0.8022908143318435
2025-10-29,ILI incidence,2025-11-16,4,NO,ItaLuxColab,EpiEKF,WIS,8.28787878613029,0.0957629845441563,12,9,0.48047461760823645
2025-10-29,ILI incidence,2025-11-16,4,NO,ItaLuxColab,EpiNetEKF,WIS,6.56051143172453,0.43295760160303,12,6,0.6156984814002
2025-10-29,ILI incidence,2025-11-16,4,NO,MRC_GIDA,Prophet,WIS,5.65753456865431,0.6465923930029754,12,4,0.6863864100725047
2025-10-29,ILI incidence,2025-11-16,4,NO,NotreDame,Rt_cocirc,WIS,1.65139347826087,2.4230819748722117,12,1,1.0
2025-10-29,ILI incidence,2025-11-16,4,NO,QMUL,ARIMA,WIS,4.60084095819475,0.9448683014325779,12,3,0.7691077793783279
2025-10-29,ILI incidence,2025-11-16,4,NO,RIVM,KFdlm,WIS,7.70124886059989,0.2016734705807167,12,8,0.5263978920894207
2025-10-29,ILI incidence,2025-11-16,4,NO,respicast,hubEnsemble,WIS,6.15824625646883,0.5242463285271278,12,5,0.6471890911586206
2025-10-29,ILI incidence,2025-11-16,4,NO,respicast,quantileBaseline,WIS,8.85667934782609,0.0,12,10,0.4359470829854665
2025-10-29,ILI incidence,2025-11-16,4,NO,safinea,PRFM,WIS,14.4255245078493,-0.7037859830073561,12,12,0.0
2025-10-29,ILI incidence,2025-11-16,4,PL,ECDC,SARIMA,WIS,33.4436525386052,1.153837137229878,16,1,1.0
2025-10-29,ILI incidence,2025-11-16,4,PL,ECDC,soca_simplex,WIS,98.1213281609671,-0.39899720544560513,16,12,0.843420082124024
2025-10-29,ILI incidence,2025-11-16,4,PL,ItaLuxColab,EpiEKF,WIS,51.6719400340671,0.5261885056906896,16,4,0.9558706503968382
2025-10-29,ILI incidence,2025-11-16,4,PL,ItaLuxColab,EpiNetEKF,WIS,47.7606754712674,0.639746316222611,16,3,0.9653395355746266
2025-10-29,ILI incidence,2025-11-16,4,PL,MRC_GIDA,NBEATS,WIS,82.0028332974255,-0.14010420069172597,16,7,0.8824417782151724
2025-10-29,ILI incidence,2025-11-16,4,PL,MRC_GIDA,NHiTS,WIS,94.52917216242,-0.345190063990263,16,10,0.8521164288284769
2025-10-29,ILI incidence,2025-11-16,4,PL,MRC_GIDA,Prophet,WIS,98.0014065747477,-0.3972328990327926,16,11,0.8437104035052595
2025-10-29,ILI incidence,2025-11-16,4,PL,MRC_GIDA,TiDE,WIS,44.3156645488318,0.7477528089483476,16,2,0.9736796548217429
2025-10-29,ILI incidence,2025-11-16,4,PL,NotreDame,Rt_cocirc,WIS,283.269730434783,-1.9285349849327662,16,15,0.3951893542269475
2025-10-29,ILI incidence,2025-11-16,4,PL,QMUL,ARIMA,WIS,78.0200357378287,-0.06827510243802651,16,6,0.8920838395415489
2025-10-29,ILI incidence,2025-11-16,4,PL,QMUL,SEIR,WIS,260.475262511692,-1.8075049035385178,16,14,0.45037309237275913
2025-10-29,ILI incidence,2025-11-16,4,PL,QMUL,SEIR_agumented,WIS,155.806729849748,-1.0661160880249951,16,13,0.703767947563562
2025-10-29,ILI incidence,2025-11-16,4,PL,RIVM,KFdlm,WIS,446.508600456076,-2.585046502306154,16,16,0.0
2025-10-29,ILI incidence,2025-11-16,4,PL,respicast,hubEnsemble,WIS,90.4693797131329,-0.281860023154253,16,8,0.8619448891462917
2025-10-29,ILI incidence,2025-11-16,4,PL,respicast,quantileBaseline,WIS,74.413767173913,0.0,16,5,0.9008143517336321
2025-10-29,ILI incidence,2025-11-16,4,PL,safinea,PRFM,WIS,91.3689246310029,-0.2961340187612026,16,9,0.8597671567523784
2025-10-29,ILI incidence,2025-11-16,4,RO,ItaLuxColab,EpiEKF,WIS,0.877499894406693,0.22691188154397446,7,5,0.8497932530964157
2025-10-29,ILI incidence,2025-11-16,4,RO,ItaLuxColab,EpiNetEKF,WIS,0.330662985293842,1.6349492753432153,7,1,1.0
2025-10-29,ILI incidence,2025-11-16,4,RO,NotreDame,Rt_cocirc,WIS,0.333758695652174,1.6215054085078706,7,2,0.9991496613075457
2025-10-29,ILI incidence,2025-11-16,4,RO,RIVM,KFdlm,WIS,0.524322060051363,0.9698575870298165,7,4,0.9468051641304224
2025-10-29,ILI incidence,2025-11-16,4,RO,respicast,hubEnsemble,WIS,0.394774133295525,1.3792833698753697,7,3,0.9823897640757097
2025-10-29,ILI incidence,2025-11-16,4,RO,respicast,quantileBaseline,WIS,1.02696195652174,0.0,7,6,0.8087385807404033
2025-10-29,ILI incidence,2025-11-16,4,RO,safinea,PRFM,WIS,3.971224547178,-1.9512011998158287,7,7,0.0
2025-10-29,ILI incidence,2025-11-16,4,SI,ECDC,SARIMA,WIS,5.90754182000121,-0.1986639563995577,17,9,0.750300160257518
2025-10-29,ILI incidence,2025-11-16,4,SI,ECDC,soca_simplex,WIS,19.4779698292007,-1.9198774285732847,17,17,0.0
2025-10-29,ILI incidence,2025-11-16,4,SI,ISI,FluBcast,WIS,1.39130434782609,1.8874559368561175,17,1,1.0
2025-10-29,ILI incidence,2025-11-16,4,SI,ItaLuxColab,EpiEKF,WIS,5.72926029453777,-0.1544549036821483,17,8,0.7601572301329482
2025-10-29,ILI incidence,2025-11-16,4,SI,ItaLuxColab,EpiNetEKF,WIS,4.14501095150077,0.31251806733984827,17,3,0.8477493484627995
2025-10-29,ILI incidence,2025-11-16,4,SI,MRC_GIDA,NBEATS,WIS,7.10490920835499,-0.464922232990846,17,14,0.6840984941965843
2025-10-29,ILI incidence,2025-11-16,4,SI,MRC_GIDA,NHiTS,WIS,4.72227073812724,0.12441322399397285,17,5,0.8158330293811575
2025-10-29,ILI incidence,2025-11-16,4,SI,MRC_GIDA,Prophet,WIS,7.0382103053215,-0.4513146423977888,17,13,0.6877862332716601
2025-10-29,ILI incidence,2025-11-16,4,SI,MRC_GIDA,TiDE,WIS,4.74261195428959,0.11821215044290342,17,6,0.8147083767367385
2025-10-29,ILI incidence,2025-11-16,4,SI,NotreDame,Rt_cocirc,WIS,6.0069652173913,-0.22274232933756352,17,10,0.7448031051208222
2025-10-29,ILI incidence,2025-11-16,4,SI,QMUL,ARIMA,WIS,6.21677237842052,-0.2722717760502465,17,12,0.7332030033085076
2025-10-29,ILI incidence,2025-11-16,4,SI,QMUL,SEIR,WIS,10.2017988026318,-0.9868576677393547,17,15,0.5128734777630165
2025-10-29,ILI incidence,2025-11-16,4,SI,QMUL,SEIR_agumented,WIS,12.2646285368325,-1.2525376532275394,17,16,0.39882096010435947
2025-10-29,ILI incidence,2025-11-16,4,SI,RIVM,KFdlm,WIS,4.67879033161794,0.1377584014517158,17,4,0.8182370328473617
2025-10-29,ILI incidence,2025-11-16,4,SI,respicast,hubEnsemble,WIS,3.39668819370063,0.5997651917984399,17,2,0.8891236282365229
2025-10-29,ILI incidence,2025-11-16,4,SI,respicast,quantileBaseline,WIS,5.14757869565217,0.0,17,7,0.7923180283455655
2025-10-29,ILI incidence,2025-11-16,4,SI,safinea,PRFM,WIS,6.07747156998139,-0.2395772586366661,17,11,0.7409048546300008
2025-11-05,ILI incidence,2025-11-02,1,AT,ECDC,SARIMA,WIS,479.967505009249,-0.061946366689106844,13,8,0.5584945465859555
2025-11-05,ILI incidence,2025-11-02,1,AT,ECDC,soca_simplex,WIS,512.034202152118,-0.15524981217321485,13,9,0.5139632680677224
2025-11-05,ILI incidence,2025-11-02,1,AT,ISI,FluBcast,WIS,516.821739130435,-0.16867638713276942,13,11,0.5073147772160481
2025-11-05,ILI incidence,2025-11-02,1,AT,ItaLuxColab,EpiEKF,WIS,637.949746464411,-0.47245241390771986,13,12,0.33910334568271444
2025-11-05,ILI incidence,2025-11-02,1,AT,ItaLuxColab,EpiNetEKF,WIS,513.329988199361,-0.15889617532334543,13,10,0.5121637996312718
2025-11-05,ILI incidence,2025-11-02,1,AT,NotreDame,Rt_cocirc,WIS,254.898258695652,0.8510688506077596,13,3,0.8710500071257518
2025-11-05,ILI incidence,2025-11-02,1,AT,QMUL,ARIMA,WIS,389.278562870613,0.24018746912634625,13,4,0.6844350050905074
2025-11-05,ILI incidence,2025-11-02,1,AT,QMUL,SEIR,WIS,882.135960019653,-0.940010661208051,13,13,0.0
2025-11-05,ILI incidence,2025-11-02,1,AT,QMUL,SEIR_agumented,WIS,443.313941369505,0.052661635221164425,13,5,0.6093956432550335
2025-11-05,ILI incidence,2025-11-02,1,AT,RIVM,KFdlm,WIS,186.000672199961,1.3056825332253088,13,2,0.9667286359475525
2025-11-05,ILI incidence,2025-11-02,1,AT,respicast,hubEnsemble,WIS,472.516412299831,-0.039374072095561034,13,7,0.5688419385618098
2025-11-05,ILI incidence,2025-11-02,1,AT,respicast,quantileBaseline,WIS,459.794869565217,0.0,13,6,0.5865084465957585
2025-11-05,ILI incidence,2025-11-02,1,AT,safinea,PRFM,WIS,162.042169545178,1.5046210622407918,13,1,1.0
2025-11-05,ILI incidence,2025-11-02,1,BE,ECDC,SARIMA,WIS,18.2512617285446,-0.4309584140426192,17,10,0.9038393121004407
2025-11-05,ILI incidence,2025-11-02,1,BE,ECDC,soca_simplex,WIS,9.52346073477971,0.5074799528538153,17,2,0.9932171782163217
2025-11-05,ILI incidence,2025-11-02,1,BE,ISI,FluBcast,WIS,11.4569565217391,0.2408139375046301,17,4,0.9734170329442271
2025-11-05,ILI incidence,2025-11-02,1,BE,ItaLuxColab,EpiEKF,WIS,10.173530979021,0.4122172987950837,17,3,0.986560072801427
2025-11-05,ILI incidence,2025-11-02,1,BE,ItaLuxColab,EpiNetEKF,WIS,8.861114213468,0.6114777658575451,17,1,1.0
2025-11-05,ILI incidence,2025-11-02,1,BE,MRC_GIDA,NBEATS,WIS,62.168465181161,-2.199145173578824,17,13,0.45410106380902926
2025-11-05,ILI incidence,2025-11-02,1,BE,MRC_GIDA,NHiTS,WIS,106.511700125298,-2.975902223194796,17,17,0.0
2025-11-05,ILI incidence,2025-11-02,1,BE,MRC_GIDA,Prophet,WIS,34.2829640774301,-1.340454060699337,17,12,0.7396651579037546
2025-11-05,ILI incidence,2025-11-02,1,BE,MRC_GIDA,TiDE,WIS,85.2684586624113,-2.654974389885213,17,15,0.21754341015493242
2025-11-05,ILI incidence,2025-11-02,1,BE,NotreDame,Rt_cocirc,WIS,76.074952173913,-2.4903837333666594,17,14,0.311690377145988
2025-11-05,ILI incidence,2025-11-02,1,BE,QMUL,ARIMA,WIS,17.868625449208,-0.4003908703908753,17,8,0.907757734870398
2025-11-05,ILI incidence,2025-11-02,1,BE,QMUL,SEIR,WIS,105.670464942756,-2.964462504076739,17,16,0.008614747926874394
2025-11-05,ILI incidence,2025-11-02,1,BE,QMUL,SEIR_agumented,WIS,16.1385267793853,-0.25347109845749477,17,6,0.9254749728538426
2025-11-05,ILI incidence,2025-11-02,1,BE,RIVM,KFdlm,WIS,23.7254796582618,-0.809399466127914,17,11,0.8477800690493037
2025-11-05,ILI incidence,2025-11-02,1,BE,respicast,hubEnsemble,WIS,17.8069467552503,-0.39540237943974166,17,7,0.9083893613310257
2025-11-05,ILI incidence,2025-11-02,1,BE,respicast,quantileBaseline,WIS,13.5382173913043,0.0,17,5,0.9521036854601229
2025-11-05,ILI incidence,2025-11-02,1,BE,safinea,PRFM,WIS,18.1999650222873,-0.4268978893809408,17,9,0.9043646208405604
2025-11-05,ILI incidence,2025-11-02,1,CZ,ECDC,soca_simplex,WIS,9.6949771046083,-1.25475388131732,8,7,0.4938764483254991
2025-11-05,ILI incidence,2025-11-02,1,CZ,ItaLuxColab,EpiEKF,WIS,6.37365741541701,-0.649637866239011,8,4,0.7923411223144445
2025-11-05,ILI incidence,2025-11-02,1,CZ,ItaLuxColab,EpiNetEKF,WIS,6.16306298074989,-0.6011639241885058,8,3,0.811265828506191
2025-11-05,ILI incidence,2025-11-02,1,CZ,NotreDame,Rt_cocirc,WIS,5.78985434782609,-0.5110434455974343,8,2,0.8448035795748285
2025-11-05,ILI incidence,2025-11-02,1,CZ,RIVM,KFdlm,WIS,9.52591137736945,-1.2293735169166127,8,6,0.509069248743737
2025-11-05,ILI incidence,2025-11-02,1,CZ,respicast,hubEnsemble,WIS,6.94872801814415,-0.7742653031178144,8,5,0.7406633929702467
2025-11-05,ILI incidence,2025-11-02,1,CZ,respicast,quantileBaseline,WIS,4.06282608695652,0.0,8,1,1.0
2025-11-05,ILI incidence,2025-11-02,1,CZ,safinea,PRFM,WIS,15.1908421593521,-1.902646337979311,8,8,0.0
2025-11-05,ILI incidence,2025-11-02,1,EE,ECDC,soca_simplex,WIS,20.0687183686352,-0.5952269147147434,9,6,0.6783827658500083
2025-11-05,ILI incidence,2025-11-02,1,EE,ISI,FluBcast,WIS,15.8839130434783,-0.25784479662862814,9,4,0.8101006550755179
2025-11-05,ILI incidence,2025-11-02,1,EE,ItaLuxColab,EpiEKF,WIS,41.6215979942979,-1.6476107847613972,9,9,0.0
2025-11-05,ILI incidence,2025-11-02,1,EE,ItaLuxColab,EpiNetEKF,WIS,35.3765797716734,-1.4130730028436613,9,8,0.19656365220002245
2025-11-05,ILI incidence,2025-11-02,1,EE,NotreDame,Rt_cocirc,WIS,15.2183326086956,-0.19608872779081146,9,3,0.8310499808308532
2025-11-05,ILI incidence,2025-11-02,1,EE,RIVM,KFdlm,WIS,30.7928530091476,-1.2128739703447908,9,7,0.3408377024926105
2025-11-05,ILI incidence,2025-11-02,1,EE,respicast,hubEnsemble,WIS,16.6136209163361,-0.3226449696840153,9,5,0.7871329007127836
2025-11-05,ILI incidence,2025-11-02,1,EE,respicast,quantileBaseline,WIS,13.2842941304348,0.0,9,2,0.8919243695404112
2025-11-05,ILI incidence,2025-11-02,1,EE,safinea,PRFM,WIS,9.85062633841111,0.43143420696941115,9,1,1.0
2025-11-05,ILI incidence,2025-11-02,1,ES,ECDC,SARIMA,WIS,1.4098019205494,-0.10769839955361134,12,7,0.9486793218016939
2025-11-05,ILI incidence,2025-11-02,1,ES,ECDC,soca_simplex,WIS,1.45032554007109,-0.1485826875962217,12,8,0.9402225159413131
2025-11-05,ILI incidence,2025-11-02,1,ES,ISI,FluBcast,WIS,1.26739130434783,0.04593205406568459,12,4,0.9783987532811372
2025-11-05,ILI incidence,2025-11-02,1,ES,ItaLuxColab,EpiEKF,WIS,1.76783561316376,-0.4341900518580065,12,9,0.8739618739119681
2025-11-05,ILI incidence,2025-11-02,1,ES,ItaLuxColab,EpiNetEKF,WIS,1.16388169118167,0.16884966087648395,12,1,1.0
2025-11-05,ILI incidence,2025-11-02,1,ES,QMUL,ARIMA,WIS,1.3019593423884,0.007109679623549071,12,5,0.9711848076826476
2025-11-05,ILI incidence,2025-11-02,1,ES,QMUL,SEIR,WIS,5.95571683446407,-2.18648108605591,12,12,0.0
2025-11-05,ILI incidence,2025-11-02,1,ES,QMUL,SEIR_agumented,WIS,1.24589015714443,0.07061719634551185,12,3,0.982885791453463
2025-11-05,ILI incidence,2025-11-02,1,ES,RIVM,KFdlm,WIS,2.39199258875587,-0.8704188432385734,12,10,0.7437076066158349
2025-11-05,ILI incidence,2025-11-02,1,ES,respicast,hubEnsemble,WIS,1.21645316208382,0.10511330403583635,12,2,0.9890289483402097
2025-11-05,ILI incidence,2025-11-02,1,ES,respicast,quantileBaseline,WIS,1.30839130434783,0.0,12,6,0.9698425323816189
2025-11-05,ILI incidence,2025-11-02,1,ES,safinea,PRFM,WIS,5.34180014970929,-2.0295319257806197,12,11,0.12811723826004742
2025-11-05,ILI incidence,2025-11-02,1,FI,ECDC,SARIMA,WIS,2.28362355894712,-0.2573910095366724,12,11,0.10464170742160929
2025-11-05,ILI incidence,2025-11-02,1,FI,ECDC,soca_simplex,WIS,2.5171235060788,-0.3978421645102404,12,12,0.0
2025-11-05,ILI incidence,2025-11-02,1,FI,ISI,FluBcast,WIS,1.75434782608696,0.1229990291808585,12,8,0.3418336942449609
2025-11-05,ILI incidence,2025-11-02,1,FI,ItaLuxColab,EpiEKF,WIS,1.59057770993932,0.2643829829940546,12,6,0.4152263643026547
2025-11-05,ILI incidence,2025-11-02,1,FI,ItaLuxColab,EpiNetEKF,WIS,1.25808369567034,0.602705938921852,12,4,0.5642317143593293
2025-11-05,ILI incidence,2025-11-02,1,FI,QMUL,ARIMA,WIS,1.61251136358922,0.24462451407229835,12,7,0.40539691895967384
2025-11-05,ILI incidence,2025-11-02,1,FI,QMUL,SEIR,WIS,0.285700177033804,2.7413600061626537,12,1,1.0
2025-11-05,ILI incidence,2025-11-02,1,FI,QMUL,SEIR_agumented,WIS,1.38388312339749,0.46521173698975143,12,5,0.5078553979115715
2025-11-05,ILI incidence,2025-11-02,1,FI,RIVM,KFdlm,WIS,1.17491952277706,0.7013719000998886,12,2,0.6015012776066011
2025-11-05,ILI incidence,2025-11-02,1,FI,respicast,hubEnsemble,WIS,1.22979748113411,0.6355130845019551,12,3,0.5769080246622856
2025-11-05,ILI incidence,2025-11-02,1,FI,respicast,quantileBaseline,WIS,1.91047826086957,0.0,12,9,0.2718647050574943
2025-11-05,ILI incidence,2025-11-02,1,FI,safinea,PRFM,WIS,2.27351545130905,-0.25099096747304306,12,10,0.10917159984789145
2025-11-05,ILI incidence,2025-11-02,1,FR,ECDC,SARIMA,WIS,16.7493446262233,0.360051118129832,13,3,0.9326137137770748
2025-11-05,ILI incidence,2025-11-02,1,FR,ECDC,soca_simplex,WIS,27.0579459606524,-0.3318965601564013,13,11,0.7785997873291357
2025-11-05,ILI incidence,2025-11-02,1,FR,ISI,FluBcast,WIS,23.9160869565217,-0.15382559695028256,13,10,0.8255402039650829
2025-11-05,ILI incidence,2025-11-02,1,FR,ItaLuxColab,EpiEKF,WIS,19.8347144165857,0.11612813908913158,13,7,0.8865172647495518
2025-11-05,ILI incidence,2025-11-02,1,FR,ItaLuxColab,EpiNetEKF,WIS,21.4170382783585,0.005396778248051459,13,8,0.8628768209145596
2025-11-05,ILI incidence,2025-11-02,1,FR,NotreDame,Rt_cocirc,WIS,18.8140847826087,0.19234265383201116,13,5,0.9017658103357435
2025-11-05,ILI incidence,2025-11-02,1,FR,QMUL,ARIMA,WIS,12.2389839328695,0.8126719725369653,13,1,1.0
2025-11-05,ILI incidence,2025-11-02,1,FR,QMUL,SEIR,WIS,79.1719007942138,-1.8808327240992633,13,13,0.0
2025-11-05,ILI incidence,2025-11-02,1,FR,QMUL,SEIR_agumented,WIS,17.2071241645329,0.32114976540166384,13,4,0.9257743354894392
2025-11-05,ILI incidence,2025-11-02,1,FR,RIVM,KFdlm,WIS,39.8984407547739,-0.8921766019488327,13,12,0.5867585319910279
2025-11-05,ILI incidence,2025-11-02,1,FR,respicast,hubEnsemble,WIS,19.6250005396756,0.13146307088868947,13,6,0.8896504596967335
2025-11-05,ILI incidence,2025-11-02,1,FR,respicast,quantileBaseline,WIS,21.4973043478261,0.0,13,9,0.8616776191879433
2025-11-05,ILI incidence,2025-11-02,1,FR,safinea,PRFM,WIS,15.5513745821833,0.4671136591136219,13,2,0.9505117839675862
2025-11-05,ILI incidence,2025-11-02,1,GR,ECDC,SARIMA,WIS,37.7146684380278,-0.4575816964401019,17,9,0.8216967893488015
2025-11-05,ILI incidence,2025-11-02,1,GR,ECDC,soca_simplex,WIS,29.8179260736145,-0.11863587099758527,17,8,0.8651095792894252
2025-11-05,ILI incidence,2025-11-02,1,GR,ISI,FluBcast,WIS,29.0278260869565,-0.07989248529021217,17,7,0.8694531988695002
2025-11-05,ILI incidence,2025-11-02,1,GR,ItaLuxColab,EpiEKF,WIS,42.0806227056639,-0.6156120073364878,17,11,0.7976947076340163
2025-11-05,ILI incidence,2025-11-02,1,GR,ItaLuxColab,EpiNetEKF,WIS,38.6040151124633,-0.49120686026532084,17,10,0.8168075554622242
2025-11-05,ILI incidence,2025-11-02,1,GR,MRC_GIDA,NBEATS,WIS,45.9204172595443,-0.7415917049003907,17,12,0.7765852188486181
2025-11-05,ILI incidence,2025-11-02,1,GR,MRC_GIDA,NHiTS,WIS,26.9616180126534,0.02663696863041246,17,5,0.8808122951859224
2025-11-05,ILI incidence,2025-11-02,1,GR,MRC_GIDA,Prophet,WIS,54.7966600166746,-0.9965439139252661,17,14,0.727787569831496
2025-11-05,ILI incidence,2025-11-02,1,GR,MRC_GIDA,TiDE,WIS,96.5493949081014,-1.8137231712461437,17,16,0.49824953685012874
2025-11-05,ILI incidence,2025-11-02,1,GR,NotreDame,Rt_cocirc,WIS,5.28149565217391,2.378525600954888,17,1,1.0
2025-11-05,ILI incidence,2025-11-02,1,GR,QMUL,ARIMA,WIS,24.6155286535233,0.1579753225011635,17,3,0.893710054772057
2025-11-05,ILI incidence,2025-11-02,1,GR,QMUL,SEIR,WIS,187.18047922853,-2.7688140348146764,17,17,0.0
2025-11-05,ILI incidence,2025-11-02,1,GR,QMUL,SEIR_agumented,WIS,21.3548673058916,0.3629791128954349,17,2,0.9116357258424672
2025-11-05,ILI incidence,2025-11-02,1,GR,RIVM,KFdlm,WIS,62.4627590547756,-1.1854522499947764,17,15,0.68564275468533
2025-11-05,ILI incidence,2025-11-02,1,GR,respicast,hubEnsemble,WIS,26.6365347603048,0.04413763694912684,17,4,0.8825994588410294
2025-11-05,ILI incidence,2025-11-02,1,GR,respicast,quantileBaseline,WIS,27.4640434782609,0.0,17,6,0.8780501826346084
2025-11-05,ILI incidence,2025-11-02,1,GR,safinea,PRFM,WIS,49.6362814645278,-0.8538509927087623,17,13,0.7561570441995625
2025-11-05,ILI incidence,2025-11-02,1,HR,ECDC,SARIMA,WIS,1.5427184991202,0.21550062255281985,13,10,0.6848090045898735
2025-11-05,ILI incidence,2025-11-02,1,HR,ECDC,soca_simplex,WIS,0.661363082563838,1.4374610376167025,13,2,0.942106404764839
2025-11-05,ILI incidence,2025-11-02,1,HR,ISI,FluBcast,WIS,1.01826086956522,0.8148682442744706,13,6,0.8379158920628821
2025-11-05,ILI incidence,2025-11-02,1,HR,ItaLuxColab,EpiEKF,WIS,1.48701299495422,0.26855820383735163,13,9,0.7010713218436142
2025-11-05,ILI incidence,2025-11-02,1,HR,ItaLuxColab,EpiNetEKF,WIS,1.14579426751236,0.6446274339458066,13,7,0.8006845877435763
2025-11-05,ILI incidence,2025-11-02,1,HR,NotreDame,Rt_cocirc,WIS,3.88848695652174,-1.118233440495675,13,13,0.0
2025-11-05,ILI incidence,2025-11-02,1,HR,QMUL,ARIMA,WIS,1.94535588470275,-0.11905864800480336,13,12,0.5672655589179647
2025-11-05,ILI incidence,2025-11-02,1,HR,QMUL,SEIR,WIS,0.463052358437853,1.9517282221430186,13,1,1.0
2025-11-05,ILI incidence,2025-11-02,1,HR,QMUL,SEIR_agumented,WIS,0.674548734425382,1.4089808758557874,13,3,0.9382570678459792
2025-11-05,ILI incidence,2025-11-02,1,HR,RIVM,KFdlm,WIS,0.992821440346003,0.8513692824939286,13,5,0.8453425202733424
2025-11-05,ILI incidence,2025-11-02,1,HR,respicast,hubEnsemble,WIS,0.861697360424004,1.0557222892492764,13,4,0.883622065880591
2025-11-05,ILI incidence,2025-11-02,1,HR,respicast,quantileBaseline,WIS,1.79126086956522,0.0,13,11,0.6122510960009754
2025-11-05,ILI incidence,2025-11-02,1,HR,safinea,PRFM,WIS,1.25260915870928,0.5160391262887956,13,8,0.7695017149902416
2025-11-05,ILI incidence,2025-11-02,1,HU,ECDC,SARIMA,WIS,19.7690865685744,-0.4178524865745358,12,8,0.8764325605503958
2025-11-05,ILI incidence,2025-11-02,1,HU,ECDC,soca_simplex,WIS,15.0984030576128,-0.029002239014449538,12,6,0.9183718490043941
2025-11-05,ILI incidence,2025-11-02,1,HU,ISI,FluBcast,WIS,12.9939130434783,0.18755777057656148,12,4,0.9372686150867473
2025-11-05,ILI incidence,2025-11-02,1,HU,ItaLuxColab,EpiEKF,WIS,15.7782258855692,-0.09254127060952898,12,7,0.9122675420839266
2025-11-05,ILI incidence,2025-11-02,1,HU,ItaLuxColab,EpiNetEKF,WIS,10.8360567944401,0.4495538660591132,12,2,0.9566445705455757
2025-11-05,ILI incidence,2025-11-02,1,HU,NotreDame,Rt_cocirc,WIS,6.00766086956522,1.3005184456375092,12,1,1.0
2025-11-05,ILI incidence,2025-11-02,1,HU,QMUL,ARIMA,WIS,80.6231904886621,-2.4458011496082706,12,11,0.3300076503794405
2025-11-05,ILI incidence,2025-11-02,1,HU,QMUL,SEIR,WIS,117.375394637502,-2.9876643771274285,12,12,0.0
2025-11-05,ILI incidence,2025-11-02,1,HU,RIVM,KFdlm,WIS,30.4800410553953,-1.042471119833809,12,9,0.7802560996991771
2025-11-05,ILI incidence,2025-11-02,1,HU,respicast,hubEnsemble,WIS,11.3575261084635,0.381745104413012,12,3,0.9519621612302347
2025-11-05,ILI incidence,2025-11-02,1,HU,respicast,quantileBaseline,WIS,14.7979130434783,0.0,12,5,0.9210700274082093
2025-11-05,ILI incidence,2025-11-02,1,HU,safinea,PRFM,WIS,47.409078969662,-1.6797696394178614,12,10,0.6282458419566367
2025-11-05,ILI incidence,2025-11-02,1,IE,ECDC,SARIMA,WIS,1.93111283603858,-1.7224951033404785,17,15,0.6486656168455
2025-11-05,ILI incidence,2025-11-02,1,IE,ECDC,soca_simplex,WIS,0.555997044328387,0.07378824217813863,17,3,0.9342312503100676
2025-11-05,ILI incidence,2025-11-02,1,IE,ISI,FluBcast,WIS,0.49,0.25608370657513213,17,2,0.9479366327106188
2025-11-05,ILI incidence,2025-11-02,1,IE,ItaLuxColab,EpiEKF,WIS,1.23031352469035,-1.0720886480455936,17,10,0.794198233431774
2025-11-05,ILI incidence,2025-11-02,1,IE,ItaLuxColab,EpiNetEKF,WIS,0.701758653603717,-0.26210949336473677,17,5,0.9039614311875942
2025-11-05,ILI incidence,2025-11-02,1,IE,MRC_GIDA,NBEATS,WIS,2.43509188009699,-2.057038847720335,17,16,0.544005997752319
2025-11-05,ILI incidence,2025-11-02,1,IE,MRC_GIDA,NHiTS,WIS,1.23230751609122,-1.074424957276002,17,11,0.7937841479991544
2025-11-05,ILI incidence,2025-11-02,1,IE,MRC_GIDA,Prophet,WIS,1.5401325660697,-1.3961171745371175,17,12,0.7298591637008919
2025-11-05,ILI incidence,2025-11-02,1,IE,MRC_GIDA,TiDE,WIS,1.8219358225166,-1.638534780349634,17,14,0.671338037025767
2025-11-05,ILI incidence,2025-11-02,1,IE,NotreDame,Rt_cocirc,WIS,0.794845652173913,-0.4418092807421647,17,6,0.8846303698513315
2025-11-05,ILI incidence,2025-11-02,1,IE,QMUL,ARIMA,WIS,0.853655097393491,-0.5447878391164858,17,9,0.8724176117846507
2025-11-05,ILI incidence,2025-11-02,1,IE,QMUL,SEIR,WIS,5.05470415352937,-3.1106892942737328,17,17,0.0
2025-11-05,ILI incidence,2025-11-02,1,IE,QMUL,SEIR_agumented,WIS,0.239293506852886,1.2900842054298411,17,1,1.0
2025-11-05,ILI incidence,2025-11-02,1,IE,RIVM,KFdlm,WIS,0.84814501970558,-0.5354455086581664,17,8,0.8735618709334969
2025-11-05,ILI incidence,2025-11-02,1,IE,respicast,hubEnsemble,WIS,0.79672417394409,-0.44521489356047234,17,7,0.8842402636053617
2025-11-05,ILI incidence,2025-11-02,1,IE,respicast,quantileBaseline,WIS,0.585173913043478,0.0,17,4,0.9281721889223895
2025-11-05,ILI incidence,2025-11-02,1,IE,safinea,PRFM,WIS,1.66229267287308,-1.506237052798903,17,13,0.7044905885643784
2025-11-05,ILI incidence,2025-11-02,1,IS,ECDC,SARIMA,WIS,0.634032328833628,-0.8263500008177593,14,5,0.817643732660461
2025-11-05,ILI incidence,2025-11-02,1,IS,ECDC,soca_simplex,WIS,1.41081318956242,-1.9802486600879818,14,13,0.3052831210697845
2025-11-05,ILI incidence,2025-11-02,1,IS,ISI,FluBcast,WIS,0.361304347826087,-0.015008212463830477,14,2,0.9975336890322125
2025-11-05,ILI incidence,2025-11-02,1,IS,ItaLuxColab,EpiEKF,WIS,1.07312495311888,-1.5855397627262744,14,9,0.5280205237252257
2025-11-05,ILI incidence,2025-11-02,1,IS,ItaLuxColab,EpiNetEKF,WIS,0.540826498219818,-0.5969594359683543,14,4,0.8791218132767934
2025-11-05,ILI incidence,2025-11-02,1,IS,MRC_GIDA,NBEATS,WIS,1.87364752964633,-2.3895712704249585,14,14,0.0
2025-11-05,ILI incidence,2025-11-02,1,IS,MRC_GIDA,NHiTS,WIS,1.04163351801407,-1.542569469387434,14,7,0.5487921103668307
2025-11-05,ILI incidence,2025-11-02,1,IS,MRC_GIDA,Prophet,WIS,1.04188085415557,-1.5429119970236405,14,8,0.5486289687356007
2025-11-05,ILI incidence,2025-11-02,1,IS,MRC_GIDA,TiDE,WIS,0.824261612844572,-1.2048959044968282,14,6,0.6921694873155653
2025-11-05,ILI incidence,2025-11-02,1,IS,QMUL,ARIMA,WIS,1.27019391991188,-1.8287704609149014,14,12,0.39803485922665444
2025-11-05,ILI incidence,2025-11-02,1,IS,RIVM,KFdlm,WIS,1.08688378791149,-1.603919383899015,14,10,0.5189452679284972
2025-11-05,ILI incidence,2025-11-02,1,IS,respicast,hubEnsemble,WIS,0.500408284158188,-0.4848992698646309,14,3,0.9057814568429211
2025-11-05,ILI incidence,2025-11-02,1,IS,respicast,quantileBaseline,WIS,0.357565217391304,0.0,14,1,1.0
2025-11-05,ILI incidence,2025-11-02,1,IS,safinea,PRFM,WIS,1.23544280483958,-1.7887499137788874,14,11,0.42095651380397814
2025-11-05,ILI incidence,2025-11-02,1,LT,ECDC,SARIMA,WIS,2.93700950496227,-0.7518220166583462,17,13,0.8613539358680156
2025-11-05,ILI incidence,2025-11-02,1,LT,ECDC,soca_simplex,WIS,0.483237655390685,1.8517211344966158,17,1,1.0
2025-11-05,ILI incidence,2025-11-02,1,LT,ISI,FluBcast,WIS,1.07260869565217,0.701402063497475,17,3,0.966698625603723
2025-11-05,ILI incidence,2025-11-02,1,LT,ItaLuxColab,EpiEKF,WIS,2.66759723852905,-0.6130149427696133,17,12,0.8765766023014759
2025-11-05,ILI incidence,2025-11-02,1,LT,ItaLuxColab,EpiNetEKF,WIS,1.61690374747187,0.10929211867073559,17,9,0.9359441906816289
2025-11-05,ILI incidence,2025-11-02,1,LT,MRC_GIDA,NBEATS,WIS,3.7170666576962,-1.0916386421373576,17,15,0.8172781779513028
2025-11-05,ILI incidence,2025-11-02,1,LT,MRC_GIDA,NHiTS,WIS,1.2307842155951,0.5029480711550246,17,5,0.9577611959539589
2025-11-05,ILI incidence,2025-11-02,1,LT,MRC_GIDA,Prophet,WIS,18.1813372367514,-3.381860490528378,17,17,0.0
2025-11-05,ILI incidence,2025-11-02,1,LT,MRC_GIDA,TiDE,WIS,4.23965516760144,-1.2814210099777164,17,16,0.7877502330155866
2025-11-05,ILI incidence,2025-11-02,1,LT,NotreDame,Rt_cocirc,WIS,1.09701956521739,0.6689366616956781,17,4,0.9653193323381948
2025-11-05,ILI incidence,2025-11-02,1,LT,QMUL,ARIMA,WIS,3.43019897892057,-0.9757663486875471,17,14,0.8334871317690197
2025-11-05,ILI incidence,2025-11-02,1,LT,QMUL,SEIR,WIS,0.645693855790764,1.4336037139116278,17,2,0.9908206980273082
2025-11-05,ILI incidence,2025-11-02,1,LT,QMUL,SEIR_agumented,WIS,1.37557616128701,0.3424898986539809,17,6,0.9495799816362137
2025-11-05,ILI incidence,2025-11-02,1,LT,RIVM,KFdlm,WIS,1.41216177202073,0.3046205500908014,17,8,0.9475127760266209
2025-11-05,ILI incidence,2025-11-02,1,LT,respicast,hubEnsemble,WIS,1.40285557017083,0.314159432831364,17,7,0.9480386065999613
2025-11-05,ILI incidence,2025-11-02,1,LT,respicast,quantileBaseline,WIS,1.74415217391304,0.0,17,10,0.9287542420740854
2025-11-05,ILI incidence,2025-11-02,1,LT,safinea,PRFM,WIS,1.74966072427239,-0.0045492790270556934,17,11,0.9284429911211779
2025-11-05,ILI incidence,2025-11-02,1,LU,ItaLuxColab,EpiEKF,WIS,887.421701581909,0.052286722392251433,7,4,0.9777385276926215
2025-11-05,ILI incidence,2025-11-02,1,LU,ItaLuxColab,EpiNetEKF,WIS,693.423110024139,0.4081706378865519,7,3,0.9856983755287845
2025-11-05,ILI incidence,2025-11-02,1,LU,NotreDame,Rt_cocirc,WIS,975.9387,-0.08488397647549355,7,6,0.9741066361790582
2025-11-05,ILI incidence,2025-11-02,1,LU,RIVM,KFdlm,WIS,24717.0100540611,-4.74745386830756,7,7,0.0
2025-11-05,ILI incidence,2025-11-02,1,LU,respicast,hubEnsemble,WIS,489.441945988596,0.9107688084960002,7,2,0.9940678127196869
2025-11-05,ILI incidence,2025-11-02,1,LU,respicast,quantileBaseline,WIS,920.173913043478,0.0,7,5,0.9763946900006129
2025-11-05,ILI incidence,2025-11-02,1,LU,safinea,PRFM,WIS,344.861798110746,1.4158882327309121,7,1,1.0
2025-11-05,ILI incidence,2025-11-02,1,LV,ECDC,soca_simplex,WIS,1.29491835904364,2.7083423027884557,8,2,0.9671955725257128
2025-11-05,ILI incidence,2025-11-02,1,LV,ItaLuxColab,EpiEKF,WIS,3.79945844721842,1.155409645885525,8,6,0.6292652513536422
2025-11-05,ILI incidence,2025-11-02,1,LV,ItaLuxColab,EpiNetEKF,WIS,2.81955946178127,1.5857336773926507,8,5,0.7614801759333815
2025-11-05,ILI incidence,2025-11-02,1,LV,NotreDame,Rt_cocirc,WIS,1.05179130434783,3.008354971163642,8,1,1.0
2025-11-05,ILI incidence,2025-11-02,1,LV,RIVM,KFdlm,WIS,1.58248512526556,2.4190115067530087,8,3,0.928395023823533
2025-11-05,ILI incidence,2025-11-02,1,LV,respicast,hubEnsemble,WIS,2.10738831809957,2.0057472687242868,8,4,0.8575713602790173
2025-11-05,ILI incidence,2025-11-02,1,LV,respicast,quantileBaseline,WIS,8.46320108695652,0.0,8,8,0.0
2025-11-05,ILI incidence,2025-11-02,1,LV,safinea,PRFM,WIS,6.8458930077406,0.3059647006001529,8,7,0.2182186826332324
2025-11-05,ILI incidence,2025-11-02,1,MT,ECDC,SARIMA,WIS,3505.70738601155,-1.2666616542684412,10,8,0.24823000907201345
2025-11-05,ILI incidence,2025-11-02,1,MT,ECDC,soca_simplex,WIS,2395.45723229167,-0.7172571281483812,10,7,0.5559113356615033
2025-11-05,ILI incidence,2025-11-02,1,MT,ItaLuxColab,EpiEKF,WIS,1058.46421581393,0.46107143210418594,10,3,0.9264294423894979
2025-11-05,ILI incidence,2025-11-02,1,MT,ItaLuxColab,EpiNetEKF,WIS,792.989141971384,0.8776709111172388,10,1,1.0
2025-11-05,ILI incidence,2025-11-02,1,MT,NotreDame,Rt_cocirc,WIS,4401.43092173913,-1.5949286974414025,10,10,0.0
2025-11-05,ILI incidence,2025-11-02,1,MT,QMUL,ARIMA,WIS,3554.03697166678,-1.2864147612559937,10,9,0.23483653105437985
2025-11-05,ILI incidence,2025-11-02,1,MT,RIVM,KFdlm,WIS,1920.00736621082,-0.398067917786213,10,5,0.6876717727417581
2025-11-05,ILI incidence,2025-11-02,1,MT,respicast,hubEnsemble,WIS,1961.56539335599,-0.4289615036722799,10,6,0.6761548827151037
2025-11-05,ILI incidence,2025-11-02,1,MT,respicast,quantileBaseline,WIS,1457.04347826087,0.0,10,4,0.815971996551867
2025-11-05,ILI incidence,2025-11-02,1,MT,safinea,PRFM,WIS,959.658775033637,0.6024505037393569,10,2,0.9538111896395954
2025-11-05,ILI incidence,2025-11-02,1,NL,ECDC,SARIMA,WIS,2.34158509286167,-0.2626930931412386,17,12,0.6231334621130112
2025-11-05,ILI incidence,2025-11-02,1,NL,ECDC,soca_simplex,WIS,3.24743696853999,-0.7345091506316473,17,15,0.41866563579186516
2025-11-05,ILI incidence,2025-11-02,1,NL,ISI,FluBcast,WIS,1.65521739130435,0.23777166444576983,17,8,0.7780595772567006
2025-11-05,ILI incidence,2025-11-02,1,NL,ItaLuxColab,EpiEKF,WIS,1.57929322623114,0.30551331296313905,17,7,0.7951970910319438
2025-11-05,ILI incidence,2025-11-02,1,NL,ItaLuxColab,EpiNetEKF,WIS,1.43563635514033,0.44310201055708964,17,4,0.8276231520212637
2025-11-05,ILI incidence,2025-11-02,1,NL,MRC_GIDA,NBEATS,WIS,1.51701915801147,0.3635530680833625,17,5,0.8092535209041191
2025-11-05,ILI incidence,2025-11-02,1,NL,MRC_GIDA,NHiTS,WIS,5.10224737215064,-1.3863404736126734,17,17,0.0
2025-11-05,ILI incidence,2025-11-02,1,NL,MRC_GIDA,Prophet,WIS,4.03331393099598,-1.0471733283931164,17,16,0.24127840661721023
2025-11-05,ILI incidence,2025-11-02,1,NL,MRC_GIDA,TiDE,WIS,2.06732613346401,-0.08297362759297873,17,11,0.6850388737843701
2025-11-05,ILI incidence,2025-11-02,1,NL,NotreDame,Rt_cocirc,WIS,2.6677347826087,-0.4508228724937453,17,13,0.5495153354541082
2025-11-05,ILI incidence,2025-11-02,1,NL,QMUL,ARIMA,WIS,1.16562709897259,0.7436860499106234,17,2,0.8885693256480129
2025-11-05,ILI incidence,2025-11-02,1,NL,QMUL,SEIR,WIS,0.671956837073746,1.5383519031244903,17,1,1.0
2025-11-05,ILI incidence,2025-11-02,1,NL,QMUL,SEIR_agumented,WIS,1.52189941990538,0.3589193567780371,17,6,0.8081519538950774
2025-11-05,ILI incidence,2025-11-02,1,NL,RIVM,KFdlm,WIS,1.92835590244243,0.0174210294387253,17,9,0.7164070718565465
2025-11-05,ILI incidence,2025-11-02,1,NL,respicast,hubEnsemble,WIS,1.2071976122707,0.6931305157184683,17,3,0.8791860779876226
2025-11-05,ILI incidence,2025-11-02,1,NL,respicast,quantileBaseline,WIS,1.95178260869565,0.0,17,10,0.7111192231098924
2025-11-05,ILI incidence,2025-11-02,1,NL,safinea,PRFM,WIS,3.23734110641543,-0.7300170117118542,17,14,0.42094446198726376
2025-11-05,ILI incidence,2025-11-02,1,NO,ECDC,SARIMA,WIS,3.64843653759948,0.5059401174835465,15,6,0.6535142321333364
2025-11-05,ILI incidence,2025-11-02,1,NO,ECDC,soca_simplex,WIS,5.57236837814843,-0.10507215814778559,15,12,0.3793234079755837
2025-11-05,ILI incidence,2025-11-02,1,NO,ISI,FluBcast,WIS,4.18913043478261,0.306567671281515,15,10,0.5764567698256233
2025-11-05,ILI incidence,2025-11-02,1,NO,ItaLuxColab,EpiEKF,WIS,3.95102468758443,0.3909916157527741,15,8,0.6103906180446633
2025-11-05,ILI incidence,2025-11-02,1,NO,ItaLuxColab,EpiNetEKF,WIS,3.99462225264931,0.37515939400431575,15,9,0.6041772730370774
2025-11-05,ILI incidence,2025-11-02,1,NO,MRC_GIDA,NBEATS,WIS,8.23399057032612,-0.668373319834004,15,15,0.0
2025-11-05,ILI incidence,2025-11-02,1,NO,MRC_GIDA,NHiTS,WIS,3.39102245745564,0.6114981378157877,15,2,0.6901998242613354
2025-11-05,ILI incidence,2025-11-02,1,NO,MRC_GIDA,Prophet,WIS,6.6884207882919,-0.36844713784414757,15,13,0.22026822541091917
2025-11-05,ILI incidence,2025-11-02,1,NO,MRC_GIDA,TiDE,WIS,3.74561526673331,0.4680157567852835,15,7,0.6396647207991899
2025-11-05,ILI incidence,2025-11-02,1,NO,NotreDame,Rt_cocirc,WIS,1.21722826086956,2.0896187416579766,15,1,1.0
2025-11-05,ILI incidence,2025-11-02,1,NO,QMUL,ARIMA,WIS,3.54725569530377,0.5465151494465583,15,3,0.6679341081150763
2025-11-05,ILI incidence,2025-11-02,1,NO,RIVM,KFdlm,WIS,3.62912554659911,0.5135965101096464,15,5,0.6562663548572805
2025-11-05,ILI incidence,2025-11-02,1,NO,respicast,hubEnsemble,WIS,3.6060904847249,0.5227828790234265,15,4,0.6595492167896514
2025-11-05,ILI incidence,2025-11-02,1,NO,respicast,quantileBaseline,WIS,5.18095652173913,0.0,15,11,0.43510581005036825
2025-11-05,ILI incidence,2025-11-02,1,NO,safinea,PRFM,WIS,7.52484871453611,-0.5384441004577478,15,14,0.1010639700356234
2025-11-05,ILI incidence,2025-11-02,1,PL,ECDC,SARIMA,WIS,35.6433895095549,0.6506487705761517,17,1,1.0
2025-11-05,ILI incidence,2025-11-02,1,PL,ECDC,soca_simplex,WIS,64.7001558821466,-0.2094858810061262,17,10,0.8888715308832063
2025-11-05,ILI incidence,2025-11-02,1,PL,ISI,FluBcast,WIS,44.5513043478261,0.3288156363295075,17,4,0.9659314141736841
2025-11-05,ILI incidence,2025-11-02,1,PL,ItaLuxColab,EpiEKF,WIS,46.411266970107,0.26980822526887843,17,5,0.9588179316829585
2025-11-05,ILI incidence,2025-11-02,1,PL,ItaLuxColab,EpiNetEKF,WIS,41.8399927085299,0.41940070693645803,17,2,0.9763009063570173
2025-11-05,ILI incidence,2025-11-02,1,PL,MRC_GIDA,NBEATS,WIS,254.891640282187,-2.187528845644109,17,16,0.16147852956274109
2025-11-05,ILI incidence,2025-11-02,1,PL,MRC_GIDA,NHiTS,WIS,297.113439475362,-2.408658652554192,17,17,0.0
2025-11-05,ILI incidence,2025-11-02,1,PL,MRC_GIDA,Prophet,WIS,53.9014913520421,0.05395811693664185,17,7,0.9301713452654524
2025-11-05,ILI incidence,2025-11-02,1,PL,MRC_GIDA,TiDE,WIS,209.420150463,-1.9040450532360873,17,15,0.33538559779152444
2025-11-05,ILI incidence,2025-11-02,1,PL,NotreDame,Rt_cocirc,WIS,155.97415,-1.4789517350967225,17,14,0.5397914196819827
2025-11-05,ILI incidence,2025-11-02,1,PL,QMUL,ARIMA,WIS,52.9320417757637,0.08014200221410706,17,6,0.9338790340673064
2025-11-05,ILI incidence,2025-11-02,1,PL,QMUL,SEIR,WIS,147.394871456763,-1.397331115117471,17,13,0.5726031262019414
2025-11-05,ILI incidence,2025-11-02,1,PL,QMUL,SEIR_agumented,WIS,80.7700815656555,-0.5295376892161255,17,11,0.8274116210938808
2025-11-05,ILI incidence,2025-11-02,1,PL,RIVM,KFdlm,WIS,145.596465409881,-1.3796201199868994,17,12,0.579481183735174
2025-11-05,ILI incidence,2025-11-02,1,PL,respicast,hubEnsemble,WIS,62.9512027535706,-0.16995063541754143,17,9,0.8955604542562836
2025-11-05,ILI incidence,2025-11-02,1,PL,respicast,quantileBaseline,WIS,55.9556304347826,0.0,17,8,0.9223152291136825
2025-11-05,ILI incidence,2025-11-02,1,PL,safinea,PRFM,WIS,43.0794707685775,0.37728278062411436,17,3,0.9715604855699724
2025-11-05,ILI incidence,2025-11-02,1,RO,ECDC,SARIMA,WIS,0.641300810155383,-1.2625179258746149,12,10,0.8309006475764181
2025-11-05,ILI incidence,2025-11-02,1,RO,ECDC,soca_simplex,WIS,0.165820156152665,0.6888639205834524,12,1,1.0
2025-11-05,ILI incidence,2025-11-02,1,RO,ItaLuxColab,EpiEKF,WIS,0.344965283269058,-0.36796787491364674,12,8,0.9362890482920696
2025-11-05,ILI incidence,2025-11-02,1,RO,ItaLuxColab,EpiNetEKF,WIS,0.172874358094144,0.6287594093950003,12,2,0.9974912523356577
2025-11-05,ILI incidence,2025-11-02,1,RO,NotreDame,Rt_cocirc,WIS,0.318532608695652,-0.25295776719527563,12,6,0.945689532024812
2025-11-05,ILI incidence,2025-11-02,1,RO,QMUL,ARIMA,WIS,2.97766211289578,-3.4776248459201047,12,12,0.0
2025-11-05,ILI incidence,2025-11-02,1,RO,QMUL,SEIR,WIS,0.340684018073123,-0.34995096647671525,12,7,0.9378116321576628
2025-11-05,ILI incidence,2025-11-02,1,RO,QMUL,SEIR_agumented,WIS,0.984261105433573,-1.8805577815680004,12,11,0.7089306718259204
2025-11-05,ILI incidence,2025-11-02,1,RO,RIVM,KFdlm,WIS,0.279712057249287,-0.06545914001167527,12,5,0.9594956249857869
2025-11-05,ILI incidence,2025-11-02,1,RO,respicast,hubEnsemble,WIS,0.264668811534697,0.014295105607689696,12,3,0.9648455863086537
2025-11-05,ILI incidence,2025-11-02,1,RO,respicast,quantileBaseline,WIS,0.267304347826089,0.0,12,4,0.9639082874376871
2025-11-05,ILI incidence,2025-11-02,1,RO,safinea,PRFM,WIS,0.475109788222385,-0.8297776256310889,12,9,0.89000461731926
2025-11-05,ILI incidence,2025-11-02,1,SI,ECDC,SARIMA,WIS,2.78973757296804,0.4098688629762028,15,8,0.6427222228715708
2025-11-05,ILI incidence,2025-11-02,1,SI,ItaLuxColab,EpiEKF,WIS,2.58579051095009,0.5193928796865244,15,7,0.6706190932807974
2025-11-05,ILI incidence,2025-11-02,1,SI,ItaLuxColab,EpiNetEKF,WIS,1.96810640170692,0.9131900597571057,15,3,0.7551089279413166
2025-11-05,ILI incidence,2025-11-02,1,SI,MRC_GIDA,NBEATS,WIS,7.4885194479754,-1.0146822333054153,15,15,0.0
2025-11-05,ILI incidence,2025-11-02,1,SI,MRC_GIDA,NHiTS,WIS,6.78208335414398,-0.8717302367489502,15,13,0.09662976248356467
2025-11-05,ILI incidence,2025-11-02,1,SI,MRC_GIDA,Prophet,WIS,7.34736728869552,-0.9872291165912365,15,14,0.01930747840371805
2025-11-05,ILI incidence,2025-11-02,1,SI,MRC_GIDA,TiDE,WIS,2.85864890557389,0.3746648374599963,15,9,0.6332961958603882
2025-11-05,ILI incidence,2025-11-02,1,SI,NotreDame,Rt_cocirc,WIS,2.16684782608696,0.774400439890125,15,5,0.7279241099497383
2025-11-05,ILI incidence,2025-11-02,1,SI,QMUL,ARIMA,WIS,2.25301180925978,0.718143403400869,15,6,0.7161381815390444
2025-11-05,ILI incidence,2025-11-02,1,SI,QMUL,SEIR,WIS,6.0518101076975,-0.7073684407693419,15,12,0.19652008656016048
2025-11-05,ILI incidence,2025-11-02,1,SI,QMUL,SEIR_agumented,WIS,0.177768850284811,4.381923825122183,15,1,1.0
2025-11-05,ILI incidence,2025-11-02,1,SI,RIVM,KFdlm,WIS,3.00227411036637,0.30394257659712426,15,10,0.6136504422714407
2025-11-05,ILI incidence,2025-11-02,1,SI,respicast,hubEnsemble,WIS,1.97887912957422,0.9053147840358363,15,4,0.7536353818637492
2025-11-05,ILI incidence,2025-11-02,1,SI,respicast,quantileBaseline,WIS,3.70634782608696,0.0,15,11,0.5173438173480025
2025-11-05,ILI incidence,2025-11-02,1,SI,safinea,PRFM,WIS,1.26214731569623,1.554117969874009,15,2,0.8516734429767081
2025-11-05,ILI incidence,2025-11-09,2,AT,ECDC,SARIMA,WIS,220.174401893433,0.255351228055159,13,8,0.6741085812183829
2025-11-05,ILI incidence,2025-11-09,2,AT,ECDC,soca_simplex,WIS,229.77996419999,0.1937449680297059,13,9,0.6593058192033994
2025-11-05,ILI incidence,2025-11-09,2,AT,ISI,FluBcast,WIS,366.721304347826,-0.4806861057190021,13,11,0.44827079558613747
2025-11-05,ILI incidence,2025-11-09,2,AT,ItaLuxColab,EpiEKF,WIS,482.397510907142,-0.876224488335264,13,12,0.2700066500998537
2025-11-05,ILI incidence,2025-11-09,2,AT,ItaLuxColab,EpiNetEKF,WIS,211.591106526575,0.31271898463615777,13,7,0.6873359670355753
2025-11-05,ILI incidence,2025-11-09,2,AT,NotreDame,Rt_cocirc,WIS,8.70235869565219,4.916447681212594,13,1,1.0
2025-11-05,ILI incidence,2025-11-09,2,AT,QMUL,ARIMA,WIS,70.1760073487589,1.9049482015353705,13,2,0.9052653283417379
2025-11-05,ILI incidence,2025-11-09,2,AT,QMUL,SEIR,WIS,657.605738810396,-1.3232249143724164,13,13,0.0
2025-11-05,ILI incidence,2025-11-09,2,AT,QMUL,SEIR_agumented,WIS,138.888028835142,0.9200757202709248,13,3,0.7993758791694544
2025-11-05,ILI incidence,2025-11-09,2,AT,RIVM,KFdlm,WIS,170.747188416588,0.6221361520639973,13,5,0.7502789557171333
2025-11-05,ILI incidence,2025-11-09,2,AT,respicast,hubEnsemble,WIS,193.74648304444,0.4398278525422844,13,6,0.7148356288172409
2025-11-05,ILI incidence,2025-11-09,2,AT,respicast,quantileBaseline,WIS,262.805956521739,0.0,13,10,0.6084107347673942
2025-11-05,ILI incidence,2025-11-09,2,AT,safinea,PRFM,WIS,161.551514722995,0.7020036973314766,13,4,0.7644500541816951
2025-11-05,ILI incidence,2025-11-09,2,BE,ECDC,SARIMA,WIS,25.9714825192947,-0.5782288800200651,17,11,0.8450547241549027
2025-11-05,ILI incidence,2025-11-09,2,BE,ECDC,soca_simplex,WIS,13.0885712401556,0.41039186907547875,17,3,0.9647732903814829
2025-11-05,ILI incidence,2025-11-09,2,BE,ISI,FluBcast,WIS,9.29782608695652,0.9037341430609601,17,1,1.0
2025-11-05,ILI incidence,2025-11-09,2,BE,ItaLuxColab,EpiEKF,WIS,14.7320354194899,0.23974271815215842,17,4,0.9495008747813505
2025-11-05,ILI incidence,2025-11-09,2,BE,ItaLuxColab,EpiNetEKF,WIS,9.61839728678772,0.8548310661967413,17,2,0.9970209897758536
2025-11-05,ILI incidence,2025-11-09,2,BE,MRC_GIDA,NBEATS,WIS,32.0295673435191,-0.8807048211651675,17,13,0.7887580367431413
2025-11-05,ILI incidence,2025-11-09,2,BE,MRC_GIDA,NHiTS,WIS,68.530784543581,-1.9780527140275372,17,16,0.44955882206001296
2025-11-05,ILI incidence,2025-11-09,2,BE,MRC_GIDA,Prophet,WIS,32.1203951452029,-0.884790151897807,17,14,0.7879139903971338
2025-11-05,ILI incidence,2025-11-09,2,BE,MRC_GIDA,TiDE,WIS,30.3004434881896,-0.8006394205507394,17,12,0.8048264722312771
2025-11-05,ILI incidence,2025-11-09,2,BE,NotreDame,Rt_cocirc,WIS,59.1885043478261,-1.7666175122414134,17,15,0.5363749435164896
2025-11-05,ILI incidence,2025-11-09,2,BE,QMUL,ARIMA,WIS,17.5599723312622,-0.013591082556879956,17,7,0.9232213681449261
2025-11-05,ILI incidence,2025-11-09,2,BE,QMUL,SEIR,WIS,116.907795744936,-2.748599741875189,17,17,0.0
2025-11-05,ILI incidence,2025-11-09,2,BE,QMUL,SEIR_agumented,WIS,17.6501003994337,-0.020976900926488237,17,8,0.9223838242959876
2025-11-05,ILI incidence,2025-11-09,2,BE,RIVM,KFdlm,WIS,18.8710412644426,-0.11747454091292744,17,9,0.911037841494492
2025-11-05,ILI incidence,2025-11-09,2,BE,respicast,hubEnsemble,WIS,16.4844454496666,0.07759413473134051,17,5,0.9332160450788011
2025-11-05,ILI incidence,2025-11-09,2,BE,respicast,quantileBaseline,WIS,17.3953232608696,0.0,17,6,0.9247514221995449
2025-11-05,ILI incidence,2025-11-09,2,BE,safinea,PRFM,WIS,24.7041022368567,-0.5060511391563451,17,10,0.8568322600697084
2025-11-05,ILI incidence,2025-11-09,2,CZ,ECDC,soca_simplex,WIS,12.0609620423185,-1.4750668504131597,8,8,0.0
2025-11-05,ILI incidence,2025-11-09,2,CZ,ItaLuxColab,EpiEKF,WIS,7.24940087475331,-0.7406555359850275,8,6,0.4729199452456546
2025-11-05,ILI incidence,2025-11-09,2,CZ,ItaLuxColab,EpiNetEKF,WIS,5.58845062164525,-0.3652421235259032,8,4,0.6361718452839757
2025-11-05,ILI incidence,2025-11-09,2,CZ,NotreDame,Rt_cocirc,WIS,3.69063260869565,0.23333810402663743,8,2,0.8227050638203027
2025-11-05,ILI incidence,2025-11-09,2,CZ,RIVM,KFdlm,WIS,10.982121840713,-1.3398786844598052,8,7,0.10603731955261927
2025-11-05,ILI incidence,2025-11-09,2,CZ,respicast,hubEnsemble,WIS,5.98291789422129,-0.46364303166124665,8,5,0.5974003458784585
2025-11-05,ILI incidence,2025-11-09,2,CZ,respicast,quantileBaseline,WIS,4.3385297826087,0.0,8,3,0.7590243819498851
2025-11-05,ILI incidence,2025-11-09,2,CZ,safinea,PRFM,WIS,1.88680631905785,1.2012598951501408,8,1,1.0
2025-11-05,ILI incidence,2025-11-09,2,EE,ECDC,soca_simplex,WIS,13.0280776689627,-0.0033354895372960927,9,2,0.9990660580815597
2025-11-05,ILI incidence,2025-11-09,2,EE,ISI,FluBcast,WIS,26.285652173913,-1.0159867939019112,9,5,0.5875180475652295
2025-11-05,ILI incidence,2025-11-09,2,EE,ItaLuxColab,EpiEKF,WIS,45.2119112969416,-1.7984141715193873,9,9,0.0
2025-11-05,ILI incidence,2025-11-09,2,EE,ItaLuxColab,EpiNetEKF,WIS,37.7785475315217,-1.5392784994324273,9,7,0.23075005672873677
2025-11-05,ILI incidence,2025-11-09,2,EE,NotreDame,Rt_cocirc,WIS,34.9481043478261,-1.4269254669870102,9,6,0.318614036727075
2025-11-05,ILI incidence,2025-11-09,2,EE,RIVM,KFdlm,WIS,40.2056964755099,-1.629111185480132,9,8,0.15540533068158716
2025-11-05,ILI incidence,2025-11-09,2,EE,respicast,hubEnsemble,WIS,21.3584303082753,-0.7165168869726685,9,4,0.7404712408826492
2025-11-05,ILI incidence,2025-11-09,2,EE,respicast,quantileBaseline,WIS,12.9979917391304,0.0,9,1,1.0
2025-11-05,ILI incidence,2025-11-09,2,EE,safinea,PRFM,WIS,16.6292330139385,-0.35543289289654134,9,3,0.8872772601206921
2025-11-05,ILI incidence,2025-11-09,2,ES,ECDC,SARIMA,WIS,3.3331432411997,0.2615947768437134,12,7,0.7640496891551604
2025-11-05,ILI incidence,2025-11-09,2,ES,ECDC,soca_simplex,WIS,4.64435154854641,-0.21699908421421876,12,10,0.6160073278959421
2025-11-05,ILI incidence,2025-11-09,2,ES,ISI,FluBcast,WIS,2.06347826086956,0.9533998558081407,12,2,0.9074015888060761
2025-11-05,ILI incidence,2025-11-09,2,ES,ItaLuxColab,EpiEKF,WIS,3.38239465344293,0.24043309380585412,12,8,0.7584889439074483
2025-11-05,ILI incidence,2025-11-09,2,ES,ItaLuxColab,EpiNetEKF,WIS,2.98901882300393,0.4188061129188369,12,5,0.802903158242575
2025-11-05,ILI incidence,2025-11-09,2,ES,QMUL,ARIMA,WIS,2.31869623558054,0.7851642653228775,12,4,0.8785861279824145
2025-11-05,ILI incidence,2025-11-09,2,ES,QMUL,SEIR,WIS,7.36785091951806,-0.8827657751829094,12,11,0.30850982692104484
2025-11-05,ILI incidence,2025-11-09,2,ES,QMUL,SEIR_agumented,WIS,1.24333593828134,1.6842619427769685,12,1,1.0
2025-11-05,ILI incidence,2025-11-09,2,ES,RIVM,KFdlm,WIS,3.10575371959721,0.363534663900706,12,6,0.7897231702603524
2025-11-05,ILI incidence,2025-11-09,2,ES,respicast,hubEnsemble,WIS,2.10192326865768,0.9267680909261973,12,3,0.9030609438454754
2025-11-05,ILI incidence,2025-11-09,2,ES,respicast,quantileBaseline,WIS,3.99578260869565,0.0,12,9,0.6892341956307771
2025-11-05,ILI incidence,2025-11-09,2,ES,safinea,PRFM,WIS,10.1003164416578,-1.3378504928583292,12,12,0.0
2025-11-05,ILI incidence,2025-11-09,2,FI,ECDC,SARIMA,WIS,3.30453127753818,-0.29496358582145876,12,10,0.3919690715605185
2025-11-05,ILI incidence,2025-11-09,2,FI,ECDC,soca_simplex,WIS,5.16621786341698,-0.9396264191313666,12,12,0.0
2025-11-05,ILI incidence,2025-11-09,2,FI,ISI,FluBcast,WIS,2.37304347826087,0.18274353173460495,12,8,0.5880893050209359
2025-11-05,ILI incidence,2025-11-09,2,FI,ItaLuxColab,EpiEKF,WIS,2.32099849742944,0.21473647646781277,12,7,0.5990471230396176
2025-11-05,ILI incidence,2025-11-09,2,FI,ItaLuxColab,EpiNetEKF,WIS,1.82193065893313,0.5640140126874059,12,4,0.7041234332977012
2025-11-05,ILI incidence,2025-11-09,2,FI,QMUL,ARIMA,WIS,1.96426013977205,0.45549605736446924,12,6,0.6741566521631703
2025-11-05,ILI incidence,2025-11-09,2,FI,QMUL,SEIR,WIS,0.416642652120333,2.6925996230076255,12,1,1.0
2025-11-05,ILI incidence,2025-11-09,2,FI,QMUL,SEIR_agumented,WIS,1.82415974250863,0.562249992673261,12,5,0.7036541105738084
2025-11-05,ILI incidence,2025-11-09,2,FI,RIVM,KFdlm,WIS,1.81904895944813,0.5662976917299579,12,3,0.7047301611326761
2025-11-05,ILI incidence,2025-11-09,2,FI,respicast,hubEnsemble,WIS,1.77104913519592,0.6048778270453133,12,2,0.714836291074159
2025-11-05,ILI incidence,2025-11-09,2,FI,respicast,quantileBaseline,WIS,2.6935,0.0,12,9,0.5206187402898125
2025-11-05,ILI incidence,2025-11-09,2,FI,safinea,PRFM,WIS,3.76738348268655,-0.4840808277875004,12,11,0.29451778706511833
2025-11-05,ILI incidence,2025-11-09,2,FR,ECDC,SARIMA,WIS,11.8960831927194,0.6080851533905144,13,4,0.9272793150762889
2025-11-05,ILI incidence,2025-11-09,2,FR,ECDC,soca_simplex,WIS,16.0371022196462,0.1771583136042261,13,7,0.8793390552617237
2025-11-05,ILI incidence,2025-11-09,2,FR,ISI,FluBcast,WIS,23.0108695652174,-0.3437437079545292,13,10,0.7986042853272982
2025-11-05,ILI incidence,2025-11-09,2,FR,ItaLuxColab,EpiEKF,WIS,16.6284722674949,0.12491616727447798,13,8,0.872492809553585
2025-11-05,ILI incidence,2025-11-09,2,FR,ItaLuxColab,EpiNetEKF,WIS,13.9345921889578,0.3799010140934024,13,5,0.9036796527036859
2025-11-05,ILI incidence,2025-11-09,2,FR,NotreDame,Rt_cocirc,WIS,9.2239652173913,0.9751128172483076,13,2,0.9582142200258728
2025-11-05,ILI incidence,2025-11-09,2,FR,QMUL,ARIMA,WIS,11.502444582292,0.6566312894212862,13,3,0.9318364390919539
2025-11-05,ILI incidence,2025-11-09,2,FR,QMUL,SEIR,WIS,91.9932979733522,-2.3429569646173856,13,13,0.0
2025-11-05,ILI incidence,2025-11-09,2,FR,QMUL,SEIR_agumented,WIS,29.939214886312,-0.7234645941408323,13,11,0.7183953626880801
2025-11-05,ILI incidence,2025-11-09,2,FR,RIVM,KFdlm,WIS,45.0713331975848,-1.3136383300965067,13,12,0.5432119890619198
2025-11-05,ILI incidence,2025-11-09,2,FR,respicast,hubEnsemble,WIS,14.6650991186769,0.30618497307345727,13,6,0.895222629980691
2025-11-05,ILI incidence,2025-11-09,2,FR,respicast,quantileBaseline,WIS,18.1324239130435,0.0,13,9,0.855081676649506
2025-11-05,ILI incidence,2025-11-09,2,FR,safinea,PRFM,WIS,5.61456237733271,1.6913263127230684,13,1,1.0
2025-11-05,ILI incidence,2025-11-09,2,GR,ECDC,SARIMA,WIS,52.1355350338659,-0.3531808315204906,17,12,0.8094015075302464
2025-11-05,ILI incidence,2025-11-09,2,GR,ECDC,soca_simplex,WIS,25.9223189769808,0.6548914164364503,17,3,0.9310394051878443
2025-11-05,ILI incidence,2025-11-09,2,GR,ISI,FluBcast,WIS,36.0860869565217,0.17764349092123422,17,7,0.8838761968799403
2025-11-05,ILI incidence,2025-11-09,2,GR,ItaLuxColab,EpiEKF,WIS,59.6802789677666,-0.5481680772444324,17,13,0.7743914275578752
2025-11-05,ILI incidence,2025-11-09,2,GR,ItaLuxColab,EpiNetEKF,WIS,50.388933592616,-0.30402072206386715,17,10,0.8175063095849933
2025-11-05,ILI incidence,2025-11-09,2,GR,MRC_GIDA,NBEATS,WIS,21.105033480604,0.9514990840963288,17,2,0.9533931857740995
2025-11-05,ILI incidence,2025-11-09,2,GR,MRC_GIDA,NHiTS,WIS,49.0440065349796,-0.2649906393711704,17,9,0.8237472110996605
2025-11-05,ILI incidence,2025-11-09,2,GR,MRC_GIDA,Prophet,WIS,60.4576954731908,-0.5668397852988531,17,14,0.7707839606557252
2025-11-05,ILI incidence,2025-11-09,2,GR,MRC_GIDA,TiDE,WIS,33.8802618892085,0.26864117553259825,17,6,0.8941119467858711
2025-11-05,ILI incidence,2025-11-09,2,GR,NotreDame,Rt_cocirc,WIS,11.0611695652174,1.883582263433993,17,1,1.0
2025-11-05,ILI incidence,2025-11-09,2,GR,QMUL,ARIMA,WIS,32.4049601319417,0.3328715429570959,17,4,0.9009578295564196
2025-11-05,ILI incidence,2025-11-09,2,GR,QMUL,SEIR,WIS,226.563217542678,-2.472755551976402,17,17,0.0
2025-11-05,ILI incidence,2025-11-09,2,GR,QMUL,SEIR_agumented,WIS,50.5041192375328,-0.3073148602872588,17,11,0.8169718105117927
2025-11-05,ILI incidence,2025-11-09,2,GR,RIVM,KFdlm,WIS,80.0562165958449,-0.9719272344611349,17,16,0.6798404113642406
2025-11-05,ILI incidence,2025-11-09,2,GR,respicast,hubEnsemble,WIS,32.6254028522671,0.3230904861399894,17,5,0.8999349032204784
2025-11-05,ILI incidence,2025-11-09,2,GR,respicast,quantileBaseline,WIS,40.814625,0.0,17,8,0.8619342335071706
2025-11-05,ILI incidence,2025-11-09,2,GR,safinea,PRFM,WIS,65.1536019108284,-0.6747587359887385,17,15,0.7489934186088638
2025-11-05,ILI incidence,2025-11-09,2,HR,ECDC,SARIMA,WIS,2.69163734123016,0.44996504142144145,13,9,0.673807361851897
2025-11-05,ILI incidence,2025-11-09,2,HR,ECDC,soca_simplex,WIS,1.48366519199082,1.3092835162886391,13,2,0.8464630536046603
2025-11-05,ILI incidence,2025-11-09,2,HR,ISI,FluBcast,WIS,2.26130434782609,0.7012939056399842,13,6,0.7353149394123594
2025-11-05,ILI incidence,2025-11-09,2,HR,ItaLuxColab,EpiEKF,WIS,2.70771530008144,0.4413730261920757,13,10,0.6715093360992435
2025-11-05,ILI incidence,2025-11-09,2,HR,ItaLuxColab,EpiNetEKF,WIS,2.42141221165937,0.6026003834498502,13,8,0.7124306916235346
2025-11-05,ILI incidence,2025-11-09,2,HR,NotreDame,Rt_cocirc,WIS,7.40587826086957,-1.0102217520249852,13,13,0.0
2025-11-05,ILI incidence,2025-11-09,2,HR,QMUL,ARIMA,WIS,2.26744582491797,0.6973810009145436,13,7,0.734437136909752
2025-11-05,ILI incidence,2025-11-09,2,HR,QMUL,SEIR,WIS,0.409455861027045,3.1666692382693427,13,1,1.0
2025-11-05,ILI incidence,2025-11-09,2,HR,QMUL,SEIR_agumented,WIS,1.5202367115174,1.2741531035094535,13,3,0.8412358792809084
2025-11-05,ILI incidence,2025-11-09,2,HR,RIVM,KFdlm,WIS,1.82898741410823,1.0074039349646846,13,5,0.7971060819436608
2025-11-05,ILI incidence,2025-11-09,2,HR,respicast,hubEnsemble,WIS,1.61519684974053,1.186739080433809,13,4,0.8276632084505612
2025-11-05,ILI incidence,2025-11-09,2,HR,respicast,quantileBaseline,WIS,3.67679586956521,0.0,13,11,0.5329984638132046
2025-11-05,ILI incidence,2025-11-09,2,HR,safinea,PRFM,WIS,7.11690826460538,-0.9528015576588363,13,12,0.04130253717538469
2025-11-05,ILI incidence,2025-11-09,2,HU,ECDC,SARIMA,WIS,34.101262560517,-0.46504357865580925,12,10,0.7773036394367214
2025-11-05,ILI incidence,2025-11-09,2,HU,ECDC,soca_simplex,WIS,13.6146029059384,0.8596266714943686,12,4,0.9427634941632674
2025-11-05,ILI incidence,2025-11-09,2,HU,ISI,FluBcast,WIS,19.5339130434783,0.33880059614239727,12,6,0.894956374215344
2025-11-05,ILI incidence,2025-11-09,2,HU,ItaLuxColab,EpiEKF,WIS,27.444821637557,-0.1517523876163766,12,8,0.8310641727144171
2025-11-05,ILI incidence,2025-11-09,2,HU,ItaLuxColab,EpiNetEKF,WIS,17.0394571700264,0.5359021997054908,12,5,0.9151027676929595
2025-11-05,ILI incidence,2025-11-09,2,HU,NotreDame,Rt_cocirc,WIS,10.2459956521739,1.2697213910215055,12,2,0.9699699434447194
2025-11-05,ILI incidence,2025-11-09,2,HU,QMUL,ARIMA,WIS,85.0919382288696,-1.784240879001598,12,11,0.3654790701439691
2025-11-05,ILI incidence,2025-11-09,2,HU,QMUL,SEIR,WIS,130.3442765274,-2.3994737540711513,12,12,0.0
2025-11-05,ILI incidence,2025-11-09,2,HU,RIVM,KFdlm,WIS,32.0061902926665,-0.37356938691088876,12,9,0.794224423933802
2025-11-05,ILI incidence,2025-11-09,2,HU,respicast,hubEnsemble,WIS,13.0189731674812,0.9241659109878991,12,3,0.947574078790416
2025-11-05,ILI incidence,2025-11-09,2,HU,respicast,quantileBaseline,WIS,24.704632173913,0.0,12,7,0.853195225712919
2025-11-05,ILI incidence,2025-11-09,2,HU,safinea,PRFM,WIS,6.52777923603754,1.9201174032046204,12,1,1.0
2025-11-05,ILI incidence,2025-11-09,2,IE,ECDC,SARIMA,WIS,3.00113581860874,0.4491530540799038,17,5,0.741297486331671
2025-11-05,ILI incidence,2025-11-09,2,IE,ECDC,soca_simplex,WIS,3.53673901390239,0.21224190234955892,17,11,0.6680016367940752
2025-11-05,ILI incidence,2025-11-09,2,IE,ISI,FluBcast,WIS,4.36782608695652,-0.09225374912141746,17,13,0.5542696172794811
2025-11-05,ILI incidence,2025-11-09,2,IE,ItaLuxColab,EpiEKF,WIS,2.61923790427713,0.6455145596949471,17,3,0.7935591836358192
2025-11-05,ILI incidence,2025-11-09,2,IE,ItaLuxColab,EpiNetEKF,WIS,3.07106238931787,0.4159238434354253,17,8,0.7317282241420262
2025-11-05,ILI incidence,2025-11-09,2,IE,MRC_GIDA,NBEATS,WIS,8.41810423970247,-1.0388337096752758,17,17,0.0
2025-11-05,ILI incidence,2025-11-09,2,IE,MRC_GIDA,NHiTS,WIS,5.94753551428417,-0.5376303166654359,17,15,0.3380906521128374
2025-11-05,ILI incidence,2025-11-09,2,IE,MRC_GIDA,Prophet,WIS,2.99972028275968,0.44983368582744804,17,4,0.7414911985864138
2025-11-05,ILI incidence,2025-11-09,2,IE,MRC_GIDA,TiDE,WIS,3.05951176124163,0.42136021959001074,17,6,0.7333088963728494
2025-11-05,ILI incidence,2025-11-09,2,IE,NotreDame,Rt_cocirc,WIS,6.79153913043478,-0.7290768971175984,17,16,0.22259103858897605
2025-11-05,ILI incidence,2025-11-09,2,IE,QMUL,ARIMA,WIS,3.06021228910467,0.4210299275473918,17,7,0.733213031028323
2025-11-05,ILI incidence,2025-11-09,2,IE,QMUL,SEIR,WIS,1.11068917223781,1.8832065315308528,17,1,1.0
2025-11-05,ILI incidence,2025-11-09,2,IE,QMUL,SEIR_agumented,WIS,5.11279831718762,-0.3194514529291021,17,14,0.45232218123633167
2025-11-05,ILI incidence,2025-11-09,2,IE,RIVM,KFdlm,WIS,3.3745684172706,0.2799586609485231,17,10,0.6901942445951339
2025-11-05,ILI incidence,2025-11-09,2,IE,respicast,hubEnsemble,WIS,3.07590541086244,0.41365052597611673,17,9,0.7310654697343654
2025-11-05,ILI incidence,2025-11-09,2,IE,respicast,quantileBaseline,WIS,4.09726630434783,0.0,17,12,0.5912949922049213
2025-11-05,ILI incidence,2025-11-09,2,IE,safinea,PRFM,WIS,2.27612241700609,0.8480835123210196,17,2,0.8405136106258391
2025-11-05,ILI incidence,2025-11-09,2,IS,ECDC,SARIMA,WIS,3.62636537138869,0.34080323476365487,14,4,0.622647960913516
2025-11-05,ILI incidence,2025-11-09,2,IS,ECDC,soca_simplex,WIS,4.53650370920463,0.017746686346869194,14,7,0.41443064395048373
2025-11-05,ILI incidence,2025-11-09,2,IS,ISI,FluBcast,WIS,4.62695652173913,-0.010736017658579256,14,9,0.39373726014809457
2025-11-05,ILI incidence,2025-11-09,2,IS,ItaLuxColab,EpiEKF,WIS,2.73221405316749,0.7492570098252396,14,2,0.8272078401135813
2025-11-05,ILI incidence,2025-11-09,2,IS,ItaLuxColab,EpiNetEKF,WIS,3.39323589591748,0.4366657957812681,14,3,0.6759822639207926
2025-11-05,ILI incidence,2025-11-09,2,IS,MRC_GIDA,NBEATS,WIS,6.2035524889142,-0.4337670924823677,14,13,0.03305079240991426
2025-11-05,ILI incidence,2025-11-09,2,IS,MRC_GIDA,NHiTS,WIS,5.37681836783216,-0.22742521263513651,14,12,0.2221872713177014
2025-11-05,ILI incidence,2025-11-09,2,IS,MRC_GIDA,Prophet,WIS,4.77832914376357,-0.05717870911844704,14,10,0.3591069189021441
2025-11-05,ILI incidence,2025-11-09,2,IS,MRC_GIDA,TiDE,WIS,3.86623582793818,0.2483978847067865,14,5,0.5677714868587191
2025-11-05,ILI incidence,2025-11-09,2,IS,QMUL,ARIMA,WIS,6.34802074787654,-0.4669793187938878,14,14,0.0
2025-11-05,ILI incidence,2025-11-09,2,IS,RIVM,KFdlm,WIS,1.97692255541674,1.2160711691058619,14,1,1.0
2025-11-05,ILI incidence,2025-11-09,2,IS,respicast,hubEnsemble,WIS,3.97358596813894,0.2088859673619562,14,6,0.5432124091454935
2025-11-05,ILI incidence,2025-11-09,2,IS,respicast,quantileBaseline,WIS,4.59265217391304,0.0,14,8,0.40158525310447923
2025-11-05,ILI incidence,2025-11-09,2,IS,safinea,PRFM,WIS,4.85301198232236,-0.07955289749801468,14,11,0.342021318151372
2025-11-05,ILI incidence,2025-11-09,2,LT,ECDC,SARIMA,WIS,5.27577647342532,-0.686871393273011,17,13,0.757674701086851
2025-11-05,ILI incidence,2025-11-09,2,LT,ECDC,soca_simplex,WIS,0.617235248421546,2.4086196905451907,17,1,1.0
2025-11-05,ILI incidence,2025-11-09,2,LT,ISI,FluBcast,WIS,1.37347826086957,1.2546779719152925,17,2,0.9606621890434598
2025-11-05,ILI incidence,2025-11-09,2,LT,ItaLuxColab,EpiEKF,WIS,4.44751505632549,-0.44048744167534715,17,11,0.8007587236988399
2025-11-05,ILI incidence,2025-11-09,2,LT,ItaLuxColab,EpiNetEKF,WIS,2.21313471546949,0.5664207758942132,17,6,0.9169854259715359
2025-11-05,ILI incidence,2025-11-09,2,LT,MRC_GIDA,NBEATS,WIS,6.42766173702047,-0.9717819597196138,17,15,0.6977566006917816
2025-11-05,ILI incidence,2025-11-09,2,LT,MRC_GIDA,NHiTS,WIS,1.56495030229924,1.0663952052187853,17,3,0.9507023073053911
2025-11-05,ILI incidence,2025-11-09,2,LT,MRC_GIDA,Prophet,WIS,19.841564057249,-2.5979418010427664,17,17,0.0
2025-11-05,ILI incidence,2025-11-09,2,LT,MRC_GIDA,TiDE,WIS,6.69483149910994,-1.0305356972699133,17,16,0.6838591187694587
2025-11-05,ILI incidence,2025-11-09,2,LT,NotreDame,Rt_cocirc,WIS,2.25980869565217,0.5363114015243632,17,8,0.9145575659069883
2025-11-05,ILI incidence,2025-11-09,2,LT,QMUL,ARIMA,WIS,4.80995518819726,-0.5535114054025684,17,12,0.781905522867956
2025-11-05,ILI incidence,2025-11-09,2,LT,QMUL,SEIR,WIS,2.09850585249877,0.6431495610854389,17,4,0.9229481237650777
2025-11-05,ILI incidence,2025-11-09,2,LT,QMUL,SEIR_agumented,WIS,3.33920204718286,-0.026991342261162187,17,10,0.8584103078016729
2025-11-05,ILI incidence,2025-11-09,2,LT,RIVM,KFdlm,WIS,2.23993714838273,0.5490537963460781,17,7,0.9155912325419617
2025-11-05,ILI incidence,2025-11-09,2,LT,respicast,hubEnsemble,WIS,2.17738064986828,0.5899184061875289,17,5,0.9188452602449069
2025-11-05,ILI incidence,2025-11-09,2,LT,respicast,quantileBaseline,WIS,3.2773097826087,0.0,17,9,0.8616297837682793
2025-11-05,ILI incidence,2025-11-09,2,LT,safinea,PRFM,WIS,5.96238353824207,-0.8633771337587361,17,14,0.7219591725165391
2025-11-05,ILI incidence,2025-11-09,2,LU,ItaLuxColab,EpiEKF,WIS,790.670223927187,-0.11354796269429983,7,4,0.9996963090763099
2025-11-05,ILI incidence,2025-11-09,2,LU,ItaLuxColab,EpiNetEKF,WIS,998.668111593719,-0.4504771732140066,7,5,0.9991732359813499
2025-11-05,ILI incidence,2025-11-09,2,LU,NotreDame,Rt_cocirc,WIS,752.553097826087,-0.042265245457506505,7,3,0.999792166026322
2025-11-05,ILI incidence,2025-11-09,2,LU,RIVM,KFdlm,WIS,398315.839458272,-9.090169003707132,7,7,0.0
2025-11-05,ILI incidence,2025-11-09,2,LU,respicast,hubEnsemble,WIS,669.908763933016,0.1255635063763018,7,1,1.0
2025-11-05,ILI incidence,2025-11-09,2,LU,respicast,quantileBaseline,WIS,730.826086956522,0.0,7,2,0.9998468051139938
2025-11-05,ILI incidence,2025-11-09,2,LU,safinea,PRFM,WIS,1838.71753190303,-1.331099829345861,7,6,0.9970606796706579
2025-11-05,ILI incidence,2025-11-09,2,LV,ECDC,soca_simplex,WIS,20.823149418901,-0.5866772675905898,8,8,0.0
2025-11-05,ILI incidence,2025-11-09,2,LV,ItaLuxColab,EpiEKF,WIS,11.4904894719532,0.2710707642353751,8,3,0.8747207097169005
2025-11-05,ILI incidence,2025-11-09,2,LV,ItaLuxColab,EpiNetEKF,WIS,10.1538468137663,0.44948461936829276,8,1,1.0
2025-11-05,ILI incidence,2025-11-09,2,LV,NotreDame,Rt_cocirc,WIS,16.0498369565217,-0.211047622233598,8,6,0.44738748529656486
2025-11-05,ILI incidence,2025-11-09,2,LV,RIVM,KFdlm,WIS,18.2625452432169,-0.39737682767117355,8,7,0.2399973335137938
2025-11-05,ILI incidence,2025-11-09,2,LV,respicast,hubEnsemble,WIS,11.517756312135,0.267651315930105,8,4,0.8721650749963445
2025-11-05,ILI incidence,2025-11-09,2,LV,respicast,quantileBaseline,WIS,13.8656093478261,0.0,8,5,0.6521082331779137
2025-11-05,ILI incidence,2025-11-09,2,LV,safinea,PRFM,WIS,10.9108795806353,0.3457436102414474,8,2,0.9290457122750769
2025-11-05,ILI incidence,2025-11-09,2,MT,ECDC,SARIMA,WIS,2930.4481315345,-2.022093471988082,10,9,0.11772888615763184
2025-11-05,ILI incidence,2025-11-09,2,MT,ECDC,soca_simplex,WIS,567.518202390018,0.34628925932286825,10,2,0.9885046811788446
2025-11-05,ILI incidence,2025-11-09,2,MT,ItaLuxColab,EpiEKF,WIS,1007.90578193526,-0.4823329532916962,10,6,0.8262151270257015
2025-11-05,ILI incidence,2025-11-09,2,MT,ItaLuxColab,EpiNetEKF,WIS,789.056076411028,-0.12917190793044742,10,5,0.9068645885131263
2025-11-05,ILI incidence,2025-11-09,2,MT,NotreDame,Rt_cocirc,WIS,3249.91625434783,-2.1713747123487948,10,10,0.0
2025-11-05,ILI incidence,2025-11-09,2,MT,QMUL,ARIMA,WIS,1350.14744257751,-0.9040891349965865,10,8,0.7000938440966583
2025-11-05,ILI incidence,2025-11-09,2,MT,RIVM,KFdlm,WIS,1131.28929452606,-0.6489400739465908,10,7,0.7807464167844025
2025-11-05,ILI incidence,2025-11-09,2,MT,respicast,hubEnsemble,WIS,723.214120089253,-0.0034669203300260166,10,4,0.9311283557771027
2025-11-05,ILI incidence,2025-11-09,2,MT,respicast,quantileBaseline,WIS,721.478260869565,0.0,10,3,0.9317680464312458
2025-11-05,ILI incidence,2025-11-09,2,MT,safinea,PRFM,WIS,536.324601186502,0.42784949375018677,10,1,1.0
2025-11-05,ILI incidence,2025-11-09,2,NL,ECDC,SARIMA,WIS,4.2478326667809,0.20028274294701187,17,9,0.7602056921636656
2025-11-05,ILI incidence,2025-11-09,2,NL,ECDC,soca_simplex,WIS,2.91168416607066,0.745155805549747,17,3,0.8609837389960758
2025-11-05,ILI incidence,2025-11-09,2,NL,ISI,FluBcast,WIS,5.37695652173913,-0.1397801272932163,17,11,0.6750423314488306
2025-11-05,ILI incidence,2025-11-09,2,NL,ItaLuxColab,EpiEKF,WIS,3.8923110339086,0.3263826784448213,17,7,0.7870206575275415
2025-11-05,ILI incidence,2025-11-09,2,NL,ItaLuxColab,EpiNetEKF,WIS,5.38825407177535,-0.142808200966917,17,12,0.6741902218023083
2025-11-05,ILI incidence,2025-11-09,2,NL,MRC_GIDA,NBEATS,WIS,13.822705875267,-1.5019584755410396,17,16,0.03802771560920128
2025-11-05,ILI incidence,2025-11-09,2,NL,MRC_GIDA,NHiTS,WIS,11.4188152555281,-1.2263313897025425,17,15,0.21933944954241577
2025-11-05,ILI incidence,2025-11-09,2,NL,MRC_GIDA,Prophet,WIS,3.10287674973746,0.6534032863853314,17,4,0.8465631748592751
2025-11-05,ILI incidence,2025-11-09,2,NL,MRC_GIDA,TiDE,WIS,14.3268898398676,-1.5536438716095102,17,17,0.0
2025-11-05,ILI incidence,2025-11-09,2,NL,NotreDame,Rt_cocirc,WIS,1.18660217391304,2.0401733476835098,17,2,0.9910968167737307
2025-11-05,ILI incidence,2025-11-09,2,NL,QMUL,ARIMA,WIS,3.82073506981283,0.35315945415234806,17,6,0.7924192235236744
2025-11-05,ILI incidence,2025-11-09,2,NL,QMUL,SEIR,WIS,1.06856084156701,2.1913406243803024,17,1,1.0
2025-11-05,ILI incidence,2025-11-09,2,NL,QMUL,SEIR_agumented,WIS,5.4003569403901,-0.14604508768681115,17,13,0.6732773715768913
2025-11-05,ILI incidence,2025-11-09,2,NL,RIVM,KFdlm,WIS,3.27271475388118,0.5765218144910313,17,5,0.8337532646386515
2025-11-05,ILI incidence,2025-11-09,2,NL,respicast,hubEnsemble,WIS,4.10405202663417,0.2499606587305509,17,8,0.7710502443063346
2025-11-05,ILI incidence,2025-11-09,2,NL,respicast,quantileBaseline,WIS,4.88043478260869,0.0,17,10,0.7124921291717626
2025-11-05,ILI incidence,2025-11-09,2,NL,safinea,PRFM,WIS,7.29165453949889,-0.5792365330003851,17,14,0.5306276003009477
2025-11-05,ILI incidence,2025-11-09,2,NO,ECDC,SARIMA,WIS,7.17291383960483,0.3153561193828138,15,3,0.6829503484778918
2025-11-05,ILI incidence,2025-11-09,2,NO,ECDC,soca_simplex,WIS,13.7869464505142,-0.6273156365510502,15,13,0.28310589444766077
2025-11-05,ILI incidence,2025-11-09,2,NO,ISI,FluBcast,WIS,9.58173913043478,-0.10237211488641182,15,10,0.5373273239289263
2025-11-05,ILI incidence,2025-11-09,2,NO,ItaLuxColab,EpiEKF,WIS,7.23838198653389,0.3022481765864244,15,4,0.6789925398299509
2025-11-05,ILI incidence,2025-11-09,2,NO,ItaLuxColab,EpiNetEKF,WIS,7.66486103285551,0.21965578527952842,15,5,0.653210193194627
2025-11-05,ILI incidence,2025-11-09,2,NO,MRC_GIDA,NBEATS,WIS,15.5321049591388,-0.7992660356436742,15,14,0.17760415411359315
2025-11-05,ILI incidence,2025-11-09,2,NO,MRC_GIDA,NHiTS,WIS,9.97819752018978,-0.16086380729856747,15,11,0.5133598448246015
2025-11-05,ILI incidence,2025-11-09,2,NO,MRC_GIDA,Prophet,WIS,5.65614746264461,0.6580956872823966,15,2,0.7746448803262442
2025-11-05,ILI incidence,2025-11-09,2,NO,MRC_GIDA,TiDE,WIS,13.6393485981967,-0.611787418471365,15,12,0.29202876890984336
2025-11-05,ILI incidence,2025-11-09,2,NO,NotreDame,Rt_cocirc,WIS,1.92843260869565,2.2104866905312184,15,1,1.0
2025-11-05,ILI incidence,2025-11-09,2,NO,QMUL,ARIMA,WIS,8.19935278181898,0.12240538604194422,15,7,0.6208980510991288
2025-11-05,ILI incidence,2025-11-09,2,NO,RIVM,KFdlm,WIS,8.0026821356491,0.15743181382384996,15,6,0.6327875702121525
2025-11-05,ILI incidence,2025-11-09,2,NO,respicast,hubEnsemble,WIS,8.27850255070222,0.10854558997283123,15,8,0.6161131342431796
2025-11-05,ILI incidence,2025-11-09,2,NO,respicast,quantileBaseline,WIS,8.92539130434783,0.0,15,9,0.5770061482732144
2025-11-05,ILI incidence,2025-11-09,2,NO,safinea,PRFM,WIS,18.4699465505379,-1.0491923655198558,15,15,0.0
2025-11-05,ILI incidence,2025-11-09,2,PL,ECDC,SARIMA,WIS,40.7853116910182,0.32287442358733054,17,2,0.9290792763259393
2025-11-05,ILI incidence,2025-11-09,2,PL,ECDC,soca_simplex,WIS,73.8710450176686,-0.5340848857684442,17,13,0.7134441613965479
2025-11-05,ILI incidence,2025-11-09,2,PL,ISI,FluBcast,WIS,50.7947826086957,0.006243783092359325,17,8,0.863842898144253
2025-11-05,ILI incidence,2025-11-09,2,PL,ItaLuxColab,EpiEKF,WIS,44.2280879704369,0.20596122686145263,17,3,0.906641101800406
2025-11-05,ILI incidence,2025-11-09,2,PL,ItaLuxColab,EpiNetEKF,WIS,29.9036695633834,0.770601568678652,17,1,1.0
2025-11-05,ILI incidence,2025-11-09,2,PL,MRC_GIDA,NBEATS,WIS,72.7458187255471,-0.511940226240358,17,12,0.7207777845756888
2025-11-05,ILI incidence,2025-11-09,2,PL,MRC_GIDA,NHiTS,WIS,46.6184106270141,0.13002428198379903,17,4,0.8910622571158855
2025-11-05,ILI incidence,2025-11-09,2,PL,MRC_GIDA,Prophet,WIS,50.2586397786022,0.0215524751015677,17,7,0.8673371903711886
2025-11-05,ILI incidence,2025-11-09,2,PL,MRC_GIDA,TiDE,WIS,61.5955377402224,-0.2719017382109868,17,11,0.793449352650886
2025-11-05,ILI incidence,2025-11-09,2,PL,NotreDame,Rt_cocirc,WIS,168.838676086957,-1.7266494156188659,17,15,0.09449593262318659
2025-11-05,ILI incidence,2025-11-09,2,PL,QMUL,ARIMA,WIS,47.6332502218324,0.09895510777335882,17,5,0.8844480753928142
2025-11-05,ILI incidence,2025-11-09,2,PL,QMUL,SEIR,WIS,170.612832004404,-1.7417301513912813,17,16,0.08293293320635992
2025-11-05,ILI incidence,2025-11-09,2,PL,QMUL,SEIR_agumented,WIS,101.425038000751,-0.9914178368330956,17,14,0.5338619715442022
2025-11-05,ILI incidence,2025-11-09,2,PL,RIVM,KFdlm,WIS,183.337554102477,-1.8455063255597979,17,17,0.0
2025-11-05,ILI incidence,2025-11-09,2,PL,respicast,hubEnsemble,WIS,56.129559403855,-0.13783663359461057,17,10,0.8290736761357986
2025-11-05,ILI incidence,2025-11-09,2,PL,respicast,quantileBaseline,WIS,51.0150917391304,0.0,17,9,0.8624070410576876
2025-11-05,ILI incidence,2025-11-09,2,PL,safinea,PRFM,WIS,49.1255061844279,0.05445182829379027,17,6,0.8747223491161306
2025-11-05,ILI incidence,2025-11-09,2,RO,ECDC,SARIMA,WIS,0.910190603976495,-0.020533543475865394,12,10,0.5484401841492099
2025-11-05,ILI incidence,2025-11-09,2,RO,ECDC,soca_simplex,WIS,0.521495930589173,0.7829791548197348,12,4,0.8336173613551908
2025-11-05,ILI incidence,2025-11-09,2,RO,ItaLuxColab,EpiEKF,WIS,0.738444900278073,0.2811448727321533,12,6,0.6744464258894095
2025-11-05,ILI incidence,2025-11-09,2,RO,ItaLuxColab,EpiNetEKF,WIS,0.864405171790162,0.05392744580881358,12,8,0.5820320010739648
2025-11-05,ILI incidence,2025-11-09,2,RO,NotreDame,Rt_cocirc,WIS,1.01587826086957,-0.17902047029880186,12,11,0.4708993539761962
2025-11-05,ILI incidence,2025-11-09,2,RO,QMUL,ARIMA,WIS,1.65771107647344,-0.8854855256205394,12,12,0.0
2025-11-05,ILI incidence,2025-11-09,2,RO,QMUL,SEIR,WIS,0.294717455470693,1.6063026391003679,12,1,1.0
2025-11-05,ILI incidence,2025-11-09,2,RO,QMUL,SEIR_agumented,WIS,0.374098847859617,1.2622156270475828,12,2,0.9417595275827311
2025-11-05,ILI incidence,2025-11-09,2,RO,RIVM,KFdlm,WIS,0.857316983086178,0.06580642690668366,12,7,0.5872324573305167
2025-11-05,ILI incidence,2025-11-09,2,RO,respicast,hubEnsemble,WIS,0.519767971960033,0.7877674119127173,12,3,0.8348851285717893
2025-11-05,ILI incidence,2025-11-09,2,RO,respicast,quantileBaseline,WIS,0.897327826086956,0.0,12,9,0.5578773360854573
2025-11-05,ILI incidence,2025-11-09,2,RO,safinea,PRFM,WIS,0.629495486963926,0.5114391148852633,12,5,0.7543803387378009
2025-11-05,ILI incidence,2025-11-09,2,SI,ECDC,SARIMA,WIS,3.50568402673112,-0.7519723663972293,16,13,0.6657016997763545
2025-11-05,ILI incidence,2025-11-09,2,SI,ECDC,soca_simplex,WIS,2.5061101637266,-0.267726231120559,16,12,0.7723166786780449
2025-11-05,ILI incidence,2025-11-09,2,SI,ItaLuxColab,EpiEKF,WIS,2.13493321745377,-0.036467338810529826,16,11,0.8119065716917768
2025-11-05,ILI incidence,2025-11-09,2,SI,ItaLuxColab,EpiNetEKF,WIS,1.95890454243997,0.08767650631534883,16,9,0.8306818660119765
2025-11-05,ILI incidence,2025-11-09,2,SI,MRC_GIDA,NBEATS,WIS,1.72557692562395,0.2706448129458624,16,7,0.8555686901524645
2025-11-05,ILI incidence,2025-11-09,2,SI,MRC_GIDA,NHiTS,WIS,1.34608589181622,0.6289531338067913,16,5,0.8960453673248535
2025-11-05,ILI incidence,2025-11-09,2,SI,MRC_GIDA,Prophet,WIS,9.74700233405553,-2.22723498686199,16,16,0.0
2025-11-05,ILI incidence,2025-11-09,2,SI,MRC_GIDA,TiDE,WIS,1.88895904681205,0.14013217898768918,16,8,0.8381422827121731
2025-11-05,ILI incidence,2025-11-09,2,SI,NotreDame,Rt_cocirc,WIS,0.712182608695652,1.54740449197424,16,2,0.9636577646243074
2025-11-05,ILI incidence,2025-11-09,2,SI,QMUL,ARIMA,WIS,4.32956505900722,-1.0564984984576296,16,14,0.5778261938986842
2025-11-05,ILI incidence,2025-11-09,2,SI,QMUL,SEIR,WIS,1.60064172956629,0.37907317635733484,16,6,0.8688943319932072
2025-11-05,ILI incidence,2025-11-09,2,SI,QMUL,SEIR_agumented,WIS,6.8419024763089,-1.716673937243128,16,15,0.30985920251054033
2025-11-05,ILI incidence,2025-11-09,2,SI,RIVM,KFdlm,WIS,0.749420423039183,1.473876403679312,16,3,0.9596859633022448
2025-11-05,ILI incidence,2025-11-09,2,SI,respicast,hubEnsemble,WIS,1.34507202832233,0.630040172135556,16,4,0.8961535064419422
2025-11-05,ILI incidence,2025-11-09,2,SI,respicast,quantileBaseline,WIS,2.08164434782609,0.0,16,10,0.8175903854861599
2025-11-05,ILI incidence,2025-11-09,2,SI,safinea,PRFM,WIS,0.371454232824589,2.4864672317924894,16,1,1.0
2025-11-05,ILI incidence,2025-11-16,3,AT,ECDC,SARIMA,WIS,317.792170616948,0.19381544278258683,13,6,0.7651982737612766
2025-11-05,ILI incidence,2025-11-16,3,AT,ECDC,soca_simplex,WIS,720.876530200741,-0.9878531551730975,13,11,0.22334970782072877
2025-11-05,ILI incidence,2025-11-16,3,AT,ISI,FluBcast,WIS,565.768695652174,-0.6383133291792721,13,9,0.4318543439298198
2025-11-05,ILI incidence,2025-11-16,3,AT,ItaLuxColab,EpiEKF,WIS,620.373411606983,-0.7712378311629092,13,10,0.35845162727702046
2025-11-05,ILI incidence,2025-11-16,3,AT,ItaLuxColab,EpiNetEKF,WIS,254.869714260642,0.5121390739932583,13,5,0.8497821627946428
2025-11-05,ILI incidence,2025-11-16,3,AT,NotreDame,Rt_cocirc,WIS,200.484004347826,0.8584118889238352,13,3,0.9228904792630521
2025-11-05,ILI incidence,2025-11-16,3,AT,QMUL,ARIMA,WIS,143.121774865657,1.3446558409126979,13,1,1.0
2025-11-05,ILI incidence,2025-11-16,3,AT,QMUL,SEIR,WIS,776.818816034954,-1.0956791214952801,13,12,0.14814895484186436
2025-11-05,ILI incidence,2025-11-16,3,AT,QMUL,SEIR_agumented,WIS,211.005948164848,0.7846153560693782,13,4,0.9087462932320007
2025-11-05,ILI incidence,2025-11-16,3,AT,RIVM,KFdlm,WIS,175.962569968925,1.0466304471461438,13,2,0.9558535643768784
2025-11-05,ILI incidence,2025-11-16,3,AT,respicast,hubEnsemble,WIS,342.326542756873,0.08652586649500212,13,7,0.7322177969846613
2025-11-05,ILI incidence,2025-11-16,3,AT,respicast,quantileBaseline,WIS,363.485805,0.0,13,8,0.7037743319128914
2025-11-05,ILI incidence,2025-11-16,3,AT,safinea,PRFM,WIS,887.027701578066,-1.287080135599298,13,13,0.0
2025-11-05,ILI incidence,2025-11-16,3,BE,ECDC,SARIMA,WIS,31.7862041687896,-0.3885887400960829,17,12,0.8563361190516339
2025-11-05,ILI incidence,2025-11-16,3,BE,ECDC,soca_simplex,WIS,9.09702838489424,1.416344743713955,17,1,1.0
2025-11-05,ILI incidence,2025-11-16,3,BE,ISI,FluBcast,WIS,17.9182608695652,0.43838138603679705,17,4,0.9441455033199071
2025-11-05,ILI incidence,2025-11-16,3,BE,ItaLuxColab,EpiEKF,WIS,20.304015628919,0.25804691873238533,17,5,0.9290393226906802
2025-11-05,ILI incidence,2025-11-16,3,BE,ItaLuxColab,EpiNetEKF,WIS,14.8087645660613,0.7133607159614912,17,3,0.9638342884485872
2025-11-05,ILI incidence,2025-11-16,3,BE,MRC_GIDA,NBEATS,WIS,28.6060135923546,-0.2365064605305784,17,11,0.8764725279153865
2025-11-05,ILI incidence,2025-11-16,3,BE,MRC_GIDA,NHiTS,WIS,36.2826593995425,-0.5794682010090894,17,13,0.8278653532947282
2025-11-05,ILI incidence,2025-11-16,3,BE,MRC_GIDA,Prophet,WIS,50.3929389381671,-1.0534095938328896,17,14,0.7385215384689828
2025-11-05,ILI incidence,2025-11-16,3,BE,MRC_GIDA,TiDE,WIS,23.3554244481223,0.056054339441423184,17,7,0.909718337322936
2025-11-05,ILI incidence,2025-11-16,3,BE,NotreDame,Rt_cocirc,WIS,75.8436847826087,-1.6432170541700413,17,16,0.5773718803294291
2025-11-05,ILI incidence,2025-11-16,3,BE,QMUL,ARIMA,WIS,27.7884499039886,-0.19467335679982511,17,10,0.8816491977738169
2025-11-05,ILI incidence,2025-11-16,3,BE,QMUL,SEIR,WIS,167.029388516875,-2.7822180559549166,17,17,0.0
2025-11-05,ILI incidence,2025-11-16,3,BE,QMUL,SEIR_agumented,WIS,61.3819194986947,-1.3380017580746646,17,15,0.6689412412370266
2025-11-05,ILI incidence,2025-11-16,3,BE,RIVM,KFdlm,WIS,26.7337739651873,-0.13885151143512506,17,9,0.8883272208079812
2025-11-05,ILI incidence,2025-11-16,3,BE,respicast,hubEnsemble,WIS,20.7898995136231,0.22392921847423086,17,6,0.9259627911660575
2025-11-05,ILI incidence,2025-11-16,3,BE,respicast,quantileBaseline,WIS,24.2807334782609,0.0,17,8,0.9038594428609947
2025-11-05,ILI incidence,2025-11-16,3,BE,safinea,PRFM,WIS,13.522924838784,0.8444047813463431,17,2,0.971976000040833
2025-11-05,ILI incidence,2025-11-16,3,CZ,ECDC,soca_simplex,WIS,21.088060876831,-2.0093435049976054,8,8,0.0
2025-11-05,ILI incidence,2025-11-16,3,CZ,ItaLuxColab,EpiEKF,WIS,9.81617029104099,-0.9061492469950538,8,5,0.7111567385792418
2025-11-05,ILI incidence,2025-11-16,3,CZ,ItaLuxColab,EpiNetEKF,WIS,7.72502347739937,-0.5605282874566768,8,3,0.8430896327606768
2025-11-05,ILI incidence,2025-11-16,3,CZ,NotreDame,Rt_cocirc,WIS,6.42913913043478,-0.29561454174731794,8,2,0.9248484893383853
2025-11-05,ILI incidence,2025-11-16,3,CZ,RIVM,KFdlm,WIS,16.4090480927131,-1.6474086136948705,8,7,0.29520437995722876
2025-11-05,ILI incidence,2025-11-16,3,CZ,respicast,hubEnsemble,WIS,9.48576925455877,-0.8567537445493221,8,4,0.7320021257607061
2025-11-05,ILI incidence,2025-11-16,3,CZ,respicast,quantileBaseline,WIS,5.23798173913044,0.0,8,1,1.0
2025-11-05,ILI incidence,2025-11-16,3,CZ,safinea,PRFM,WIS,12.9785337741728,-1.3090444715148255,8,6,0.5116395339231528
2025-11-05,ILI incidence,2025-11-16,3,EE,ECDC,soca_simplex,WIS,11.5652341265779,0.9661545890452177,9,1,1.0
2025-11-05,ILI incidence,2025-11-16,3,EE,ISI,FluBcast,WIS,63.3426086956522,-1.4872272231670485,9,6,0.39545735661807063
2025-11-05,ILI incidence,2025-11-16,3,EE,ItaLuxColab,EpiEKF,WIS,46.5855196911644,-1.0439325263492518,9,4,0.5911098972590558
2025-11-05,ILI incidence,2025-11-16,3,EE,ItaLuxColab,EpiNetEKF,WIS,32.9611756527938,-0.5448186399739501,9,3,0.7501851116331139
2025-11-05,ILI incidence,2025-11-16,3,EE,NotreDame,Rt_cocirc,WIS,97.2124173913044,-2.105191546475471,9,9,0.0
2025-11-05,ILI incidence,2025-11-16,3,EE,RIVM,KFdlm,WIS,68.4858808413533,-1.5998575291821495,9,8,0.3354055026090043
2025-11-05,ILI incidence,2025-11-16,3,EE,respicast,hubEnsemble,WIS,50.4529158230496,-1.1589885881187172,9,5,0.5459549256129774
2025-11-05,ILI incidence,2025-11-16,3,EE,respicast,quantileBaseline,WIS,22.5941465217391,0.0,9,2,0.8712285451224708
2025-11-05,ILI incidence,2025-11-16,3,EE,safinea,PRFM,WIS,65.7170429257239,-1.5403185034703946,9,7,0.3677339203115599
2025-11-05,ILI incidence,2025-11-16,3,ES,ECDC,SARIMA,WIS,6.05115066991183,0.2864550379104927,12,8,0.5228125310136558
2025-11-05,ILI incidence,2025-11-16,3,ES,ECDC,soca_simplex,WIS,11.2912087409051,-0.6134634866983427,12,12,0.0
2025-11-05,ILI incidence,2025-11-16,3,ES,ISI,FluBcast,WIS,3.47478260869565,1.0867418232839465,12,2,0.7798626416533373
2025-11-05,ILI incidence,2025-11-16,3,ES,ItaLuxColab,EpiEKF,WIS,5.55182108939882,0.4107034682499164,12,6,0.57263178077409
2025-11-05,ILI incidence,2025-11-16,3,ES,ItaLuxColab,EpiNetEKF,WIS,5.68246888699782,0.37714666531225316,12,7,0.5595967523815238
2025-11-05,ILI incidence,2025-11-16,3,ES,QMUL,ARIMA,WIS,4.18026827304119,0.820069013520612,12,4,0.7094747297689127
2025-11-05,ILI incidence,2025-11-16,3,ES,QMUL,SEIR,WIS,8.62215562523333,-0.22438405736991401,12,10,0.26629750966666993
2025-11-05,ILI incidence,2025-11-16,3,ES,QMUL,SEIR_agumented,WIS,1.26838457325637,2.540672309380458,12,1,1.0
2025-11-05,ILI incidence,2025-11-16,3,ES,RIVM,KFdlm,WIS,4.67897394635625,0.6574723497943795,12,5,0.6597177286509281
2025-11-05,ILI incidence,2025-11-16,3,ES,respicast,hubEnsemble,WIS,3.59965912277727,1.0358042512350112,12,3,0.7674034273647447
2025-11-05,ILI incidence,2025-11-16,3,ES,respicast,quantileBaseline,WIS,7.38022369565217,0.0,12,9,0.3902078875010749
2025-11-05,ILI incidence,2025-11-16,3,ES,safinea,PRFM,WIS,11.1216227147374,-0.5916308513468526,12,11,0.016919984161258936
2025-11-05,ILI incidence,2025-11-16,3,FI,ECDC,SARIMA,WIS,4.242379499966,-0.20450297041704693,12,10,0.4738174232203078
2025-11-05,ILI incidence,2025-11-16,3,FI,ECDC,soca_simplex,WIS,7.54371575341075,-1.034904604609161,12,12,0.0
2025-11-05,ILI incidence,2025-11-16,3,FI,ISI,FluBcast,WIS,3.14739130434783,0.22621415669229877,12,7,0.6309733278219952
2025-11-05,ILI incidence,2025-11-16,3,FI,ItaLuxColab,EpiEKF,WIS,3.22174548681471,0.19252818405137884,12,8,0.6203017983449997
2025-11-05,ILI incidence,2025-11-16,3,FI,ItaLuxColab,EpiNetEKF,WIS,2.58276417155198,0.511454792718202,12,5,0.7120102633545234
2025-11-05,ILI incidence,2025-11-16,3,FI,QMUL,ARIMA,WIS,2.34824856254682,0.6487855857285334,12,2,0.7456686286445847
2025-11-05,ILI incidence,2025-11-16,3,FI,QMUL,SEIR,WIS,0.576187562895583,2.6757602866634724,12,1,1.0
2025-11-05,ILI incidence,2025-11-16,3,FI,QMUL,SEIR_agumented,WIS,2.57652635578834,0.5149433616233686,12,4,0.7129055328953243
2025-11-05,ILI incidence,2025-11-16,3,FI,RIVM,KFdlm,WIS,2.83743413397784,0.3757838086226188,12,6,0.6754592863850237
2025-11-05,ILI incidence,2025-11-16,3,FI,respicast,hubEnsemble,WIS,2.54222352660743,0.5342798260059481,12,3,0.7178287751475201
2025-11-05,ILI incidence,2025-11-16,3,FI,respicast,quantileBaseline,WIS,3.68169652173913,0.0,12,9,0.554288282167118
2025-11-05,ILI incidence,2025-11-16,3,FI,safinea,PRFM,WIS,7.01896991940669,-0.9308886091589591,12,11,0.07531305502550997
2025-11-05,ILI incidence,2025-11-16,3,FR,ECDC,SARIMA,WIS,17.4912485749286,0.42847310309730724,13,3,0.8977161011979242
2025-11-05,ILI incidence,2025-11-16,3,FR,ECDC,soca_simplex,WIS,41.2360009254416,-0.8087980469772035,13,10,0.6814939442257228
2025-11-05,ILI incidence,2025-11-16,3,FR,ISI,FluBcast,WIS,33.3869565217391,-0.5041782069328639,13,9,0.7529681498138251
2025-11-05,ILI incidence,2025-11-16,3,FR,ItaLuxColab,EpiEKF,WIS,24.5018828418982,-0.05778623738052236,13,8,0.8338765445425925
2025-11-05,ILI incidence,2025-11-16,3,FR,ItaLuxColab,EpiNetEKF,WIS,20.2637334432642,0.2162063751589899,13,5,0.8724695688460565
2025-11-05,ILI incidence,2025-11-16,3,FR,NotreDame,Rt_cocirc,WIS,10.3047065217391,1.1918029622193906,13,2,0.9631574922461024
2025-11-05,ILI incidence,2025-11-16,3,FR,QMUL,ARIMA,WIS,20.193042276277,0.22124809675078602,13,4,0.8731132898829923
2025-11-05,ILI incidence,2025-11-16,3,FR,QMUL,SEIR,WIS,116.07525496218,-2.3018821650147063,13,13,0.0
2025-11-05,ILI incidence,2025-11-16,3,FR,QMUL,SEIR_agumented,WIS,59.0203430725199,-1.3261059271730922,13,11,0.519547895574269
2025-11-05,ILI incidence,2025-11-16,3,FR,RIVM,KFdlm,WIS,62.0535625254209,-1.3984076588660515,13,12,0.49192708727966805
2025-11-05,ILI incidence,2025-11-16,3,FR,respicast,hubEnsemble,WIS,21.9972502609526,0.09778318698372471,13,6,0.8566839864177743
2025-11-05,ILI incidence,2025-11-16,3,FR,respicast,quantileBaseline,WIS,23.5398704347826,0.0,13,7,0.8426367284615485
2025-11-05,ILI incidence,2025-11-16,3,FR,safinea,PRFM,WIS,6.25879265778377,1.9111500913265138,13,1,1.0
2025-11-05,ILI incidence,2025-11-16,3,GR,ECDC,SARIMA,WIS,63.7622528232359,-0.27878230184157793,17,10,0.8526054825197
2025-11-05,ILI incidence,2025-11-16,3,GR,ECDC,soca_simplex,WIS,30.4257590152021,0.7886270475974803,17,1,1.0
2025-11-05,ILI incidence,2025-11-16,3,GR,ISI,FluBcast,WIS,45.7817391304348,0.19914803292415117,17,3,0.9321048190443966
2025-11-05,ILI incidence,2025-11-16,3,GR,ItaLuxColab,EpiEKF,WIS,71.3996666489949,-0.4419970374805587,17,11,0.8188372964552785
2025-11-05,ILI incidence,2025-11-16,3,GR,ItaLuxColab,EpiNetEKF,WIS,55.6914754319293,-0.08353621327055331,17,8,0.8882897493215035
2025-11-05,ILI incidence,2025-11-16,3,GR,MRC_GIDA,NBEATS,WIS,62.4973391062082,-0.2498744656046953,17,9,0.8581981926603981
2025-11-05,ILI incidence,2025-11-16,3,GR,MRC_GIDA,NHiTS,WIS,99.3205695587506,-0.9181722336149547,17,14,0.6953873609072883
2025-11-05,ILI incidence,2025-11-16,3,GR,MRC_GIDA,Prophet,WIS,93.2540545567183,-0.8272461519772831,17,13,0.7222099492892753
2025-11-05,ILI incidence,2025-11-16,3,GR,MRC_GIDA,TiDE,WIS,120.063261730141,-1.191802560720975,17,16,0.603675283402974
2025-11-05,ILI incidence,2025-11-16,3,GR,NotreDame,Rt_cocirc,WIS,37.8122739130434,0.4750656899845502,17,2,0.9673411425479307
2025-11-05,ILI incidence,2025-11-16,3,GR,QMUL,ARIMA,WIS,46.2846783985019,0.1833856034696387,17,4,0.9298811151610331
2025-11-05,ILI incidence,2025-11-16,3,GR,QMUL,SEIR,WIS,256.59763011271,-2.287515639787283,17,17,0.0
2025-11-05,ILI incidence,2025-11-16,3,GR,QMUL,SEIR_agumented,WIS,75.7786126832938,-0.5278704268235469,17,12,0.7994761530334643
2025-11-05,ILI incidence,2025-11-16,3,GR,RIVM,KFdlm,WIS,107.085737707664,-1.0267741402452146,17,15,0.6610543197946485
2025-11-05,ILI incidence,2025-11-16,3,GR,respicast,hubEnsemble,WIS,49.4982395255503,0.08654308650192709,17,5,0.9156726235769362
2025-11-05,ILI incidence,2025-11-16,3,GR,respicast,quantileBaseline,WIS,52.5583615217391,0.0,17,6,0.9021425502687948
2025-11-05,ILI incidence,2025-11-16,3,GR,safinea,PRFM,WIS,53.7427138604702,-0.03214887422521228,17,7,0.8969060355201482
2025-11-05,ILI incidence,2025-11-16,3,HR,ECDC,SARIMA,WIS,3.73160607950598,0.5628889441230116,13,7,0.8843189978022241
2025-11-05,ILI incidence,2025-11-16,3,HR,ECDC,soca_simplex,WIS,3.74290437797551,0.5585274513725107,13,8,0.8838838111208912
2025-11-05,ILI incidence,2025-11-16,3,HR,ISI,FluBcast,WIS,3.66739130434783,0.5879314354190229,13,6,0.8867924158101638
2025-11-05,ILI incidence,2025-11-16,3,HR,ItaLuxColab,EpiEKF,WIS,4.32003682138505,0.35164203365976276,13,10,0.8616538838965137
2025-11-05,ILI incidence,2025-11-16,3,HR,ItaLuxColab,EpiNetEKF,WIS,4.18016611465268,0.39912536839294094,13,9,0.8670414091812019
2025-11-05,ILI incidence,2025-11-16,3,HR,NotreDame,Rt_cocirc,WIS,11.3476260869565,-1.041632970717434,13,12,0.5909659339806349
2025-11-05,ILI incidence,2025-11-16,3,HR,QMUL,ARIMA,WIS,2.67165666081799,1.0449510262533779,13,4,0.9251460188924853
2025-11-05,ILI incidence,2025-11-16,3,HR,QMUL,SEIR,WIS,0.728300725395169,2.9200794555613334,13,1,1.0
2025-11-05,ILI incidence,2025-11-16,3,HR,QMUL,SEIR_agumented,WIS,1.71236399924787,1.6866962330260595,13,2,0.9620959535168515
2025-11-05,ILI incidence,2025-11-16,3,HR,RIVM,KFdlm,WIS,3.12935447788235,0.8168205535291001,13,5,0.9075164621411987
2025-11-05,ILI incidence,2025-11-16,3,HR,respicast,hubEnsemble,WIS,2.64950094355447,1.0569650016005878,13,3,0.92599941049782
2025-11-05,ILI incidence,2025-11-16,3,HR,respicast,quantileBaseline,WIS,5.51241934782609,0.0,13,11,0.8157258181828445
2025-11-05,ILI incidence,2025-11-16,3,HR,safinea,PRFM,WIS,26.690259016318,-2.2755557583447903,13,13,0.0
2025-11-05,ILI incidence,2025-11-16,3,HU,ECDC,SARIMA,WIS,39.8598394263935,-0.40616178749069276,12,10,0.7692210879378336
2025-11-05,ILI incidence,2025-11-16,3,HU,ECDC,soca_simplex,WIS,11.0858899517383,1.4400495195116452,12,2,0.9795758734268759
2025-11-05,ILI incidence,2025-11-16,3,HU,ISI,FluBcast,WIS,34.4521739130435,-0.19582090819315787,12,7,0.8087543581293029
2025-11-05,ILI incidence,2025-11-16,3,HU,ItaLuxColab,EpiEKF,WIS,35.5110929620971,-0.239495653513767,12,8,0.8010130263524423
2025-11-05,ILI incidence,2025-11-16,3,HU,ItaLuxColab,EpiNetEKF,WIS,22.3811813372191,0.4264879233274131,12,4,0.8970005356713864
2025-11-05,ILI incidence,2025-11-16,3,HU,NotreDame,Rt_cocirc,WIS,32.3018804347826,-0.10284404213415288,12,6,0.8244742899292972
2025-11-05,ILI incidence,2025-11-16,3,HU,QMUL,ARIMA,WIS,68.5971641479736,-1.1893748248013978,12,11,0.5591340513055651
2025-11-05,ILI incidence,2025-11-16,3,HU,QMUL,SEIR,WIS,145.079830821909,-2.2700009521129196,12,12,0.0
2025-11-05,ILI incidence,2025-11-16,3,HU,RIVM,KFdlm,WIS,38.8202575698474,-0.3680355794051394,12,9,0.776821053268442
2025-11-05,ILI incidence,2025-11-16,3,HU,respicast,hubEnsemble,WIS,17.2646904806013,0.8009496409133341,12,3,0.9344051449186673
2025-11-05,ILI incidence,2025-11-16,3,HU,respicast,quantileBaseline,WIS,30.079365,0.0,12,5,0.8407222074402937
2025-11-05,ILI incidence,2025-11-16,3,HU,safinea,PRFM,WIS,8.29212044127642,1.8589611343154455,12,1,1.0
2025-11-05,ILI incidence,2025-11-16,3,IE,ECDC,SARIMA,WIS,3.65610358247528,0.6051840200054828,17,5,0.7633056260126576
2025-11-05,ILI incidence,2025-11-16,3,IE,ECDC,soca_simplex,WIS,6.47950400470888,-0.22039241689459274,17,14,0.44831584423336374
2025-11-05,ILI incidence,2025-11-16,3,IE,ISI,FluBcast,WIS,4.84608695652174,0.19867067228160093,17,9,0.6305463473923933
2025-11-05,ILI incidence,2025-11-16,3,IE,ItaLuxColab,EpiEKF,WIS,3.69737920842956,0.5889879485751492,17,6,0.7587007529986284
2025-11-05,ILI incidence,2025-11-16,3,IE,ItaLuxColab,EpiNetEKF,WIS,4.44693071659655,0.3226810369244979,17,8,0.6750778052471788
2025-11-05,ILI incidence,2025-11-16,3,IE,MRC_GIDA,NBEATS,WIS,10.4979681490137,-0.916547255869865,17,17,0.0
2025-11-05,ILI incidence,2025-11-16,3,IE,MRC_GIDA,NHiTS,WIS,8.43292701965652,-0.6005425045758311,17,15,0.23038420253082578
2025-11-05,ILI incidence,2025-11-16,3,IE,MRC_GIDA,Prophet,WIS,2.22251199547081,1.3232997588544542,17,2,0.9232428058739306
2025-11-05,ILI incidence,2025-11-16,3,IE,MRC_GIDA,TiDE,WIS,3.27855866861161,0.7624292529334642,17,3,0.8054260383683799
2025-11-05,ILI incidence,2025-11-16,3,IE,NotreDame,Rt_cocirc,WIS,9.46962826086957,-0.7678168279316427,17,16,0.11472568836169954
2025-11-05,ILI incidence,2025-11-16,3,IE,QMUL,ARIMA,WIS,4.96529235997177,0.1636122973556604,17,11,0.6172473184186946
2025-11-05,ILI incidence,2025-11-16,3,IE,QMUL,SEIR,WIS,1.53450144134795,1.8577209636081833,17,1,1.0
2025-11-05,ILI incidence,2025-11-16,3,IE,QMUL,SEIR_agumented,WIS,5.87913374088446,-0.08011263274499092,17,13,0.5152955389658683
2025-11-05,ILI incidence,2025-11-16,3,IE,RIVM,KFdlm,WIS,4.93642200343782,0.1720252320659973,17,10,0.6204682102315978
2025-11-05,ILI incidence,2025-11-16,3,IE,respicast,hubEnsemble,WIS,4.42297605773069,0.33047353180681993,17,7,0.6777502822749981
2025-11-05,ILI incidence,2025-11-16,3,IE,respicast,quantileBaseline,WIS,5.5615652173913,0.0,17,12,0.5507247466430238
2025-11-05,ILI incidence,2025-11-16,3,IE,safinea,PRFM,WIS,3.62864342414811,0.6160606700386767,17,4,0.7663691905042495
2025-11-05,ILI incidence,2025-11-16,3,IS,ECDC,SARIMA,WIS,4.28761741286533,0.47960213419925096,14,3,0.6255063104465897
2025-11-05,ILI incidence,2025-11-16,3,IS,ECDC,soca_simplex,WIS,5.44559454813437,0.1346887425507001,14,8,0.4012011440241628
2025-11-05,ILI incidence,2025-11-16,3,IS,ISI,FluBcast,WIS,4.65478260869565,0.3610645215557803,14,5,0.5543848281246538
2025-11-05,ILI incidence,2025-11-16,3,IS,ItaLuxColab,EpiEKF,WIS,3.38603579932594,0.8201810866344906,14,2,0.8001465582623362
2025-11-05,ILI incidence,2025-11-16,3,IS,ItaLuxColab,EpiNetEKF,WIS,4.45733531925536,0.4235968160261093,14,4,0.5926312198440132
2025-11-05,ILI incidence,2025-11-16,3,IS,MRC_GIDA,NBEATS,WIS,7.08457525076003,-0.24490304723323444,14,13,0.08372351163534988
2025-11-05,ILI incidence,2025-11-16,3,IS,MRC_GIDA,NHiTS,WIS,6.23776085464831,-0.061249930210624734,14,10,0.2477551131786871
2025-11-05,ILI incidence,2025-11-16,3,IS,MRC_GIDA,Prophet,WIS,6.30259269568038,-0.07616711870641472,14,11,0.23519690589699319
2025-11-05,ILI incidence,2025-11-16,3,IS,MRC_GIDA,TiDE,WIS,6.66546218640382,-0.1569266029225209,14,12,0.16490752018521748
2025-11-05,ILI incidence,2025-11-16,3,IS,QMUL,ARIMA,WIS,7.51679851919596,-0.3303400212138275,14,14,0.0
2025-11-05,ILI incidence,2025-11-16,3,IS,RIVM,KFdlm,WIS,2.35429087954464,1.34448573244562,14,1,1.0
2025-11-05,ILI incidence,2025-11-16,3,IS,respicast,hubEnsemble,WIS,4.86292788422137,0.29795311604347513,14,7,0.5140661903512136
2025-11-05,ILI incidence,2025-11-16,3,IS,respicast,quantileBaseline,WIS,5.97847826086957,0.0,14,9,0.2979792700956252
2025-11-05,ILI incidence,2025-11-16,3,IS,safinea,PRFM,WIS,4.71142095549257,0.3436160735252827,14,6,0.5434137360216802
2025-11-05,ILI incidence,2025-11-16,3,LT,ECDC,SARIMA,WIS,7.23364959424908,-0.7472960131329555,17,12,0.647682652224519
2025-11-05,ILI incidence,2025-11-16,3,LT,ECDC,soca_simplex,WIS,2.39130707822223,0.8496282961181584,17,4,0.889060652873231
2025-11-05,ILI incidence,2025-11-16,3,LT,ISI,FluBcast,WIS,1.70086956521739,1.3411551917364866,17,3,0.9234771415686072
2025-11-05,ILI incidence,2025-11-16,3,LT,ItaLuxColab,EpiEKF,WIS,7.01254642015935,-0.7025107149410313,17,10,0.6587040621975279
2025-11-05,ILI incidence,2025-11-16,3,LT,ItaLuxColab,EpiNetEKF,WIS,3.45041678052007,0.3206570633508604,17,5,0.8362668280741412
2025-11-05,ILI incidence,2025-11-16,3,LT,MRC_GIDA,NBEATS,WIS,0.165725973695499,4.700556066539871,17,1,1.0
2025-11-05,ILI incidence,2025-11-16,3,LT,MRC_GIDA,NHiTS,WIS,1.3692039080418,1.6540903855873044,17,2,0.9400097996670209
2025-11-05,ILI incidence,2025-11-16,3,LT,MRC_GIDA,Prophet,WIS,20.226968104349,-2.230780479194548,17,17,0.0
2025-11-05,ILI incidence,2025-11-16,3,LT,MRC_GIDA,TiDE,WIS,6.16816896892345,-0.5174145856814725,17,9,0.7007940507304758
2025-11-05,ILI incidence,2025-11-16,3,LT,NotreDame,Rt_cocirc,WIS,8.69747173913044,-1.0131683852178357,17,13,0.5747149797669574
2025-11-05,ILI incidence,2025-11-16,3,LT,QMUL,ARIMA,WIS,7.06810301830855,-0.7138953666103294,17,11,0.6559347123343751
2025-11-05,ILI incidence,2025-11-16,3,LT,QMUL,SEIR,WIS,9.74198423390659,-1.1767879475150584,17,14,0.5226487872563681
2025-11-05,ILI incidence,2025-11-16,3,LT,QMUL,SEIR_agumented,WIS,11.1724942638221,-1.3744516980555361,17,15,0.451341635854726
2025-11-05,ILI incidence,2025-11-16,3,LT,RIVM,KFdlm,WIS,4.53952996824609,-0.07511522494428442,17,8,0.7819774086736416
2025-11-05,ILI incidence,2025-11-16,3,LT,respicast,hubEnsemble,WIS,3.96446445445538,0.12030171035897702,17,6,0.8106429075517998
2025-11-05,ILI incidence,2025-11-16,3,LT,respicast,quantileBaseline,WIS,4.30922282608696,0.0,17,7,0.7934576121754588
2025-11-05,ILI incidence,2025-11-16,3,LT,safinea,PRFM,WIS,18.5835590549727,-2.1085272218674773,17,16,0.0819196059084088
2025-11-05,ILI incidence,2025-11-16,3,LU,ItaLuxColab,EpiEKF,WIS,888.863853903029,-0.057065496363221724,7,5,0.9990909777055195
2025-11-05,ILI incidence,2025-11-16,3,LU,ItaLuxColab,EpiNetEKF,WIS,1182.407258566,-0.4687581620044074,7,6,0.9985699882548639
2025-11-05,ILI incidence,2025-11-16,3,LU,NotreDame,Rt_cocirc,WIS,658.529693478261,0.37564847004039836,7,2,0.9994997815341891
2025-11-05,ILI incidence,2025-11-16,3,LU,RIVM,KFdlm,WIS,563811.139525087,-9.366099303038656,7,7,0.0
2025-11-05,ILI incidence,2025-11-16,3,LU,respicast,hubEnsemble,WIS,726.166474488824,0.23459663831413352,7,3,0.9993797377899828
2025-11-05,ILI incidence,2025-11-16,3,LU,respicast,quantileBaseline,WIS,854.391304347826,0.0,7,4,0.9991521605983054
2025-11-05,ILI incidence,2025-11-16,3,LU,safinea,PRFM,WIS,376.689377240307,1.181521614526369,7,1,1.0
2025-11-05,ILI incidence,2025-11-16,3,LV,ItaLuxColab,EpiEKF,WIS,18.8184486613616,0.0021273556375618306,7,2,0.6694033522894358
2025-11-05,ILI incidence,2025-11-16,3,LV,ItaLuxColab,EpiNetEKF,WIS,18.8883047766256,-0.003218168820429615,7,5,0.6655386737865716
2025-11-05,ILI incidence,2025-11-16,3,LV,NotreDame,Rt_cocirc,WIS,30.9182695652174,-0.7141845197289393,7,7,0.0
2025-11-05,ILI incidence,2025-11-16,3,LV,RIVM,KFdlm,WIS,30.6116497510695,-0.6998057410155358,7,6,0.016963253679528556
2025-11-05,ILI incidence,2025-11-16,3,LV,respicast,hubEnsemble,WIS,18.8698768842704,-0.0018099531778172718,7,4,0.6665581676300109
2025-11-05,ILI incidence,2025-11-16,3,LV,respicast,quantileBaseline,WIS,18.8462182608696,0.0,7,3,0.6678670433514692
2025-11-05,ILI incidence,2025-11-16,3,LV,safinea,PRFM,WIS,12.8427387772806,0.5533221598960175,7,1,1.0
2025-11-05,ILI incidence,2025-11-16,3,MT,ECDC,SARIMA,WIS,1162.54200021741,-0.6025217907251148,10,8,0.7188247392295007
2025-11-05,ILI incidence,2025-11-16,3,MT,ECDC,soca_simplex,WIS,377.469440755346,1.0203292917081797,10,1,1.0
2025-11-05,ILI incidence,2025-11-16,3,MT,ItaLuxColab,EpiEKF,WIS,1150.924811181,-0.5880325386596452,10,7,0.7229854580285007
2025-11-05,ILI incidence,2025-11-16,3,MT,ItaLuxColab,EpiNetEKF,WIS,1185.77537566902,-0.6310696945146431,10,9,0.7105036607222331
2025-11-05,ILI incidence,2025-11-16,3,MT,NotreDame,Rt_cocirc,WIS,3169.58051521739,-2.049530868497291,10,10,0.0
2025-11-05,ILI incidence,2025-11-16,3,MT,QMUL,ARIMA,WIS,577.55640058673,0.406727304802016,10,4,0.9283384670253727
2025-11-05,ILI incidence,2025-11-16,3,MT,RIVM,KFdlm,WIS,1069.6285670428,-0.48234885375294245,10,6,0.7521018656391341
2025-11-05,ILI incidence,2025-11-16,3,MT,respicast,hubEnsemble,WIS,494.102894838657,0.6318776346481795,10,3,0.9582275020682038
2025-11-05,ILI incidence,2025-11-16,3,MT,respicast,quantileBaseline,WIS,765.652173913043,0.0,10,5,0.8609716007689672
2025-11-05,ILI incidence,2025-11-16,3,MT,safinea,PRFM,WIS,419.628210602219,0.8675774727699527,10,2,0.9849007547613429
2025-11-05,ILI incidence,2025-11-16,3,NL,ECDC,SARIMA,WIS,4.01767450394874,0.17463148375205256,17,14,0.519629133673888
2025-11-05,ILI incidence,2025-11-16,3,NL,ECDC,soca_simplex,WIS,3.24134201734466,0.4844009132945452,17,10,0.6262477157582055
2025-11-05,ILI incidence,2025-11-16,3,NL,ISI,FluBcast,WIS,3.39913043478261,0.4158264476706591,17,11,0.6045776483233716
2025-11-05,ILI incidence,2025-11-16,3,NL,ItaLuxColab,EpiEKF,WIS,3.8095816399643,0.2513595983672931,17,13,0.5482078244832044
2025-11-05,ILI incidence,2025-11-16,3,NL,ItaLuxColab,EpiNetEKF,WIS,4.34205896417252,0.06261285357181917,17,15,0.47507939268528987
2025-11-05,ILI incidence,2025-11-16,3,NL,MRC_GIDA,NBEATS,WIS,2.29057407892471,0.9852829496522908,17,5,0.7568226063298811
2025-11-05,ILI incidence,2025-11-16,3,NL,MRC_GIDA,NHiTS,WIS,0.519902334626664,3.1246796323451953,17,1,1.0
2025-11-05,ILI incidence,2025-11-16,3,NL,MRC_GIDA,Prophet,WIS,3.74262523912381,0.2769415772654312,17,12,0.5574033645929705
2025-11-05,ILI incidence,2025-11-16,3,NL,MRC_GIDA,TiDE,WIS,2.26879196230913,0.9990678444912573,17,4,0.7598140802517149
2025-11-05,ILI incidence,2025-11-16,3,NL,NotreDame,Rt_cocirc,WIS,1.55465434782609,1.5443983149580147,17,3,0.8578910526612041
2025-11-05,ILI incidence,2025-11-16,3,NL,QMUL,ARIMA,WIS,2.79441662514793,0.6984450400638151,17,8,0.6876267671771807
2025-11-05,ILI incidence,2025-11-16,3,NL,QMUL,SEIR,WIS,2.47375182292876,0.8742914007207866,17,7,0.7316656643338727
2025-11-05,ILI incidence,2025-11-16,3,NL,QMUL,SEIR_agumented,WIS,1.14482818608442,1.9858610738395073,17,2,0.9141750353875884
2025-11-05,ILI incidence,2025-11-16,3,NL,RIVM,KFdlm,WIS,3.19463158696009,0.5053426056247713,17,9,0.6326627504786202
2025-11-05,ILI incidence,2025-11-16,3,NL,respicast,hubEnsemble,WIS,2.42091995990472,0.9054367891715344,17,6,0.7389213935757802
2025-11-05,ILI incidence,2025-11-16,3,NL,respicast,quantileBaseline,WIS,4.53465304347826,0.0,17,16,0.44862924663609505
2025-11-05,ILI incidence,2025-11-16,3,NL,safinea,PRFM,WIS,7.80130180015446,-0.7827227148876216,17,17,0.0
2025-11-05,ILI incidence,2025-11-16,3,NO,ECDC,SARIMA,WIS,7.56331174408549,0.34272201927280854,15,4,0.7138953237087848
2025-11-05,ILI incidence,2025-11-16,3,NO,ECDC,soca_simplex,WIS,15.5003050734998,-0.6924846011387384,15,13,0.2792343761872855
2025-11-05,ILI incidence,2025-11-16,3,NO,ISI,FluBcast,WIS,8.86521739130435,0.1135840952529464,15,9,0.6425978539091599
2025-11-05,ILI incidence,2025-11-16,3,NO,ItaLuxColab,EpiEKF,WIS,7.96422635638867,0.268205878922374,15,5,0.6919396639234723
2025-11-05,ILI incidence,2025-11-16,3,NO,ItaLuxColab,EpiNetEKF,WIS,8.02913953929632,0.25649471794066836,15,7,0.6883847629152138
2025-11-05,ILI incidence,2025-11-16,3,NO,MRC_GIDA,NBEATS,WIS,17.2201466615756,-0.8442854205807359,15,14,0.1850490917560245
2025-11-05,ILI incidence,2025-11-16,3,NO,MRC_GIDA,NHiTS,WIS,10.2311222349834,-0.0931523911729963,15,12,0.5677955365911544
2025-11-05,ILI incidence,2025-11-16,3,NO,MRC_GIDA,Prophet,WIS,5.71998474155711,0.7457288058021415,15,2,0.8148431547396664
2025-11-05,ILI incidence,2025-11-16,3,NO,MRC_GIDA,TiDE,WIS,7.98822505527931,0.26386512537883705,15,6,0.6906254008560674
2025-11-05,ILI incidence,2025-11-16,3,NO,NotreDame,Rt_cocirc,WIS,2.3389847826087,2.035857628751279,15,1,1.0
2025-11-05,ILI incidence,2025-11-16,3,NO,QMUL,ARIMA,WIS,7.47229456259082,0.36018877620308537,15,3,0.7188797822697609
2025-11-05,ILI incidence,2025-11-16,3,NO,RIVM,KFdlm,WIS,9.02486545948905,0.08783467951369688,15,10,0.63385489827003
2025-11-05,ILI incidence,2025-11-16,3,NO,respicast,hubEnsemble,WIS,8.03645800202428,0.25518031795178103,15,8,0.6879839751342859
2025-11-05,ILI incidence,2025-11-16,3,NO,respicast,quantileBaseline,WIS,9.59139130434783,0.0,15,11,0.6028297165290866
2025-11-05,ILI incidence,2025-11-16,3,NO,safinea,PRFM,WIS,20.5991790206055,-1.102774830567612,15,15,0.0
2025-11-05,ILI incidence,2025-11-16,3,PL,ECDC,SARIMA,WIS,63.5411646589021,0.33337293529337936,17,3,0.9213903090533287
2025-11-05,ILI incidence,2025-11-16,3,PL,ECDC,soca_simplex,WIS,129.350758749726,-0.6921521425032091,17,13,0.6189787175470244
2025-11-05,ILI incidence,2025-11-16,3,PL,ISI,FluBcast,WIS,87.835652173913,-0.1337421743042355,17,6,0.8097510452690092
2025-11-05,ILI incidence,2025-11-16,3,PL,ItaLuxColab,EpiEKF,WIS,67.5864509170265,0.2443304111985046,17,4,0.9028012040403173
2025-11-05,ILI incidence,2025-11-16,3,PL,ItaLuxColab,EpiNetEKF,WIS,46.4344399231285,0.7858692353256271,17,1,1.0
2025-11-05,ILI incidence,2025-11-16,3,PL,MRC_GIDA,NBEATS,WIS,104.277248244151,-0.38128804328669164,17,12,0.7341977873710432
2025-11-05,ILI incidence,2025-11-16,3,PL,MRC_GIDA,NHiTS,WIS,90.1124266763681,-0.17066160113210696,17,7,0.7992886953593867
2025-11-05,ILI incidence,2025-11-16,3,PL,MRC_GIDA,Prophet,WIS,99.1486232721337,-0.3085282710188738,17,11,0.7577651055022909
2025-11-05,ILI incidence,2025-11-16,3,PL,MRC_GIDA,TiDE,WIS,91.2783103635938,-0.18920761736770367,17,9,0.7939311673843841
2025-11-05,ILI incidence,2025-11-16,3,PL,NotreDame,Rt_cocirc,WIS,229.500893478261,-1.519363396108506,17,16,0.15876372836127528
2025-11-05,ILI incidence,2025-11-16,3,PL,QMUL,ARIMA,WIS,90.9956766852632,-0.18473353371470166,17,8,0.7952299400277659
2025-11-05,ILI incidence,2025-11-16,3,PL,QMUL,SEIR,WIS,223.595211984351,-1.4817529208272513,17,15,0.1859018161154386
2025-11-05,ILI incidence,2025-11-16,3,PL,QMUL,SEIR_agumented,WIS,154.252851432712,-0.9461607843321,17,14,0.5045473556135929
2025-11-05,ILI incidence,2025-11-16,3,PL,RIVM,KFdlm,WIS,264.050417416015,-1.7216770479014678,17,17,0.0
2025-11-05,ILI incidence,2025-11-16,3,PL,respicast,hubEnsemble,WIS,97.6661903612262,-0.2867947539555332,17,10,0.7645772565584144
2025-11-05,ILI incidence,2025-11-16,3,PL,respicast,quantileBaseline,WIS,80.0590484782609,0.0,17,5,0.8454864898133156
2025-11-05,ILI incidence,2025-11-16,3,PL,safinea,PRFM,WIS,59.882611130372,0.4189273387781321,17,2,0.9382022801718082
2025-11-05,ILI incidence,2025-11-16,3,RO,ECDC,SARIMA,WIS,1.22992683644399,-0.6673568420855653,12,9,0.6362206311617135
2025-11-05,ILI incidence,2025-11-16,3,RO,ECDC,soca_simplex,WIS,0.547203136746946,0.5010672503648923,12,4,0.8886466813778632
2025-11-05,ILI incidence,2025-11-16,3,RO,ItaLuxColab,EpiEKF,WIS,0.610902165160458,0.3422023969818136,12,6,0.865094995458414
2025-11-05,ILI incidence,2025-11-16,3,RO,ItaLuxColab,EpiNetEKF,WIS,0.246031567496661,1.6543003157414824,12,1,1.0
2025-11-05,ILI incidence,2025-11-16,3,RO,NotreDame,Rt_cocirc,WIS,0.415443478260869,0.898491541195729,12,3,0.9373626849152064
2025-11-05,ILI incidence,2025-11-16,3,RO,QMUL,ARIMA,WIS,2.29370761470894,-1.5664658429996956,12,11,0.24290488678014233
2025-11-05,ILI incidence,2025-11-16,3,RO,QMUL,SEIR,WIS,1.727072048218,-1.1571126132684955,12,10,0.4524092265661628
2025-11-05,ILI incidence,2025-11-16,3,RO,QMUL,SEIR_agumented,WIS,2.95067991544821,-1.92983177252107,12,12,0.0
2025-11-05,ILI incidence,2025-11-16,3,RO,RIVM,KFdlm,WIS,0.414813286390396,0.9006816464731561,12,2,0.9375956881708607
2025-11-05,ILI incidence,2025-11-16,3,RO,respicast,hubEnsemble,WIS,0.598769306364431,0.37114348160422705,12,5,0.8695809238436017
2025-11-05,ILI incidence,2025-11-16,3,RO,respicast,quantileBaseline,WIS,0.774434782608697,0.0,12,7,0.8046314540253492
2025-11-05,ILI incidence,2025-11-16,3,RO,safinea,PRFM,WIS,1.04545317396016,-0.4329127890747,12,8,0.7044267854381269
2025-11-05,ILI incidence,2025-11-16,3,SI,ECDC,SARIMA,WIS,4.68153148758948,0.3353547869880118,15,6,0.563285826245269
2025-11-05,ILI incidence,2025-11-16,3,SI,ItaLuxColab,EpiEKF,WIS,5.21538068463166,0.17956278567415174,15,7,0.5088120718263722
2025-11-05,ILI incidence,2025-11-16,3,SI,ItaLuxColab,EpiNetEKF,WIS,3.39395174690956,0.7993692947576366,15,3,0.6946699380452965
2025-11-05,ILI incidence,2025-11-16,3,SI,MRC_GIDA,NBEATS,WIS,6.77916003221404,-0.1987711797201309,15,12,0.34924466474302956
2025-11-05,ILI incidence,2025-11-16,3,SI,MRC_GIDA,NHiTS,WIS,6.02531898279076,-0.028702271770230534,15,10,0.4261662980894643
2025-11-05,ILI incidence,2025-11-16,3,SI,MRC_GIDA,Prophet,WIS,6.47594611529826,-0.1327556329464711,15,11,0.38018448920652304
2025-11-05,ILI incidence,2025-11-16,3,SI,MRC_GIDA,TiDE,WIS,4.40553066606992,0.42301953969762013,15,5,0.5914488375491567
2025-11-05,ILI incidence,2025-11-16,3,SI,NotreDame,Rt_cocirc,WIS,7.40348695652174,-0.3258695750011408,15,13,0.28553859992121505
2025-11-05,ILI incidence,2025-11-16,3,SI,QMUL,ARIMA,WIS,3.66485032225593,0.6885810706177928,15,4,0.6670275578607644
2025-11-05,ILI incidence,2025-11-16,3,SI,QMUL,SEIR,WIS,10.2017988026318,-0.7884163000932815,15,15,0.0
2025-11-05,ILI incidence,2025-11-16,3,SI,QMUL,SEIR_agumented,WIS,0.401681246258822,3.8782123370922577,15,1,1.0
2025-11-05,ILI incidence,2025-11-16,3,SI,RIVM,KFdlm,WIS,5.54191089144156,0.09195183457801413,15,8,0.47549306264800184
2025-11-05,ILI incidence,2025-11-16,3,SI,respicast,hubEnsemble,WIS,3.28237693184028,0.8475944281578397,15,2,0.7060549866865471
2025-11-05,ILI incidence,2025-11-16,3,SI,respicast,quantileBaseline,WIS,5.90663043478261,0.0,15,9,0.4382772291395687
2025-11-05,ILI incidence,2025-11-16,3,SI,safinea,PRFM,WIS,8.20041810472959,-0.473362120095594,15,14,0.20422007046239155
2025-11-05,ILI incidence,2025-11-23,4,AT,ECDC,SARIMA,WIS,157.262025466067,0.766388970964057,13,4,0.7875908829855389
2025-11-05,ILI incidence,2025-11-23,4,AT,ECDC,soca_simplex,WIS,84.0339016902089,1.6705159367986062,13,1,1.0
2025-11-05,ILI incidence,2025-11-23,4,AT,ISI,FluBcast,WIS,304.606956521739,-0.18738957817074223,13,11,0.3601948896389218
2025-11-05,ILI incidence,2025-11-23,4,AT,ItaLuxColab,EpiEKF,WIS,428.784281547363,-0.6806927083216654,13,13,0.0
2025-11-05,ILI incidence,2025-11-23,4,AT,ItaLuxColab,EpiNetEKF,WIS,227.505208780851,0.23365973536085566,13,7,0.5838400318802002
2025-11-05,ILI incidence,2025-11-23,4,AT,NotreDame,Rt_cocirc,WIS,189.036793478261,0.5008922488338154,13,5,0.695423419601279
2025-11-05,ILI incidence,2025-11-23,4,AT,QMUL,ARIMA,WIS,141.226671182264,0.9215467391991111,13,3,0.8341038245824335
2025-11-05,ILI incidence,2025-11-23,4,AT,QMUL,SEIR,WIS,220.809830561744,0.2767549088293016,13,6,0.6032609770344338
2025-11-05,ILI incidence,2025-11-23,4,AT,QMUL,SEIR_agumented,WIS,280.729670874005,-0.06962224133594443,13,10,0.4294545251399107
2025-11-05,ILI incidence,2025-11-23,4,AT,RIVM,KFdlm,WIS,243.752994301382,0.1341393705932534,13,8,0.5367109017331553
2025-11-05,ILI incidence,2025-11-23,4,AT,respicast,hubEnsemble,WIS,127.913135825531,1.0643948848831575,13,2,0.8727217236033118
2025-11-05,ILI incidence,2025-11-23,4,AT,respicast,quantileBaseline,WIS,267.503786304348,0.0,13,9,0.46781817995339375
2025-11-05,ILI incidence,2025-11-23,4,AT,safinea,PRFM,WIS,376.41541513783,-0.4927663993248884,13,12,0.1519037235904767
2025-11-05,ILI incidence,2025-11-23,4,BE,ECDC,SARIMA,WIS,37.6633829283153,0.029599820554718655,17,9,0.701289157158425
2025-11-05,ILI incidence,2025-11-23,4,BE,ECDC,soca_simplex,WIS,52.6137760461343,-0.45267818546903016,17,13,0.5711463087440141
2025-11-05,ILI incidence,2025-11-23,4,BE,ISI,FluBcast,WIS,24.0860869565217,0.6745623780090564,17,4,0.8194792246442557
2025-11-05,ILI incidence,2025-11-23,4,BE,ItaLuxColab,EpiEKF,WIS,39.6769482711491,-0.04553865664164962,17,11,0.6837611144427723
2025-11-05,ILI incidence,2025-11-23,4,BE,ItaLuxColab,EpiNetEKF,WIS,30.799556104894,0.31985285092875015,17,8,0.7610386210543684
2025-11-05,ILI incidence,2025-11-23,4,BE,MRC_GIDA,NBEATS,WIS,61.2592104077222,-0.6721643623145402,17,14,0.49588798980015647
2025-11-05,ILI incidence,2025-11-23,4,BE,MRC_GIDA,NHiTS,WIS,70.7962876040845,-0.8809113013326594,17,15,0.4128679392836667
2025-11-05,ILI incidence,2025-11-23,4,BE,MRC_GIDA,Prophet,WIS,27.895626938417,0.46272343381592584,17,7,0.7863172615784468
2025-11-05,ILI incidence,2025-11-23,4,BE,MRC_GIDA,TiDE,WIS,48.2382259063335,-0.3274144398082847,17,12,0.6092353779802631
2025-11-05,ILI incidence,2025-11-23,4,BE,NotreDame,Rt_cocirc,WIS,3.34843913043478,3.5212017619356817,17,1,1.0
2025-11-05,ILI incidence,2025-11-23,4,BE,QMUL,ARIMA,WIS,19.9758100302197,0.9445084028935963,17,3,0.8552590963001663
2025-11-05,ILI incidence,2025-11-23,4,BE,QMUL,SEIR,WIS,118.22523259213,-1.6207036656726739,17,17,0.0
2025-11-05,ILI incidence,2025-11-23,4,BE,QMUL,SEIR_agumented,WIS,14.4498852470957,1.4117043736256771,17,2,0.9033621519009181
2025-11-05,ILI incidence,2025-11-23,4,BE,RIVM,KFdlm,WIS,26.2952988866616,0.5479575139523526,17,6,0.8002480826218547
2025-11-05,ILI incidence,2025-11-23,4,BE,respicast,hubEnsemble,WIS,24.9170371929002,0.6256298771232445,17,5,0.8122458208266642
2025-11-05,ILI incidence,2025-11-23,4,BE,respicast,quantileBaseline,WIS,38.4441054347826,0.0,17,10,0.6944929846422794
2025-11-05,ILI incidence,2025-11-23,4,BE,safinea,PRFM,WIS,73.8370908622693,-0.9415833034514036,17,16,0.3863978127545976
2025-11-05,ILI incidence,2025-11-23,4,CZ,ECDC,soca_simplex,WIS,26.7846485162943,-2.187312326215553,8,8,0.0
2025-11-05,ILI incidence,2025-11-23,4,CZ,ItaLuxColab,EpiEKF,WIS,11.6513537065706,-0.9864035453185941,8,6,0.7239491542015873
2025-11-05,ILI incidence,2025-11-23,4,CZ,ItaLuxColab,EpiNetEKF,WIS,8.6321977970862,-0.5537057899641824,8,3,0.8683800527306739
2025-11-05,ILI incidence,2025-11-23,4,CZ,NotreDame,Rt_cocirc,WIS,7.38265217391304,-0.3281170560490687,8,2,0.9281560306922781
2025-11-05,ILI incidence,2025-11-23,4,CZ,RIVM,KFdlm,WIS,23.1220506528858,-1.975175315444228,8,7,0.17521198514492797
2025-11-05,ILI incidence,2025-11-23,4,CZ,respicast,hubEnsemble,WIS,10.5062763686468,-0.837157402256789,8,4,0.778727560405152
2025-11-05,ILI incidence,2025-11-23,4,CZ,respicast,quantileBaseline,WIS,5.88083956521739,0.0,8,1,1.0
2025-11-05,ILI incidence,2025-11-23,4,CZ,safinea,PRFM,WIS,10.5394854148027,-0.841710391733634,8,5,0.7771389003559894
2025-11-05,ILI incidence,2025-11-23,4,EE,ECDC,soca_simplex,WIS,14.4877851076856,0.6045350332846922,9,1,1.0
2025-11-05,ILI incidence,2025-11-23,4,EE,ISI,FluBcast,WIS,44.3834782608696,-1.0106506477782264,9,6,0.2833679453338428
2025-11-05,ILI incidence,2025-11-23,4,EE,ItaLuxColab,EpiEKF,WIS,55.5286092194357,-1.3338591765092176,9,8,0.016207118607536198
2025-11-05,ILI incidence,2025-11-23,4,EE,ItaLuxColab,EpiNetEKF,WIS,55.3509039485915,-1.3292347923435475,9,7,0.0204669058858426
2025-11-05,ILI incidence,2025-11-23,4,EE,NotreDame,Rt_cocirc,WIS,30.0455043478261,-0.4477770534989065,9,3,0.6270646662094982
2025-11-05,ILI incidence,2025-11-23,4,EE,RIVM,KFdlm,WIS,56.204720539929,-1.3513192192177619,9,9,0.0
2025-11-05,ILI incidence,2025-11-23,4,EE,respicast,hubEnsemble,WIS,31.0703818070228,-0.4961678842166765,9,4,0.6024972465613961
2025-11-05,ILI incidence,2025-11-23,4,EE,respicast,quantileBaseline,WIS,22.0285126086956,0.0,9,2,0.8192406172007135
2025-11-05,ILI incidence,2025-11-23,4,EE,safinea,PRFM,WIS,41.4173113606456,-0.9108618169980517,9,5,0.3544701696341308
2025-11-05,ILI incidence,2025-11-23,4,ES,ECDC,SARIMA,WIS,10.4969084569768,0.2189693160905291,12,9,0.6531554318226116
2025-11-05,ILI incidence,2025-11-23,4,ES,ECDC,soca_simplex,WIS,21.0213001633926,-0.7829180975875214,12,11,0.22244190627974592
2025-11-05,ILI incidence,2025-11-23,4,ES,ISI,FluBcast,WIS,6.00739130434783,1.0241232598034964,12,2,0.8368901135729295
2025-11-05,ILI incidence,2025-11-23,4,ES,ItaLuxColab,EpiEKF,WIS,9.01685193651998,0.4382380680984043,12,7,0.7137271379802271
2025-11-05,ILI incidence,2025-11-23,4,ES,ItaLuxColab,EpiNetEKF,WIS,10.3407429352827,0.24059396443999165,12,8,0.6595465472707475
2025-11-05,ILI incidence,2025-11-23,4,ES,QMUL,ARIMA,WIS,8.84496475936631,0.4660055049157472,12,6,0.7207616663532387
2025-11-05,ILI incidence,2025-11-23,4,ES,QMUL,SEIR,WIS,8.12823493056639,0.5879197988101297,12,5,0.7500940249384819
2025-11-05,ILI incidence,2025-11-23,4,ES,QMUL,SEIR_agumented,WIS,2.0218365582231,2.595195522793607,12,1,1.0
2025-11-05,ILI incidence,2025-11-23,4,ES,RIVM,KFdlm,WIS,7.51674267022204,0.7007542846217694,12,4,0.7751195080867889
2025-11-05,ILI incidence,2025-11-23,4,ES,respicast,hubEnsemble,WIS,6.32187384596501,0.9505096534594699,12,3,0.8240198320402644
2025-11-05,ILI incidence,2025-11-23,4,ES,respicast,quantileBaseline,WIS,12.2173704347826,0.0,12,10,0.5827450684786238
2025-11-05,ILI incidence,2025-11-23,4,ES,safinea,PRFM,WIS,26.4566199636223,-1.1146949531342456,12,12,0.0
2025-11-05,ILI incidence,2025-11-23,4,FI,ECDC,SARIMA,WIS,5.32042171497206,-0.1456971813258056,12,10,0.5307307320599602
2025-11-05,ILI incidence,2025-11-23,4,FI,ECDC,soca_simplex,WIS,10.427400059724,-1.1164641579110206,12,12,0.0
2025-11-05,ILI incidence,2025-11-23,4,FI,ISI,FluBcast,WIS,4.30608695652174,0.15946596853430492,12,8,0.6361430899289557
2025-11-05,ILI incidence,2025-11-23,4,FI,ItaLuxColab,EpiEKF,WIS,4.28489520285307,0.16658350163343658,12,7,0.6383453931656172
2025-11-05,ILI incidence,2025-11-23,4,FI,ItaLuxColab,EpiNetEKF,WIS,3.60743087174602,0.4148716729230905,12,5,0.708749282926074
2025-11-05,ILI incidence,2025-11-23,4,FI,QMUL,ARIMA,WIS,2.81665231886977,0.7718619301951727,12,2,0.7909290870947392
2025-11-05,ILI incidence,2025-11-23,4,FI,QMUL,SEIR,WIS,0.80485884201481,2.57903573454873,12,1,1.0
2025-11-05,ILI incidence,2025-11-23,4,FI,QMUL,SEIR_agumented,WIS,3.2532335120096,0.5639690414291642,12,3,0.7455584117957493
2025-11-05,ILI incidence,2025-11-23,4,FI,RIVM,KFdlm,WIS,4.14966439001528,0.21284876074391754,12,6,0.6523989378351804
2025-11-05,ILI incidence,2025-11-23,4,FI,respicast,hubEnsemble,WIS,3.56403558173387,0.43233168176441744,12,4,0.7132590365379666
2025-11-05,ILI incidence,2025-11-23,4,FI,respicast,quantileBaseline,WIS,4.809355,0.0,12,9,0.5838421403053726
2025-11-05,ILI incidence,2025-11-23,4,FI,safinea,PRFM,WIS,10.384622966074,-1.1105335102556755,12,11,0.004445509006630633
2025-11-05,ILI incidence,2025-11-23,4,FR,ECDC,SARIMA,WIS,15.4406627264055,0.07247524582018734,13,7,0.895306898217467
2025-11-05,ILI incidence,2025-11-23,4,FR,ECDC,soca_simplex,WIS,5.93737368421256,1.4513131005763524,13,1,1.0
2025-11-05,ILI incidence,2025-11-23,4,FR,ISI,FluBcast,WIS,21.6565217391304,-0.41559162838488595,13,10,0.8268298101908025
2025-11-05,ILI incidence,2025-11-23,4,FR,ItaLuxColab,EpiEKF,WIS,21.3235230895361,-0.3932358995628774,13,9,0.8304982939505449
2025-11-05,ILI incidence,2025-11-23,4,FR,ItaLuxColab,EpiNetEKF,WIS,12.7237559215669,0.3516853192633232,13,5,0.9252377357822043
2025-11-05,ILI incidence,2025-11-23,4,FR,NotreDame,Rt_cocirc,WIS,15.311547826087,0.0845897909273173,13,6,0.8967292941206823
2025-11-05,ILI incidence,2025-11-23,4,FR,QMUL,ARIMA,WIS,10.3427939567813,0.650583959873829,13,2,0.9514676328434135
2025-11-05,ILI incidence,2025-11-23,4,FR,QMUL,SEIR,WIS,96.7102028428427,-2.5744581793556978,13,13,0.0
2025-11-05,ILI incidence,2025-11-23,4,FR,QMUL,SEIR_agumented,WIS,50.7016995881225,-1.6428241876317962,13,11,0.5068532476201442
2025-11-05,ILI incidence,2025-11-23,4,FR,RIVM,KFdlm,WIS,56.0557608663676,-1.7876527253705354,13,12,0.44787016504056953
2025-11-05,ILI incidence,2025-11-23,4,FR,respicast,hubEnsemble,WIS,11.8312739247538,0.45660449816078874,13,4,0.9350697747864468
2025-11-05,ILI incidence,2025-11-23,4,FR,respicast,quantileBaseline,WIS,16.2361539130435,0.0,13,8,0.8865433596783318
2025-11-05,ILI incidence,2025-11-23,4,FR,safinea,PRFM,WIS,11.3040146140621,0.5223746855245068,13,3,0.9408783335322615
2025-11-05,ILI incidence,2025-11-23,4,GR,ECDC,SARIMA,WIS,74.5866640100691,-0.24307236962089265,17,11,0.6861543336179229
2025-11-05,ILI incidence,2025-11-23,4,GR,ECDC,soca_simplex,WIS,160.97565969294,-1.352925325084726,17,16,0.23811772811244883
2025-11-05,ILI incidence,2025-11-23,4,GR,ISI,FluBcast,WIS,55.0447826086957,0.1952395069215391,17,8,0.7875037953063393
2025-11-05,ILI incidence,2025-11-23,4,GR,ItaLuxColab,EpiEKF,WIS,95.0069047719313,-0.5921870352329832,17,13,0.5802494636488961
2025-11-05,ILI incidence,2025-11-23,4,GR,ItaLuxColab,EpiNetEKF,WIS,75.9815716505228,-0.2698042218346685,17,12,0.6789199667951303
2025-11-05,ILI incidence,2025-11-23,4,GR,MRC_GIDA,NBEATS,WIS,29.6169619940493,1.0894216705586792,17,3,0.9193793234744159
2025-11-05,ILI incidence,2025-11-23,4,GR,MRC_GIDA,NHiTS,WIS,15.8246071398172,1.9936756481975875,17,2,0.9909101915204065
2025-11-05,ILI incidence,2025-11-23,4,GR,MRC_GIDA,Prophet,WIS,108.18423971005,-0.7795731053271093,17,14,0.511908254579209
2025-11-05,ILI incidence,2025-11-23,4,GR,MRC_GIDA,TiDE,WIS,34.9362839025212,0.8511191720439473,17,5,0.8917918869887387
2025-11-05,ILI incidence,2025-11-23,4,GR,NotreDame,Rt_cocirc,WIS,14.0719391304348,2.1630241846708826,17,1,1.0
2025-11-05,ILI incidence,2025-11-23,4,GR,QMUL,ARIMA,WIS,37.9336930556994,0.7323654992422955,17,7,0.8762465155940891
2025-11-05,ILI incidence,2025-11-23,4,GR,QMUL,SEIR,WIS,206.888763964216,-1.7149380580068663,17,17,0.0
2025-11-05,ILI incidence,2025-11-23,4,GR,QMUL,SEIR_agumented,WIS,30.7606833904792,1.0347577769955913,17,4,0.9134476761847362
2025-11-05,ILI incidence,2025-11-23,4,GR,RIVM,KFdlm,WIS,113.928870964922,-0.8542161526904745,17,15,0.48211504924132315
2025-11-05,ILI incidence,2025-11-23,4,GR,respicast,hubEnsemble,WIS,36.7085233676828,0.7797302501463507,17,6,0.8826005756667656
2025-11-05,ILI incidence,2025-11-23,4,GR,respicast,quantileBaseline,WIS,63.0215541304348,0.0,17,10,0.7461341091878404
2025-11-05,ILI incidence,2025-11-23,4,GR,safinea,PRFM,WIS,56.1259507209997,0.16717735412417611,17,9,0.7818965662004973
2025-11-05,ILI incidence,2025-11-23,4,HR,ECDC,SARIMA,WIS,5.28672182617052,0.6442021019754699,13,5,0.9424912417298099
2025-11-05,ILI incidence,2025-11-23,4,HR,ECDC,soca_simplex,WIS,10.93826727688,-0.4047367950693383,13,11,0.8487494643069818
2025-11-05,ILI incidence,2025-11-23,4,HR,ISI,FluBcast,WIS,5.81652173913043,0.5064188356597433,13,7,0.933703488724464
2025-11-05,ILI incidence,2025-11-23,4,HR,ItaLuxColab,EpiEKF,WIS,6.89491856374796,0.26104200766340746,13,8,0.915816198249946
2025-11-05,ILI incidence,2025-11-23,4,HR,ItaLuxColab,EpiNetEKF,WIS,7.21122358664645,0.1963314457791316,13,9,0.9105696696122704
2025-11-05,ILI incidence,2025-11-23,4,HR,NotreDame,Rt_cocirc,WIS,17.0597913043478,-1.045952573135359,13,12,0.7472121860746457
2025-11-05,ILI incidence,2025-11-23,4,HR,QMUL,ARIMA,WIS,3.73672693084686,1.1448003801485136,13,3,0.9682008954433282
2025-11-05,ILI incidence,2025-11-23,4,HR,QMUL,SEIR,WIS,2.66449764698066,1.632711960701253,13,2,0.9859858853635289
2025-11-05,ILI incidence,2025-11-23,4,HR,QMUL,SEIR_agumented,WIS,1.81960854847097,2.1829474022551856,13,1,1.0
2025-11-05,ILI incidence,2025-11-23,4,HR,RIVM,KFdlm,WIS,5.70416222237972,0.5345605081529134,13,6,0.9355671879377931
2025-11-05,ILI incidence,2025-11-23,4,HR,respicast,hubEnsemble,WIS,4.38882373604571,0.9127411899172244,13,4,0.9573846126930208
2025-11-05,ILI incidence,2025-11-23,4,HR,respicast,quantileBaseline,WIS,8.26248369565217,0.0,13,10,0.893132493885489
2025-11-05,ILI incidence,2025-11-23,4,HR,safinea,PRFM,WIS,62.1080477703755,-2.9101327956901115,13,13,0.0
2025-11-05,ILI incidence,2025-11-23,4,HU,ECDC,SARIMA,WIS,50.7314848334611,-0.3838968005266717,12,9,0.6433331004328693
2025-11-05,ILI incidence,2025-11-23,4,HU,ECDC,soca_simplex,WIS,8.023686557375,2.2766474322861385,12,2,0.9843377898986946
2025-11-05,ILI incidence,2025-11-23,4,HU,ISI,FluBcast,WIS,44.7247826086957,-0.20208988381373968,12,6,0.6912942154879796
2025-11-05,ILI incidence,2025-11-23,4,HU,ItaLuxColab,EpiEKF,WIS,50.3265551819903,-0.372335263681747,12,8,0.6465663017597714
2025-11-05,ILI incidence,2025-11-23,4,HU,ItaLuxColab,EpiNetEKF,WIS,30.001407598244,0.37395439575157324,12,4,0.8088544767515367
2025-11-05,ILI incidence,2025-11-23,4,HU,NotreDame,Rt_cocirc,WIS,76.4733673913043,-0.9759728163646045,12,11,0.43779446294196667
2025-11-05,ILI incidence,2025-11-23,4,HU,QMUL,ARIMA,WIS,74.6721724097765,-0.9415861173899981,12,10,0.45217628453278413
2025-11-05,ILI incidence,2025-11-23,4,HU,QMUL,SEIR,WIS,131.30322219184,-1.7558458293555674,12,12,0.0
2025-11-05,ILI incidence,2025-11-23,4,HU,RIVM,KFdlm,WIS,48.8127926609493,-0.328274707020862,12,7,0.6586530901040357
2025-11-05,ILI incidence,2025-11-23,4,HU,respicast,hubEnsemble,WIS,24.5140976806422,0.6653729264317093,12,3,0.8526684519501202
2025-11-05,ILI incidence,2025-11-23,4,HU,respicast,quantileBaseline,WIS,38.8788241304348,0.0,12,5,0.7379718560121392
2025-11-05,ILI incidence,2025-11-23,4,HU,safinea,PRFM,WIS,6.06213432590263,2.6810868609568685,12,1,1.0
2025-11-05,ILI incidence,2025-11-23,4,IE,ECDC,SARIMA,WIS,6.65518420438555,0.706419450219093,17,4,0.6744221828138711
2025-11-05,ILI incidence,2025-11-23,4,IE,ECDC,soca_simplex,WIS,11.619775246477,-0.09761221051812426,17,12,0.3956374372674348
2025-11-05,ILI incidence,2025-11-23,4,IE,ISI,FluBcast,WIS,9.8695652173913,0.13791151706461868,17,7,0.49391982416992675
2025-11-05,ILI incidence,2025-11-23,4,IE,ItaLuxColab,EpiEKF,WIS,6.88424371807087,0.6575998752916661,17,5,0.66155943184479
2025-11-05,ILI incidence,2025-11-23,4,IE,ItaLuxColab,EpiNetEKF,WIS,8.83374354863746,0.2978730980213542,17,6,0.5520860009822212
2025-11-05,ILI incidence,2025-11-23,4,IE,MRC_GIDA,NBEATS,WIS,18.665275792513,-0.7813868722162326,17,17,0.0
2025-11-05,ILI incidence,2025-11-23,4,IE,MRC_GIDA,NHiTS,WIS,17.4365938060118,-0.6831482874420886,17,16,0.06899617552786887
2025-11-05,ILI incidence,2025-11-23,4,IE,MRC_GIDA,Prophet,WIS,3.96297999566454,1.4543123634121047,17,2,0.8256018991135537
2025-11-05,ILI incidence,2025-11-23,4,IE,MRC_GIDA,TiDE,WIS,12.481818291369,-0.2008581609862127,17,14,0.3472297338165883
2025-11-05,ILI incidence,2025-11-23,4,IE,NotreDame,Rt_cocirc,WIS,16.9997913043478,-0.6465470820088437,17,15,0.09352465597026706
2025-11-05,ILI incidence,2025-11-23,4,IE,QMUL,ARIMA,WIS,12.3097513396773,-0.18083166587362265,17,13,0.3568920888701303
2025-11-05,ILI incidence,2025-11-23,4,IE,QMUL,SEIR,WIS,0.857303436060973,3.663020217472001,17,1,1.0
2025-11-05,ILI incidence,2025-11-23,4,IE,QMUL,SEIR_agumented,WIS,11.5991531016666,-0.09504951912881314,17,11,0.3967954660647407
2025-11-05,ILI incidence,2025-11-23,4,IE,RIVM,KFdlm,WIS,10.4822268327417,0.05102471942851761,17,9,0.45951604124129775
2025-11-05,ILI incidence,2025-11-23,4,IE,respicast,hubEnsemble,WIS,10.3348131823301,0.07145764334754591,17,8,0.4677939994198543
2025-11-05,ILI incidence,2025-11-23,4,IE,respicast,quantileBaseline,WIS,10.8595923913043,0.0,17,10,0.43832522001757346
2025-11-05,ILI incidence,2025-11-23,4,IE,safinea,PRFM,WIS,6.45170094634451,0.7512184810425429,17,3,0.685848708752256
2025-11-05,ILI incidence,2025-11-23,4,IS,ECDC,SARIMA,WIS,35.7901437398368,0.1620190865077467,14,6,0.34086203840042395
2025-11-05,ILI incidence,2025-11-23,4,IS,ECDC,soca_simplex,WIS,32.5296380282313,0.29982665544562725,14,3,0.5088352265055384
2025-11-05,ILI incidence,2025-11-23,4,IS,ISI,FluBcast,WIS,34.775652173913,0.2035038534393746,14,4,0.39312613412870895
2025-11-05,ILI incidence,2025-11-23,4,IS,ItaLuxColab,EpiEKF,WIS,24.8487617099838,0.6884074647441046,14,2,0.9045349727212282
2025-11-05,ILI incidence,2025-11-23,4,IS,ItaLuxColab,EpiNetEKF,WIS,36.8793453082683,0.11876837950688862,14,7,0.2847490681678277
2025-11-05,ILI incidence,2025-11-23,4,IS,MRC_GIDA,NBEATS,WIS,42.4065724426045,-0.08270645584508261,14,14,0.0
2025-11-05,ILI incidence,2025-11-23,4,IS,MRC_GIDA,NHiTS,WIS,41.5383652051513,-0.05286301380978159,14,12,0.04472788901790852
2025-11-05,ILI incidence,2025-11-23,4,IS,MRC_GIDA,Prophet,WIS,39.9213515825207,0.004420858829043489,14,9,0.12803243052994184
2025-11-05,ILI incidence,2025-11-23,4,IS,MRC_GIDA,TiDE,WIS,40.9679828954911,-0.03291543745735269,14,11,0.0741125745442546
2025-11-05,ILI incidence,2025-11-23,4,IS,QMUL,ARIMA,WIS,41.5432280750703,-0.053031899312518144,14,13,0.044477365989923086
2025-11-05,ILI incidence,2025-11-23,4,IS,RIVM,KFdlm,WIS,22.9957024794462,0.8002171541426394,14,1,1.0
2025-11-05,ILI incidence,2025-11-23,4,IS,respicast,hubEnsemble,WIS,37.1605217085739,0.10781066807911631,14,8,0.27026355562566573
2025-11-05,ILI incidence,2025-11-23,4,IS,respicast,quantileBaseline,WIS,40.0438704347826,0.0,14,10,0.1217205623604864
2025-11-05,ILI incidence,2025-11-23,4,IS,safinea,PRFM,WIS,35.7446192372549,0.1638553401066137,14,5,0.343207348150492
2025-11-05,ILI incidence,2025-11-23,4,LT,ECDC,SARIMA,WIS,9.14990065158299,-0.40487407960775007,17,14,0.47314232742946366
2025-11-05,ILI incidence,2025-11-23,4,LT,ECDC,soca_simplex,WIS,3.38090467729928,1.0314726584494724,17,2,0.9040264175917762
2025-11-05,ILI incidence,2025-11-23,4,LT,ISI,FluBcast,WIS,3.91521739130435,0.8197895843191964,17,4,0.8641188065165553
2025-11-05,ILI incidence,2025-11-23,4,LT,ItaLuxColab,EpiEKF,WIS,8.18457475358191,-0.24402546117690005,17,13,0.5452421474197103
2025-11-05,ILI incidence,2025-11-23,4,LT,ItaLuxColab,EpiNetEKF,WIS,4.30020260860366,0.6844773637590218,17,6,0.8353644087285501
2025-11-05,ILI incidence,2025-11-23,4,LT,MRC_GIDA,NBEATS,WIS,10.8090476884567,-0.6452855182476164,17,15,0.349221273468668
2025-11-05,ILI incidence,2025-11-23,4,LT,MRC_GIDA,NHiTS,WIS,5.24591456675063,0.39768768674660054,17,8,0.764729546361122
2025-11-05,ILI incidence,2025-11-23,4,LT,MRC_GIDA,Prophet,WIS,15.0109572504797,-1.1190620763280301,17,16,0.03538226462772294
2025-11-05,ILI incidence,2025-11-23,4,LT,MRC_GIDA,TiDE,WIS,6.74408050460598,0.03526024133701521,17,11,0.6528321087614848
2025-11-05,ILI incidence,2025-11-23,4,LT,NotreDame,Rt_cocirc,WIS,2.09593913043478,1.7212851800655804,17,1,1.0
2025-11-05,ILI incidence,2025-11-23,4,LT,QMUL,ARIMA,WIS,6.00145548006282,0.20356957202269382,17,9,0.7082984861793985
2025-11-05,ILI incidence,2025-11-23,4,LT,QMUL,SEIR,WIS,4.05084537126011,0.7706589837146369,17,5,0.85398880486561
2025-11-05,ILI incidence,2025-11-23,4,LT,QMUL,SEIR_agumented,WIS,4.82239371533591,0.519132557387755,17,7,0.7963621558377231
2025-11-05,ILI incidence,2025-11-23,4,LT,RIVM,KFdlm,WIS,6.04719864130753,0.19261502916836581,17,10,0.7048819470620311
2025-11-05,ILI incidence,2025-11-23,4,LT,respicast,hubEnsemble,WIS,3.90577222488487,0.8232741820611854,17,3,0.8648242623631583
2025-11-05,ILI incidence,2025-11-23,4,LT,respicast,quantileBaseline,WIS,6.9109402173913,0.0,17,12,0.6403694209993956
2025-11-05,ILI incidence,2025-11-23,4,LT,safinea,PRFM,WIS,15.4846812678169,-1.1638877829086411,17,17,0.0
2025-11-05,ILI incidence,2025-11-23,4,LU,ECDC,soca_simplex,WIS,1656.52869646115,-0.5265838799000345,8,3,0.9999283965830023
2025-11-05,ILI incidence,2025-11-23,4,LU,ItaLuxColab,EpiEKF,WIS,2695.17593582742,-1.2288001364670476,8,4,0.999781584943704
2025-11-05,ILI incidence,2025-11-23,4,LU,ItaLuxColab,EpiNetEKF,WIS,2951.42728173049,-1.359833480709518,8,5,0.9997453640991875
2025-11-05,ILI incidence,2025-11-23,4,LU,NotreDame,Rt_cocirc,WIS,3196.53786521739,-1.4749308677679924,8,7,0.999710717989125
2025-11-05,ILI incidence,2025-11-23,4,LU,RIVM,KFdlm,WIS,7075842.70111579,-12.587106945442107,8,8,0.0
2025-11-05,ILI incidence,2025-11-23,4,LU,respicast,hubEnsemble,WIS,3073.98257347394,-1.4185296704553088,8,6,0.9997280410441564
2025-11-05,ILI incidence,2025-11-23,4,LU,respicast,quantileBaseline,WIS,1149.95652173913,0.0,8,1,1.0
2025-11-05,ILI incidence,2025-11-23,4,LU,safinea,PRFM,WIS,1455.28230245557,-0.33971972509862597,8,2,0.9999568425383633
2025-11-05,ILI incidence,2025-11-23,4,LV,ItaLuxColab,EpiEKF,WIS,28.2688035762654,-0.17726852916289448,7,3,0.5365967278285104
2025-11-05,ILI incidence,2025-11-23,4,LV,ItaLuxColab,EpiNetEKF,WIS,28.9111858580193,-0.20968548949102012,7,5,0.5197468144036158
2025-11-05,ILI incidence,2025-11-23,4,LV,NotreDame,Rt_cocirc,WIS,48.7258956521739,-0.9627464085858657,7,7,0.0
2025-11-05,ILI incidence,2025-11-23,4,LV,RIVM,KFdlm,WIS,45.0941196337302,-0.8509970193802436,7,6,0.09526276366512354
2025-11-05,ILI incidence,2025-11-23,4,LV,respicast,hubEnsemble,WIS,28.4243367215519,-0.18518438844185547,7,4,0.5325170386664375
2025-11-05,ILI incidence,2025-11-23,4,LV,respicast,quantileBaseline,WIS,25.0002460869565,0.0,7,2,0.6223321415898837
2025-11-05,ILI incidence,2025-11-23,4,LV,safinea,PRFM,WIS,10.602122220506,1.2375892188503974,7,1,1.0
2025-11-05,ILI incidence,2025-11-23,4,MT,ECDC,SARIMA,WIS,1236.95357580782,-0.5572104521896026,10,7,0.6034848823018568
2025-11-05,ILI incidence,2025-11-23,4,MT,ECDC,soca_simplex,WIS,521.456031702331,0.6889633858904236,10,3,0.885068630060438
2025-11-05,ILI incidence,2025-11-23,4,MT,ItaLuxColab,EpiEKF,WIS,1464.31141845053,-0.8006415042478935,10,8,0.5140083020661024
2025-11-05,ILI incidence,2025-11-23,4,MT,ItaLuxColab,EpiNetEKF,WIS,1766.75467665333,-1.071520824614223,10,9,0.3949818891445443
2025-11-05,ILI incidence,2025-11-23,4,MT,NotreDame,Rt_cocirc,WIS,2770.39417608696,-1.7205103565713826,10,10,0.0
2025-11-05,ILI incidence,2025-11-23,4,MT,QMUL,ARIMA,WIS,229.418179422094,1.873529281052664,10,1,1.0
2025-11-05,ILI incidence,2025-11-23,4,MT,RIVM,KFdlm,WIS,945.223940399316,-0.16914717186098654,10,5,0.7182949536253999
2025-11-05,ILI incidence,2025-11-23,4,MT,respicast,hubEnsemble,WIS,473.21690677239,0.8290073799109369,10,2,0.9040531167274733
2025-11-05,ILI incidence,2025-11-23,4,MT,respicast,quantileBaseline,WIS,840.652173913042,0.0,10,4,0.7594491269129588
2025-11-05,ILI incidence,2025-11-23,4,MT,safinea,PRFM,WIS,1176.92103235672,-0.4854366201420205,10,6,0.6271106637062839
2025-11-05,ILI incidence,2025-11-23,4,NL,ECDC,SARIMA,WIS,3.20470313669487,0.08633991603439066,17,9,0.7999619572287646
2025-11-05,ILI incidence,2025-11-23,4,NL,ECDC,soca_simplex,WIS,3.76860327342508,-0.14749929132348558,17,11,0.7597804797072405
2025-11-05,ILI incidence,2025-11-23,4,NL,ISI,FluBcast,WIS,2.66086956521739,0.35463284523177313,17,8,0.8387135641258333
2025-11-05,ILI incidence,2025-11-23,4,NL,ItaLuxColab,EpiEKF,WIS,4.17269268265241,-0.2944480335518144,17,13,0.730986534723109
2025-11-05,ILI incidence,2025-11-23,4,NL,ItaLuxColab,EpiNetEKF,WIS,2.05135730963431,0.7299518316857259,17,6,0.8821451957243239
2025-11-05,ILI incidence,2025-11-23,4,NL,MRC_GIDA,NBEATS,WIS,1.72164240256654,0.982745121201539,17,2,0.9056394835669842
2025-11-05,ILI incidence,2025-11-23,4,NL,MRC_GIDA,NHiTS,WIS,0.397402693113152,3.097857082410619,17,1,1.0
2025-11-05,ILI incidence,2025-11-23,4,NL,MRC_GIDA,Prophet,WIS,9.00543884170636,-1.404265944462682,17,15,0.38662257999301125
2025-11-05,ILI incidence,2025-11-23,4,NL,MRC_GIDA,TiDE,WIS,1.95010733393395,0.8029771048653304,17,5,0.8893599015874037
2025-11-05,ILI incidence,2025-11-23,4,NL,NotreDame,Rt_cocirc,WIS,9.39076739130435,-1.4647124193433778,17,16,0.35916546578862024
2025-11-05,ILI incidence,2025-11-23,4,NL,QMUL,ARIMA,WIS,1.82259222165233,0.9005388214103497,17,3,0.8984461657750819
2025-11-05,ILI incidence,2025-11-23,4,NL,QMUL,SEIR,WIS,14.4312354815701,-2.0845922744955403,17,17,0.0
2025-11-05,ILI incidence,2025-11-23,4,NL,QMUL,SEIR_agumented,WIS,7.52745838465103,-1.1456321900916515,17,14,0.4919381042217873
2025-11-05,ILI incidence,2025-11-23,4,NL,RIVM,KFdlm,WIS,4.12763113517738,-0.27878341342554636,17,12,0.7341974570815465
2025-11-05,ILI incidence,2025-11-23,4,NL,respicast,hubEnsemble,WIS,2.2450165942927,0.5998045281315307,17,7,0.8683457378301358
2025-11-05,ILI incidence,2025-11-23,4,NL,respicast,quantileBaseline,WIS,3.40234782608696,0.0,17,10,0.7858785138550729
2025-11-05,ILI incidence,2025-11-23,4,NL,safinea,PRFM,WIS,1.90210296594152,0.8389352917108706,17,4,0.8927805186573117
2025-11-05,ILI incidence,2025-11-23,4,NO,ECDC,SARIMA,WIS,12.5323252139023,0.2797495198096857,15,4,0.8015713134200443
2025-11-05,ILI incidence,2025-11-23,4,NO,ECDC,soca_simplex,WIS,24.4081956379955,-0.6819620155884982,15,13,0.334069742385056
2025-11-05,ILI incidence,2025-11-23,4,NO,ISI,FluBcast,WIS,14.7086956521739,0.04873431709837005,15,6,0.7158970375385972
2025-11-05,ILI incidence,2025-11-23,4,NO,ItaLuxColab,EpiEKF,WIS,12.3989251171168,0.295188576595304,15,3,0.8068226973267699
2025-11-05,ILI incidence,2025-11-23,4,NO,ItaLuxColab,EpiNetEKF,WIS,13.682016205599,0.15312278913155403,15,5,0.7563129596632905
2025-11-05,ILI incidence,2025-11-23,4,NO,MRC_GIDA,NBEATS,WIS,28.6810097337525,-0.9146921828981086,15,14,0.16586756173021225
2025-11-05,ILI incidence,2025-11-23,4,NO,MRC_GIDA,NHiTS,WIS,22.6564474305011,-0.5745180287949252,15,12,0.4030284805504641
2025-11-05,ILI incidence,2025-11-23,4,NO,MRC_GIDA,Prophet,WIS,7.49167184234349,1.0220440213451845,15,1,1.0
2025-11-05,ILI incidence,2025-11-23,4,NO,MRC_GIDA,TiDE,WIS,22.1924574930921,-0.5446658008910774,15,11,0.4212937543314128
2025-11-05,ILI incidence,2025-11-23,4,NO,NotreDame,Rt_cocirc,WIS,8.57377608695652,0.8274009877764903,15,2,0.9574022436827953
2025-11-05,ILI incidence,2025-11-23,4,NO,QMUL,ARIMA,WIS,15.1207726940388,0.008871767749357221,15,7,0.6996753495629136
2025-11-05,ILI incidence,2025-11-23,4,NO,RIVM,KFdlm,WIS,15.3725890310263,-0.014956529213834295,15,9,0.6897624312714593
2025-11-05,ILI incidence,2025-11-23,4,NO,respicast,hubEnsemble,WIS,15.4310416605756,-0.020431820152172164,15,10,0.6874614044692482
2025-11-05,ILI incidence,2025-11-23,4,NO,respicast,quantileBaseline,WIS,15.2140434782609,0.0,15,8,0.6960036828472651
2025-11-05,ILI incidence,2025-11-23,4,NO,safinea,PRFM,WIS,32.8945178644468,-1.1124435342192651,15,15,0.0
2025-11-05,ILI incidence,2025-11-23,4,PL,ECDC,SARIMA,WIS,46.2552560821181,0.4283510013691721,17,3,0.9436311488748479
2025-11-05,ILI incidence,2025-11-23,4,PL,ECDC,soca_simplex,WIS,119.859357048816,-0.9453023222173629,17,13,0.6575446180360658
2025-11-05,ILI incidence,2025-11-23,4,PL,ISI,FluBcast,WIS,76.2591304347826,-0.2929417676526308,17,7,0.8270112294336719
2025-11-05,ILI incidence,2025-11-23,4,PL,ItaLuxColab,EpiEKF,WIS,59.9780984404451,0.05353252939423214,17,4,0.8902928115814198
2025-11-05,ILI incidence,2025-11-23,4,PL,ItaLuxColab,EpiNetEKF,WIS,31.7527256853602,0.9710878732185997,17,1,1.0
2025-11-05,ILI incidence,2025-11-23,4,PL,MRC_GIDA,NBEATS,WIS,95.2992922832303,-0.6144971875674021,17,11,0.7530053822282846
2025-11-05,ILI incidence,2025-11-23,4,PL,MRC_GIDA,NHiTS,WIS,80.1513416236987,-0.3647583565337889,17,8,0.8118828713435065
2025-11-05,ILI incidence,2025-11-23,4,PL,MRC_GIDA,Prophet,WIS,128.376856284086,-1.0443449196558736,17,14,0.6244385576992528
2025-11-05,ILI incidence,2025-11-23,4,PL,MRC_GIDA,TiDE,WIS,86.7888073750792,-0.4795406862688066,17,9,0.7860841790772585
2025-11-05,ILI incidence,2025-11-23,4,PL,NotreDame,Rt_cocirc,WIS,214.92032173913,-1.7877616849965143,17,16,0.28805893382473974
2025-11-05,ILI incidence,2025-11-23,4,PL,QMUL,ARIMA,WIS,61.4693534823111,0.018101001505502954,17,5,0.884496558710723
2025-11-05,ILI incidence,2025-11-23,4,PL,QMUL,SEIR,WIS,185.914668676826,-1.5786003855602437,17,15,0.40079893812235795
2025-11-05,ILI incidence,2025-11-23,4,PL,QMUL,SEIR_agumented,WIS,111.239961150137,-0.8376349280449502,17,12,0.6910467332469397
2025-11-05,ILI incidence,2025-11-23,4,PL,RIVM,KFdlm,WIS,289.031880879758,-2.215188416176657,17,17,0.0
2025-11-05,ILI incidence,2025-11-23,4,PL,respicast,hubEnsemble,WIS,89.5325613413341,-0.5244441466001734,17,10,0.7754196774615651
2025-11-05,ILI incidence,2025-11-23,4,PL,respicast,quantileBaseline,WIS,62.2454469565217,0.0,17,6,0.881480016334314
2025-11-05,ILI incidence,2025-11-23,4,PL,safinea,PRFM,WIS,40.6924776899347,0.6132061866605651,17,2,0.9652527154878922
2025-11-05,ILI incidence,2025-11-23,4,RO,ECDC,SARIMA,WIS,1.33859487694096,0.1924842392630541,12,5,0.6060025987550771
2025-11-05,ILI incidence,2025-11-23,4,RO,ECDC,soca_simplex,WIS,1.62508579442793,-0.08731224826247286,12,9,0.475006158276587
2025-11-05,ILI incidence,2025-11-23,4,RO,ItaLuxColab,EpiEKF,WIS,1.31363295176129,0.2196414153239713,12,4,0.6174163056003418
2025-11-05,ILI incidence,2025-11-23,4,RO,ItaLuxColab,EpiNetEKF,WIS,1.54333857707714,-0.012850957344551344,12,7,0.5123846364004598
2025-11-05,ILI incidence,2025-11-23,4,RO,NotreDame,Rt_cocirc,WIS,2.66393043478261,-0.8003527715021277,12,12,0.0
2025-11-05,ILI incidence,2025-11-23,4,RO,QMUL,ARIMA,WIS,1.19842926687037,0.3520588757888481,12,3,0.6700925746531032
2025-11-05,ILI incidence,2025-11-23,4,RO,QMUL,SEIR,WIS,0.476917440837844,1.6813921891516062,12,1,1.0
2025-11-05,ILI incidence,2025-11-23,4,RO,QMUL,SEIR_agumented,WIS,2.06384336948973,-0.4321298477692717,12,11,0.27438660261935127
2025-11-05,ILI incidence,2025-11-23,4,RO,RIVM,KFdlm,WIS,1.59577145914389,-0.06105041135305379,12,8,0.4884099813746679
2025-11-05,ILI incidence,2025-11-23,4,RO,respicast,hubEnsemble,WIS,0.959931214764248,0.6722007009330097,12,2,0.7791445339996901
2025-11-05,ILI incidence,2025-11-23,4,RO,respicast,quantileBaseline,WIS,1.52965217391304,0.0,12,6,0.5186426710815495
2025-11-05,ILI incidence,2025-11-23,4,RO,safinea,PRFM,WIS,2.03167892850139,-0.4094687900592837,12,10,0.28909362131443644
2025-11-05,ILI incidence,2025-11-23,4,SI,ECDC,SARIMA,WIS,39.2015767621174,0.16733998730863867,15,2,0.851563492907443
2025-11-05,ILI incidence,2025-11-23,4,SI,ItaLuxColab,EpiEKF,WIS,42.3763691044046,0.05499169087124503,15,3,0.7726961588775996
2025-11-05,ILI incidence,2025-11-23,4,SI,ItaLuxColab,EpiNetEKF,WIS,43.4365301684217,0.019342809531626468,15,4,0.7463599240166341
2025-11-05,ILI incidence,2025-11-23,4,SI,MRC_GIDA,NBEATS,WIS,72.818174795042,-0.7260469089797478,15,14,0.016469042572586745
2025-11-05,ILI incidence,2025-11-23,4,SI,MRC_GIDA,NHiTS,WIS,73.4811335584822,-0.7391222116310305,15,15,0.0
2025-11-05,ILI incidence,2025-11-23,4,SI,MRC_GIDA,Prophet,WIS,33.2262881102278,0.40592654005548745,15,1,1.0
2025-11-05,ILI incidence,2025-11-23,4,SI,MRC_GIDA,TiDE,WIS,60.0027552444098,-0.4467770780643914,15,10,0.33482623430757386
2025-11-05,ILI incidence,2025-11-23,4,SI,NotreDame,Rt_cocirc,WIS,69.4748456521739,-0.6582390535261905,15,11,0.09952312228991626
2025-11-05,ILI incidence,2025-11-23,4,SI,QMUL,ARIMA,WIS,45.1296811563751,-0.03582491510853645,15,6,0.704299124401098
2025-11-05,ILI incidence,2025-11-23,4,SI,QMUL,SEIR,WIS,70.6799359866184,-0.6830490625107397,15,12,0.06958659363043875
2025-11-05,ILI incidence,2025-11-23,4,SI,QMUL,SEIR_agumented,WIS,55.7468269293515,-0.34063801941092686,15,8,0.4405508562174774
2025-11-05,ILI incidence,2025-11-23,4,SI,RIVM,KFdlm,WIS,55.4253790135593,-0.33229505990089575,15,7,0.44853617853613853
2025-11-05,ILI incidence,2025-11-23,4,SI,respicast,hubEnsemble,WIS,59.3595556970093,-0.4312286227467529,15,9,0.35080442377118265
2025-11-05,ILI incidence,2025-11-23,4,SI,respicast,quantileBaseline,WIS,44.0228232608696,0.0,15,5,0.7317953893396458
2025-11-05,ILI incidence,2025-11-23,4,SI,safinea,PRFM,WIS,72.157708075664,-0.7129018446574162,15,13,0.032876178459544506
2025-11-12,ILI incidence,2025-11-09,1,AT,ECDC,soca_simplex,WIS,228.53740085898,0.18224226556316972,9,6,0.5685692111798586
2025-11-12,ILI incidence,2025-11-09,1,AT,ISI,FluBcast,WIS,355.313043478261,-0.4544180990036112,9,8,0.3079155265854736
2025-11-12,ILI incidence,2025-11-09,1,AT,ItaLuxColab,EpiEKF,WIS,505.075701988436,-0.96182708703745,9,9,0.0
2025-11-12,ILI incidence,2025-11-09,1,AT,ItaLuxColab,EpiNetEKF,WIS,193.842822454329,0.41978523525451894,9,5,0.6399020753624433
2025-11-12,ILI incidence,2025-11-09,1,AT,NotreDame,Rt_cocirc,WIS,18.6999086956523,3.7935694205879438,9,1,1.0
2025-11-12,ILI incidence,2025-11-09,1,AT,RIVM,KFdlm,WIS,170.746446583193,0.6028169969188937,9,3,0.6873887640291892
2025-11-12,ILI incidence,2025-11-09,1,AT,respicast,hubEnsemble,WIS,181.345486168645,0.5159317157702756,9,4,0.6655968908899113
2025-11-12,ILI incidence,2025-11-09,1,AT,respicast,quantileBaseline,WIS,259.309048913044,0.0,9,7,0.5053019834962218
2025-11-12,ILI incidence,2025-11-09,1,AT,safinea,PRFM,WIS,161.551514722995,0.6826782741962821,9,2,0.7062937588644543
2025-11-12,ILI incidence,2025-11-09,1,BE,ECDC,SARIMA,WIS,18.7875816921941,-0.3808037125839515,17,9,0.6609741586388485
2025-11-12,ILI incidence,2025-11-09,1,BE,ECDC,soca_simplex,WIS,22.3809823272117,-0.6332976945583703,17,10,0.5535496341718712
2025-11-12,ILI incidence,2025-11-09,1,BE,ISI,FluBcast,WIS,10.2734782608696,0.4900509513854747,17,2,0.9155028364210335
2025-11-12,ILI incidence,2025-11-09,1,BE,ItaLuxColab,EpiEKF,WIS,15.3010884635821,-0.08465861992724147,17,8,0.7652026917701523
2025-11-12,ILI incidence,2025-11-09,1,BE,ItaLuxColab,EpiNetEKF,WIS,12.7906254418902,0.1738888531897614,17,6,0.8402528527984292
2025-11-12,ILI incidence,2025-11-09,1,BE,MRC_GIDA,NBEATS,WIS,28.1032767163236,-0.961762687339788,17,14,0.38248194201975827
2025-11-12,ILI incidence,2025-11-09,1,BE,MRC_GIDA,NHiTS,WIS,23.7888633044855,-0.7213106728819576,17,11,0.5114611058246833
2025-11-12,ILI incidence,2025-11-09,1,BE,MRC_GIDA,Prophet,WIS,30.5586861467746,-1.0826068521589534,17,15,0.309077605228729
2025-11-12,ILI incidence,2025-11-09,1,BE,MRC_GIDA,TiDE,WIS,24.5255652345581,-0.7653107215585522,17,12,0.4894374400689817
2025-11-12,ILI incidence,2025-11-09,1,BE,NotreDame,Rt_cocirc,WIS,40.0149891304348,-1.4715648526360876,17,16,0.02638192099690953
2025-11-12,ILI incidence,2025-11-09,1,BE,QMUL,ARIMA,WIS,12.7306757407493,0.1806666655746251,17,5,0.8420450459856403
2025-11-12,ILI incidence,2025-11-09,1,BE,QMUL,SEIR,WIS,40.8974767386757,-1.5030361709142595,17,17,0.0
2025-11-12,ILI incidence,2025-11-09,1,BE,QMUL,SEIR_agumented,WIS,7.447008581172,0.954242739622113,17,1,1.0
2025-11-12,ILI incidence,2025-11-09,1,BE,RIVM,KFdlm,WIS,10.9905493131279,0.3927121699945496,17,3,0.8940660347331789
2025-11-12,ILI incidence,2025-11-09,1,BE,respicast,hubEnsemble,WIS,11.1283368400724,0.3747376705713534,17,4,0.8899468838054335
2025-11-12,ILI incidence,2025-11-09,1,BE,respicast,quantileBaseline,WIS,14.4290434782609,0.0,17,7,0.7912724310998119
2025-11-12,ILI incidence,2025-11-09,1,BE,safinea,PRFM,WIS,26.7030847958351,-0.8880307499684217,17,13,0.4243406064155929
2025-11-12,ILI incidence,2025-11-09,1,CH,ECDC,soca_simplex,WIS,5.68625991803748,0.6549250770052849,7,2,0.7838361275500787
2025-11-12,ILI incidence,2025-11-09,1,CH,ItaLuxColab,EpiEKF,WIS,8.21493392703478,0.12415615130745998,7,6,0.17713396603125506
2025-11-12,ILI incidence,2025-11-09,1,CH,ItaLuxColab,EpiNetEKF,WIS,4.78531048911186,0.9037925876094147,7,1,1.0
2025-11-12,ILI incidence,2025-11-09,1,CH,RIVM,KFdlm,WIS,7.7596086410234,0.20642123154531214,7,4,0.2863796949130185
2025-11-12,ILI incidence,2025-11-09,1,CH,respicast,hubEnsemble,WIS,7.015452112619,0.3518690411942335,7,3,0.46492440755089626
2025-11-12,ILI incidence,2025-11-09,1,CH,respicast,quantileBaseline,WIS,8.95321060449466,0.0,7,7,0.0
2025-11-12,ILI incidence,2025-11-09,1,CH,safinea,PRFM,WIS,8.16804908137339,0.1324135875693795,7,5,0.1883829989647336
2025-11-12,ILI incidence,2025-11-09,1,CZ,ECDC,SARIMA,WIS,2.37626203141131,-0.3124308602781604,13,11,0.8012493304337697
2025-11-12,ILI incidence,2025-11-09,1,CZ,ECDC,soca_simplex,WIS,1.05623542221369,0.8573316412525035,13,1,1.0
2025-11-12,ILI incidence,2025-11-09,1,CZ,ISI,FluBcast,WIS,1.06347826086956,0.8474725285243232,13,2,0.998909477261758
2025-11-12,ILI incidence,2025-11-09,1,CZ,ItaLuxColab,EpiEKF,WIS,1.62673486784081,0.23428393761621374,13,8,0.9141023779251876
2025-11-12,ILI incidence,2025-11-09,1,CZ,ItaLuxColab,EpiNetEKF,WIS,1.30649154023407,0.5505652882396961,13,5,0.9623200239502522
2025-11-12,ILI incidence,2025-11-09,1,CZ,NotreDame,Rt_cocirc,WIS,1.38451086956522,0.4668866911111619,13,6,0.950572992613437
2025-11-12,ILI incidence,2025-11-09,1,CZ,QMUL,ARIMA,WIS,2.01318575166316,-0.07321722107894632,13,10,0.855916147906051
2025-11-12,ILI incidence,2025-11-09,1,CZ,QMUL,SEIR,WIS,7.69785636406286,-2.0081936806266945,13,13,0.0
2025-11-12,ILI incidence,2025-11-09,1,CZ,QMUL,SEIR_agumented,WIS,1.30132429765403,0.556282536285439,13,4,0.9630980332081248
2025-11-12,ILI incidence,2025-11-09,1,CZ,RIVM,KFdlm,WIS,1.4106207643011,0.4399328898053156,13,7,0.9466417392395263
2025-11-12,ILI incidence,2025-11-09,1,CZ,respicast,hubEnsemble,WIS,1.27717793749788,0.583303534697375,13,3,0.9667336457141026
2025-11-12,ILI incidence,2025-11-09,1,CZ,respicast,quantileBaseline,WIS,1.9135652173913,0.0,13,9,0.8709155787895791
2025-11-12,ILI incidence,2025-11-09,1,CZ,safinea,PRFM,WIS,2.91801315768479,-0.6087233173421436,13,12,0.7196802178606807
2025-11-12,ILI incidence,2025-11-09,1,EE,ECDC,SARIMA,WIS,9.99402117455837,-0.3118594217923786,11,5,0.7481847835995488
2025-11-12,ILI incidence,2025-11-09,1,EE,ECDC,soca_simplex,WIS,6.28850667396993,0.3564883906743738,11,2,0.9139815449515443
2025-11-12,ILI incidence,2025-11-09,1,EE,ISI,FluBcast,WIS,14.3069565217391,-0.8294390462131169,11,7,0.5552100395067769
2025-11-12,ILI incidence,2025-11-09,1,EE,ItaLuxColab,EpiEKF,WIS,24.9430538456191,-1.6313603509735874,11,10,0.07931647885712988
2025-11-12,ILI incidence,2025-11-09,1,EE,ItaLuxColab,EpiNetEKF,WIS,19.0799807433983,-1.2447819572264103,11,8,0.34164942392153036
2025-11-12,ILI incidence,2025-11-09,1,EE,NotreDame,Rt_cocirc,WIS,26.7157565217391,-1.7304131130964902,11,11,0.0
2025-11-12,ILI incidence,2025-11-09,1,EE,QMUL,ARIMA,WIS,4.36601657283002,0.8828882463337354,11,1,1.0
2025-11-12,ILI incidence,2025-11-09,1,EE,RIVM,KFdlm,WIS,24.5946808822661,-1.6110685780440412,11,9,0.09490381741898214
2025-11-12,ILI incidence,2025-11-09,1,EE,respicast,hubEnsemble,WIS,10.6391394941868,-0.4021037106591288,11,6,0.7193200934016694
2025-11-12,ILI incidence,2025-11-09,1,EE,respicast,quantileBaseline,WIS,8.05121130434783,0.0,11,4,0.8351124111536837
2025-11-12,ILI incidence,2025-11-09,1,EE,safinea,PRFM,WIS,7.11302198831628,0.1787432296382702,11,3,0.8770900501855573
2025-11-12,ILI incidence,2025-11-09,1,ES,ECDC,SARIMA,WIS,2.1683563323461,0.7443350372077304,12,2,0.843296718420978
2025-11-12,ILI incidence,2025-11-09,1,ES,ECDC,soca_simplex,WIS,5.7005550434032,-0.6501655006788235,12,12,0.0
2025-11-12,ILI incidence,2025-11-09,1,ES,ISI,FluBcast,WIS,2.65652173913043,0.45139837680849665,12,7,0.7267494006556462
2025-11-12,ILI incidence,2025-11-09,1,ES,ItaLuxColab,EpiEKF,WIS,2.53520096705166,0.5188367805343619,12,6,0.7557141949210592
2025-11-12,ILI incidence,2025-11-09,1,ES,ItaLuxColab,EpiNetEKF,WIS,2.68906923608267,0.4338299945935922,12,8,0.7189788306458897
2025-11-12,ILI incidence,2025-11-09,1,ES,QMUL,ARIMA,WIS,1.51199527090589,1.2644832684593723,12,1,1.0
2025-11-12,ILI incidence,2025-11-09,1,ES,QMUL,SEIR,WIS,3.67523892491752,-0.016901145991101246,12,11,0.4835352074439043
2025-11-12,ILI incidence,2025-11-09,1,ES,QMUL,SEIR_agumented,WIS,2.68930526791639,0.4337033682472992,12,9,0.7189224790963021
2025-11-12,ILI incidence,2025-11-09,1,ES,RIVM,KFdlm,WIS,2.45648413633533,0.5643419733064141,12,4,0.7745074878407869
2025-11-12,ILI incidence,2025-11-09,1,ES,respicast,hubEnsemble,WIS,2.26139548704159,0.6837235739611454,12,3,0.8210840344081107
2025-11-12,ILI incidence,2025-11-09,1,ES,respicast,quantileBaseline,WIS,3.63243478260869,0.0,12,10,0.49375450587433106
2025-11-12,ILI incidence,2025-11-09,1,ES,safinea,PRFM,WIS,2.48322412433019,0.5487224173064177,12,5,0.7681234347420491
2025-11-12,ILI incidence,2025-11-09,1,FI,ECDC,soca_simplex,WIS,5.19365914295524,-0.9429326057671439,8,8,0.0
2025-11-12,ILI incidence,2025-11-09,1,FI,ISI,FluBcast,WIS,2.13695652173913,0.33826117266342404,8,4,0.8832139514429956
2025-11-12,ILI incidence,2025-11-09,1,FI,ItaLuxColab,EpiEKF,WIS,2.39078491853259,0.17633438091413586,8,5,0.8098719194885754
2025-11-12,ILI incidence,2025-11-09,1,FI,ItaLuxColab,EpiNetEKF,WIS,1.73277334487419,0.6407357727025035,8,1,1.0
2025-11-12,ILI incidence,2025-11-09,1,FI,RIVM,KFdlm,WIS,1.81968152535753,0.5701327512574906,8,2,0.9748884575932764
2025-11-12,ILI incidence,2025-11-09,1,FI,respicast,hubEnsemble,WIS,1.86162564896351,0.5372557350133854,8,3,0.9627689812357391
2025-11-12,ILI incidence,2025-11-09,1,FI,respicast,quantileBaseline,WIS,2.70160869565218,0.0,8,6,0.7200614503618761
2025-11-12,ILI incidence,2025-11-09,1,FI,safinea,PRFM,WIS,3.76738348268655,-0.4797441649048795,8,7,0.41211289348510544
2025-11-12,ILI incidence,2025-11-09,1,FR,ECDC,SARIMA,WIS,5.22081512405506,0.26720721029351113,13,6,0.9412777855547905
2025-11-12,ILI incidence,2025-11-09,1,FR,ECDC,soca_simplex,WIS,5.75516656271655,0.12662459954008154,13,8,0.9306105232712375
2025-11-12,ILI incidence,2025-11-09,1,FR,ISI,FluBcast,WIS,5.30913043478261,0.24300669610413198,13,7,0.9395147462607556
2025-11-12,ILI incidence,2025-11-09,1,FR,ItaLuxColab,EpiEKF,WIS,4.70593341949517,0.4170013729876806,13,5,0.9515563733720164
2025-11-12,ILI incidence,2025-11-09,1,FR,ItaLuxColab,EpiNetEKF,WIS,3.17183664905809,0.9861638086065374,13,2,0.9821815601584426
2025-11-12,ILI incidence,2025-11-09,1,FR,NotreDame,Rt_cocirc,WIS,35.9246173913044,-2.515418604336061,13,12,0.3283375215451691
2025-11-12,ILI incidence,2025-11-09,1,FR,QMUL,ARIMA,WIS,4.4412540314161,0.5005151890303464,13,4,0.9568401702319296
2025-11-12,ILI incidence,2025-11-09,1,FR,QMUL,SEIR,WIS,52.371914020986,-3.059239144239877,13,13,0.0
2025-11-12,ILI incidence,2025-11-09,1,FR,QMUL,SEIR_agumented,WIS,2.27926377413032,1.4629143879956836,13,1,1.0
2025-11-12,ILI incidence,2025-11-09,1,FR,RIVM,KFdlm,WIS,8.91711005047683,-0.5050939401706771,13,11,0.8674886187168113
2025-11-12,ILI incidence,2025-11-09,1,FR,respicast,hubEnsemble,WIS,3.94333959651583,0.6720643228813434,13,3,0.9667800403016217
2025-11-12,ILI incidence,2025-11-09,1,FR,respicast,quantileBaseline,WIS,6.283125,0.0,13,9,0.9200708845281949
2025-11-12,ILI incidence,2025-11-09,1,FR,safinea,PRFM,WIS,8.6835227330006,-0.46679815204086306,13,10,0.872151724308652
2025-11-12,ILI incidence,2025-11-09,1,GB-NIR,ECDC,SARIMA,WIS,3.17099880039132,-0.6307242995007873,9,9,0.0
2025-11-12,ILI incidence,2025-11-09,1,GB-NIR,ECDC,soca_simplex,WIS,2.65723215265298,-0.37571124416250856,9,8,0.21139992413680103
2025-11-12,ILI incidence,2025-11-09,1,GB-NIR,ISI,FluBcast,WIS,2.48820936813688,-0.28089485269080006,9,7,0.2809478482408436
2025-11-12,ILI incidence,2025-11-09,1,GB-NIR,ItaLuxColab,EpiEKF,WIS,1.40611797439547,0.5424953894320713,9,4,0.726196755605736
2025-11-12,ILI incidence,2025-11-09,1,GB-NIR,QMUL,ARIMA,WIS,0.740692120593879,1.4672671370049244,9,1,1.0
2025-11-12,ILI incidence,2025-11-09,1,GB-NIR,RIVM,KFdlm,WIS,1.15650536282017,0.8244410762632544,9,3,0.828905032569409
2025-11-12,ILI incidence,2025-11-09,1,GB-NIR,respicast,hubEnsemble,WIS,1.13780354421272,0.8479615520706117,9,2,0.8366002830342635
2025-11-12,ILI incidence,2025-11-09,1,GB-NIR,respicast,quantileBaseline,WIS,2.04799619105767,0.0,9,6,0.46208267403817893
2025-11-12,ILI incidence,2025-11-09,1,GB-NIR,safinea,PRFM,WIS,1.96349308511491,0.060790514924213924,9,5,0.49685322651421593
2025-11-12,ILI incidence,2025-11-09,1,GB-SCT,ECDC,SARIMA,WIS,1.29059394204682,-0.03710089642962626,9,9,0.0
2025-11-12,ILI incidence,2025-11-09,1,GB-SCT,ECDC,soca_simplex,WIS,0.499773105141237,1.331589091040068,9,1,1.0
2025-11-12,ILI incidence,2025-11-09,1,GB-SCT,ISI,FluBcast,WIS,0.608093631216528,1.0485688774231718,9,2,0.8630277288859253
2025-11-12,ILI incidence,2025-11-09,1,GB-SCT,ItaLuxColab,EpiEKF,WIS,1.0545664529344,0.2542842536330484,9,5,0.2984588646348471
2025-11-12,ILI incidence,2025-11-09,1,GB-SCT,QMUL,ARIMA,WIS,0.667621443739614,0.9138320629187475,9,3,0.7877542791422218
2025-11-12,ILI incidence,2025-11-09,1,GB-SCT,RIVM,KFdlm,WIS,1.21913323761214,0.04507845728791037,9,7,0.09036269797126222
2025-11-12,ILI incidence,2025-11-09,1,GB-SCT,respicast,hubEnsemble,WIS,0.865144539047757,0.5399211743019565,9,4,0.5379845638157583
2025-11-12,ILI incidence,2025-11-09,1,GB-SCT,respicast,quantileBaseline,WIS,1.25782765645871,0.0,9,8,0.0414332603024494
2025-11-12,ILI incidence,2025-11-09,1,GB-SCT,safinea,PRFM,WIS,1.21344259008917,0.05182840838397024,9,6,0.09755857250744276
2025-11-12,ILI incidence,2025-11-09,1,GB-WLS,ItaLuxColab,EpiEKF,WIS,2.29846639780618,-0.2157310614875684,4,2,0.8693478088764689
2025-11-12,ILI incidence,2025-11-09,1,GB-WLS,respicast,hubEnsemble,WIS,3.33793218055459,-0.7540141291168824,4,3,0.44392888117841706
2025-11-12,ILI incidence,2025-11-09,1,GB-WLS,respicast,quantileBaseline,WIS,1.97923170167059,0.0,4,1,1.0
2025-11-12,ILI incidence,2025-11-09,1,GB-WLS,safinea,PRFM,WIS,4.42262506071311,-1.1599624257905936,4,4,0.0
2025-11-12,ILI incidence,2025-11-09,1,GR,ECDC,SARIMA,WIS,36.8994958317331,-0.6735863667599359,17,9,0.7920219734601229
2025-11-12,ILI incidence,2025-11-09,1,GR,ECDC,soca_simplex,WIS,67.2888036923181,-1.5403517344168658,17,15,0.47796213115128033
2025-11-12,ILI incidence,2025-11-09,1,GR,ISI,FluBcast,WIS,29.1995652173913,-0.3359321497733018,17,4,0.8715972966502138
2025-11-12,ILI incidence,2025-11-09,1,GR,ItaLuxColab,EpiEKF,WIS,36.8268642794292,-0.670743822680405,17,8,0.7927725879185982
2025-11-12,ILI incidence,2025-11-09,1,GR,ItaLuxColab,EpiNetEKF,WIS,27.3332572929533,-0.2406426577674225,17,3,0.8908847504855462
2025-11-12,ILI incidence,2025-11-09,1,GR,MRC_GIDA,NBEATS,WIS,30.7479896071543,-0.41047734823514387,17,6,0.8555950263152956
2025-11-12,ILI incidence,2025-11-09,1,GR,MRC_GIDA,NHiTS,WIS,113.537754982862,-2.2950854773303875,17,17,0.0
2025-11-12,ILI incidence,2025-11-09,1,GR,MRC_GIDA,Prophet,WIS,58.2881733870719,-1.3331884540071306,17,14,0.570979601220485
2025-11-12,ILI incidence,2025-11-09,1,GR,MRC_GIDA,TiDE,WIS,49.8000143161146,-1.1061314193187135,17,10,0.6587009113453122
2025-11-12,ILI incidence,2025-11-09,1,GR,NotreDame,Rt_cocirc,WIS,16.7749608695652,0.46370533661019714,17,1,1.0
2025-11-12,ILI incidence,2025-11-09,1,GR,QMUL,ARIMA,WIS,30.1723524188744,-0.38321244438154983,17,5,0.8615439780126382
2025-11-12,ILI incidence,2025-11-09,1,GR,QMUL,SEIR,WIS,76.4762177783905,-1.7249964371877302,17,16,0.3830143346323505
2025-11-12,ILI incidence,2025-11-09,1,GR,QMUL,SEIR_agumented,WIS,51.1984987135872,-1.146086769191441,17,11,0.6442482034601392
2025-11-12,ILI incidence,2025-11-09,1,GR,RIVM,KFdlm,WIS,51.7724957455633,-1.1621711287406942,17,12,0.6383162020412466
2025-11-12,ILI incidence,2025-11-09,1,GR,respicast,hubEnsemble,WIS,33.6230325363347,-0.539435112618193,17,7,0.8258827494476588
2025-11-12,ILI incidence,2025-11-09,1,GR,respicast,quantileBaseline,WIS,23.134,0.0,17,2,0.9342821878108524
2025-11-12,ILI incidence,2025-11-09,1,GR,safinea,PRFM,WIS,53.278082952758,-1.203527434709166,17,13,0.6227566347407008
2025-11-12,ILI incidence,2025-11-09,1,HR,ECDC,SARIMA,WIS,1.7309238876027,0.46636038919200495,13,9,0.7750055690573323
2025-11-12,ILI incidence,2025-11-09,1,HR,ECDC,soca_simplex,WIS,0.805852427192343,1.569315104340949,13,3,0.9119174002593671
2025-11-12,ILI incidence,2025-11-09,1,HR,ISI,FluBcast,WIS,0.872173913043479,1.4552149321476995,13,4,0.9021017303738308
2025-11-12,ILI incidence,2025-11-09,1,HR,ItaLuxColab,EpiEKF,WIS,1.87425182146733,0.35158787271722086,13,10,0.7537928403897483
2025-11-12,ILI incidence,2025-11-09,1,HR,ItaLuxColab,EpiNetEKF,WIS,1.44537197469665,0.7264618506452262,13,7,0.8172676395809096
2025-11-12,ILI incidence,2025-11-09,1,HR,NotreDame,Rt_cocirc,WIS,6.9674,-1.5427177141878938,13,13,0.0
2025-11-12,ILI incidence,2025-11-09,1,HR,QMUL,ARIMA,WIS,1.63844803756477,0.5455727575637097,13,8,0.7886921203266162
2025-11-12,ILI incidence,2025-11-09,1,HR,QMUL,SEIR,WIS,0.21070518196583,3.504604976386087,13,1,1.0
2025-11-12,ILI incidence,2025-11-09,1,HR,QMUL,SEIR_agumented,WIS,3.35313504589397,-0.48760791121939817,13,12,0.5349161167467948
2025-11-12,ILI incidence,2025-11-09,1,HR,RIVM,KFdlm,WIS,1.26162620663228,0.9226181435626787,13,6,0.8444622625456671
2025-11-12,ILI incidence,2025-11-09,1,HR,respicast,hubEnsemble,WIS,1.07109318777029,1.1588186733240782,13,5,0.8726614078368592
2025-11-12,ILI incidence,2025-11-09,1,HR,respicast,quantileBaseline,WIS,2.39147826086957,0.0,13,11,0.6772426256276842
2025-11-12,ILI incidence,2025-11-09,1,HR,safinea,PRFM,WIS,0.789202138947828,1.5994359056612286,13,2,0.9143816655093046
2025-11-12,ILI incidence,2025-11-09,1,HU,ECDC,SARIMA,WIS,10.8082548866522,0.47584494850528825,13,3,0.9774804993051028
2025-11-12,ILI incidence,2025-11-09,1,HU,ECDC,soca_simplex,WIS,10.3850263534242,0.5334736739463748,13,2,0.9931771146123565
2025-11-12,ILI incidence,2025-11-09,1,HU,ISI,FluBcast,WIS,11.03,0.4465457602401949,13,5,0.9692564608312868
2025-11-12,ILI incidence,2025-11-09,1,HU,ItaLuxColab,EpiEKF,WIS,15.5473122946384,-0.048686648200052425,13,10,0.8017192847083627
2025-11-12,ILI incidence,2025-11-09,1,HU,ItaLuxColab,EpiNetEKF,WIS,11.8516668295133,0.3428885757958787,13,7,0.9387826455730586
2025-11-12,ILI incidence,2025-11-09,1,HU,NotreDame,Rt_cocirc,WIS,12.8567782608696,0.2254493835720568,13,8,0.9015052735617918
2025-11-12,ILI incidence,2025-11-09,1,HU,QMUL,ARIMA,WIS,17.4454120897652,-0.21486912563128813,13,11,0.7313229386216683
2025-11-12,ILI incidence,2025-11-09,1,HU,QMUL,SEIR,WIS,37.1641048506056,-1.305931307939374,13,13,0.0
2025-11-12,ILI incidence,2025-11-09,1,HU,QMUL,SEIR_agumented,WIS,11.4775596866353,0.3891626166675575,13,6,0.9526574565662207
2025-11-12,ILI incidence,2025-11-09,1,HU,RIVM,KFdlm,WIS,20.4592517722961,-0.4447748332032671,13,12,0.6195462544420647
2025-11-12,ILI incidence,2025-11-09,1,HU,respicast,hubEnsemble,WIS,10.836992796329,0.47201407858461025,13,4,0.9764146734509459
2025-11-12,ILI incidence,2025-11-09,1,HU,respicast,quantileBaseline,WIS,15.0313913043478,0.0,13,9,0.8208536593493236
2025-11-12,ILI incidence,2025-11-09,1,HU,safinea,PRFM,WIS,10.2010605927509,0.5592593958004285,13,1,1.0
2025-11-12,ILI incidence,2025-11-09,1,IE,ECDC,SARIMA,WIS,3.28430788010527,0.5181786682701518,14,3,0.8574977832009636
2025-11-12,ILI incidence,2025-11-09,1,IE,ECDC,soca_simplex,WIS,5.14429346426505,-0.1292049018590896,14,13,0.2062813926367917
2025-11-12,ILI incidence,2025-11-09,1,IE,ISI,FluBcast,WIS,4.72695652173913,-0.007143550986685254,14,12,0.35239900756636544
2025-11-12,ILI incidence,2025-11-09,1,IE,ItaLuxColab,EpiEKF,WIS,3.45729931145187,0.44412253538631336,14,4,0.7969301871510444
2025-11-12,ILI incidence,2025-11-09,1,IE,ItaLuxColab,EpiNetEKF,WIS,4.07569950531482,0.2067203560794838,14,8,0.5804164971519179
2025-11-12,ILI incidence,2025-11-09,1,IE,MRC_GIDA,NBEATS,WIS,5.73346846376474,-0.2856401180002849,14,14,0.0
2025-11-12,ILI incidence,2025-11-09,1,IE,MRC_GIDA,NHiTS,WIS,4.23692936906891,0.1507489652219954,14,10,0.5239668500045066
2025-11-12,ILI incidence,2025-11-09,1,IE,MRC_GIDA,Prophet,WIS,2.87729713406524,0.7090538302727439,14,1,1.0
2025-11-12,ILI incidence,2025-11-09,1,IE,MRC_GIDA,TiDE,WIS,2.90923234583596,0.6931295220726554,14,2,0.9888188739104526
2025-11-12,ILI incidence,2025-11-09,1,IE,NotreDame,Rt_cocirc,WIS,3.76827826086957,0.31986254217389043,14,7,0.6880505320043
2025-11-12,ILI incidence,2025-11-09,1,IE,RIVM,KFdlm,WIS,3.57376951480562,0.3963214511390662,14,5,0.7561517498974207
2025-11-12,ILI incidence,2025-11-09,1,IE,respicast,hubEnsemble,WIS,3.7305808877449,0.3343677543210821,14,6,0.7012491005679848
2025-11-12,ILI incidence,2025-11-09,1,IE,respicast,quantileBaseline,WIS,4.70360869565217,0.0,14,11,0.360573526316057
2025-11-12,ILI incidence,2025-11-09,1,IE,safinea,PRFM,WIS,4.20744886674523,0.16082230540416387,14,9,0.5342885355480631
2025-11-12,ILI incidence,2025-11-09,1,IS,ECDC,SARIMA,WIS,4.21232704325124,0.42039913401954737,14,4,0.7590778828602107
2025-11-12,ILI incidence,2025-11-09,1,IS,ECDC,soca_simplex,WIS,6.81944402149783,-0.2746375384443288,14,13,0.12333002303155731
2025-11-12,ILI incidence,2025-11-09,1,IS,ISI,FluBcast,WIS,6.17434782608696,-0.13127017316163628,14,10,0.2806373203404382
2025-11-12,ILI incidence,2025-11-09,1,IS,ItaLuxColab,EpiEKF,WIS,3.2243376504131,0.8060137551454505,14,1,1.0
2025-11-12,ILI incidence,2025-11-09,1,IS,ItaLuxColab,EpiNetEKF,WIS,4.60955747604054,0.29038832838885603,14,5,0.662212878484975
2025-11-12,ILI incidence,2025-11-09,1,IS,MRC_GIDA,NBEATS,WIS,6.59676905816042,-0.226743014509134,14,12,0.17762951651818704
2025-11-12,ILI incidence,2025-11-09,1,IS,MRC_GIDA,NHiTS,WIS,5.47968148250585,0.04092454887559643,14,8,0.45003234362155914
2025-11-12,ILI incidence,2025-11-09,1,IS,MRC_GIDA,Prophet,WIS,4.68415970544282,0.2672263198885692,14,6,0.6440210566079055
2025-11-12,ILI incidence,2025-11-09,1,IS,MRC_GIDA,TiDE,WIS,3.98737242617496,0.49957822358307313,14,3,0.8139332719962222
2025-11-12,ILI incidence,2025-11-09,1,IS,QMUL,ARIMA,WIS,7.32520395761429,-0.37785234448714666,14,14,0.0
2025-11-12,ILI incidence,2025-11-09,1,IS,RIVM,KFdlm,WIS,3.62718596322779,0.6361658718047832,14,2,0.9017650704419986
2025-11-12,ILI incidence,2025-11-09,1,IS,respicast,hubEnsemble,WIS,5.13952087956645,0.1333827113085009,14,7,0.532980817787145
2025-11-12,ILI incidence,2025-11-09,1,IS,respicast,quantileBaseline,WIS,5.63734782608696,0.0,14,9,0.4115852615247238
2025-11-12,ILI incidence,2025-11-09,1,IS,safinea,PRFM,WIS,6.26373856444685,-0.15200741381335636,14,11,0.258839307027271
2025-11-12,ILI incidence,2025-11-09,1,LT,ECDC,soca_simplex,WIS,0.616731240906605,2.428849585938377,9,1,1.0
2025-11-12,ILI incidence,2025-11-09,1,LT,ISI,FluBcast,WIS,0.770434782608696,2.1078186771140066,9,2,0.9712469997761164
2025-11-12,ILI incidence,2025-11-09,1,LT,ItaLuxColab,EpiEKF,WIS,4.19156521486279,-0.33592565608084735,9,7,0.33126328180041603
2025-11-12,ILI incidence,2025-11-09,1,LT,ItaLuxColab,EpiNetEKF,WIS,2.66497918374475,0.31743915575546644,9,5,0.6168385392631893
2025-11-12,ILI incidence,2025-11-09,1,LT,NotreDame,Rt_cocirc,WIS,4.88961739130435,-0.5581581600102514,9,8,0.20068012045460548
2025-11-12,ILI incidence,2025-11-09,1,LT,RIVM,KFdlm,WIS,2.23993939095758,0.5681037239597286,9,4,0.6963498447401711
2025-11-12,ILI incidence,2025-11-09,1,LT,respicast,hubEnsemble,WIS,1.94103735859128,0.7747355343793743,9,3,0.7522648230703718
2025-11-12,ILI incidence,2025-11-09,1,LT,respicast,quantileBaseline,WIS,3.320875,0.0,9,6,0.49414148008816944
2025-11-12,ILI incidence,2025-11-09,1,LT,safinea,PRFM,WIS,5.96238353824207,-0.8443257617518811,9,9,0.0
2025-11-12,ILI incidence,2025-11-09,1,LU,ECDC,SARIMA,WIS,718.468011517915,0.2719759857393462,16,4,0.9788911816523511
2025-11-12,ILI incidence,2025-11-09,1,LU,ECDC,soca_simplex,WIS,1096.47334004294,-0.33789891875985834,16,12,0.9623468720613222
2025-11-12,ILI incidence,2025-11-09,1,LU,ItaLuxColab,EpiEKF,WIS,1101.84713990692,-0.3449522760184497,16,13,0.9621116748248789
2025-11-12,ILI incidence,2025-11-09,1,LU,ItaLuxColab,EpiNetEKF,WIS,1029.66953411818,-0.24720957231556276,16,11,0.9652707008110142
2025-11-12,ILI incidence,2025-11-09,1,LU,MRC_GIDA,NBEATS,WIS,625.276333335534,0.47240599809949113,16,3,0.9829699389047236
2025-11-12,ILI incidence,2025-11-09,1,LU,MRC_GIDA,NHiTS,WIS,806.967141956926,0.10438997935510254,16,6,0.9750178050038446
2025-11-12,ILI incidence,2025-11-09,1,LU,MRC_GIDA,Prophet,WIS,1008.48781358362,-0.21722183515390728,16,10,0.9661977696001285
2025-11-12,ILI incidence,2025-11-09,1,LU,MRC_GIDA,TiDE,WIS,431.636636825879,1.0070825861436636,16,2,0.9914450445352955
2025-11-12,ILI incidence,2025-11-09,1,LU,NotreDame,Rt_cocirc,WIS,862.900719565217,0.007705329787784315,16,8,0.9725697378612564
2025-11-12,ILI incidence,2025-11-09,1,LU,QMUL,ARIMA,WIS,762.349588012969,0.18644718935217044,16,5,0.9769705992369936
2025-11-12,ILI incidence,2025-11-09,1,LU,QMUL,SEIR,WIS,1557.58745974463,-0.844341358379335,16,15,0.9421651069446578
2025-11-12,ILI incidence,2025-11-09,1,LU,QMUL,SEIR_agumented,WIS,1133.51111423103,-0.38582672137911844,16,14,0.960725825064124
2025-11-12,ILI incidence,2025-11-09,1,LU,RIVM,KFdlm,WIS,23084.2295245514,-4.733863860085303,16,16,0.0
2025-11-12,ILI incidence,2025-11-09,1,LU,respicast,hubEnsemble,WIS,850.475118521196,0.028630881421870175,16,7,0.9731135740852827
2025-11-12,ILI incidence,2025-11-09,1,LU,respicast,quantileBaseline,WIS,867.521739130435,0.0,16,9,0.9723674878596188
2025-11-12,ILI incidence,2025-11-09,1,LU,safinea,PRFM,WIS,236.172526754698,1.8770587603914382,16,1,1.0
2025-11-12,ILI incidence,2025-11-09,1,LV,ECDC,soca_simplex,WIS,17.523136045869,-0.5400903491307739,8,8,0.0
2025-11-12,ILI incidence,2025-11-09,1,LV,ItaLuxColab,EpiEKF,WIS,10.6344546366018,0.18042459238187106,8,3,0.618389822211119
2025-11-12,ILI incidence,2025-11-09,1,LV,ItaLuxColab,EpiNetEKF,WIS,10.0968722049968,0.25526219617495305,8,2,0.6666480424064701
2025-11-12,ILI incidence,2025-11-09,1,LV,NotreDame,Rt_cocirc,WIS,16.148097826087,-0.42219358958476727,8,7,0.12343576219399263
2025-11-12,ILI incidence,2025-11-09,1,LV,RIVM,KFdlm,WIS,16.0048344406894,-0.4093371109444882,8,6,0.13629636847870233
2025-11-12,ILI incidence,2025-11-09,1,LV,respicast,hubEnsemble,WIS,11.0862760427278,0.12039580673105948,8,4,0.5778302807828334
2025-11-12,ILI incidence,2025-11-09,1,LV,respicast,quantileBaseline,WIS,12.0511484782609,0.0,8,5,0.491214677822441
2025-11-12,ILI incidence,2025-11-09,1,LV,safinea,PRFM,WIS,6.38342908135917,0.9167671110544439,8,1,1.0
2025-11-12,ILI incidence,2025-11-09,1,MT,ECDC,SARIMA,WIS,700.403307717957,0.2523972646235132,10,3,0.9023047416665193
2025-11-12,ILI incidence,2025-11-09,1,MT,ECDC,soca_simplex,WIS,796.876888652248,0.06622630552090318,10,4,0.8689445581996544
2025-11-12,ILI incidence,2025-11-09,1,MT,ItaLuxColab,EpiEKF,WIS,1094.04219653633,-0.39101331628471075,10,7,0.7661859677649058
2025-11-12,ILI incidence,2025-11-09,1,MT,ItaLuxColab,EpiNetEKF,WIS,1173.19496660335,-0.4917877197976699,10,8,0.7388152523237027
2025-11-12,ILI incidence,2025-11-09,1,MT,NotreDame,Rt_cocirc,WIS,2664.55614565217,-1.6752401660914695,10,9,0.22310844361391494
2025-11-12,ILI incidence,2025-11-09,1,MT,QMUL,ARIMA,WIS,3309.75854729632,-1.9880709069506892,10,10,0.0
2025-11-12,ILI incidence,2025-11-09,1,MT,RIVM,KFdlm,WIS,639.434132335221,0.3837874059200332,10,2,0.9233876418438941
2025-11-12,ILI incidence,2025-11-09,1,MT,respicast,hubEnsemble,WIS,417.880538588317,0.9974925902205722,10,1,1.0
2025-11-12,ILI incidence,2025-11-09,1,MT,respicast,quantileBaseline,WIS,834.309782608696,0.0,10,5,0.8560004112322753
2025-11-12,ILI incidence,2025-11-09,1,MT,safinea,PRFM,WIS,915.23964845809,-0.1335663897862429,10,6,0.8280151830844424
2025-11-12,ILI incidence,2025-11-09,1,NL,ECDC,SARIMA,WIS,2.4463457614161,0.5718187529910468,17,3,0.9674719965606159
2025-11-12,ILI incidence,2025-11-09,1,NL,ECDC,soca_simplex,WIS,2.67028464554783,0.44545354105065305,17,4,0.953462939588554
2025-11-12,ILI incidence,2025-11-09,1,NL,ISI,FluBcast,WIS,3.62478260869565,0.004552604690733828,17,10,0.8937519322871642
2025-11-12,ILI incidence,2025-11-09,1,NL,ItaLuxColab,EpiEKF,WIS,3.01137837606394,0.2720230864355128,17,7,0.9321249681945265
2025-11-12,ILI incidence,2025-11-09,1,NL,ItaLuxColab,EpiNetEKF,WIS,3.93859679968432,-0.1152346547822051,17,12,0.8741205007148977
2025-11-12,ILI incidence,2025-11-09,1,NL,MRC_GIDA,NBEATS,WIS,14.3485172122953,-1.9803826714049395,17,16,0.22290189390469214
2025-11-12,ILI incidence,2025-11-09,1,NL,MRC_GIDA,NHiTS,WIS,12.8329854069582,-1.8193378475467694,17,15,0.3177097763600241
2025-11-12,ILI incidence,2025-11-09,1,NL,MRC_GIDA,Prophet,WIS,2.72955002026354,0.41378394340184926,17,5,0.9497554458494383
2025-11-12,ILI incidence,2025-11-09,1,NL,MRC_GIDA,TiDE,WIS,10.0912962347576,-1.4725925177407522,17,14,0.48922299954126475
2025-11-12,ILI incidence,2025-11-09,1,NL,NotreDame,Rt_cocirc,WIS,1.92637608695652,0.9165576903346677,17,1,1.0
2025-11-12,ILI incidence,2025-11-09,1,NL,QMUL,ARIMA,WIS,3.00372562329317,0.27569404355599547,17,6,0.9326037052837751
2025-11-12,ILI incidence,2025-11-09,1,NL,QMUL,SEIR,WIS,2.15064778898983,0.7576758044538893,17,2,0.9859701227717212
2025-11-12,ILI incidence,2025-11-09,1,NL,QMUL,SEIR_agumented,WIS,5.60068616229469,-0.6231565095141038,17,13,0.7701443437212335
2025-11-12,ILI incidence,2025-11-09,1,NL,RIVM,KFdlm,WIS,3.09704175390878,0.23155624541260922,17,8,0.9267660813477845
2025-11-12,ILI incidence,2025-11-09,1,NL,respicast,hubEnsemble,WIS,3.38813057834351,0.10195760166124705,17,9,0.9085562919168525
2025-11-12,ILI incidence,2025-11-09,1,NL,respicast,quantileBaseline,WIS,3.63623913043478,0.0,17,11,0.8930352409168046
2025-11-12,ILI incidence,2025-11-09,1,NL,safinea,PRFM,WIS,17.9116693567554,-2.3003808180022465,17,17,0.0
2025-11-12,ILI incidence,2025-11-09,1,NO,ECDC,SARIMA,WIS,3.92726774666666,0.5593763953043129,15,4,0.7997199367768648
2025-11-12,ILI incidence,2025-11-09,1,NO,ECDC,soca_simplex,WIS,4.45435898233303,0.377684522902272,15,8,0.7589367534443086
2025-11-12,ILI incidence,2025-11-09,1,NO,ISI,FluBcast,WIS,4.57304347826087,0.33974771865290276,15,10,0.7497536533875645
2025-11-12,ILI incidence,2025-11-09,1,NO,ItaLuxColab,EpiEKF,WIS,4.19052437089747,0.4657715710074098,15,6,0.7793507057158673
2025-11-12,ILI incidence,2025-11-09,1,NO,ItaLuxColab,EpiNetEKF,WIS,4.29605004096218,0.42989155617697117,15,7,0.7711857573021473
2025-11-12,ILI incidence,2025-11-09,1,NO,MRC_GIDA,NBEATS,WIS,14.2630320303305,-1.3013064425738696,15,15,0.0
2025-11-12,ILI incidence,2025-11-09,1,NO,MRC_GIDA,NHiTS,WIS,7.64186431989442,-0.40102228879618573,15,13,0.5123065578370515
2025-11-12,ILI incidence,2025-11-09,1,NO,MRC_GIDA,Prophet,WIS,5.60087150917759,0.04725102282048371,15,11,0.6702264364984005
2025-11-12,ILI incidence,2025-11-09,1,NO,MRC_GIDA,TiDE,WIS,11.0016228547561,-0.9267420926825474,15,14,0.25234843482414265
2025-11-12,ILI incidence,2025-11-09,1,NO,NotreDame,Rt_cocirc,WIS,1.33880217391304,2.111959555551233,15,1,1.0
2025-11-12,ILI incidence,2025-11-09,1,NO,QMUL,ARIMA,WIS,2.79141389578637,1.0519062990032226,15,2,0.8876055488016531
2025-11-12,ILI incidence,2025-11-09,1,NO,RIVM,KFdlm,WIS,4.5079707346609,0.3604242046073058,15,9,0.7547885950686472
2025-11-12,ILI incidence,2025-11-09,1,NO,respicast,hubEnsemble,WIS,4.03252995106013,0.5212171054626777,15,5,0.7915753737690193
2025-11-12,ILI incidence,2025-11-09,1,NO,respicast,quantileBaseline,WIS,5.78734782608696,0.0,15,12,0.6557980087327975
2025-11-12,ILI incidence,2025-11-09,1,NO,safinea,PRFM,WIS,3.03778760800921,0.9298813493675286,15,3,0.8685426170092024
2025-11-12,ILI incidence,2025-11-09,1,PL,ECDC,SARIMA,WIS,14.5684547542307,-0.7312839070936601,17,4,0.9551401644167082
2025-11-12,ILI incidence,2025-11-09,1,PL,ECDC,soca_simplex,WIS,11.0672443524122,-0.3347320935617167,17,3,0.9822533558506645
2025-11-12,ILI incidence,2025-11-09,1,PL,ISI,FluBcast,WIS,14.7695652173913,-0.7510634022935179,17,5,0.9535827754393954
2025-11-12,ILI incidence,2025-11-09,1,PL,ItaLuxColab,EpiEKF,WIS,17.5950489128585,-1.0036055699184754,17,8,0.9317023765096609
2025-11-12,ILI incidence,2025-11-09,1,PL,ItaLuxColab,EpiNetEKF,WIS,14.9971944809861,-0.7731286868386955,17,6,0.951820026249398
2025-11-12,ILI incidence,2025-11-09,1,PL,MRC_GIDA,NBEATS,WIS,52.6920656366627,-2.5860217826601617,17,12,0.6599129025897212
2025-11-12,ILI incidence,2025-11-09,1,PL,MRC_GIDA,NHiTS,WIS,75.6496086489523,-3.1077686643479994,17,15,0.48213088234260965
2025-11-12,ILI incidence,2025-11-09,1,PL,MRC_GIDA,Prophet,WIS,43.083807756638,-2.2955818064758087,17,11,0.7343187523817309
2025-11-12,ILI incidence,2025-11-09,1,PL,MRC_GIDA,TiDE,WIS,15.8269424260722,-0.8508186163998944,17,7,0.94539450127513
2025-11-12,ILI incidence,2025-11-09,1,PL,NotreDame,Rt_cocirc,WIS,137.908663043478,-3.9740772259723114,17,17,0.0
2025-11-12,ILI incidence,2025-11-09,1,PL,QMUL,ARIMA,WIS,10.4415154817175,-0.2507671651313672,17,2,0.9870989677133755
2025-11-12,ILI incidence,2025-11-09,1,PL,QMUL,SEIR,WIS,133.130765733884,-3.9232081482178343,17,16,0.03699978851300182
2025-11-12,ILI incidence,2025-11-09,1,PL,QMUL,SEIR_agumented,WIS,41.5471629339972,-2.2431860105498194,17,10,0.7462184500464639
2025-11-12,ILI incidence,2025-11-09,1,PL,RIVM,KFdlm,WIS,73.4516188840719,-3.065230333580832,17,14,0.4991520008775385
2025-11-12,ILI incidence,2025-11-09,1,PL,respicast,hubEnsemble,WIS,30.6691370371131,-1.8052236181179284,17,9,0.8304573173857602
2025-11-12,ILI incidence,2025-11-09,1,PL,respicast,quantileBaseline,WIS,8.77556521739131,0.0,17,1,1.0
2025-11-12,ILI incidence,2025-11-09,1,PL,safinea,PRFM,WIS,61.2231830226841,-2.8025140984687797,17,13,0.5938483728166426
2025-11-12,ILI incidence,2025-11-09,1,RO,ECDC,SARIMA,WIS,0.704857146542544,0.36901807533417974,12,2,0.9681255252484612
2025-11-12,ILI incidence,2025-11-09,1,RO,ECDC,soca_simplex,WIS,1.35453295217513,-0.5733746144326665,12,11,0.6814679224501027
2025-11-12,ILI incidence,2025-11-09,1,RO,ItaLuxColab,EpiEKF,WIS,0.708286913274313,0.36201508489355033,12,3,0.9666122032177459
2025-11-12,ILI incidence,2025-11-09,1,RO,ItaLuxColab,EpiNetEKF,WIS,0.87882425660615,0.05077428091670265,12,7,0.89136571011569
2025-11-12,ILI incidence,2025-11-09,1,RO,NotreDame,Rt_cocirc,WIS,0.632617391304348,0.5250157537705721,12,1,1.0
2025-11-12,ILI incidence,2025-11-09,1,RO,QMUL,ARIMA,WIS,0.747254660980663,0.28474898064262993,12,4,0.9494183950951286
2025-11-12,ILI incidence,2025-11-09,1,RO,QMUL,SEIR,WIS,1.11405287895654,-0.29139683593087295,12,9,0.7875753697522115
2025-11-12,ILI incidence,2025-11-09,1,RO,QMUL,SEIR_agumented,WIS,1.25686418700117,-0.4654078883954815,12,10,0.7245624841535081
2025-11-12,ILI incidence,2025-11-09,1,RO,RIVM,KFdlm,WIS,0.800400399865262,0.18562708335757874,12,5,0.9259688068920204
2025-11-12,ILI incidence,2025-11-09,1,RO,respicast,hubEnsemble,WIS,0.802128500954763,0.18251559646073076,12,6,0.9252063137971342
2025-11-12,ILI incidence,2025-11-09,1,RO,respicast,quantileBaseline,WIS,0.910304347826087,0.0,12,8,0.8774756938849113
2025-11-12,ILI incidence,2025-11-09,1,RO,safinea,PRFM,WIS,2.899,-1.6711344569414532,12,12,0.0
2025-11-12,ILI incidence,2025-11-09,1,SI,ECDC,SARIMA,WIS,3.34932392687445,-0.21482034662636887,16,11,0.7467946832514962
2025-11-12,ILI incidence,2025-11-09,1,SI,ECDC,soca_simplex,WIS,0.900700205762045,1.6799306689969131,16,2,0.9939388006929201
2025-11-12,ILI incidence,2025-11-09,1,SI,ItaLuxColab,EpiEKF,WIS,2.71478521851568,0.08821150206810902,16,9,0.8108398477688541
2025-11-12,ILI incidence,2025-11-09,1,SI,ItaLuxColab,EpiNetEKF,WIS,3.76966070918173,-0.38538511348171756,16,12,0.7043693149942998
2025-11-12,ILI incidence,2025-11-09,1,SI,MRC_GIDA,NBEATS,WIS,1.54999369532076,0.896787217854222,16,4,0.928404408840933
2025-11-12,ILI incidence,2025-11-09,1,SI,MRC_GIDA,NHiTS,WIS,0.840647809794239,1.7794761514310342,16,1,1.0
2025-11-12,ILI incidence,2025-11-09,1,SI,MRC_GIDA,Prophet,WIS,10.748323325044,-1.8969901552190158,16,16,0.0
2025-11-12,ILI incidence,2025-11-09,1,SI,MRC_GIDA,TiDE,WIS,2.3601427881334,0.29017542016061204,16,7,0.8466345636773859
2025-11-12,ILI incidence,2025-11-09,1,SI,NotreDame,Rt_cocirc,WIS,1.41285217391304,1.0304390400937944,16,3,0.9422463560460704
2025-11-12,ILI incidence,2025-11-09,1,SI,QMUL,ARIMA,WIS,4.71551023392618,-0.7083643186298147,16,14,0.6089029744496774
2025-11-12,ILI incidence,2025-11-09,1,SI,QMUL,SEIR,WIS,1.60064172956629,0.8503991384865366,16,5,0.9232924091425605
2025-11-12,ILI incidence,2025-11-09,1,SI,QMUL,SEIR_agumented,WIS,6.69292995440614,-1.2135883505695069,16,15,0.4093183476180516
2025-11-12,ILI incidence,2025-11-09,1,SI,RIVM,KFdlm,WIS,2.44967091000555,0.23646161524523765,16,8,0.837598324881076
2025-11-12,ILI incidence,2025-11-09,1,SI,respicast,hubEnsemble,WIS,2.13638973426787,0.4338747081758126,16,6,0.869218372919133
2025-11-12,ILI incidence,2025-11-09,1,SI,respicast,quantileBaseline,WIS,2.88595652173913,0.0,16,10,0.7935632117950594
2025-11-12,ILI incidence,2025-11-09,1,SI,safinea,PRFM,WIS,4.65797301032888,-0.6906527150426668,16,13,0.6147103127611451
2025-11-12,ILI incidence,2025-11-16,2,AT,ECDC,soca_simplex,WIS,728.770102917028,-1.03087608646339,9,8,0.22256372645175354
2025-11-12,ILI incidence,2025-11-16,2,AT,ISI,FluBcast,WIS,548.922608695652,-0.6220150726624779,9,6,0.4754901504944443
2025-11-12,ILI incidence,2025-11-16,2,AT,ItaLuxColab,EpiEKF,WIS,649.953387031804,-0.8657485667781679,9,7,0.3334066947674559
2025-11-12,ILI incidence,2025-11-16,2,AT,ItaLuxColab,EpiNetEKF,WIS,226.558284988053,0.6547054391413694,9,2,0.9288434540102658
2025-11-12,ILI incidence,2025-11-16,2,AT,NotreDame,Rt_cocirc,WIS,261.007193478261,0.4504981200512669,9,3,0.8803966336955092
2025-11-12,ILI incidence,2025-11-16,2,AT,RIVM,KFdlm,WIS,175.961252502662,1.0193299131466824,9,1,1.0
2025-11-12,ILI incidence,2025-11-16,2,AT,respicast,hubEnsemble,WIS,533.037355981884,-0.5796489538223673,9,5,0.4978301902114405
2025-11-12,ILI incidence,2025-11-16,2,AT,respicast,quantileBaseline,WIS,356.669459782609,0.0,9,4,0.7458631221949495
2025-11-12,ILI incidence,2025-11-16,2,AT,safinea,PRFM,WIS,887.027701578066,-1.3143914713798428,9,9,0.0
2025-11-12,ILI incidence,2025-11-16,2,BE,ECDC,SARIMA,WIS,25.7996786782125,-0.6216173938436752,17,12,0.7620744997157615
2025-11-12,ILI incidence,2025-11-16,2,BE,ECDC,soca_simplex,WIS,11.5084186282226,0.5430460975219731,17,4,0.9385825208362218
2025-11-12,ILI incidence,2025-11-16,2,BE,ISI,FluBcast,WIS,6.53565217391304,1.3593325931877713,17,1,1.0
2025-11-12,ILI incidence,2025-11-16,2,BE,ItaLuxColab,EpiEKF,WIS,13.3206735858604,0.3320686669442624,17,7,0.9161997823499385
2025-11-12,ILI incidence,2025-11-16,2,BE,ItaLuxColab,EpiNetEKF,WIS,8.32887390930899,1.0095423470359883,17,2,0.9778523364043633
2025-11-12,ILI incidence,2025-11-16,2,BE,MRC_GIDA,NBEATS,WIS,30.7350434042862,-0.8741488185690709,17,13,0.7011189605778667
2025-11-12,ILI incidence,2025-11-16,2,BE,MRC_GIDA,NHiTS,WIS,21.9210766138785,-0.38658295149734634,17,11,0.8099782095842144
2025-11-12,ILI incidence,2025-11-16,2,BE,MRC_GIDA,Prophet,WIS,45.2898644126583,-1.4334525164116787,17,15,0.521355759505049
2025-11-12,ILI incidence,2025-11-16,2,BE,MRC_GIDA,TiDE,WIS,36.1810803747668,-1.1094997838948417,17,14,0.6338562276035915
2025-11-12,ILI incidence,2025-11-16,2,BE,NotreDame,Rt_cocirc,WIS,60.4163934782609,-1.8492043618996843,17,16,0.3345315255010971
2025-11-12,ILI incidence,2025-11-16,2,BE,QMUL,ARIMA,WIS,17.9470321930477,-0.09800958894126402,17,9,0.8590607057470454
2025-11-12,ILI incidence,2025-11-16,2,BE,QMUL,SEIR,WIS,87.5022845075033,-2.3835849793947723,17,17,0.0
2025-11-12,ILI incidence,2025-11-16,2,BE,QMUL,SEIR_agumented,WIS,20.2651177757668,-0.2732628561010581,17,10,0.8304305711359335
2025-11-12,ILI incidence,2025-11-16,2,BE,RIVM,KFdlm,WIS,13.2128874394171,0.34378992774108874,17,6,0.9175310239162077
2025-11-12,ILI incidence,2025-11-16,2,BE,respicast,hubEnsemble,WIS,12.7179051971217,0.3988746441630766,17,5,0.9236444341943582
2025-11-12,ILI incidence,2025-11-16,2,BE,respicast,quantileBaseline,WIS,16.7682915217391,0.0,17,8,0.8736190569756365
2025-11-12,ILI incidence,2025-11-16,2,BE,safinea,PRFM,WIS,8.56817779001062,0.9686753824011008,17,3,0.9748967499633258
2025-11-12,ILI incidence,2025-11-16,2,CZ,ECDC,SARIMA,WIS,3.40245114787027,-0.6140806078616512,13,12,0.7937569390728938
2025-11-12,ILI incidence,2025-11-16,2,CZ,ECDC,soca_simplex,WIS,0.332919177666485,2.739249956099008,13,1,1.0
2025-11-12,ILI incidence,2025-11-16,2,CZ,ISI,FluBcast,WIS,0.884782608695652,1.3290989065909318,13,3,0.9629200789129966
2025-11-12,ILI incidence,2025-11-16,2,CZ,ItaLuxColab,EpiEKF,WIS,2.1416265165239,0.053786932998957544,13,7,0.8784722421827363
2025-11-12,ILI incidence,2025-11-16,2,CZ,ItaLuxColab,EpiNetEKF,WIS,1.30185021598943,0.7719303707333841,13,5,0.9348971422644161
2025-11-12,ILI incidence,2025-11-16,2,CZ,NotreDame,Rt_cocirc,WIS,2.90725434782609,-0.3871634545731534,13,10,0.8270294069259129
2025-11-12,ILI incidence,2025-11-16,2,CZ,QMUL,ARIMA,WIS,2.97440927576102,-0.42010933454059296,13,11,0.8225172408927571
2025-11-12,ILI incidence,2025-11-16,2,CZ,QMUL,SEIR,WIS,15.2159991533301,-2.775023326009221,13,13,0.0
2025-11-12,ILI incidence,2025-11-16,2,CZ,QMUL,SEIR_agumented,WIS,2.45999959185173,-0.14616423628848688,13,9,0.8570806299728695
2025-11-12,ILI incidence,2025-11-16,2,CZ,RIVM,KFdlm,WIS,1.58900824399078,0.48436723030896234,13,6,0.9156028813674175
2025-11-12,ILI incidence,2025-11-16,2,CZ,respicast,hubEnsemble,WIS,1.28224092791307,0.79382647589032,13,4,0.9362146980464467
2025-11-12,ILI incidence,2025-11-16,2,CZ,respicast,quantileBaseline,WIS,2.22297826086957,0.0,13,8,0.8730061864685499
2025-11-12,ILI incidence,2025-11-16,2,CZ,safinea,PRFM,WIS,0.800216186350057,1.4740321237487677,13,2,0.9686021301069615
2025-11-12,ILI incidence,2025-11-16,2,EE,ECDC,SARIMA,WIS,32.6426419148082,0.05230863245861528,11,2,0.9241856118430051
2025-11-12,ILI incidence,2025-11-16,2,EE,ECDC,soca_simplex,WIS,39.9191229870804,-0.23801356713554714,11,7,0.8068083274527478
2025-11-12,ILI incidence,2025-11-16,2,EE,ISI,FluBcast,WIS,49.8665217391304,-0.5590051182329963,11,10,0.6463463348129371
2025-11-12,ILI incidence,2025-11-16,2,EE,ItaLuxColab,EpiEKF,WIS,39.9331004995833,-0.23851863229960532,11,8,0.8065828554912563
2025-11-12,ILI incidence,2025-11-16,2,EE,ItaLuxColab,EpiNetEKF,WIS,27.9427379828336,0.27659306739477046,11,1,1.0
2025-11-12,ILI incidence,2025-11-16,2,EE,NotreDame,Rt_cocirc,WIS,89.9349804347826,-1.4098159064813123,11,11,0.0
2025-11-12,ILI incidence,2025-11-16,2,EE,QMUL,ARIMA,WIS,39.0340581087263,-0.2056669996361576,11,6,0.821085353792618
2025-11-12,ILI incidence,2025-11-16,2,EE,RIVM,KFdlm,WIS,35.3423090157299,-0.06232984018038887,11,4,0.8806371452261659
2025-11-12,ILI incidence,2025-11-16,2,EE,respicast,hubEnsemble,WIS,38.6722722501306,-0.19223307647868612,11,5,0.8269213397851578
2025-11-12,ILI incidence,2025-11-16,2,EE,respicast,quantileBaseline,WIS,33.8479030434783,0.0,11,3,0.9047434835863234
2025-11-12,ILI incidence,2025-11-16,2,EE,safinea,PRFM,WIS,43.1064261198387,-0.3488364978460596,11,9,0.7553937793303949
2025-11-12,ILI incidence,2025-11-16,2,ES,ECDC,SARIMA,WIS,4.72591042327341,0.6066998732146206,12,6,0.7335471268521578
2025-11-12,ILI incidence,2025-11-16,2,ES,ECDC,soca_simplex,WIS,9.65138245624872,-0.4234434502699014,12,12,0.0
2025-11-12,ILI incidence,2025-11-16,2,ES,ISI,FluBcast,WIS,4.80086956521739,0.5839964174278005,12,8,0.7223835139362411
2025-11-12,ILI incidence,2025-11-16,2,ES,ItaLuxColab,EpiEKF,WIS,4.79937667819255,0.5844451102363174,12,7,0.72260584856335
2025-11-12,ILI incidence,2025-11-16,2,ES,ItaLuxColab,EpiNetEKF,WIS,5.48787642499773,0.3910441618558089,12,10,0.6200680597532292
2025-11-12,ILI incidence,2025-11-16,2,ES,QMUL,ARIMA,WIS,3.57333342085586,1.0100216220898282,12,2,0.905199618824292
2025-11-12,ILI incidence,2025-11-16,2,ES,QMUL,SEIR,WIS,4.53004705994474,0.6677661197442505,12,5,0.7627169214349842
2025-11-12,ILI incidence,2025-11-16,2,ES,QMUL,SEIR_agumented,WIS,2.93678723438234,1.293053408926612,12,1,1.0
2025-11-12,ILI incidence,2025-11-16,2,ES,RIVM,KFdlm,WIS,4.22580295324017,0.768066660586278,12,3,0.80802778480822
2025-11-12,ILI incidence,2025-11-16,2,ES,respicast,hubEnsemble,WIS,4.39525180184474,0.711346338352287,12,4,0.7827918855461541
2025-11-12,ILI incidence,2025-11-16,2,ES,respicast,quantileBaseline,WIS,7.19648369565217,0.0,12,11,0.36560636635281635
2025-11-12,ILI incidence,2025-11-16,2,ES,safinea,PRFM,WIS,5.39633044782034,0.4153134620234711,12,9,0.6337019385132275
2025-11-12,ILI incidence,2025-11-16,2,FI,ECDC,soca_simplex,WIS,7.46978586267988,-1.0088444902817828,8,8,0.0
2025-11-12,ILI incidence,2025-11-16,2,FI,ISI,FluBcast,WIS,2.93260869565217,0.34003781339578687,8,4,0.9083585783577474
2025-11-12,ILI incidence,2025-11-16,2,FI,ItaLuxColab,EpiEKF,WIS,3.18365191315062,0.22153978898535068,8,5,0.8580988570027107
2025-11-12,ILI incidence,2025-11-16,2,FI,ItaLuxColab,EpiNetEKF,WIS,2.47486725330138,0.5848712512740482,8,1,1.0
2025-11-12,ILI incidence,2025-11-16,2,FI,RIVM,KFdlm,WIS,2.8386495868948,0.38701762680607343,8,3,0.9271695172549199
2025-11-12,ILI incidence,2025-11-16,2,FI,respicast,hubEnsemble,WIS,2.74308634360209,0.43642236106400356,8,2,0.9463016094402221
2025-11-12,ILI incidence,2025-11-16,2,FI,respicast,quantileBaseline,WIS,3.71206608695652,0.0,8,6,0.7523085098259329
2025-11-12,ILI incidence,2025-11-16,2,FI,safinea,PRFM,WIS,7.01896991940669,-0.9190369255567522,8,7,0.09025491274807461
2025-11-12,ILI incidence,2025-11-16,2,FR,ECDC,SARIMA,WIS,10.1975940301552,0.19948055435578133,13,4,0.912059939701053
2025-11-12,ILI incidence,2025-11-16,2,FR,ECDC,soca_simplex,WIS,15.6921048170343,-0.4223295128148404,13,10,0.8415444765620763
2025-11-12,ILI incidence,2025-11-16,2,FR,ISI,FluBcast,WIS,12.0452173913043,-0.040751067102651646,13,9,0.8883479074435234
2025-11-12,ILI incidence,2025-11-16,2,FR,ItaLuxColab,EpiEKF,WIS,8.44615031702077,0.4713435361005709,13,3,0.9345376214063017
2025-11-12,ILI incidence,2025-11-16,2,FR,ItaLuxColab,EpiNetEKF,WIS,7.11391108396982,0.7189945168447209,13,2,0.9516353158461487
2025-11-12,ILI incidence,2025-11-16,2,FR,NotreDame,Rt_cocirc,WIS,46.1056043478261,-1.9772327631422575,13,12,0.4512236475972496
2025-11-12,ILI incidence,2025-11-16,2,FR,QMUL,ARIMA,WIS,11.4664273010532,0.030293416610062726,13,7,0.8957759848206339
2025-11-12,ILI incidence,2025-11-16,2,FR,QMUL,SEIR,WIS,81.2646047805644,-2.79491775143477,13,13,0.0
2025-11-12,ILI incidence,2025-11-16,2,FR,QMUL,SEIR_agumented,WIS,19.2356455628108,-0.7160728840080632,13,11,0.7960673765012365
2025-11-12,ILI incidence,2025-11-16,2,FR,RIVM,KFdlm,WIS,10.7064856415746,0.12922436510040985,13,5,0.9055289255564504
2025-11-12,ILI incidence,2025-11-16,2,FR,respicast,hubEnsemble,WIS,10.9393137036489,0.09818713331995355,13,6,0.9025408563241313
2025-11-12,ILI incidence,2025-11-16,2,FR,respicast,quantileBaseline,WIS,11.7097426086957,0.0,13,8,0.892653324355905
2025-11-12,ILI incidence,2025-11-16,2,FR,safinea,PRFM,WIS,3.34537200107963,1.807470813636041,13,1,1.0
2025-11-12,ILI incidence,2025-11-16,2,GB-ENG,ECDC,SARIMA,WIS,0.355562249670823,0.9865375915045689,9,1,1.0
2025-11-12,ILI incidence,2025-11-16,2,GB-ENG,ECDC,soca_simplex,WIS,0.512515148911088,0.4590451033180244,9,3,0.7544526957334163
2025-11-12,ILI incidence,2025-11-16,2,GB-ENG,ISI,FluBcast,WIS,0.451502215636495,0.6419066843175484,9,2,0.8499052892407166
2025-11-12,ILI incidence,2025-11-16,2,GB-ENG,ItaLuxColab,EpiEKF,WIS,0.714486261387944,-0.0202665187846056,9,7,0.43847597629418605
2025-11-12,ILI incidence,2025-11-16,2,GB-ENG,QMUL,ARIMA,WIS,0.70637165336383,-0.003787697201579328,9,6,0.451170995851939
2025-11-12,ILI incidence,2025-11-16,2,GB-ENG,RIVM,KFdlm,WIS,0.994758431070826,-0.4977064698130028,9,9,0.0
2025-11-12,ILI incidence,2025-11-16,2,GB-ENG,respicast,hubEnsemble,WIS,0.547073806824992,0.36490426868227505,9,4,0.7003868878961235
2025-11-12,ILI incidence,2025-11-16,2,GB-ENG,respicast,quantileBaseline,WIS,0.70451955522064,0.0,9,5,0.45406853841724876
2025-11-12,ILI incidence,2025-11-16,2,GB-ENG,safinea,PRFM,WIS,0.957293546299211,-0.44232163156880405,9,8,0.058612497793020676
2025-11-12,ILI incidence,2025-11-16,2,GB-NIR,ECDC,SARIMA,WIS,1.85145720812522,-0.1136607429296067,9,7,0.6514468261325554
2025-11-12,ILI incidence,2025-11-16,2,GB-NIR,ECDC,soca_simplex,WIS,2.14563211898602,-0.32640227628224133,9,8,0.5757948755934299
2025-11-12,ILI incidence,2025-11-16,2,GB-NIR,ISI,FluBcast,WIS,1.74421017784156,-0.027573433146843216,9,6,0.679027176226812
2025-11-12,ILI incidence,2025-11-16,2,GB-NIR,ItaLuxColab,EpiEKF,WIS,1.67629649523634,0.02972311407621768,9,4,0.6964923045151015
2025-11-12,ILI incidence,2025-11-16,2,GB-NIR,QMUL,ARIMA,WIS,0.496097589212616,1.7863046110411738,9,1,1.0
2025-11-12,ILI incidence,2025-11-16,2,GB-NIR,RIVM,KFdlm,WIS,1.05746404517672,0.694391851500507,9,3,0.8556353183327174
2025-11-12,ILI incidence,2025-11-16,2,GB-NIR,respicast,hubEnsemble,WIS,0.826905033336876,1.049206906227275,9,2,0.914927386813401
2025-11-12,ILI incidence,2025-11-16,2,GB-NIR,respicast,quantileBaseline,WIS,1.71119060008374,0.0,9,5,0.6875187075271798
2025-11-12,ILI incidence,2025-11-16,2,GB-NIR,safinea,PRFM,WIS,4.38462800732337,-1.3574539867178248,9,9,0.0
2025-11-12,ILI incidence,2025-11-16,2,GB-WLS,ItaLuxColab,EpiEKF,WIS,2.5870904467247,0.0589284761111562,4,1,1.0
2025-11-12,ILI incidence,2025-11-16,2,GB-WLS,respicast,hubEnsemble,WIS,3.85899528294023,-0.5179663116224118,4,3,0.5014032992562075
2025-11-12,ILI incidence,2025-11-16,2,GB-WLS,respicast,quantileBaseline,WIS,2.69495086336129,0.0,4,2,0.9577178682362195
2025-11-12,ILI incidence,2025-11-16,2,GB-WLS,safinea,PRFM,WIS,5.13805966557059,-0.9309646748175759,4,4,0.0
2025-11-12,ILI incidence,2025-11-16,2,GR,ECDC,SARIMA,WIS,54.8581655463786,-0.3867617689620602,17,6,0.8795470276655575
2025-11-12,ILI incidence,2025-11-16,2,GR,ECDC,soca_simplex,WIS,141.661004526781,-1.7554261621631821,17,16,0.16376158363909982
2025-11-12,ILI incidence,2025-11-16,2,GR,ISI,FluBcast,WIS,41.9813043478261,-0.0008023810741142704,17,3,0.9857309949060059
2025-11-12,ILI incidence,2025-11-16,2,GR,ItaLuxColab,EpiEKF,WIS,59.6560627589292,-0.5077241539720386,17,9,0.8399830568666968
2025-11-12,ILI incidence,2025-11-16,2,GR,ItaLuxColab,EpiNetEKF,WIS,40.2509113062784,0.05992316326691805,17,1,1.0
2025-11-12,ILI incidence,2025-11-16,2,GR,MRC_GIDA,NBEATS,WIS,43.5608205248481,-0.05408651895390805,17,4,0.972706136486664
2025-11-12,ILI incidence,2025-11-16,2,GR,MRC_GIDA,NHiTS,WIS,161.52026611757,-1.9446986772280301,17,17,0.0
2025-11-12,ILI incidence,2025-11-16,2,GR,MRC_GIDA,Prophet,WIS,95.2456720904429,-1.182708928448406,17,13,0.5465073524160958
2025-11-12,ILI incidence,2025-11-16,2,GR,MRC_GIDA,TiDE,WIS,67.1925459483368,-0.6793565851074591,17,11,0.7778364147811082
2025-11-12,ILI incidence,2025-11-16,2,GR,NotreDame,Rt_cocirc,WIS,61.3797608695652,-0.5488184147967596,17,10,0.8257692588851849
2025-11-12,ILI incidence,2025-11-16,2,GR,QMUL,ARIMA,WIS,46.2225540140274,-0.1396523673117146,17,5,0.9507571989886354
2025-11-12,ILI incidence,2025-11-16,2,GR,QMUL,SEIR,WIS,104.573781868864,-1.3175046772876766,17,14,0.46958676689029116
2025-11-12,ILI incidence,2025-11-16,2,GR,QMUL,SEIR_agumented,WIS,82.0632800530187,-0.9677922092184834,17,12,0.6552107594552232
2025-11-12,ILI incidence,2025-11-16,2,GR,RIVM,KFdlm,WIS,58.8424687248598,-0.48791316546641433,17,8,0.8466920398190301
2025-11-12,ILI incidence,2025-11-16,2,GR,respicast,hubEnsemble,WIS,58.5887976490003,-0.48168023306764096,17,7,0.8487838384952434
2025-11-12,ILI incidence,2025-11-16,2,GR,respicast,quantileBaseline,WIS,41.957962173913,0.0,17,2,0.9859234769551553
2025-11-12,ILI incidence,2025-11-16,2,GR,safinea,PRFM,WIS,118.737650050751,-1.5007609504617996,17,15,0.3527900031577923
2025-11-12,ILI incidence,2025-11-16,2,HR,ECDC,SARIMA,WIS,3.09316102431221,0.545617651745038,13,8,0.8114384856653959
2025-11-12,ILI incidence,2025-11-16,2,HR,ECDC,soca_simplex,WIS,2.4235083714833,0.897602525205831,13,4,0.8791449727999429
2025-11-12,ILI incidence,2025-11-16,2,HR,ISI,FluBcast,WIS,1.74869565217391,1.3684203707218145,13,2,0.9473731781316748
2025-11-12,ILI incidence,2025-11-16,2,HR,ItaLuxColab,EpiEKF,WIS,3.32435369021035,0.4416257072920657,13,9,0.7880633176688118
2025-11-12,ILI incidence,2025-11-16,2,HR,ItaLuxColab,EpiNetEKF,WIS,2.89890768399914,0.639190199830349,13,7,0.831078833883519
2025-11-12,ILI incidence,2025-11-16,2,HR,NotreDame,Rt_cocirc,WIS,11.1187130434783,-1.3002183139439714,13,13,0.0
2025-11-12,ILI incidence,2025-11-16,2,HR,QMUL,ARIMA,WIS,2.44280913120206,0.8861584481083921,13,6,0.8771935332975908
2025-11-12,ILI incidence,2025-11-16,2,HR,QMUL,SEIR,WIS,1.22818879432961,1.8781672457090293,13,1,1.0
2025-11-12,ILI incidence,2025-11-16,2,HR,QMUL,SEIR_agumented,WIS,4.70422756941037,-0.05925826177615301,13,12,0.6485485817013235
2025-11-12,ILI incidence,2025-11-16,2,HR,RIVM,KFdlm,WIS,2.43274047627508,0.8921171688070278,13,5,0.8782115435337868
2025-11-12,ILI incidence,2025-11-16,2,HR,respicast,hubEnsemble,WIS,2.33014429707706,0.954280292868851,13,3,0.8885847226104016
2025-11-12,ILI incidence,2025-11-16,2,HR,respicast,quantileBaseline,WIS,4.51491739130435,0.0,13,11,0.6676891422355453
2025-11-12,ILI incidence,2025-11-16,2,HR,safinea,PRFM,WIS,4.28174233536276,0.0765016106702933,13,10,0.6912647434946656
2025-11-12,ILI incidence,2025-11-16,2,HU,ECDC,SARIMA,WIS,17.5662621064981,0.434964445252414,13,6,0.8011463423439217
2025-11-12,ILI incidence,2025-11-16,2,HU,ECDC,soca_simplex,WIS,8.48622771084216,1.4845763846792095,13,2,0.9846099360720895
2025-11-12,ILI incidence,2025-11-16,2,HU,ISI,FluBcast,WIS,18.9182608695652,0.32799221101168047,13,7,0.7738289841732306
2025-11-12,ILI incidence,2025-11-16,2,HU,ItaLuxColab,EpiEKF,WIS,24.6972889977717,-0.05658100622919838,13,10,0.6570627669478674
2025-11-12,ILI incidence,2025-11-16,2,HU,ItaLuxColab,EpiNetEKF,WIS,17.4692396937916,0.4429548609328605,13,5,0.8031066962073198
2025-11-12,ILI incidence,2025-11-16,2,HU,NotreDame,Rt_cocirc,WIS,30.3394695652174,-0.3534241819424142,13,12,0.5430615772759373
2025-11-12,ILI incidence,2025-11-16,2,HU,QMUL,ARIMA,WIS,19.9228808068049,0.2533454075891901,13,8,0.753530472517246
2025-11-12,ILI incidence,2025-11-16,2,HU,QMUL,SEIR,WIS,57.216833626508,-1.2686679805220145,13,13,0.0
2025-11-12,ILI incidence,2025-11-16,2,HU,QMUL,SEIR_agumented,WIS,7.72453811904324,1.6202511045424655,13,1,1.0
2025-11-12,ILI incidence,2025-11-16,2,HU,RIVM,KFdlm,WIS,25.7128442542746,-0.11471752352406296,13,11,0.6365433053611699
2025-11-12,ILI incidence,2025-11-16,2,HU,respicast,hubEnsemble,WIS,14.9690457805093,0.6657894227285803,13,4,0.8536235269109028
2025-11-12,ILI incidence,2025-11-16,2,HU,respicast,quantileBaseline,WIS,23.7474347826087,0.0,13,9,0.6762547281495808
2025-11-12,ILI incidence,2025-11-16,2,HU,safinea,PRFM,WIS,14.3510128092315,0.7266191234183297,13,3,0.8661109851090093
2025-11-12,ILI incidence,2025-11-16,2,IE,ECDC,SARIMA,WIS,4.22659351451829,0.5823335268043796,14,3,0.7921399711725261
2025-11-12,ILI incidence,2025-11-16,2,IE,ECDC,soca_simplex,WIS,9.49693480211713,-0.5856330522123814,14,14,0.0
2025-11-12,ILI incidence,2025-11-16,2,IE,ISI,FluBcast,WIS,5.04434782608696,0.3271611389353057,14,5,0.6692303071785761
2025-11-12,ILI incidence,2025-11-16,2,IE,ItaLuxColab,EpiEKF,WIS,4.45022846980406,0.5079494927425269,14,4,0.7585273116944625
2025-11-12,ILI incidence,2025-11-16,2,IE,ItaLuxColab,EpiNetEKF,WIS,5.58813170212305,0.17946287423745583,14,9,0.5874987986516277
2025-11-12,ILI incidence,2025-11-16,2,IE,MRC_GIDA,NBEATS,WIS,7.97299245466918,-0.33329240670417165,14,13,0.2290507542683252
2025-11-12,ILI incidence,2025-11-16,2,IE,MRC_GIDA,NHiTS,WIS,6.69875884246637,-0.08206491822835513,14,12,0.4205699219572294
2025-11-12,ILI incidence,2025-11-16,2,IE,MRC_GIDA,Prophet,WIS,2.84363932480688,1.154090405869918,14,1,1.0
2025-11-12,ILI incidence,2025-11-16,2,IE,MRC_GIDA,TiDE,WIS,3.8290313987433,0.7248494064951523,14,2,0.851894136177041
2025-11-12,ILI incidence,2025-11-16,2,IE,NotreDame,Rt_cocirc,WIS,6.34098695652174,-0.0028785121178786554,14,11,0.4743435574683443
2025-11-12,ILI incidence,2025-11-16,2,IE,RIVM,KFdlm,WIS,5.15889727400387,0.2947661778252299,14,6,0.6520133583285576
2025-11-12,ILI incidence,2025-11-16,2,IE,respicast,hubEnsemble,WIS,5.29092042968913,0.2583101759150196,14,7,0.6321700857525088
2025-11-12,ILI incidence,2025-11-16,2,IE,respicast,quantileBaseline,WIS,6.32834782608696,0.0,14,10,0.47624323718013273
2025-11-12,ILI incidence,2025-11-16,2,IE,safinea,PRFM,WIS,5.51727850058081,0.19787209057789013,14,8,0.598148138032972
2025-11-12,ILI incidence,2025-11-16,2,IS,ECDC,SARIMA,WIS,4.50548346835803,0.6112553366001499,14,3,0.9024658974114783
2025-11-12,ILI incidence,2025-11-16,2,IS,ECDC,soca_simplex,WIS,8.38651988038287,-0.2851350039006154,14,13,0.11159201551391561
2025-11-12,ILI incidence,2025-11-16,2,IS,ISI,FluBcast,WIS,7.74826086956522,-0.1709352658997009,14,12,0.24165582526778884
2025-11-12,ILI incidence,2025-11-16,2,IS,ItaLuxColab,EpiEKF,WIS,4.02685670848578,0.7732831253318284,14,1,1.0
2025-11-12,ILI incidence,2025-11-16,2,IS,ItaLuxColab,EpiNetEKF,WIS,5.3228591661004,0.3707358662395806,14,4,0.7359018607950396
2025-11-12,ILI incidence,2025-11-16,2,IS,MRC_GIDA,NBEATS,WIS,7.40822179794701,-0.10619003098969362,14,11,0.3109486615149062
2025-11-12,ILI incidence,2025-11-16,2,IS,MRC_GIDA,NHiTS,WIS,6.76383261246831,0.025096304541165758,14,9,0.442261672388324
2025-11-12,ILI incidence,2025-11-16,2,IS,MRC_GIDA,Prophet,WIS,6.21276537724144,0.14770168925380753,14,8,0.5545576256445446
2025-11-12,ILI incidence,2025-11-16,2,IS,MRC_GIDA,TiDE,WIS,5.94953439890667,0.2101604919037002,14,6,0.608198582226732
2025-11-12,ILI incidence,2025-11-16,2,IS,QMUL,ARIMA,WIS,8.93413269882823,-0.37639042145080565,14,14,0.0
2025-11-12,ILI incidence,2025-11-16,2,IS,RIVM,KFdlm,WIS,4.19223795138038,0.7152166551698221,14,2,0.9662987687629406
2025-11-12,ILI incidence,2025-11-16,2,IS,respicast,hubEnsemble,WIS,5.69590141180546,0.2730130862642053,14,5,0.659883669350497
2025-11-12,ILI incidence,2025-11-16,2,IS,respicast,quantileBaseline,WIS,6.88252173913043,0.0,14,10,0.4180753158647248
2025-11-12,ILI incidence,2025-11-16,2,IS,safinea,PRFM,WIS,6.0324916303479,0.19018325291812496,14,7,0.5912936370790592
2025-11-12,ILI incidence,2025-11-16,2,LT,ECDC,soca_simplex,WIS,2.42451132126921,0.7954350497880067,9,1,1.0
2025-11-12,ILI incidence,2025-11-16,2,LT,ISI,FluBcast,WIS,2.8195652173913,0.5776563269032395,9,2,0.975552154889789
2025-11-12,ILI incidence,2025-11-16,2,LT,ItaLuxColab,EpiEKF,WIS,6.69836126568405,-0.6706791474428485,9,7,0.7355135021044142
2025-11-12,ILI incidence,2025-11-16,2,LT,ItaLuxColab,EpiNetEKF,WIS,3.5434298704671,0.24798254388457228,9,3,0.9307559103953804
2025-11-12,ILI incidence,2025-11-16,2,LT,NotreDame,Rt_cocirc,WIS,14.4522,-1.7800881797557306,9,8,0.2556684727377703
2025-11-12,ILI incidence,2025-11-16,2,LT,RIVM,KFdlm,WIS,4.53953371031644,-0.10941507484689378,9,6,0.8691121887934118
2025-11-12,ILI incidence,2025-11-16,2,LT,respicast,hubEnsemble,WIS,4.45941958139749,-0.08372690725987549,9,5,0.8740700384290592
2025-11-12,ILI incidence,2025-11-16,2,LT,respicast,quantileBaseline,WIS,4.20798347826087,0.0,9,4,0.8896301201418071
2025-11-12,ILI incidence,2025-11-16,2,LT,safinea,PRFM,WIS,18.5835590549727,-2.1428258825138977,9,9,0.0
2025-11-12,ILI incidence,2025-11-16,2,LU,ECDC,SARIMA,WIS,766.618045710756,0.145852152524353,16,7,0.9845361954514735
2025-11-12,ILI incidence,2025-11-16,2,LU,ECDC,soca_simplex,WIS,2372.19832864992,-1.483792615741876,16,15,0.9488735797548644
2025-11-12,ILI incidence,2025-11-16,2,LU,ItaLuxColab,EpiEKF,WIS,1247.65297759519,-0.5567847022414595,16,13,0.973851607396471
2025-11-12,ILI incidence,2025-11-16,2,LU,ItaLuxColab,EpiNetEKF,WIS,1129.11262317879,-0.4127573783839966,16,12,0.9764845863567964
2025-11-12,ILI incidence,2025-11-16,2,LU,MRC_GIDA,NBEATS,WIS,70.4161772454523,3.5903812978158527,16,1,1.0
2025-11-12,ILI incidence,2025-11-16,2,LU,MRC_GIDA,NHiTS,WIS,229.065299095353,1.8886011886368121,16,2,0.9964761384259277
2025-11-12,ILI incidence,2025-11-16,2,LU,MRC_GIDA,Prophet,WIS,1092.79418739417,-0.365589698705069,16,11,0.9772912793835181
2025-11-12,ILI incidence,2025-11-16,2,LU,MRC_GIDA,TiDE,WIS,376.700708746079,1.1709413635479964,16,4,0.9931969097672728
2025-11-12,ILI incidence,2025-11-16,2,LU,NotreDame,Rt_cocirc,WIS,801.324858695652,0.08197287853758815,16,8,0.9837652992548231
2025-11-12,ILI incidence,2025-11-16,2,LU,QMUL,ARIMA,WIS,547.650094018074,0.6311056940348422,16,5,0.9893998388295514
2025-11-12,ILI incidence,2025-11-16,2,LU,QMUL,SEIR,WIS,1340.06878440956,-0.6598750383809828,16,14,0.971798898206072
2025-11-12,ILI incidence,2025-11-16,2,LU,QMUL,SEIR_agumented,WIS,1061.09777614227,-0.32312558494650717,16,10,0.9779953095372572
2025-11-12,ILI incidence,2025-11-16,2,LU,RIVM,KFdlm,WIS,45091.7992580113,-5.73236115627326,16,16,0.0
2025-11-12,ILI incidence,2025-11-16,2,LU,respicast,hubEnsemble,WIS,550.733782111906,0.6230050048208244,16,6,0.9893313449743472
2025-11-12,ILI incidence,2025-11-16,2,LU,respicast,quantileBaseline,WIS,848.173913043479,0.0,16,9,0.98272470362799
2025-11-12,ILI incidence,2025-11-16,2,LU,safinea,PRFM,WIS,335.409402270386,1.3384369797892481,16,3,0.9941140585452573
2025-11-12,ILI incidence,2025-11-16,2,LV,ECDC,soca_simplex,WIS,35.1011949072307,-0.9758992056304959,8,8,0.0
2025-11-12,ILI incidence,2025-11-16,2,LV,ItaLuxColab,EpiEKF,WIS,18.5852427196093,-0.05853659199018165,8,3,0.8662642149046157
2025-11-12,ILI incidence,2025-11-16,2,LV,ItaLuxColab,EpiNetEKF,WIS,19.064960145539,-0.09530257753102746,8,4,0.8411029626420599
2025-11-12,ILI incidence,2025-11-16,2,LV,NotreDame,Rt_cocirc,WIS,31.7802347826087,-0.8325088452678352,8,7,0.17418486578335912
2025-11-12,ILI incidence,2025-11-16,2,LV,RIVM,KFdlm,WIS,27.3358608855253,-0.6151738732575803,8,6,0.4072929555237177
2025-11-12,ILI incidence,2025-11-16,2,LV,respicast,hubEnsemble,WIS,21.4003590338077,-0.2620140632774982,8,5,0.7186109342410889
2025-11-12,ILI incidence,2025-11-16,2,LV,respicast,quantileBaseline,WIS,17.8462497826087,0.0,8,2,0.9050245073248541
2025-11-12,ILI incidence,2025-11-16,2,LV,safinea,PRFM,WIS,16.0354734986187,0.15435398305385184,8,1,1.0
2025-11-12,ILI incidence,2025-11-16,2,MT,ECDC,SARIMA,WIS,559.380266945853,0.8505585848862472,10,1,1.0
2025-11-12,ILI incidence,2025-11-16,2,MT,ECDC,soca_simplex,WIS,1007.16710268938,0.0021567853946067353,10,4,0.8607683501863603
2025-11-12,ILI incidence,2025-11-16,2,MT,ItaLuxColab,EpiEKF,WIS,1383.19814549283,-0.45554798853456485,10,6,0.7438479356240738
2025-11-12,ILI incidence,2025-11-16,2,MT,ItaLuxColab,EpiNetEKF,WIS,1637.62316019452,-0.6991435597462531,10,7,0.6647388334282576
2025-11-12,ILI incidence,2025-11-16,2,MT,NotreDame,Rt_cocirc,WIS,2708.08187826087,-1.4248115078574604,10,9,0.33189802285307496
2025-11-12,ILI incidence,2025-11-16,2,MT,QMUL,ARIMA,WIS,2498.31620054637,-1.3084962325850304,10,8,0.3971210688454185
2025-11-12,ILI incidence,2025-11-16,2,MT,RIVM,KFdlm,WIS,656.102628714213,0.6204664448077233,10,2,0.9699258376354019
2025-11-12,ILI incidence,2025-11-16,2,MT,respicast,hubEnsemble,WIS,981.657754514048,0.03916781564930368,10,3,0.8687000452443998
2025-11-12,ILI incidence,2025-11-16,2,MT,respicast,quantileBaseline,WIS,1008.67391304348,0.0,10,5,0.8602998333055342
2025-11-12,ILI incidence,2025-11-16,2,MT,safinea,PRFM,WIS,3775.50847014452,-1.9042111025476336,10,10,0.0
2025-11-12,ILI incidence,2025-11-16,2,NL,ECDC,SARIMA,WIS,2.75999398856157,0.3244974415530203,17,8,0.7838676482628446
2025-11-12,ILI incidence,2025-11-16,2,NL,ECDC,soca_simplex,WIS,4.54557860798299,-0.3953013808864406,17,15,0.6098586828306213
2025-11-12,ILI incidence,2025-11-16,2,NL,ISI,FluBcast,WIS,2.82,0.29346740365636104,17,9,0.7780199366189692
2025-11-12,ILI incidence,2025-11-16,2,NL,ItaLuxColab,EpiEKF,WIS,2.96395950045118,0.22163683149006444,17,11,0.7639907814250997
2025-11-12,ILI incidence,2025-11-16,2,NL,ItaLuxColab,EpiNetEKF,WIS,3.1458439343574,0.1357154660015678,17,12,0.7462657619396036
2025-11-12,ILI incidence,2025-11-16,2,NL,MRC_GIDA,NBEATS,WIS,4.82590953038891,-0.4816383038354661,17,16,0.5825398466041303
2025-11-12,ILI incidence,2025-11-16,2,NL,MRC_GIDA,NHiTS,WIS,0.542162269013978,2.6723659467389687,17,1,1.0
2025-11-12,ILI incidence,2025-11-16,2,NL,MRC_GIDA,Prophet,WIS,3.51333639674979,-0.023679152804111685,17,14,0.7104528508686285
2025-11-12,ILI incidence,2025-11-16,2,NL,MRC_GIDA,TiDE,WIS,1.99731552928643,0.7911003033140624,17,5,0.8581922634126502
2025-11-12,ILI incidence,2025-11-16,2,NL,NotreDame,Rt_cocirc,WIS,1.45183695652174,1.2512831206774373,17,3,0.9113502941661776
2025-11-12,ILI incidence,2025-11-16,2,NL,QMUL,ARIMA,WIS,2.14963138062004,0.6850732789986715,17,7,0.8433487643024944
2025-11-12,ILI incidence,2025-11-16,2,NL,QMUL,SEIR,WIS,1.71434967378163,1.0115011620932266,17,4,0.8857678793949322
2025-11-12,ILI incidence,2025-11-16,2,NL,QMUL,SEIR_agumented,WIS,1.43156036651127,1.271574058618547,17,2,0.9133262903815563
2025-11-12,ILI incidence,2025-11-16,2,NL,RIVM,KFdlm,WIS,2.8551593700646,0.2755912896993838,17,10,0.7745935822789705
2025-11-12,ILI incidence,2025-11-16,2,NL,respicast,hubEnsemble,WIS,2.13358200369926,0.6958850050469172,17,6,0.8449128097380568
2025-11-12,ILI incidence,2025-11-16,2,NL,respicast,quantileBaseline,WIS,3.45614217391304,0.0,17,13,0.7160265478171091
2025-11-12,ILI incidence,2025-11-16,2,NL,safinea,PRFM,WIS,10.8036141142461,-1.6442795440027864,17,17,0.0
2025-11-12,ILI incidence,2025-11-16,2,NO,ECDC,SARIMA,WIS,4.44850033844589,0.5563455784397864,15,3,0.7625904865229526
2025-11-12,ILI incidence,2025-11-16,2,NO,ECDC,soca_simplex,WIS,9.07288943581545,-0.4718974372600618,15,14,0.4208692397363642
2025-11-12,ILI incidence,2025-11-16,2,NO,ISI,FluBcast,WIS,4.47869565217391,0.5465860087948473,15,4,0.7603591906615985
2025-11-12,ILI incidence,2025-11-16,2,NO,ItaLuxColab,EpiEKF,WIS,5.60921350839501,0.2218661419749975,15,9,0.6768190812097095
2025-11-12,ILI incidence,2025-11-16,2,NO,ItaLuxColab,EpiNetEKF,WIS,5.002834937043,0.3869187875991776,15,7,0.7216276898851658
2025-11-12,ILI incidence,2025-11-16,2,NO,MRC_GIDA,NBEATS,WIS,14.7683594774267,-1.1747730295263186,15,15,0.0
2025-11-12,ILI incidence,2025-11-16,2,NO,MRC_GIDA,NHiTS,WIS,7.96867732995802,-0.28467563971591786,15,13,0.5024654743060459
2025-11-12,ILI incidence,2025-11-16,2,NO,MRC_GIDA,Prophet,WIS,5.61226653916374,0.22108111318383278,15,10,0.6765934761711192
2025-11-12,ILI incidence,2025-11-16,2,NO,MRC_GIDA,TiDE,WIS,5.89946634639501,0.14908018345446775,15,11,0.6553707213082635
2025-11-12,ILI incidence,2025-11-16,2,NO,NotreDame,Rt_cocirc,WIS,1.23572391304348,2.4043081900578005,15,1,1.0
2025-11-12,ILI incidence,2025-11-16,2,NO,QMUL,ARIMA,WIS,3.0233315506105,1.113525441261377,15,2,0.8679039549197751
2025-11-12,ILI incidence,2025-11-16,2,NO,RIVM,KFdlm,WIS,5.16614296584972,0.34057707200681053,15,8,0.7095599719576593
2025-11-12,ILI incidence,2025-11-16,2,NO,respicast,hubEnsemble,WIS,4.71835026088193,0.4713821213713855,15,6,0.7426498089548472
2025-11-12,ILI incidence,2025-11-16,2,NO,respicast,quantileBaseline,WIS,6.54169565217392,0.0,15,12,0.6079129069953438
2025-11-12,ILI incidence,2025-11-16,2,NO,safinea,PRFM,WIS,4.64359903462202,0.4944212368170412,15,5,0.7481735833818072
2025-11-12,ILI incidence,2025-11-16,2,PL,ECDC,SARIMA,WIS,27.2383916955291,0.11363071877227056,17,4,0.9205880288750388
2025-11-12,ILI incidence,2025-11-16,2,PL,ECDC,soca_simplex,WIS,18.5221931080894,0.6700173099171353,17,3,0.970222733235734
2025-11-12,ILI incidence,2025-11-16,2,PL,ISI,FluBcast,WIS,40.1813043478261,-0.44725215697686316,17,8,0.8468841502152745
2025-11-12,ILI incidence,2025-11-16,2,PL,ItaLuxColab,EpiEKF,WIS,17.3958391957088,0.7605299620469065,17,2,0.9766367958440696
2025-11-12,ILI incidence,2025-11-16,2,PL,ItaLuxColab,EpiNetEKF,WIS,13.2930983879436,1.1485948292820407,17,1,1.0
2025-11-12,ILI incidence,2025-11-16,2,PL,MRC_GIDA,NBEATS,WIS,88.1735222920438,-1.581073252612481,17,12,0.5735907499584298
2025-11-12,ILI incidence,2025-11-16,2,PL,MRC_GIDA,NHiTS,WIS,87.9201282486306,-1.5769212507541188,17,11,0.5750337113945884
2025-11-12,ILI incidence,2025-11-16,2,PL,MRC_GIDA,Prophet,WIS,97.4943809161988,-1.7260468316150417,17,13,0.520512787408971
2025-11-12,ILI incidence,2025-11-16,2,PL,MRC_GIDA,TiDE,WIS,36.5098532579185,-0.3090136302519244,17,7,0.8677913596591846
2025-11-12,ILI incidence,2025-11-16,2,PL,NotreDame,Rt_cocirc,WIS,188.900039130435,-2.680278855480104,17,17,0.0
2025-11-12,ILI incidence,2025-11-16,2,PL,QMUL,ARIMA,WIS,34.1976665490284,-0.21462564731800957,17,6,0.8809581895072184
2025-11-12,ILI incidence,2025-11-16,2,PL,QMUL,SEIR,WIS,188.478792140816,-2.677058053755339,17,16,0.0023988060371526324
2025-11-12,ILI incidence,2025-11-16,2,PL,QMUL,SEIR_agumented,WIS,101.965031336243,-1.7907303231027536,17,14,0.4950545088173524
2025-11-12,ILI incidence,2025-11-16,2,PL,RIVM,KFdlm,WIS,111.960249440958,-1.9256424611692282,17,15,0.43813638210519756
2025-11-12,ILI incidence,2025-11-16,2,PL,respicast,hubEnsemble,WIS,46.1627710731921,-0.6474575891435559,17,9,0.8128224741785786
2025-11-12,ILI incidence,2025-11-16,2,PL,respicast,quantileBaseline,WIS,29.4705143478261,0.0,17,5,0.9078771266586498
2025-11-12,ILI incidence,2025-11-16,2,PL,safinea,PRFM,WIS,63.3877502144074,-1.104931824156721,17,10,0.7147342148627133
2025-11-12,ILI incidence,2025-11-16,2,RO,ECDC,SARIMA,WIS,0.859937663669007,-0.6362721935459612,12,11,0.5188653834372359
2025-11-12,ILI incidence,2025-11-16,2,RO,ECDC,soca_simplex,WIS,0.174618339702955,1.6637548006445841,12,1,1.0
2025-11-12,ILI incidence,2025-11-16,2,RO,ItaLuxColab,EpiEKF,WIS,0.493096866363862,0.16608880549374672,12,8,0.7764092760120974
2025-11-12,ILI incidence,2025-11-16,2,RO,ItaLuxColab,EpiNetEKF,WIS,0.218729750798754,1.338810426328178,12,2,0.9690311857240567
2025-11-12,ILI incidence,2025-11-16,2,RO,NotreDame,Rt_cocirc,WIS,0.391104347826087,0.5004063157165047,12,6,0.8480140441586526
2025-11-12,ILI incidence,2025-11-16,2,RO,QMUL,ARIMA,WIS,0.620888848454771,-0.16637513022118025,12,10,0.6866917616316758
2025-11-12,ILI incidence,2025-11-16,2,RO,QMUL,SEIR,WIS,0.452418125539174,0.2903031598473416,12,7,0.8049681531435292
2025-11-12,ILI incidence,2025-11-16,2,RO,QMUL,SEIR_agumented,WIS,0.312025505230937,0.8262959289879871,12,4,0.9035320593082287
2025-11-12,ILI incidence,2025-11-16,2,RO,RIVM,KFdlm,WIS,0.364434985243187,0.6022984275469323,12,5,0.8667375108574151
2025-11-12,ILI incidence,2025-11-16,2,RO,respicast,hubEnsemble,WIS,0.282761098507339,0.9683762382270676,12,3,0.9240774001668686
2025-11-12,ILI incidence,2025-11-16,2,RO,respicast,quantileBaseline,WIS,0.553260869565217,0.0,12,9,0.7341705945699282
2025-11-12,ILI incidence,2025-11-16,2,RO,safinea,PRFM,WIS,1.599,-1.5311381436869258,12,12,0.0
2025-11-12,ILI incidence,2025-11-16,2,SI,ECDC,SARIMA,WIS,3.92395935183125,-0.03286141952673402,16,10,0.629955130449782
2025-11-12,ILI incidence,2025-11-16,2,SI,ECDC,soca_simplex,WIS,5.43002363772528,-0.5015098010396892,16,12,0.478827830823611
2025-11-12,ILI incidence,2025-11-16,2,SI,ItaLuxColab,EpiEKF,WIS,3.69593004260855,0.053511227918661544,16,8,0.6528369251123457
2025-11-12,ILI incidence,2025-11-16,2,SI,ItaLuxColab,EpiNetEKF,WIS,2.57755252927809,0.5734468479537923,16,4,0.765061466345612
2025-11-12,ILI incidence,2025-11-16,2,SI,MRC_GIDA,NBEATS,WIS,6.68877469638891,-0.8022932732993013,16,14,0.35251738698721596
2025-11-12,ILI incidence,2025-11-16,2,SI,MRC_GIDA,NHiTS,WIS,2.41886228592538,0.6651200431664488,16,2,0.7809853735649368
2025-11-12,ILI incidence,2025-11-16,2,SI,MRC_GIDA,Prophet,WIS,7.3342435110046,-0.9351994898213651,16,15,0.2877472706917695
2025-11-12,ILI incidence,2025-11-16,2,SI,MRC_GIDA,TiDE,WIS,3.31732796428177,0.20942702750993442,16,7,0.6908280721478902
2025-11-12,ILI incidence,2025-11-16,2,SI,NotreDame,Rt_cocirc,WIS,5.18588695652174,-0.4351420809698801,16,11,0.5033259334049921
2025-11-12,ILI incidence,2025-11-16,2,SI,QMUL,ARIMA,WIS,3.19847125107377,0.26206616137868327,16,6,0.7027548499606344
2025-11-12,ILI incidence,2025-11-16,2,SI,QMUL,SEIR,WIS,10.2017988026318,-1.4113029712621772,16,16,0.0
2025-11-12,ILI incidence,2025-11-16,2,SI,QMUL,SEIR_agumented,WIS,0.23626451716891,4.020973794346812,16,1,1.0
2025-11-12,ILI incidence,2025-11-16,2,SI,RIVM,KFdlm,WIS,2.54513648828877,0.5917056513496283,16,3,0.7683142815044146
2025-11-12,ILI incidence,2025-11-16,2,SI,respicast,hubEnsemble,WIS,2.60581144264069,0.5577159834734916,16,5,0.7622258016884926
2025-11-12,ILI incidence,2025-11-16,2,SI,respicast,quantileBaseline,WIS,3.83559043478261,0.0,16,9,0.6388225844685341
2025-11-12,ILI incidence,2025-11-16,2,SI,safinea,PRFM,WIS,6.00922432289226,-0.6477301010580712,16,13,0.4207074462485579
2025-11-12,ILI incidence,2025-11-23,3,AT,ECDC,soca_simplex,WIS,84.9952593759665,1.605190803755213,9,1,1.0
2025-11-12,ILI incidence,2025-11-23,3,AT,ISI,FluBcast,WIS,293.814347826087,-0.18425976287438123,9,7,0.4272694414940174
2025-11-12,ILI incidence,2025-11-23,3,AT,ItaLuxColab,EpiEKF,WIS,449.597925234836,-0.7979902921333077,9,9,0.0
2025-11-12,ILI incidence,2025-11-23,3,AT,ItaLuxColab,EpiNetEKF,WIS,236.939738937177,0.12612490176246846,9,4,0.5832600971161708
2025-11-12,ILI incidence,2025-11-23,3,AT,NotreDame,Rt_cocirc,WIS,130.115852173913,0.9908483477477165,9,3,0.8762472219130405
2025-11-12,ILI incidence,2025-11-23,3,AT,RIVM,KFdlm,WIS,243.752364639434,0.085228871316682,9,5,0.5645750288482003
2025-11-12,ILI incidence,2025-11-23,3,AT,respicast,hubEnsemble,WIS,126.756425830582,1.0285862002941448,9,2,0.8854611598731963
2025-11-12,ILI incidence,2025-11-23,3,AT,respicast,quantileBaseline,WIS,258.586164347826,0.0,9,6,0.523890192730919
2025-11-12,ILI incidence,2025-11-23,3,AT,safinea,PRFM,WIS,376.41541513783,-0.5416806253714455,9,8,0.20071852717975877
2025-11-12,ILI incidence,2025-11-23,3,BE,ECDC,SARIMA,WIS,35.7593935186102,0.3462346211486901,17,7,0.5341621720708156
2025-11-12,ILI incidence,2025-11-23,3,BE,ECDC,soca_simplex,WIS,56.6785115419224,-0.3182449818502643,17,15,0.23300435114739027
2025-11-12,ILI incidence,2025-11-23,3,BE,ISI,FluBcast,WIS,42.3695652173913,0.1015285653722577,17,9,0.43900018185133427
2025-11-12,ILI incidence,2025-11-23,3,BE,ItaLuxColab,EpiEKF,WIS,45.780905087287,-0.010189095532706798,17,13,0.38988952238174696
2025-11-12,ILI incidence,2025-11-23,3,BE,ItaLuxColab,EpiNetEKF,WIS,43.0280114876006,0.07928072109991233,17,10,0.4295209942627175
2025-11-12,ILI incidence,2025-11-23,3,BE,MRC_GIDA,NBEATS,WIS,71.3490137091392,-0.650336597103304,17,16,0.021803455411353697
2025-11-12,ILI incidence,2025-11-23,3,BE,MRC_GIDA,NHiTS,WIS,72.8635320957698,-0.6806400424459776,17,17,0.0
2025-11-12,ILI incidence,2025-11-23,3,BE,MRC_GIDA,Prophet,WIS,26.0921614867277,0.800940427055283,17,4,0.6733345085832086
2025-11-12,ILI incidence,2025-11-23,3,BE,MRC_GIDA,TiDE,WIS,52.5273849085855,-0.20851287159482212,17,14,0.2927652000455024
2025-11-12,ILI incidence,2025-11-23,3,BE,NotreDame,Rt_cocirc,WIS,3.40122173913044,3.740431920451581,17,1,1.0
2025-11-12,ILI incidence,2025-11-23,3,BE,QMUL,ARIMA,WIS,23.9860630453326,0.9223605095066405,17,3,0.7036545257346941
2025-11-12,ILI incidence,2025-11-23,3,BE,QMUL,SEIR,WIS,40.7896971104221,0.15635209544855475,17,8,0.46174443119832126
2025-11-12,ILI incidence,2025-11-23,3,BE,QMUL,SEIR_agumented,WIS,21.2382269526503,1.0978935601439908,17,2,0.743213188246409
2025-11-12,ILI incidence,2025-11-23,3,BE,RIVM,KFdlm,WIS,34.7351382235135,0.38816105134480505,17,5,0.5489076547626219
2025-11-12,ILI incidence,2025-11-23,3,BE,respicast,hubEnsemble,WIS,35.5313499256649,0.35546438834942523,17,6,0.5374451551989964
2025-11-12,ILI incidence,2025-11-23,3,BE,respicast,quantileBaseline,WIS,45.4587145652174,0.0,17,12,0.39452787259519917
2025-11-12,ILI incidence,2025-11-23,3,BE,safinea,PRFM,WIS,43.8872807334154,0.05075400645452281,17,11,0.4171506996179948
2025-11-12,ILI incidence,2025-11-23,3,CZ,ECDC,SARIMA,WIS,4.69195287734119,-0.585684747181185,13,11,0.8324929160357213
2025-11-12,ILI incidence,2025-11-23,3,CZ,ECDC,soca_simplex,WIS,0.925217970703086,1.7566385837207323,13,1,1.0
2025-11-12,ILI incidence,2025-11-23,3,CZ,ISI,FluBcast,WIS,1.30782608695652,1.2573330710026873,13,2,0.9829853782006975
2025-11-12,ILI incidence,2025-11-23,3,CZ,ItaLuxColab,EpiEKF,WIS,3.10411594425246,0.010321331090926178,13,7,0.9031041857599995
2025-11-12,ILI incidence,2025-11-23,3,CZ,ItaLuxColab,EpiNetEKF,WIS,1.82212361194013,0.7788829426900549,13,4,0.9601145150167152
2025-11-12,ILI incidence,2025-11-23,3,CZ,NotreDame,Rt_cocirc,WIS,3.98397608695652,-0.34970521108632985,13,9,0.8639767158281444
2025-11-12,ILI incidence,2025-11-23,3,CZ,QMUL,ARIMA,WIS,4.42855455937526,-0.5023321159947486,13,10,0.8442062659945448
2025-11-12,ILI incidence,2025-11-23,3,CZ,QMUL,SEIR,WIS,23.4122365342963,-2.9046870774701365,13,13,0.0
2025-11-12,ILI incidence,2025-11-23,3,CZ,QMUL,SEIR_agumented,WIS,7.37296768589644,-1.2377416571184112,13,12,0.7132679151324958
2025-11-12,ILI incidence,2025-11-23,3,CZ,RIVM,KFdlm,WIS,1.98830287018188,0.6529662432741528,13,5,0.9527245065204002
2025-11-12,ILI incidence,2025-11-23,3,CZ,respicast,hubEnsemble,WIS,2.04941735120378,0.6092899666332497,13,6,0.9500067393406796
2025-11-12,ILI incidence,2025-11-23,3,CZ,respicast,quantileBaseline,WIS,3.12640304347826,0.0,13,8,0.9021130761932611
2025-11-12,ILI incidence,2025-11-23,3,CZ,safinea,PRFM,WIS,1.53068895554082,1.0303226278378768,13,3,0.9730746437939087
2025-11-12,ILI incidence,2025-11-23,3,EE,ECDC,SARIMA,WIS,15.9005077011241,-0.2098975903836907,11,4,0.9260013475946901
2025-11-12,ILI incidence,2025-11-23,3,EE,ECDC,soca_simplex,WIS,13.4591580389182,0.0305870784556761,11,1,1.0
2025-11-12,ILI incidence,2025-11-23,3,EE,ISI,FluBcast,WIS,32.2869565217391,-1.231776213098305,11,9,0.42931906188783314
2025-11-12,ILI incidence,2025-11-23,3,EE,ItaLuxColab,EpiEKF,WIS,46.4509704956369,-1.7565334980861615,11,11,0.0
2025-11-12,ILI incidence,2025-11-23,3,EE,ItaLuxColab,EpiNetEKF,WIS,40.5547857588171,-1.5606969320409645,11,10,0.17871660565950692
2025-11-12,ILI incidence,2025-11-23,3,EE,NotreDame,Rt_cocirc,WIS,20.5641739130435,-0.5809578773277492,11,7,0.7846430570176698
2025-11-12,ILI incidence,2025-11-23,3,EE,QMUL,ARIMA,WIS,14.0939386088366,-0.03589959410141753,11,3,0.9807594514320436
2025-11-12,ILI incidence,2025-11-23,3,EE,RIVM,KFdlm,WIS,31.1757031651664,-1.1812468593534393,11,8,0.46300176295284834
2025-11-12,ILI incidence,2025-11-23,3,EE,respicast,hubEnsemble,WIS,18.9903274562576,-0.46608954162674154,11,5,0.8323472096419186
2025-11-12,ILI incidence,2025-11-23,3,EE,respicast,quantileBaseline,WIS,13.7475567391304,0.0,11,2,0.9912584766117184
2025-11-12,ILI incidence,2025-11-23,3,EE,safinea,PRFM,WIS,19.5796409181752,-0.510179065880127,11,6,0.8144847941504777
2025-11-12,ILI incidence,2025-11-23,3,ES,ECDC,SARIMA,WIS,9.3958119727155,0.37413596180434583,12,9,0.643788592912859
2025-11-12,ILI incidence,2025-11-23,3,ES,ECDC,soca_simplex,WIS,19.3341054293455,-0.6669223042341174,12,12,0.0
2025-11-12,ILI incidence,2025-11-23,3,ES,ISI,FluBcast,WIS,8.17173913043478,0.575510655393283,12,6,0.7230823002473945
2025-11-12,ILI incidence,2025-11-23,3,ES,ItaLuxColab,EpiEKF,WIS,7.9601801443651,0.6133527241700643,12,4,0.7367867921256263
2025-11-12,ILI incidence,2025-11-23,3,ES,ItaLuxColab,EpiNetEKF,WIS,10.3540591988514,0.2340292377277766,12,10,0.581714692995451
2025-11-12,ILI incidence,2025-11-23,3,ES,QMUL,ARIMA,WIS,8.49254268280654,0.5199572405050715,12,7,0.7023010998849638
2025-11-12,ILI incidence,2025-11-23,3,ES,QMUL,SEIR,WIS,3.89690513403798,1.6438249934157743,12,1,1.0
2025-11-12,ILI incidence,2025-11-23,3,ES,QMUL,SEIR_agumented,WIS,4.47989915458034,1.4426875478394812,12,2,0.9622344719644808
2025-11-12,ILI incidence,2025-11-23,3,ES,RIVM,KFdlm,WIS,7.50381371551714,0.6985297915420876,12,3,0.7663495638794322
2025-11-12,ILI incidence,2025-11-23,3,ES,respicast,hubEnsemble,WIS,8.04652673036278,0.5977876237730235,12,5,0.7311933824175249
2025-11-12,ILI incidence,2025-11-23,3,ES,respicast,quantileBaseline,WIS,12.1775652173913,0.0,12,11,0.4635905523704055
2025-11-12,ILI incidence,2025-11-23,3,ES,safinea,PRFM,WIS,9.38025854439011,0.3765261167652406,12,8,0.6447961220002492
2025-11-12,ILI incidence,2025-11-23,3,FI,ECDC,soca_simplex,WIS,10.4150206588273,-1.1148761741391784,8,8,0.0
2025-11-12,ILI incidence,2025-11-23,3,FI,ISI,FluBcast,WIS,3.85434782608696,0.31923085184867844,8,3,0.9361813515304764
2025-11-12,ILI incidence,2025-11-23,3,FI,ItaLuxColab,EpiEKF,WIS,4.30381016725697,0.1601031769932219,8,5,0.8720449020006746
2025-11-12,ILI incidence,2025-11-23,3,FI,ItaLuxColab,EpiNetEKF,WIS,3.40711260552662,0.4971679923170122,8,1,1.0
2025-11-12,ILI incidence,2025-11-23,3,FI,RIVM,KFdlm,WIS,4.15170285291227,0.21201443147203167,8,4,0.893749997613774
2025-11-12,ILI incidence,2025-11-23,3,FI,respicast,hubEnsemble,WIS,3.85061287998219,0.32062953221862395,8,2,0.936714313161303
2025-11-12,ILI incidence,2025-11-23,3,FI,respicast,quantileBaseline,WIS,4.80893565217391,0.0,8,6,0.7999655480657969
2025-11-12,ILI incidence,2025-11-23,3,FI,safinea,PRFM,WIS,10.384622966074,-1.1106593103695146,8,7,0.0043376272237167285
2025-11-12,ILI incidence,2025-11-23,3,FR,ECDC,SARIMA,WIS,13.1307288700635,0.016595154501601428,13,8,0.853013844874731
2025-11-12,ILI incidence,2025-11-23,3,FR,ECDC,soca_simplex,WIS,3.26981032161345,2.022263301137943,13,1,1.0
2025-11-12,ILI incidence,2025-11-23,3,FR,ISI,FluBcast,WIS,7.13260869565217,0.8970404224357256,13,3,0.9424214003762017
2025-11-12,ILI incidence,2025-11-23,3,FR,ItaLuxColab,EpiEKF,WIS,13.8227417173483,-0.057501645098437845,13,10,0.8426987502697085
2025-11-12,ILI incidence,2025-11-23,3,FR,ItaLuxColab,EpiNetEKF,WIS,10.1172916958489,0.3927190093480283,13,6,0.8979319264685578
2025-11-12,ILI incidence,2025-11-23,3,FR,NotreDame,Rt_cocirc,WIS,17.0805326086957,-0.362810806952145,13,12,0.7941383494339725
2025-11-12,ILI incidence,2025-11-23,3,FR,QMUL,ARIMA,WIS,7.76411940795922,0.7746479439177627,13,4,0.933008146320166
2025-11-12,ILI incidence,2025-11-23,3,FR,QMUL,SEIR,WIS,70.3572073628251,-2.4051560649847845,13,13,0.0
2025-11-12,ILI incidence,2025-11-23,3,FR,QMUL,SEIR_agumented,WIS,9.65735613462316,0.45984196918204,13,5,0.9047876934458219
2025-11-12,ILI incidence,2025-11-23,3,FR,RIVM,KFdlm,WIS,16.2342129735952,-0.2894952900735948,13,11,0.8067535301150863
2025-11-12,ILI incidence,2025-11-23,3,FR,respicast,hubEnsemble,WIS,7.09396078898088,0.9048788940387784,13,2,0.9429974833422399
2025-11-12,ILI incidence,2025-11-23,3,FR,respicast,quantileBaseline,WIS,13.282642173913,0.0,13,9,0.8507494359015197
2025-11-12,ILI incidence,2025-11-23,3,FR,safinea,PRFM,WIS,10.8764219950609,0.28833812233495476,13,7,0.8866163838675284
2025-11-12,ILI incidence,2025-11-23,3,GB-ENG,ECDC,SARIMA,WIS,0.805901170430428,0.6066722453655705,9,3,0.9103384928937052
2025-11-12,ILI incidence,2025-11-23,3,GB-ENG,ECDC,soca_simplex,WIS,0.703119960754298,0.8035043223660665,9,1,1.0
2025-11-12,ILI incidence,2025-11-23,3,GB-ENG,ISI,FluBcast,WIS,0.70955216381297,0.7903664237377008,9,2,0.9943888477079464
2025-11-12,ILI incidence,2025-11-23,3,GB-ENG,ItaLuxColab,EpiEKF,WIS,1.11381102110094,0.13984260575927848,9,5,0.6417323794709723
2025-11-12,ILI incidence,2025-11-23,3,GB-ENG,QMUL,ARIMA,WIS,1.84944476604986,-0.5917451358294225,9,9,0.0
2025-11-12,ILI incidence,2025-11-23,3,GB-ENG,RIVM,KFdlm,WIS,1.21927386438361,0.009324868996884016,9,6,0.5497315409691149
2025-11-12,ILI incidence,2025-11-23,3,GB-ENG,respicast,hubEnsemble,WIS,0.91022698947567,0.43104880903341297,9,4,0.8193295410126166
2025-11-12,ILI incidence,2025-11-23,3,GB-ENG,respicast,quantileBaseline,WIS,1.227180172833,0.0,9,7,0.5428344482665354
2025-11-12,ILI incidence,2025-11-23,3,GB-ENG,safinea,PRFM,WIS,1.44814605571147,-0.23886003672923056,9,8,0.35007417486261355
2025-11-12,ILI incidence,2025-11-23,3,GB-NIR,ECDC,SARIMA,WIS,7.08150828029687,-0.14085635116897072,9,8,0.2505645029605827
2025-11-12,ILI incidence,2025-11-23,3,GB-NIR,ECDC,soca_simplex,WIS,8.60837480337427,-0.4225405739059596,9,9,0.0
2025-11-12,ILI incidence,2025-11-23,3,GB-NIR,ISI,FluBcast,WIS,6.51155354428528,-0.019801467177587687,9,6,0.34409620529363244
2025-11-12,ILI incidence,2025-11-23,3,GB-NIR,ItaLuxColab,EpiEKF,WIS,3.91730902275099,0.7133373774929789,9,3,0.769821427028357
2025-11-12,ILI incidence,2025-11-23,3,GB-NIR,QMUL,ARIMA,WIS,6.91717570053285,-0.10698278281653473,9,7,0.27753209347780217
2025-11-12,ILI incidence,2025-11-23,3,GB-NIR,RIVM,KFdlm,WIS,3.50950903326515,0.8719311022240455,9,2,0.8367429294180394
2025-11-12,ILI incidence,2025-11-23,3,GB-NIR,respicast,hubEnsemble,WIS,5.789597649897,0.1497372283114609,9,4,0.46257186580668463
2025-11-12,ILI incidence,2025-11-23,3,GB-NIR,respicast,quantileBaseline,WIS,6.42279085771097,0.0,9,5,0.3586624939028763
2025-11-12,ILI incidence,2025-11-23,3,GB-NIR,safinea,PRFM,WIS,2.51466837234961,1.3528321655531237,9,1,1.0
2025-11-12,ILI incidence,2025-11-23,3,GR,ECDC,SARIMA,WIS,63.6972260738973,-0.29873903047910694,17,11,0.45310183179267033
2025-11-12,ILI incidence,2025-11-23,3,GR,ECDC,soca_simplex,WIS,82.3621597689772,-0.6694901460174479,17,15,0.24092094927211535
2025-11-12,ILI incidence,2025-11-23,3,GR,ISI,FluBcast,WIS,51.6621739130435,0.0033831635283642927,17,7,0.5899149611821417
2025-11-12,ILI incidence,2025-11-23,3,GR,ItaLuxColab,EpiEKF,WIS,77.739687777974,-0.5861597974680374,17,14,0.29346869482002186
2025-11-12,ILI incidence,2025-11-23,3,GR,ItaLuxColab,EpiNetEKF,WIS,56.5906933093514,-0.12807329641670587,17,9,0.5338881028974032
2025-11-12,ILI incidence,2025-11-23,3,GR,MRC_GIDA,NBEATS,WIS,37.0277318493804,0.4838853367239614,17,5,0.7562776647947719
2025-11-12,ILI incidence,2025-11-23,3,GR,MRC_GIDA,NHiTS,WIS,15.5881885098671,1.732038232584282,17,1,1.0
2025-11-12,ILI incidence,2025-11-23,3,GR,MRC_GIDA,Prophet,WIS,103.55527335443,-0.9998376008081277,17,17,0.0
2025-11-12,ILI incidence,2025-11-23,3,GR,MRC_GIDA,TiDE,WIS,82.6482796423321,-0.6744932735474614,17,16,0.23766837049380893
2025-11-12,ILI incidence,2025-11-23,3,GR,NotreDame,Rt_cocirc,WIS,34.0092826086956,0.6065629418177968,17,3,0.7905910587877452
2025-11-12,ILI incidence,2025-11-23,3,GR,QMUL,ARIMA,WIS,36.9396494018025,0.48732134238559777,17,4,0.7572789762254455
2025-11-12,ILI incidence,2025-11-23,3,GR,QMUL,SEIR,WIS,66.1884766151917,-0.35408855032265774,17,12,0.42478157375869746
2025-11-12,ILI incidence,2025-11-23,3,GR,QMUL,SEIR_agumented,WIS,33.7759155405947,0.6164966397699346,17,2,0.793243949565168
2025-11-12,ILI incidence,2025-11-23,3,GR,RIVM,KFdlm,WIS,59.9223323457092,-0.21060226264150259,17,10,0.49601440227125676
2025-11-12,ILI incidence,2025-11-23,3,GR,respicast,hubEnsemble,WIS,41.9233792284082,0.3047365061924065,17,6,0.7006244919326909
2025-11-12,ILI incidence,2025-11-23,3,GR,respicast,quantileBaseline,WIS,51.7834654347826,0.0,17,8,0.5885361327038147
2025-11-12,ILI incidence,2025-11-23,3,GR,safinea,PRFM,WIS,70.7983520906886,-0.4512242643926904,17,13,0.3723770239928106
2025-11-12,ILI incidence,2025-11-23,3,HR,ECDC,SARIMA,WIS,4.92525115848863,0.603495967638724,13,6,0.8789678894054718
2025-11-12,ILI incidence,2025-11-23,3,HR,ECDC,soca_simplex,WIS,8.18540804967826,-0.12936107514681555,13,12,0.6348130663021987
2025-11-12,ILI incidence,2025-11-23,3,HR,ISI,FluBcast,WIS,3.30913043478261,1.1772411039888253,13,1,1.0
2025-11-12,ILI incidence,2025-11-23,3,HR,ItaLuxColab,EpiEKF,WIS,5.39018586024158,0.4733582432063546,13,7,0.8441486909282958
2025-11-12,ILI incidence,2025-11-23,3,HR,ItaLuxColab,EpiNetEKF,WIS,5.45843352568169,0.45520628047505296,13,8,0.8390375882302104
2025-11-12,ILI incidence,2025-11-23,3,HR,NotreDame,Rt_cocirc,WIS,16.6619565217391,-1.1547926503244468,13,13,0.0
2025-11-12,ILI incidence,2025-11-23,3,HR,QMUL,ARIMA,WIS,4.01749003699492,0.8973988167881355,13,3,0.9469505857711829
2025-11-12,ILI incidence,2025-11-23,3,HR,QMUL,SEIR,WIS,3.98264449653112,0.9099665570240857,13,2,0.9495601861836258
2025-11-12,ILI incidence,2025-11-23,3,HR,QMUL,SEIR_agumented,WIS,6.69098620421063,0.16147439332147465,13,9,0.7467310854343009
2025-11-12,ILI incidence,2025-11-23,3,HR,RIVM,KFdlm,WIS,4.92186755156856,0.6044874278332757,13,5,0.8792212894646079
2025-11-12,ILI incidence,2025-11-23,3,HR,respicast,hubEnsemble,WIS,4.03614907074599,0.8907138031524319,13,4,0.945553201155405
2025-11-12,ILI incidence,2025-11-23,3,HR,respicast,quantileBaseline,WIS,7.48339673913043,0.0,13,10,0.6873870537095221
2025-11-12,ILI incidence,2025-11-23,3,HR,safinea,PRFM,WIS,7.89621618667931,-0.07746822624176042,13,11,0.6564707933717846
2025-11-12,ILI incidence,2025-11-23,3,HU,ECDC,SARIMA,WIS,26.0197455679075,0.3752771067906257,13,5,0.7360760982376672
2025-11-12,ILI incidence,2025-11-23,3,HU,ECDC,soca_simplex,WIS,11.7461340630227,1.5226979525719526,13,2,0.9443894522653329
2025-11-12,ILI incidence,2025-11-23,3,HU,ISI,FluBcast,WIS,23.9321739130435,0.4959325095481435,13,3,0.7665427431403241
2025-11-12,ILI incidence,2025-11-23,3,HU,ItaLuxColab,EpiEKF,WIS,37.8922197586489,-0.16701769499968563,13,10,0.5628056600984587
2025-11-12,ILI incidence,2025-11-23,3,HU,ItaLuxColab,EpiNetEKF,WIS,26.1324812695479,0.36903984710357546,13,6,0.7344307997006195
2025-11-12,ILI incidence,2025-11-23,3,HU,NotreDame,Rt_cocirc,WIS,76.4556108695652,-1.1797384193085656,13,13,0.0
2025-11-12,ILI incidence,2025-11-23,3,HU,QMUL,ARIMA,WIS,32.1473465185599,0.07018430098410502,13,8,0.6466480578474214
2025-11-12,ILI incidence,2025-11-23,3,HU,QMUL,SEIR,WIS,56.9598365737503,-0.7550610453712671,13,12,0.2845271591942723
2025-11-12,ILI incidence,2025-11-23,3,HU,QMUL,SEIR_agumented,WIS,7.93570454138448,2.0884537435737682,13,1,1.0
2025-11-12,ILI incidence,2025-11-23,3,HU,RIVM,KFdlm,WIS,39.1699607828542,-0.21486372222427655,13,11,0.5441579255542013
2025-11-12,ILI incidence,2025-11-23,3,HU,respicast,hubEnsemble,WIS,25.4421297627723,0.40766451783447866,13,4,0.744505996001518
2025-11-12,ILI incidence,2025-11-23,3,HU,respicast,quantileBaseline,WIS,33.749917173913,0.0,13,9,0.6232596625440554
2025-11-12,ILI incidence,2025-11-23,3,HU,safinea,PRFM,WIS,32.0302783942277,0.07544762414315967,13,7,0.648356585056602
2025-11-12,ILI incidence,2025-11-23,3,IE,ECDC,SARIMA,WIS,8.33402981302808,0.6347223663343664,14,2,0.6845404280252303
2025-11-12,ILI incidence,2025-11-23,3,IE,ECDC,soca_simplex,WIS,16.1239164919314,-0.3173936839988208,14,13,0.005418379075770748
2025-11-12,ILI incidence,2025-11-23,3,IE,ISI,FluBcast,WIS,9.06217391304348,0.513879449270614,14,3,0.6210608507841227
2025-11-12,ILI incidence,2025-11-23,3,IE,ItaLuxColab,EpiEKF,WIS,9.13793968699884,0.5018677069055041,14,4,0.6144555932534638
2025-11-12,ILI incidence,2025-11-23,3,IE,ItaLuxColab,EpiNetEKF,WIS,11.6335959058653,0.15351143440817927,14,9,0.39688437114312397
2025-11-12,ILI incidence,2025-11-23,3,IE,MRC_GIDA,NBEATS,WIS,16.1860681464814,-0.3229440422179067,14,14,0.0
2025-11-12,ILI incidence,2025-11-23,3,IE,MRC_GIDA,NHiTS,WIS,15.1370966980369,-0.22627998989996284,14,12,0.09144929428644799
2025-11-12,ILI incidence,2025-11-23,3,IE,MRC_GIDA,Prophet,WIS,4.71554279547333,1.456312781461403,14,1,1.0
2025-11-12,ILI incidence,2025-11-23,3,IE,MRC_GIDA,TiDE,WIS,10.6694267270154,0.27832587079178017,14,5,0.4809406065242842
2025-11-12,ILI incidence,2025-11-23,3,IE,NotreDame,Rt_cocirc,WIS,13.2120369565217,-0.03004437782945836,14,11,0.2592759354041558
2025-11-12,ILI incidence,2025-11-23,3,IE,RIVM,KFdlm,WIS,10.7980559227912,0.26103693880700385,14,6,0.4697267177232369
2025-11-12,ILI incidence,2025-11-23,3,IE,respicast,hubEnsemble,WIS,10.8117245271967,0.25921187348834956,14,7,0.4685350892679369
2025-11-12,ILI incidence,2025-11-23,3,IE,respicast,quantileBaseline,WIS,12.9397391304348,0.0,14,10,0.28301485038445084
2025-11-12,ILI incidence,2025-11-23,3,IE,safinea,PRFM,WIS,11.2738234794337,0.19883164871369075,14,8,0.42824931873028765
2025-11-12,ILI incidence,2025-11-23,3,IS,ECDC,SARIMA,WIS,36.2537240791401,0.1716770274856534,14,3,0.4481751062897739
2025-11-12,ILI incidence,2025-11-23,3,IS,ECDC,soca_simplex,WIS,43.3315353201471,-0.08561112728823894,14,14,0.0
2025-11-12,ILI incidence,2025-11-23,3,IS,ISI,FluBcast,WIS,40.4669565217391,0.013061878229964746,14,6,0.1813884071976578
2025-11-12,ILI incidence,2025-11-23,3,IS,ItaLuxColab,EpiEKF,WIS,27.5390222115972,0.5683288910171899,14,1,1.0
2025-11-12,ILI incidence,2025-11-23,3,IS,ItaLuxColab,EpiNetEKF,WIS,38.2886945906153,0.09288775372010558,14,4,0.31931844506759705
2025-11-12,ILI incidence,2025-11-23,3,IS,MRC_GIDA,NBEATS,WIS,42.4646290631985,-0.05645542009361167,14,12,0.054893496113627545
2025-11-12,ILI incidence,2025-11-23,3,IS,MRC_GIDA,NHiTS,WIS,42.1049489214716,-0.04418358670031499,14,11,0.07766885423773578
2025-11-12,ILI incidence,2025-11-23,3,IS,MRC_GIDA,Prophet,WIS,39.9151363678139,0.03287028772820264,14,5,0.21633029074287072
2025-11-12,ILI incidence,2025-11-23,3,IS,MRC_GIDA,TiDE,WIS,40.7367661963791,0.003474768205969696,14,8,0.16430374988026547
2025-11-12,ILI incidence,2025-11-23,3,IS,QMUL,ARIMA,WIS,42.9089046220662,-0.07147084475277551,14,13,0.02676145938115996
2025-11-12,ILI incidence,2025-11-23,3,IS,RIVM,KFdlm,WIS,33.7915244004723,0.2731447929943039,14,2,0.6040844072188827
2025-11-12,ILI incidence,2025-11-23,3,IS,respicast,hubEnsemble,WIS,40.6075147902087,0.008059491738546282,14,7,0.17248809680985128
2025-11-12,ILI incidence,2025-11-23,3,IS,respicast,quantileBaseline,WIS,40.835,0.0,14,9,0.1580834730347951
2025-11-12,ILI incidence,2025-11-23,3,IS,safinea,PRFM,WIS,40.9284529644799,-0.0032979083498446845,14,10,0.15216592439402135
2025-11-12,ILI incidence,2025-11-23,3,LT,ECDC,soca_simplex,WIS,3.29781125121946,1.081652469463159,9,2,0.9437082015176247
2025-11-12,ILI incidence,2025-11-23,3,LT,ISI,FluBcast,WIS,2.57086956521739,1.4409048826506343,9,1,1.0
2025-11-12,ILI incidence,2025-11-23,3,LT,ItaLuxColab,EpiEKF,WIS,8.1305637272689,-0.22019408549293498,9,7,0.5694769065796149
2025-11-12,ILI incidence,2025-11-23,3,LT,ItaLuxColab,EpiNetEKF,WIS,4.25998835967418,0.7123118102599546,9,4,0.8692006021648297
2025-11-12,ILI incidence,2025-11-23,3,LT,NotreDame,Rt_cocirc,WIS,9.61778913043478,-0.462543996957278,9,8,0.4543114203996898
2025-11-12,ILI incidence,2025-11-23,3,LT,RIVM,KFdlm,WIS,6.04720115444869,0.20689372890466784,9,5,0.7308051511598604
2025-11-12,ILI incidence,2025-11-23,3,LT,respicast,hubEnsemble,WIS,4.11202462569179,0.7633123941546064,9,3,0.8806583914984473
2025-11-12,ILI incidence,2025-11-23,3,LT,respicast,quantileBaseline,WIS,6.97968195652174,0.0,9,6,0.658597128962561
2025-11-12,ILI incidence,2025-11-23,3,LT,safinea,PRFM,WIS,15.4846812678169,-1.149608483606201,9,9,0.0
2025-11-12,ILI incidence,2025-11-23,3,LU,ECDC,SARIMA,WIS,1866.96232225099,0.0010870373001194904,16,5,0.9994592768345766
2025-11-12,ILI incidence,2025-11-23,3,LU,ECDC,soca_simplex,WIS,1558.22744415865,0.2618740202522313,16,2,0.999913004931732
2025-11-12,ILI incidence,2025-11-23,3,LU,ItaLuxColab,EpiEKF,WIS,3833.12965178814,-1.0367429470054768,16,15,0.9965697252340826
2025-11-12,ILI incidence,2025-11-23,3,LU,ItaLuxColab,EpiNetEKF,WIS,3047.17486429643,-0.7056924428014263,16,11,0.9977247932082042
2025-11-12,ILI incidence,2025-11-23,3,LU,MRC_GIDA,NBEATS,WIS,1727.62090033554,0.11299317454411131,16,4,0.9996640580974234
2025-11-12,ILI incidence,2025-11-23,3,LU,MRC_GIDA,NHiTS,WIS,2006.23206712013,-0.10270864695807358,16,7,0.999254600910945
2025-11-12,ILI incidence,2025-11-23,3,LU,MRC_GIDA,Prophet,WIS,2915.67520181967,-0.6420501666855495,16,10,0.997918049933848
2025-11-12,ILI incidence,2025-11-23,3,LU,MRC_GIDA,TiDE,WIS,1589.27200532143,0.23341378531714654,16,3,0.9998673807063433
2025-11-12,ILI incidence,2025-11-23,3,LU,NotreDame,Rt_cocirc,WIS,3351.21572173913,-0.8429047078466688,16,13,0.99727796361591
2025-11-12,ILI incidence,2025-11-23,3,LU,QMUL,ARIMA,WIS,2620.67598733006,-0.4881591444417215,16,9,0.9983515915961304
2025-11-12,ILI incidence,2025-11-23,3,LU,QMUL,SEIR,WIS,3597.64386284128,-0.9452725290326583,16,14,0.9969158037840222
2025-11-12,ILI incidence,2025-11-23,3,LU,QMUL,SEIR_agumented,WIS,3340.5271354507,-0.8382959283775364,16,12,0.9972936719542355
2025-11-12,ILI incidence,2025-11-23,3,LU,RIVM,KFdlm,WIS,681939.322677081,-8.511719717515987,16,16,0.0
2025-11-12,ILI incidence,2025-11-23,3,LU,respicast,hubEnsemble,WIS,2404.45743854608,-0.36393153952366547,16,8,0.9986693543034592
2025-11-12,ILI incidence,2025-11-23,3,LU,respicast,quantileBaseline,WIS,1868.36956521739,0.0,16,6,0.999457208698714
2025-11-12,ILI incidence,2025-11-23,3,LU,safinea,PRFM,WIS,1499.03249466184,0.3177481926248294,16,1,1.0
2025-11-12,ILI incidence,2025-11-23,3,LV,ECDC,soca_simplex,WIS,55.0681149105437,-1.1750204894370317,8,8,0.0
2025-11-12,ILI incidence,2025-11-23,3,LV,ItaLuxColab,EpiEKF,WIS,27.0526269534829,-0.14957196057118832,8,3,0.8519847347030244
2025-11-12,ILI incidence,2025-11-23,3,LV,ItaLuxColab,EpiNetEKF,WIS,29.6153659426664,-0.2801491793042406,8,4,0.7740487551063416
2025-11-12,ILI incidence,2025-11-23,3,LV,NotreDame,Rt_cocirc,WIS,48.4424260869565,-0.9900743860778338,8,7,0.2014951780686731
2025-11-12,ILI incidence,2025-11-23,3,LV,RIVM,KFdlm,WIS,40.742741561023,-0.7403463282606155,8,6,0.43565185912234367
2025-11-12,ILI incidence,2025-11-23,3,LV,respicast,hubEnsemble,WIS,33.3388712785457,-0.4510085276212201,8,5,0.6608124727108075
2025-11-12,ILI incidence,2025-11-23,3,LV,respicast,quantileBaseline,WIS,24.3884273913044,0.0,8,2,0.9330062525383576
2025-11-12,ILI incidence,2025-11-23,3,LV,safinea,PRFM,WIS,22.1854976335732,0.13657981961223378,8,1,1.0
2025-11-12,ILI incidence,2025-11-23,3,MT,ECDC,SARIMA,WIS,905.479128370826,0.5924233509011173,10,3,0.8834040425047832
2025-11-12,ILI incidence,2025-11-23,3,MT,ECDC,soca_simplex,WIS,858.531412152769,0.6692338169404342,10,2,0.9120275806792585
2025-11-12,ILI incidence,2025-11-23,3,MT,ItaLuxColab,EpiEKF,WIS,1876.62606111292,-0.45896456264644075,10,8,0.29130577784678097
2025-11-12,ILI incidence,2025-11-23,3,MT,ItaLuxColab,EpiNetEKF,WIS,2354.41957873006,-0.7861948015933526,10,10,0.0
2025-11-12,ILI incidence,2025-11-23,3,MT,NotreDame,Rt_cocirc,WIS,2316.91213913043,-0.7630266931089752,10,9,0.02286789892441891
2025-11-12,ILI incidence,2025-11-23,3,MT,QMUL,ARIMA,WIS,1501.49716853782,-0.13722511140451454,10,6,0.5200179930927731
2025-11-12,ILI incidence,2025-11-23,3,MT,RIVM,KFdlm,WIS,714.240928142338,0.93469393076956,10,1,1.0
2025-11-12,ILI incidence,2025-11-23,3,MT,respicast,hubEnsemble,WIS,1010.04352408767,0.4347591809974234,10,4,0.8196522093252844
2025-11-12,ILI incidence,2025-11-23,3,MT,respicast,quantileBaseline,WIS,1365.26086956522,0.0,10,5,0.6030798588985393
2025-11-12,ILI incidence,2025-11-23,3,MT,safinea,PRFM,WIS,1594.97411790287,-0.22435637024111985,10,7,0.46302606155436754
2025-11-12,ILI incidence,2025-11-23,3,NL,ECDC,SARIMA,WIS,3.37925367798183,-0.14934562431450163,17,11,0.7909112681220731
2025-11-12,ILI incidence,2025-11-23,3,NL,ECDC,soca_simplex,WIS,1.92523020950036,0.6623280658073875,17,3,0.9047052905519286
2025-11-12,ILI incidence,2025-11-23,3,NL,ISI,FluBcast,WIS,2.67391304347826,0.1884064829804843,17,8,0.8461122670902755
2025-11-12,ILI incidence,2025-11-23,3,NL,ItaLuxColab,EpiEKF,WIS,3.98240457728729,-0.38628076137143647,17,13,0.7437077886377753
2025-11-12,ILI incidence,2025-11-23,3,NL,ItaLuxColab,EpiNetEKF,WIS,1.93240496191426,0.6569615699090081,17,4,0.9041437838398197
2025-11-12,ILI incidence,2025-11-23,3,NL,MRC_GIDA,NBEATS,WIS,0.990776328062676,1.6207277274743155,17,2,0.9778370303408591
2025-11-12,ILI incidence,2025-11-23,3,NL,MRC_GIDA,NHiTS,WIS,0.707585020404157,2.1063836206951727,17,1,1.0
2025-11-12,ILI incidence,2025-11-23,3,NL,MRC_GIDA,Prophet,WIS,8.28830356562723,-1.443717811568309,17,15,0.4067217793462129
2025-11-12,ILI incidence,2025-11-23,3,NL,MRC_GIDA,TiDE,WIS,2.41029709714286,0.33814804590816017,17,7,0.8667432400837767
2025-11-12,ILI incidence,2025-11-23,3,NL,NotreDame,Rt_cocirc,WIS,3.33296086956522,-0.12944534740699357,17,10,0.7945342116257309
2025-11-12,ILI incidence,2025-11-23,3,NL,QMUL,ARIMA,WIS,2.07452454035368,0.5545783087542082,17,5,0.8930212958970724
2025-11-12,ILI incidence,2025-11-23,3,NL,QMUL,SEIR,WIS,13.4852638249104,-2.1459528092754145,17,17,0.0
2025-11-12,ILI incidence,2025-11-23,3,NL,QMUL,SEIR_agumented,WIS,6.94769528635649,-1.1891754491168447,17,14,0.5116397616950847
2025-11-12,ILI incidence,2025-11-23,3,NL,RIVM,KFdlm,WIS,3.63726464625927,-0.2554948673981649,17,12,0.7707189489829782
2025-11-12,ILI incidence,2025-11-23,3,NL,respicast,hubEnsemble,WIS,2.38399299953779,0.3539790328497766,17,6,0.8688018375808271
2025-11-12,ILI incidence,2025-11-23,3,NL,respicast,quantileBaseline,WIS,3.04693565217391,0.0,17,9,0.8169189672427245
2025-11-12,ILI incidence,2025-11-23,3,NL,safinea,PRFM,WIS,9.71850238350682,-1.6733749800916666,17,16,0.294792309231875
2025-11-12,ILI incidence,2025-11-23,3,NO,ECDC,SARIMA,WIS,9.01799356651596,0.3674715192136363,15,4,0.7093312756028058
2025-11-12,ILI incidence,2025-11-23,3,NO,ECDC,soca_simplex,WIS,18.4929249701506,-0.6686235244360718,15,14,0.21356647008921645
2025-11-12,ILI incidence,2025-11-23,3,NO,ISI,FluBcast,WIS,8.55565217391304,0.44340016836849855,15,3,0.7335227531787534
2025-11-12,ILI incidence,2025-11-23,3,NO,ItaLuxColab,EpiEKF,WIS,9.16923784160181,0.34347617975668976,15,5,0.7014175941808785
2025-11-12,ILI incidence,2025-11-23,3,NO,ItaLuxColab,EpiNetEKF,WIS,9.71086749268116,0.2606778195106411,15,9,0.6730774503646666
2025-11-12,ILI incidence,2025-11-23,3,NO,MRC_GIDA,NBEATS,WIS,22.574553257813,-0.9563475325033769,15,15,0.0
2025-11-12,ILI incidence,2025-11-23,3,NO,MRC_GIDA,NHiTS,WIS,16.824386155955,-0.5322039634497957,15,13,0.30087082992808944
2025-11-12,ILI incidence,2025-11-23,3,NO,MRC_GIDA,Prophet,WIS,6.83221947618248,0.7679236795548297,15,2,0.8236993718589047
2025-11-12,ILI incidence,2025-11-23,3,NO,MRC_GIDA,TiDE,WIS,14.7171863475207,-0.33915197620496407,15,11,0.41112761794092506
2025-11-12,ILI incidence,2025-11-23,3,NO,NotreDame,Rt_cocirc,WIS,3.46280652173913,1.7483362182395834,15,1,1.0
2025-11-12,ILI incidence,2025-11-23,3,NO,QMUL,ARIMA,WIS,9.26086126488659,0.329131628853459,15,7,0.6966235047368279
2025-11-12,ILI incidence,2025-11-23,3,NO,RIVM,KFdlm,WIS,9.62090213457752,0.27410582072262923,15,8,0.6777847834695905
2025-11-12,ILI incidence,2025-11-23,3,NO,respicast,hubEnsemble,WIS,9.18243658706572,0.34140097207098524,15,6,0.7007269851200647
2025-11-12,ILI incidence,2025-11-23,3,NO,respicast,quantileBaseline,WIS,11.6340217391304,0.0,15,10,0.5724506330984436
2025-11-12,ILI incidence,2025-11-23,3,NO,safinea,PRFM,WIS,15.6118077461949,-0.42428769665179333,15,12,0.3643175900021611
2025-11-12,ILI incidence,2025-11-23,3,PL,ECDC,SARIMA,WIS,24.9458639615404,-0.0340904202151544,17,5,0.888146124868889
2025-11-12,ILI incidence,2025-11-23,3,PL,ECDC,soca_simplex,WIS,7.20956861337175,1.7567253724298533,17,1,1.0
2025-11-12,ILI incidence,2025-11-23,3,PL,ISI,FluBcast,WIS,35.1373913043478,-0.5282968701970547,17,7,0.8238732987561129
2025-11-12,ILI incidence,2025-11-23,3,PL,ItaLuxColab,EpiEKF,WIS,30.0623599392751,-0.3032480518579798,17,6,0.8558789636061813
2025-11-12,ILI incidence,2025-11-23,3,PL,ItaLuxColab,EpiNetEKF,WIS,21.6886059411909,0.16777289032253173,17,3,0.9086880094465836
2025-11-12,ILI incidence,2025-11-23,3,PL,MRC_GIDA,NBEATS,WIS,82.3329184416511,-1.7567591504568947,17,12,0.5262348970755745
2025-11-12,ILI incidence,2025-11-23,3,PL,MRC_GIDA,NHiTS,WIS,114.709622917053,-2.2352043025689454,17,14,0.3220513407884146
2025-11-12,ILI incidence,2025-11-23,3,PL,MRC_GIDA,Prophet,WIS,121.681342251395,-2.320325851820462,17,15,0.27808422090431983
2025-11-12,ILI incidence,2025-11-23,3,PL,MRC_GIDA,TiDE,WIS,55.6543015820486,-1.191782983844713,17,10,0.694483486778545
2025-11-12,ILI incidence,2025-11-23,3,PL,NotreDame,Rt_cocirc,WIS,165.77622826087,-2.766455023546404,17,17,0.0
2025-11-12,ILI incidence,2025-11-23,3,PL,QMUL,ARIMA,WIS,21.3172684376488,0.1926876303228346,17,2,0.9110298479160802
2025-11-12,ILI incidence,2025-11-23,3,PL,QMUL,SEIR,WIS,152.655228784891,-2.6474948853129403,17,16,0.08274753031404997
2025-11-12,ILI incidence,2025-11-23,3,PL,QMUL,SEIR_agumented,WIS,78.835825100159,-1.6941411622517335,17,11,0.5482893021394531
2025-11-12,ILI incidence,2025-11-23,3,PL,RIVM,KFdlm,WIS,103.183388502632,-2.0824286093015028,17,13,0.39474149166908773
2025-11-12,ILI incidence,2025-11-23,3,PL,respicast,hubEnsemble,WIS,49.8769994830167,-1.0336644621389652,17,8,0.7309180191819842
2025-11-12,ILI incidence,2025-11-23,3,PL,respicast,quantileBaseline,WIS,24.3633110869565,0.0,17,4,0.8918199922246052
2025-11-12,ILI incidence,2025-11-23,3,PL,safinea,PRFM,WIS,52.8945546802913,-1.1184089937789379,17,9,0.7118878194919437
2025-11-12,ILI incidence,2025-11-23,3,RO,ECDC,SARIMA,WIS,1.24743586210939,0.2649144333041249,12,3,0.9430747064795035
2025-11-12,ILI incidence,2025-11-23,3,RO,ECDC,soca_simplex,WIS,2.13743706570729,-0.5120018687044433,12,11,0.6680230982148693
2025-11-12,ILI incidence,2025-11-23,3,RO,ItaLuxColab,EpiEKF,WIS,1.20449140025185,0.3154559803251328,12,2,0.9563465349357178
2025-11-12,ILI incidence,2025-11-23,3,RO,ItaLuxColab,EpiNetEKF,WIS,1.57300551376289,-0.06964365427626824,12,9,0.8424585995265631
2025-11-12,ILI incidence,2025-11-23,3,RO,NotreDame,Rt_cocirc,WIS,1.30855,0.1959110223271303,12,4,0.9241876062749588
2025-11-12,ILI incidence,2025-11-23,3,RO,QMUL,ARIMA,WIS,1.06323923054612,0.49541383136925315,12,1,1.0
2025-11-12,ILI incidence,2025-11-23,3,RO,QMUL,SEIR,WIS,1.32440602833059,0.1785345908675038,12,5,0.9192873588647443
2025-11-12,ILI incidence,2025-11-23,3,RO,QMUL,SEIR_agumented,WIS,1.77714987475513,-0.24568528174649482,12,10,0.7793685333760008
2025-11-12,ILI incidence,2025-11-23,3,RO,RIVM,KFdlm,WIS,1.54549704102502,-0.044190818566755295,12,8,0.8509599921503797
2025-11-12,ILI incidence,2025-11-23,3,RO,respicast,hubEnsemble,WIS,1.44722757963409,0.050588266887684426,12,6,0.8813298088310844
2025-11-12,ILI incidence,2025-11-23,3,RO,respicast,quantileBaseline,WIS,1.498875,0.0,12,7,0.8653683629623198
2025-11-12,ILI incidence,2025-11-23,3,RO,safinea,PRFM,WIS,4.299,-1.520121036841699,12,12,0.0
2025-11-12,ILI incidence,2025-11-23,3,SI,ECDC,SARIMA,WIS,40.4357249959369,0.06585143113036927,16,5,0.735314596936755
2025-11-12,ILI incidence,2025-11-23,3,SI,ECDC,soca_simplex,WIS,52.8305911547353,-0.31989164345666105,16,10,0.44690417033544627
2025-11-12,ILI incidence,2025-11-23,3,SI,ItaLuxColab,EpiEKF,WIS,39.3104493837532,0.10656905348904097,16,3,0.7614981164032865
2025-11-12,ILI incidence,2025-11-23,3,SI,ItaLuxColab,EpiNetEKF,WIS,39.8920283428413,0.08538142944621337,16,4,0.7479656237128447
2025-11-12,ILI incidence,2025-11-23,3,SI,MRC_GIDA,NBEATS,WIS,72.0369611961836,-0.7672554142005998,16,16,0.0
2025-11-12,ILI incidence,2025-11-23,3,SI,MRC_GIDA,NHiTS,WIS,71.235555713693,-0.7511156017823093,16,15,0.0186475347232105
2025-11-12,ILI incidence,2025-11-23,3,SI,MRC_GIDA,Prophet,WIS,32.1181335226718,0.3980938536233444,16,2,0.9288527985087801
2025-11-12,ILI incidence,2025-11-23,3,SI,MRC_GIDA,TiDE,WIS,54.7729931644072,-0.3719828113254826,16,11,0.40170731342198535
2025-11-12,ILI incidence,2025-11-23,3,SI,NotreDame,Rt_cocirc,WIS,65.8387673913043,-0.6374554166704527,16,13,0.14422291427115538
2025-11-12,ILI incidence,2025-11-23,3,SI,QMUL,ARIMA,WIS,45.6038891339075,-0.10767495400612498,16,8,0.615058968140019
2025-11-12,ILI incidence,2025-11-23,3,SI,QMUL,SEIR,WIS,70.6799359866184,-0.7398188235237819,16,14,0.031575994011166446
2025-11-12,ILI incidence,2025-11-23,3,SI,QMUL,SEIR_agumented,WIS,56.3799218683428,-0.4136995688669215,16,12,0.36431643020611654
2025-11-12,ILI incidence,2025-11-23,3,SI,RIVM,KFdlm,WIS,40.8995541772208,0.04939679249216115,16,6,0.7245219695432541
2025-11-12,ILI incidence,2025-11-23,3,SI,respicast,hubEnsemble,WIS,49.0241463039452,-0.2120105981048656,16,9,0.5354745807929606
2025-11-12,ILI incidence,2025-11-23,3,SI,respicast,quantileBaseline,WIS,42.3241739130435,0.0,16,7,0.6913731496617572
2025-11-12,ILI incidence,2025-11-23,3,SI,safinea,PRFM,WIS,29.060476937753,0.5424235292094302,16,1,1.0
2025-11-12,ILI incidence,2025-11-30,4,AT,ECDC,soca_simplex,WIS,151.305231532672,0.9962921695170249,9,1,1.0
2025-11-12,ILI incidence,2025-11-30,4,AT,ISI,FluBcast,WIS,242.482608695652,0.3158727623515804,9,3,0.6989255686574446
2025-11-12,ILI incidence,2025-11-30,4,AT,ItaLuxColab,EpiEKF,WIS,391.698563382045,-0.3759897963942382,9,6,0.20620346913775306
2025-11-12,ILI incidence,2025-11-30,4,AT,ItaLuxColab,EpiNetEKF,WIS,450.989923461619,-0.5793411588935906,9,8,0.010419020462776516
2025-11-12,ILI incidence,2025-11-30,4,AT,NotreDame,Rt_cocirc,WIS,429.142947826087,-0.5077042499550618,9,7,0.0825593470513012
2025-11-12,ILI incidence,2025-11-30,4,AT,RIVM,KFdlm,WIS,390.073170604546,-0.36999073202159605,9,5,0.2115706360975907
2025-11-12,ILI incidence,2025-11-30,4,AT,respicast,hubEnsemble,WIS,200.069350515109,0.5932538690779914,9,2,0.8389772786914627
2025-11-12,ILI incidence,2025-11-30,4,AT,respicast,quantileBaseline,WIS,301.833730869565,0.0,9,4,0.5029437811345125
2025-11-12,ILI incidence,2025-11-30,4,AT,safinea,PRFM,WIS,454.145219493126,-0.5893996532790036,9,9,0.0
2025-11-12,ILI incidence,2025-11-30,4,BE,ECDC,SARIMA,WIS,38.0018803451336,-0.5063850255127577,17,13,0.7997482305015009
2025-11-12,ILI incidence,2025-11-30,4,BE,ECDC,soca_simplex,WIS,20.4039980255435,0.39083391357874653,17,6,0.9325720174911496
2025-11-12,ILI incidence,2025-11-30,4,BE,ISI,FluBcast,WIS,11.4704347826087,1.2217657026046578,17,1,1.0
2025-11-12,ILI incidence,2025-11-30,4,BE,ItaLuxColab,EpiEKF,WIS,25.1462541186355,0.08934227310707853,17,11,0.8967788236442955
2025-11-12,ILI incidence,2025-11-30,4,BE,ItaLuxColab,EpiNetEKF,WIS,14.6417923986399,0.8695936055454255,17,2,0.9760634989591441
2025-11-12,ILI incidence,2025-11-30,4,BE,MRC_GIDA,NBEATS,WIS,16.1051767122187,0.7321612892046313,17,4,0.9650182923359353
2025-11-12,ILI incidence,2025-11-30,4,BE,MRC_GIDA,NHiTS,WIS,21.8248450686636,0.2937143674062992,17,8,0.9218478700299424
2025-11-12,ILI incidence,2025-11-30,4,BE,MRC_GIDA,Prophet,WIS,64.4051266466235,-1.2674897515839483,17,16,0.6004640723911624
2025-11-12,ILI incidence,2025-11-30,4,BE,MRC_GIDA,TiDE,WIS,21.5007195915498,0.31530083471217923,17,7,0.9242942765093264
2025-11-12,ILI incidence,2025-11-30,4,BE,NotreDame,Rt_cocirc,WIS,60.6376369565217,-1.1805277530838736,17,15,0.6289000079768161
2025-11-12,ILI incidence,2025-11-30,4,BE,QMUL,ARIMA,WIS,24.925021111108,0.10209105325495109,17,10,0.8984486271657227
2025-11-12,ILI incidence,2025-11-30,4,BE,QMUL,SEIR,WIS,143.960877333848,-2.4279191146170414,17,17,0.0
2025-11-12,ILI incidence,2025-11-30,4,BE,QMUL,SEIR_agumented,WIS,58.9518704546323,-1.1398518086666285,17,14,0.6416236918096138
2025-11-12,ILI incidence,2025-11-30,4,BE,RIVM,KFdlm,WIS,16.1733986073871,0.7260629075122081,17,5,0.9645033729662456
2025-11-12,ILI incidence,2025-11-30,4,BE,respicast,hubEnsemble,WIS,15.3758236049572,0.7990220894348914,17,3,0.9705232411701084
2025-11-12,ILI incidence,2025-11-30,4,BE,respicast,quantileBaseline,WIS,26.7527236956522,0.0,17,12,0.8846536503406028
2025-11-12,ILI incidence,2025-11-30,4,BE,safinea,PRFM,WIS,21.8409408348025,0.2926507757379403,17,9,0.921726383786641
2025-11-12,ILI incidence,2025-11-30,4,CZ,ECDC,SARIMA,WIS,5.51692480559528,-0.27808048950112496,13,11,0.848217036627274
2025-11-12,ILI incidence,2025-11-30,4,CZ,ECDC,soca_simplex,WIS,4.3217831873085,0.07415712977357987,13,8,0.8917396809340783
2025-11-12,ILI incidence,2025-11-30,4,CZ,ISI,FluBcast,WIS,1.76782608695652,1.3638074734923087,13,3,0.9847453672499779
2025-11-12,ILI incidence,2025-11-30,4,CZ,ItaLuxColab,EpiEKF,WIS,4.2785645199254,0.08865698119543572,13,7,0.8933135452018336
2025-11-12,ILI incidence,2025-11-30,4,CZ,ItaLuxColab,EpiNetEKF,WIS,2.43188899470733,0.9037064500561223,13,5,0.9605626484079958
2025-11-12,ILI incidence,2025-11-30,4,CZ,NotreDame,Rt_cocirc,WIS,1.34893043478261,1.7539678780196801,13,1,1.0
2025-11-12,ILI incidence,2025-11-30,4,CZ,QMUL,ARIMA,WIS,4.43421275080523,0.03710583601720715,13,9,0.8876454114125703
2025-11-12,ILI incidence,2025-11-30,4,CZ,QMUL,SEIR,WIS,28.8091557340972,-2.662671649640403,13,13,0.0
2025-11-12,ILI incidence,2025-11-30,4,CZ,QMUL,SEIR_agumented,WIS,8.78206120207268,-0.9487757611175532,13,12,0.7293128265966703
2025-11-12,ILI incidence,2025-11-30,4,CZ,RIVM,KFdlm,WIS,3.5480762768748,0.358746802340359,13,6,0.9199152294592762
2025-11-12,ILI incidence,2025-11-30,4,CZ,respicast,hubEnsemble,WIS,2.30061491181663,0.9837643090916862,13,4,0.9653431657365981
2025-11-12,ILI incidence,2025-11-30,4,CZ,respicast,quantileBaseline,WIS,4.54973913043478,0.0,13,10,0.8834383672834591
2025-11-12,ILI incidence,2025-11-30,4,CZ,safinea,PRFM,WIS,1.51951016850197,1.5821774981546182,13,2,0.9937881160165274
2025-11-12,ILI incidence,2025-11-30,4,EE,ECDC,SARIMA,WIS,21.9048100391783,0.0662977887149347,11,2,0.9065193107282807
2025-11-12,ILI incidence,2025-11-30,4,EE,ECDC,soca_simplex,WIS,65.8146617337214,-1.5208635211300223,11,9,0.27705604068477996
2025-11-12,ILI incidence,2025-11-30,4,EE,ISI,FluBcast,WIS,72.0039130434783,-1.6505298195369982,11,10,0.1883309318945635
2025-11-12,ILI incidence,2025-11-30,4,EE,ItaLuxColab,EpiEKF,WIS,44.7879656248143,-0.9655656448389349,11,7,0.5784811737732724
2025-11-12,ILI incidence,2025-11-30,4,EE,ItaLuxColab,EpiNetEKF,WIS,32.173093401415,-0.4883091636996106,11,4,0.7593198333105504
2025-11-12,ILI incidence,2025-11-30,4,EE,NotreDame,Rt_cocirc,WIS,85.1414282608696,-1.8923157995325879,11,11,0.0
2025-11-12,ILI incidence,2025-11-30,4,EE,QMUL,ARIMA,WIS,15.383820813006,0.5761316284983454,11,1,1.0
2025-11-12,ILI incidence,2025-11-30,4,EE,RIVM,KFdlm,WIS,35.8800699604565,-0.6456372110602889,11,6,0.7061790119053427
2025-11-12,ILI incidence,2025-11-30,4,EE,respicast,hubEnsemble,WIS,32.9736676997509,-0.5237688763694844,11,5,0.747843317305694
2025-11-12,ILI incidence,2025-11-30,4,EE,respicast,quantileBaseline,WIS,22.9349139130435,0.0,11,3,0.8917524069947332
2025-11-12,ILI incidence,2025-11-30,4,EE,safinea,PRFM,WIS,56.4774916938708,-1.3001305241238317,11,8,0.41090767897138736
2025-11-12,ILI incidence,2025-11-30,4,ES,ECDC,SARIMA,WIS,30.6781973501932,0.13991654433686174,12,8,0.43252192076771423
2025-11-12,ILI incidence,2025-11-30,4,ES,ECDC,soca_simplex,WIS,46.7842154229218,-0.46889160250391865,12,12,0.0
2025-11-12,ILI incidence,2025-11-30,4,ES,ISI,FluBcast,WIS,26.175652173913,0.36890477419157297,12,6,0.5534363192983867
2025-11-12,ILI incidence,2025-11-30,4,ES,ItaLuxColab,EpiEKF,WIS,21.8300675218764,0.6308136642689091,12,2,0.6701355935740143
2025-11-12,ILI incidence,2025-11-30,4,ES,ItaLuxColab,EpiNetEKF,WIS,31.6472325305456,0.09505091177585642,12,9,0.40649879353633506
2025-11-12,ILI incidence,2025-11-30,4,ES,QMUL,ARIMA,WIS,36.5575691359757,-0.11303988586509205,12,11,0.2746332876983154
2025-11-12,ILI incidence,2025-11-30,4,ES,QMUL,SEIR,WIS,9.54675461598543,1.8240479742115228,12,1,1.0
2025-11-12,ILI incidence,2025-11-30,4,ES,QMUL,SEIR_agumented,WIS,25.142669292667,0.4269924341340649,12,5,0.581176741412603
2025-11-12,ILI incidence,2025-11-30,4,ES,RIVM,KFdlm,WIS,22.2628790266188,0.6024900834673702,12,3,0.6585125802062022
2025-11-12,ILI incidence,2025-11-30,4,ES,respicast,hubEnsemble,WIS,26.8807497973249,0.3305568765125458,12,7,0.5345011500324802
2025-11-12,ILI incidence,2025-11-30,4,ES,respicast,quantileBaseline,WIS,33.802507173913,0.0,12,10,0.3486195881162403
2025-11-12,ILI incidence,2025-11-30,4,ES,safinea,PRFM,WIS,23.8971912353667,0.500289196447966,12,4,0.6146236529449892
2025-11-12,ILI incidence,2025-11-30,4,FI,ECDC,soca_simplex,WIS,24.4556248178962,-0.935345632235751,8,7,0.0325854402580965
2025-11-12,ILI incidence,2025-11-30,4,FI,ISI,FluBcast,WIS,13.7939130434783,-0.109211084807494,8,6,0.7585542548775879
2025-11-12,ILI incidence,2025-11-30,4,FI,ItaLuxColab,EpiEKF,WIS,10.2479963431804,0.3194788264019315,8,1,1.0
2025-11-12,ILI incidence,2025-11-30,4,FI,ItaLuxColab,EpiNetEKF,WIS,11.9309743879693,0.10010882142352195,8,3,0.8854039949628321
2025-11-12,ILI incidence,2025-11-30,4,FI,RIVM,KFdlm,WIS,11.9256058174711,0.10075813579284575,8,2,0.8857695474034947
2025-11-12,ILI incidence,2025-11-30,4,FI,respicast,hubEnsemble,WIS,13.4233067485051,-0.06991942191758119,8,5,0.7837892845186799
2025-11-12,ILI incidence,2025-11-30,4,FI,respicast,quantileBaseline,WIS,12.7882663043478,0.0,8,4,0.8270299543318048
2025-11-12,ILI incidence,2025-11-30,4,FI,safinea,PRFM,WIS,24.9341805975359,-0.9633041006517792,8,8,0.0
2025-11-12,ILI incidence,2025-11-30,4,FR,ECDC,SARIMA,WIS,24.0967577257347,0.08612464769872179,13,7,0.5111175250048052
2025-11-12,ILI incidence,2025-11-30,4,FR,ECDC,soca_simplex,WIS,23.5763474226001,0.11762346389108419,13,6,0.5228949381661436
2025-11-12,ILI incidence,2025-11-30,4,FR,ISI,FluBcast,WIS,18.3539130434783,0.47887601167447746,13,5,0.6410839267784375
2025-11-12,ILI incidence,2025-11-30,4,FR,ItaLuxColab,EpiEKF,WIS,28.2022606288411,-0.14084712112981493,13,10,0.41820582891862546
2025-11-12,ILI incidence,2025-11-30,4,FR,ItaLuxColab,EpiNetEKF,WIS,25.824269097987,-0.013763827926619576,13,9,0.47202218994057243
2025-11-12,ILI incidence,2025-11-30,4,FR,NotreDame,Rt_cocirc,WIS,7.89000869565218,1.696864893911002,13,2,0.8778926987085349
2025-11-12,ILI incidence,2025-11-30,4,FR,QMUL,ARIMA,WIS,14.4150728545549,0.8273855609611961,13,3,0.7302238765488731
2025-11-12,ILI incidence,2025-11-30,4,FR,QMUL,SEIR,WIS,46.6815836532415,-0.8678898154316619,13,13,0.0
2025-11-12,ILI incidence,2025-11-30,4,FR,QMUL,SEIR_agumented,WIS,2.4944352526961,3.358178561926208,13,1,1.0
2025-11-12,ILI incidence,2025-11-30,4,FR,RIVM,KFdlm,WIS,34.6207891174329,-0.4366749193976067,13,12,0.2729480170677802
2025-11-12,ILI incidence,2025-11-30,4,FR,respicast,hubEnsemble,WIS,18.0289667051651,0.5046469753654589,13,4,0.6484377921007173
2025-11-12,ILI incidence,2025-11-30,4,FR,respicast,quantileBaseline,WIS,25.579067826087,0.0,13,8,0.477571343501633
2025-11-12,ILI incidence,2025-11-30,4,FR,safinea,PRFM,WIS,31.3942753236871,-0.29553782159493236,13,11,0.3459672977984185
2025-11-12,ILI incidence,2025-11-30,4,GB-ENG,ECDC,SARIMA,WIS,4.47702525173296,-0.19838373859981373,9,8,0.42461941611864906
2025-11-12,ILI incidence,2025-11-30,4,GB-ENG,ECDC,soca_simplex,WIS,4.25681268853858,-0.12561689208119048,9,7,0.4702784187037543
2025-11-12,ILI incidence,2025-11-30,4,GB-ENG,ISI,FluBcast,WIS,1.70197485608273,1.1969469931842738,9,1,1.0
2025-11-12,ILI incidence,2025-11-30,4,GB-ENG,ItaLuxColab,EpiEKF,WIS,2.89807299687788,0.42906278282459903,9,3,0.7520003068380836
2025-11-12,ILI incidence,2025-11-30,4,GB-ENG,QMUL,ARIMA,WIS,6.52495719749325,-0.741811721015239,9,9,0.0
2025-11-12,ILI incidence,2025-11-30,4,GB-ENG,RIVM,KFdlm,WIS,2.0734595661322,0.9121168029005149,9,2,0.9229761413679931
2025-11-12,ILI incidence,2025-11-30,4,GB-ENG,respicast,hubEnsemble,WIS,3.80322311454786,0.03693414031393569,9,4,0.5643259481952398
2025-11-12,ILI incidence,2025-11-30,4,GB-ENG,respicast,quantileBaseline,WIS,3.9018456722684,0.0,9,5,0.5438774889766028
2025-11-12,ILI incidence,2025-11-30,4,GB-ENG,safinea,PRFM,WIS,4.17417922595105,-0.09733582966726793,9,6,0.4874116895179624
2025-11-12,ILI incidence,2025-11-30,4,GB-SCT,ECDC,SARIMA,WIS,13.9885165078263,-0.3452411596157851,9,8,0.005540163015173839
2025-11-12,ILI incidence,2025-11-30,4,GB-SCT,ECDC,soca_simplex,WIS,8.85619412630038,0.31424306094516175,9,5,0.5883567773593487
2025-11-12,ILI incidence,2025-11-30,4,GB-SCT,ISI,FluBcast,WIS,5.23123616737292,1.073778004205526,9,1,1.0
2025-11-12,ILI incidence,2025-11-30,4,GB-SCT,ItaLuxColab,EpiEKF,WIS,7.58871672704241,0.5370739644963257,9,2,0.7322890621379328
2025-11-12,ILI incidence,2025-11-30,4,GB-SCT,QMUL,ARIMA,WIS,14.0373035566857,-0.3502640209903325,9,9,0.0
2025-11-12,ILI incidence,2025-11-30,4,GB-SCT,RIVM,KFdlm,WIS,9.47653176754625,0.21657075058750333,9,6,0.517912433270099
2025-11-12,ILI incidence,2025-11-30,4,GB-SCT,respicast,hubEnsemble,WIS,8.85067883761976,0.3151417944371943,9,4,0.5889830828867527
2025-11-12,ILI incidence,2025-11-30,4,GB-SCT,respicast,quantileBaseline,WIS,11.011429812349,0.0,9,7,0.34361237662216404
2025-11-12,ILI incidence,2025-11-30,4,GB-SCT,safinea,PRFM,WIS,7.74155147505613,0.5083071829160448,9,3,0.7149334434199562
2025-11-12,ILI incidence,2025-11-30,4,GR,ECDC,SARIMA,WIS,84.6773182120627,-0.2043219728574625,17,9,0.6479953582194816
2025-11-12,ILI incidence,2025-11-30,4,GR,ECDC,soca_simplex,WIS,146.707289137492,-0.9972150417593274,17,15,0.321782975886671
2025-11-12,ILI incidence,2025-11-30,4,GR,ISI,FluBcast,WIS,78.7369565217391,-0.09938734192420325,17,6,0.6792354105685084
2025-11-12,ILI incidence,2025-11-30,4,GR,ItaLuxColab,EpiEKF,WIS,97.7886439812086,-0.41201333124866196,17,12,0.5790435797342647
2025-11-12,ILI incidence,2025-11-30,4,GR,ItaLuxColab,EpiNetEKF,WIS,60.0679211120508,0.2910588715225429,17,2,0.7774148942276469
2025-11-12,ILI incidence,2025-11-30,4,GR,MRC_GIDA,NBEATS,WIS,17.7428948798876,2.0504121912514317,17,1,1.0
2025-11-12,ILI incidence,2025-11-30,4,GR,MRC_GIDA,NHiTS,WIS,69.5274636709825,0.08007064442727008,17,3,0.727667653210278
2025-11-12,ILI incidence,2025-11-30,4,GR,MRC_GIDA,Prophet,WIS,207.894999106712,-1.5001295435330921,17,17,0.0
2025-11-12,ILI incidence,2025-11-30,4,GR,MRC_GIDA,TiDE,WIS,83.6215494194934,-0.18622116916985096,17,8,0.6535475912429454
2025-11-12,ILI incidence,2025-11-30,4,GR,NotreDame,Rt_cocirc,WIS,155.321402173913,-1.0795311252432442,17,16,0.2764818046403851
2025-11-12,ILI incidence,2025-11-30,4,GR,QMUL,ARIMA,WIS,93.915816526768,-0.3537145390494714,17,11,0.5994105773553946
2025-11-12,ILI incidence,2025-11-30,4,GR,QMUL,SEIR,WIS,116.493235562006,-0.6645206728291102,17,13,0.48067710802546093
2025-11-12,ILI incidence,2025-11-30,4,GR,QMUL,SEIR_agumented,WIS,77.3351853786504,-0.07347134392569006,17,5,0.6866072519098834
2025-11-12,ILI incidence,2025-11-30,4,GR,RIVM,KFdlm,WIS,81.4096155514023,-0.14754559982090654,17,7,0.6651800361064142
2025-11-12,ILI incidence,2025-11-30,4,GR,respicast,hubEnsemble,WIS,85.5707105795643,-0.2194634646956084,17,10,0.6432970543477774
2025-11-12,ILI incidence,2025-11-30,4,GR,respicast,quantileBaseline,WIS,73.495382173913,0.0,17,4,0.7068005767239861
2025-11-12,ILI incidence,2025-11-30,4,GR,safinea,PRFM,WIS,120.430501431993,-0.712475318540016,17,14,0.45997123213733304
2025-11-12,ILI incidence,2025-11-30,4,HR,ECDC,SARIMA,WIS,9.67909360277635,0.5007300264370788,13,3,0.8370069054071194
2025-11-12,ILI incidence,2025-11-30,4,HR,ECDC,soca_simplex,WIS,20.8843844674577,-0.6087507386664206,13,12,0.34668139322405095
2025-11-12,ILI incidence,2025-11-30,4,HR,ISI,FluBcast,WIS,8.08086956521739,0.7610914326274637,13,2,0.9069426196391726
2025-11-12,ILI incidence,2025-11-30,4,HR,ItaLuxColab,EpiEKF,WIS,10.2663176388601,0.415755081226313,13,6,0.8113109257367908
2025-11-12,ILI incidence,2025-11-30,4,HR,ItaLuxColab,EpiNetEKF,WIS,12.0884813162478,0.18004087516396505,13,8,0.731575972919757
2025-11-12,ILI incidence,2025-11-30,4,HR,NotreDame,Rt_cocirc,WIS,28.8070108695652,-1.0727460840468799,13,13,0.0
2025-11-12,ILI incidence,2025-11-30,4,HR,QMUL,ARIMA,WIS,10.4182377189592,0.39456262303646444,13,7,0.8046631472913176
2025-11-12,ILI incidence,2025-11-30,4,HR,QMUL,SEIR,WIS,5.95425165907213,1.2016817803016102,13,1,1.0
2025-11-12,ILI incidence,2025-11-30,4,HR,QMUL,SEIR_agumented,WIS,12.528332626339,0.12847946272027244,13,9,0.7123287867905109
2025-11-12,ILI incidence,2025-11-30,4,HR,RIVM,KFdlm,WIS,10.2128839378747,0.4232835690995687,13,5,0.8136490985803073
2025-11-12,ILI incidence,2025-11-30,4,HR,respicast,hubEnsemble,WIS,9.94669223057795,0.46138514168561107,13,4,0.8252972197041025
2025-11-12,ILI incidence,2025-11-30,4,HR,respicast,quantileBaseline,WIS,13.6952336956522,0.0,13,10,0.661267072160559
2025-11-12,ILI incidence,2025-11-30,4,HR,safinea,PRFM,WIS,19.8089829414587,-0.5324809249845843,13,11,0.3937392349530802
2025-11-12,ILI incidence,2025-11-30,4,HU,ECDC,SARIMA,WIS,39.3246631602315,0.2997056341193533,13,4,0.7664007248546069
2025-11-12,ILI incidence,2025-11-30,4,HU,ECDC,soca_simplex,WIS,12.9501906178044,1.9021667087123642,13,2,0.973118007198395
2025-11-12,ILI incidence,2025-11-30,4,HU,ISI,FluBcast,WIS,32.3439130434783,0.5816458122028954,13,3,0.8211143002838392
2025-11-12,ILI incidence,2025-11-30,4,HU,ItaLuxColab,EpiEKF,WIS,55.4798799827663,-0.19682462449619048,13,9,0.6397797085724088
2025-11-12,ILI incidence,2025-11-30,4,HU,ItaLuxColab,EpiNetEKF,WIS,42.5305438439659,0.1866407392253759,13,7,0.74127374112464
2025-11-12,ILI incidence,2025-11-30,4,HU,NotreDame,Rt_cocirc,WIS,137.107560869565,-1.502096184136969,13,13,0.0
2025-11-12,ILI incidence,2025-11-30,4,HU,QMUL,ARIMA,WIS,56.2836824391692,-0.21757667976802403,13,10,0.6334796827022582
2025-11-12,ILI incidence,2025-11-30,4,HU,QMUL,SEIR,WIS,40.3036497612915,0.2642295520290423,13,5,0.7587276444054506
2025-11-12,ILI incidence,2025-11-30,4,HU,QMUL,SEIR_agumented,WIS,9.5203932975565,2.3460469631076535,13,1,1.0
2025-11-12,ILI incidence,2025-11-30,4,HU,RIVM,KFdlm,WIS,62.1515149401578,-0.36064951507920784,13,12,0.5874889093928902
2025-11-12,ILI incidence,2025-11-30,4,HU,respicast,hubEnsemble,WIS,40.4785677835643,0.25798179688303824,13,6,0.7573566756348328
2025-11-12,ILI incidence,2025-11-30,4,HU,respicast,quantileBaseline,WIS,48.4044619565217,0.0,13,8,0.6952352701378095
2025-11-12,ILI incidence,2025-11-30,4,HU,safinea,PRFM,WIS,57.4486867418923,-0.24713387146492155,13,11,0.624348636650424
2025-11-12,ILI incidence,2025-11-30,4,IE,ECDC,SARIMA,WIS,29.2247034656371,0.33990282399852106,14,4,0.7633218600329269
2025-11-12,ILI incidence,2025-11-30,4,IE,ECDC,soca_simplex,WIS,41.3704437019363,-0.16150922046452812,14,14,0.0
2025-11-12,ILI incidence,2025-11-30,4,IE,ISI,FluBcast,WIS,27.774347826087,0.41333817437418086,14,3,0.854472184587205
2025-11-12,ILI incidence,2025-11-30,4,IE,ItaLuxColab,EpiEKF,WIS,26.734018350376,0.4684145070158003,14,2,0.9198536446709226
2025-11-12,ILI incidence,2025-11-30,4,IE,ItaLuxColab,EpiNetEKF,WIS,34.1978261854683,0.11318658837068694,14,7,0.4507766210586552
2025-11-12,ILI incidence,2025-11-30,4,IE,MRC_GIDA,NBEATS,WIS,41.1647666376709,-0.15431883726556347,14,13,0.012926161453047445
2025-11-12,ILI incidence,2025-11-30,4,IE,MRC_GIDA,NHiTS,WIS,39.6692823863363,-0.10093108926609541,14,12,0.10691267838571178
2025-11-12,ILI incidence,2025-11-30,4,IE,MRC_GIDA,Prophet,WIS,25.4587544496787,0.5389293720315332,14,1,1.0
2025-11-12,ILI incidence,2025-11-30,4,IE,MRC_GIDA,TiDE,WIS,36.1885285958692,0.0315587604553915,14,9,0.325667188688459
2025-11-12,ILI incidence,2025-11-30,4,IE,NotreDame,Rt_cocirc,WIS,38.0421826086957,-0.04050881063473274,14,11,0.2091708202991949
2025-11-12,ILI incidence,2025-11-30,4,IE,RIVM,KFdlm,WIS,32.9148405671722,0.1683530005823184,14,5,0.5314082622349098
2025-11-12,ILI incidence,2025-11-30,4,IE,respicast,hubEnsemble,WIS,34.1502862925811,0.11519353710084518,14,6,0.45376435492735523
2025-11-12,ILI incidence,2025-11-30,4,IE,respicast,quantileBaseline,WIS,36.9888695652174,0.0,14,10,0.2753682570879287
2025-11-12,ILI incidence,2025-11-30,4,IE,safinea,PRFM,WIS,34.6589342051377,0.09386391928356237,14,8,0.42179742140491805
2025-11-12,ILI incidence,2025-11-30,4,IS,ECDC,SARIMA,WIS,17.7609907426034,0.3760792362674946,14,3,0.6360095246570044
2025-11-12,ILI incidence,2025-11-30,4,IS,ECDC,soca_simplex,WIS,24.5075355036166,-0.08843411645469763,14,11,0.07603996359407812
2025-11-12,ILI incidence,2025-11-30,4,IS,ISI,FluBcast,WIS,19.0773913043478,0.2729273898451938,14,5,0.5267470398065673
2025-11-12,ILI incidence,2025-11-30,4,IS,ItaLuxColab,EpiEKF,WIS,13.3756130270314,0.7851862823454168,14,1,1.0
2025-11-12,ILI incidence,2025-11-30,4,IS,ItaLuxColab,EpiNetEKF,WIS,20.2471334452888,0.1870736283900121,14,6,0.4296573418318713
2025-11-12,ILI incidence,2025-11-30,4,IS,MRC_GIDA,NBEATS,WIS,25.4236692610292,-0.14138096522676455,14,14,0.0
2025-11-12,ILI incidence,2025-11-30,4,IS,MRC_GIDA,NHiTS,WIS,25.3562917685359,-0.13755247739962775,14,13,0.00559239525320033
2025-11-12,ILI incidence,2025-11-30,4,IS,MRC_GIDA,Prophet,WIS,21.2836725247023,0.11504418535618706,14,8,0.34362362325670864
2025-11-12,ILI incidence,2025-11-30,4,IS,MRC_GIDA,TiDE,WIS,23.4496533404637,-0.02477529879865558,14,10,0.16384517819522817
2025-11-12,ILI incidence,2025-11-30,4,IS,QMUL,ARIMA,WIS,24.7706896343478,-0.10384273830684423,14,12,0.05419792321675841
2025-11-12,ILI incidence,2025-11-30,4,IS,RIVM,KFdlm,WIS,14.3563827336987,0.6830990062562068,14,2,0.9185951918202611
2025-11-12,ILI incidence,2025-11-30,4,IS,respicast,hubEnsemble,WIS,20.5643051339993,0.16464897240752438,14,7,0.4033317933325631
2025-11-12,ILI incidence,2025-11-30,4,IS,respicast,quantileBaseline,WIS,23.050392173913,0.0,14,9,0.1969842305698383
2025-11-12,ILI incidence,2025-11-30,4,IS,safinea,PRFM,WIS,17.8319913144782,0.3703234775257361,14,4,0.6301164104072182
2025-11-12,ILI incidence,2025-11-30,4,LT,ECDC,soca_simplex,WIS,46.0547264324279,-0.7629692950016579,9,9,0.0
2025-11-12,ILI incidence,2025-11-30,4,LT,ISI,FluBcast,WIS,31.9339130434783,-0.23470941778261165,9,8,0.40585841404282075
2025-11-12,ILI incidence,2025-11-30,4,LT,ItaLuxColab,EpiEKF,WIS,22.7449031795485,0.25483663418119723,9,3,0.6699676312156003
2025-11-12,ILI incidence,2025-11-30,4,LT,ItaLuxColab,EpiNetEKF,WIS,27.3805551425836,-0.01277177006771719,9,7,0.5367303805028164
2025-11-12,ILI incidence,2025-11-30,4,LT,NotreDame,Rt_cocirc,WIS,16.6792739130435,0.7023234412294654,9,2,0.8443050866062323
2025-11-12,ILI incidence,2025-11-30,4,LT,RIVM,KFdlm,WIS,23.3672101774271,0.2158944272225064,9,5,0.6520813718160953
2025-11-12,ILI incidence,2025-11-30,4,LT,respicast,hubEnsemble,WIS,22.8600245425549,0.24755297513023358,9,4,0.666658829341001
2025-11-12,ILI incidence,2025-11-30,4,LT,respicast,quantileBaseline,WIS,27.1392326086957,0.0,9,6,0.5436664385172354
2025-11-12,ILI incidence,2025-11-30,4,LT,safinea,PRFM,WIS,11.262264577837,1.2688829787659952,9,1,1.0
2025-11-12,ILI incidence,2025-11-30,4,LU,ECDC,SARIMA,WIS,694.52939644696,0.4494479992334667,16,9,0.9994193453405855
2025-11-12,ILI incidence,2025-11-30,4,LU,ECDC,soca_simplex,WIS,296.214940923415,1.6788393465890514,16,4,0.999808966459449
2025-11-12,ILI incidence,2025-11-30,4,LU,ItaLuxColab,EpiEKF,WIS,1357.8327786544,-0.517750155193028,16,15,0.9987705187606367
2025-11-12,ILI incidence,2025-11-30,4,LU,ItaLuxColab,EpiNetEKF,WIS,1342.75089667176,-0.5016360219758863,16,14,0.9987852714758625
2025-11-12,ILI incidence,2025-11-30,4,LU,MRC_GIDA,NBEATS,WIS,812.992218880112,0.22224221343545209,16,11,0.9993034680060323
2025-11-12,ILI incidence,2025-11-30,4,LU,MRC_GIDA,NHiTS,WIS,156.646508327456,2.597971145624967,16,2,0.9999454887676704
2025-11-12,ILI incidence,2025-11-30,4,LU,MRC_GIDA,Prophet,WIS,882.270301646834,0.10426303502568697,16,12,0.9992357019389314
2025-11-12,ILI incidence,2025-11-30,4,LU,MRC_GIDA,TiDE,WIS,514.876232701552,0.8812580826626623,16,8,0.9995950775182536
2025-11-12,ILI incidence,2025-11-30,4,LU,NotreDame,Rt_cocirc,WIS,316.286606521739,1.5842512930594796,16,5,0.9997893328641841
2025-11-12,ILI incidence,2025-11-30,4,LU,QMUL,ARIMA,WIS,343.757867667849,1.464091024612316,16,6,0.9997624611718419
2025-11-12,ILI incidence,2025-11-30,4,LU,QMUL,SEIR,WIS,784.589313146216,0.27354607315023455,16,10,0.99933125100953
2025-11-12,ILI incidence,2025-11-30,4,LU,QMUL,SEIR_agumented,WIS,100.919005956379,3.232285856744968,16,1,1.0
2025-11-12,ILI incidence,2025-11-30,4,LU,RIVM,KFdlm,WIS,1022413.20198881,-10.074206992159109,16,16,0.0
2025-11-12,ILI incidence,2025-11-30,4,LU,respicast,hubEnsemble,WIS,238.917879661951,1.9889689344368484,16,3,0.9998650129945589
2025-11-12,ILI incidence,2025-11-30,4,LU,respicast,quantileBaseline,WIS,948.392173913044,0.0,16,13,0.9991710231970568
2025-11-12,ILI incidence,2025-11-30,4,LU,safinea,PRFM,WIS,408.384552212539,1.2155554627776963,16,7,0.9996992449847526
2025-11-12,ILI incidence,2025-11-30,4,LV,ECDC,soca_simplex,WIS,118.029200200768,-1.197875282036717,8,8,0.0
2025-11-12,ILI incidence,2025-11-30,4,LV,ItaLuxColab,EpiEKF,WIS,59.0931486740666,-0.19979423579892416,8,2,0.8852142747439725
2025-11-12,ILI incidence,2025-11-30,4,LV,ItaLuxColab,EpiNetEKF,WIS,70.0162322885461,-0.44449279297298694,8,4,0.7211505261676276
2025-11-12,ILI incidence,2025-11-30,4,LV,NotreDame,Rt_cocirc,WIS,106.271747826087,-1.046489567944781,8,7,0.17659589346555882
2025-11-12,ILI incidence,2025-11-30,4,LV,RIVM,KFdlm,WIS,85.0132072455771,-0.7244903522499384,8,6,0.49589729039686786
2025-11-12,ILI incidence,2025-11-30,4,LV,respicast,hubEnsemble,WIS,79.0618012808167,-0.6197841881227257,8,5,0.5852868809502071
2025-11-12,ILI incidence,2025-11-30,4,LV,respicast,quantileBaseline,WIS,51.4509115217391,0.0,8,1,1.0
2025-11-12,ILI incidence,2025-11-30,4,LV,safinea,PRFM,WIS,67.7959237434634,-0.39800189674475767,8,3,0.7544993638913894
2025-11-12,ILI incidence,2025-11-30,4,MT,ECDC,SARIMA,WIS,444.320668743008,1.8756220470227927,10,1,1.0
2025-11-12,ILI incidence,2025-11-30,4,MT,ECDC,soca_simplex,WIS,1338.53931792313,0.2846356888249897,10,3,0.696724144990121
2025-11-12,ILI incidence,2025-11-30,4,MT,ItaLuxColab,EpiEKF,WIS,2227.44105237977,-0.45009204657543656,10,8,0.3952515311229503
2025-11-12,ILI incidence,2025-11-30,4,MT,ItaLuxColab,EpiNetEKF,WIS,2820.88056253379,-0.7908503770074966,10,9,0.19398545933657257
2025-11-12,ILI incidence,2025-11-30,4,MT,NotreDame,Rt_cocirc,WIS,2161.14678913043,-0.4065018602762027,10,7,0.41773534913281574
2025-11-12,ILI incidence,2025-11-30,4,MT,QMUL,ARIMA,WIS,1988.68032133805,-0.28651617702104076,10,6,0.4762276603010344
2025-11-12,ILI incidence,2025-11-30,4,MT,RIVM,KFdlm,WIS,819.482589719999,0.9925100017424399,10,2,0.8727631631751761
2025-11-12,ILI incidence,2025-11-30,4,MT,respicast,hubEnsemble,WIS,1361.05637246484,0.26056838392516724,10,4,0.6890874456496383
2025-11-12,ILI incidence,2025-11-30,4,MT,respicast,quantileBaseline,WIS,1630.47826086957,0.0,10,5,0.5977125300859369
2025-11-12,ILI incidence,2025-11-30,4,MT,safinea,PRFM,WIS,3392.85295183885,-1.0572036983931248,10,10,0.0
2025-11-12,ILI incidence,2025-11-30,4,NL,ECDC,SARIMA,WIS,3.29434921792628,0.32951605696926684,17,6,0.784358055604663
2025-11-12,ILI incidence,2025-11-30,4,NL,ECDC,soca_simplex,WIS,4.28175520746459,-0.04869276443964148,17,12,0.6851304677640327
2025-11-12,ILI incidence,2025-11-30,4,NL,ISI,FluBcast,WIS,3.49391304347826,0.24466585031777421,17,9,0.7643032481196178
2025-11-12,ILI incidence,2025-11-30,4,NL,ItaLuxColab,EpiEKF,WIS,4.64411659607094,-0.16589464001380794,17,13,0.6487156121737788
2025-11-12,ILI incidence,2025-11-30,4,NL,ItaLuxColab,EpiNetEKF,WIS,3.48461047718101,0.2485121579713243,17,8,0.765238092777422
2025-11-12,ILI incidence,2025-11-30,4,NL,MRC_GIDA,NBEATS,WIS,6.16426453961765,-0.5744192232675565,17,15,0.49595108046421865
2025-11-12,ILI incidence,2025-11-30,4,NL,MRC_GIDA,NHiTS,WIS,1.61623640111971,1.3568713218502748,17,2,0.9529969829561371
2025-11-12,ILI incidence,2025-11-30,4,NL,MRC_GIDA,Prophet,WIS,5.91645586331858,-0.5152236632493566,17,14,0.5208541673967112
2025-11-12,ILI incidence,2025-11-30,4,NL,MRC_GIDA,TiDE,WIS,2.63063717602631,0.6540972710565626,17,5,0.8510566027436239
2025-11-12,ILI incidence,2025-11-30,4,NL,NotreDame,Rt_cocirc,WIS,1.14851304347826,1.8497423119544745,17,1,1.0
2025-11-12,ILI incidence,2025-11-30,4,NL,QMUL,ARIMA,WIS,2.00923204290804,1.0428653650460307,17,3,0.9135035932261739
2025-11-12,ILI incidence,2025-11-30,4,NL,QMUL,SEIR,WIS,11.099435070568,-1.422904791069473,17,17,0.0
2025-11-12,ILI incidence,2025-11-30,4,NL,QMUL,SEIR_agumented,WIS,3.41768322547832,0.2764908689642674,17,7,0.771963826485363
2025-11-12,ILI incidence,2025-11-30,4,NL,RIVM,KFdlm,WIS,3.71113670591989,0.15764840712323575,17,10,0.7424737471095332
2025-11-12,ILI incidence,2025-11-30,4,NL,respicast,hubEnsemble,WIS,2.36384183302547,0.8083760466140838,17,4,0.877867720575171
2025-11-12,ILI incidence,2025-11-30,4,NL,respicast,quantileBaseline,WIS,4.13965217391304,0.0,17,11,0.6994108563717112
2025-11-12,ILI incidence,2025-11-30,4,NL,safinea,PRFM,WIS,11.0237639872023,-1.4130354478365097,17,16,0.007604429334256458
2025-11-12,ILI incidence,2025-11-30,4,NO,ECDC,SARIMA,WIS,23.798871086892,0.18452712178108768,15,7,0.7125138272757741
2025-11-12,ILI incidence,2025-11-30,4,NO,ECDC,soca_simplex,WIS,28.4794853664003,-0.07450281469922922,15,10,0.5524063506915576
2025-11-12,ILI incidence,2025-11-30,4,NO,ISI,FluBcast,WIS,20.79,0.3795305036738843,15,4,0.8154368045436411
2025-11-12,ILI incidence,2025-11-30,4,NO,ItaLuxColab,EpiEKF,WIS,18.4674653278425,0.5504343928365917,15,2,0.894882608754953
2025-11-12,ILI incidence,2025-11-30,4,NO,ItaLuxColab,EpiNetEKF,WIS,22.7358377314872,0.2504520988347407,15,6,0.7488764877931867
2025-11-12,ILI incidence,2025-11-30,4,NO,MRC_GIDA,NBEATS,WIS,44.6286440958988,-0.722549713533441,15,15,0.0
2025-11-12,ILI incidence,2025-11-30,4,NO,MRC_GIDA,NHiTS,WIS,38.4730027803591,-0.5084261731002229,15,13,0.21056300283135929
2025-11-12,ILI incidence,2025-11-30,4,NO,MRC_GIDA,Prophet,WIS,15.3944422999177,0.8130106585807769,15,1,1.0
2025-11-12,ILI incidence,2025-11-30,4,NO,MRC_GIDA,TiDE,WIS,34.0827329724454,-0.33362076288690246,15,12,0.3607388085041944
2025-11-12,ILI incidence,2025-11-30,4,NO,NotreDame,Rt_cocirc,WIS,20.7366195652174,0.3832395332922515,15,3,0.8172627628904818
2025-11-12,ILI incidence,2025-11-30,4,NO,QMUL,ARIMA,WIS,30.4010093974212,-0.16869896405125226,15,11,0.48667772076587057
2025-11-12,ILI incidence,2025-11-30,4,NO,RIVM,KFdlm,WIS,21.94527041977,0.30151021400765654,15,5,0.7759190360123717
2025-11-12,ILI incidence,2025-11-30,4,NO,respicast,hubEnsemble,WIS,26.6642544373924,0.020513272664721336,15,8,0.6144990646187579
2025-11-12,ILI incidence,2025-11-30,4,NO,respicast,quantileBaseline,WIS,27.0460941304348,0.0,15,9,0.6014376615502846
2025-11-12,ILI incidence,2025-11-30,4,NO,safinea,PRFM,WIS,39.4729053960404,-0.5454424505758108,15,14,0.1763598245588894
2025-11-12,ILI incidence,2025-11-30,4,PL,ECDC,SARIMA,WIS,26.1723301911525,0.03732717978005553,17,6,0.8887627199103959
2025-11-12,ILI incidence,2025-11-30,4,PL,ECDC,soca_simplex,WIS,23.1002253495715,0.21746263117564146,17,5,0.9080443613897317
2025-11-12,ILI incidence,2025-11-30,4,PL,ISI,FluBcast,WIS,32.9778260869565,-0.29612674200258177,17,9,0.8460489654265307
2025-11-12,ILI incidence,2025-11-30,4,PL,ItaLuxColab,EpiEKF,WIS,46.7599418837959,-0.7999035799933173,17,13,0.7595474202889665
2025-11-12,ILI incidence,2025-11-30,4,PL,ItaLuxColab,EpiNetEKF,WIS,37.233294170912,-0.4712237057394373,17,11,0.819340108094904
2025-11-12,ILI incidence,2025-11-30,4,PL,MRC_GIDA,NBEATS,WIS,8.44911989840798,1.6684965806324574,17,1,1.0
2025-11-12,ILI incidence,2025-11-30,4,PL,MRC_GIDA,NHiTS,WIS,32.9696587340034,-0.2957693970729048,17,8,0.8461002266886286
2025-11-12,ILI incidence,2025-11-30,4,PL,MRC_GIDA,Prophet,WIS,167.777092305393,-2.6431042867951975,17,17,0.0
2025-11-12,ILI incidence,2025-11-30,4,PL,MRC_GIDA,TiDE,WIS,13.3939793081175,1.0037849124088603,17,2,0.9689642732848037
2025-11-12,ILI incidence,2025-11-30,4,PL,NotreDame,Rt_cocirc,WIS,136.877673913043,-2.349445686200056,17,16,0.19393592930073192
2025-11-12,ILI incidence,2025-11-30,4,PL,QMUL,ARIMA,WIS,13.8617504666547,0.9542601037958421,17,3,0.9660283722532991
2025-11-12,ILI incidence,2025-11-30,4,PL,QMUL,SEIR,WIS,96.9292001864809,-1.851561790137315,17,14,0.4446670038449953
2025-11-12,ILI incidence,2025-11-30,4,PL,QMUL,SEIR_agumented,WIS,34.695710030485,-0.3693877342303056,17,10,0.8352669042631565
2025-11-12,ILI incidence,2025-11-30,4,PL,RIVM,KFdlm,WIS,97.7285938635206,-1.8634111772375128,17,15,0.43964971990568963
2025-11-12,ILI incidence,2025-11-30,4,PL,respicast,hubEnsemble,WIS,22.0624397950846,0.2837772153028359,17,4,0.914557879002546
2025-11-12,ILI incidence,2025-11-30,4,PL,respicast,quantileBaseline,WIS,26.8583291304348,0.0,17,7,0.8844571423716947
2025-11-12,ILI incidence,2025-11-30,4,PL,safinea,PRFM,WIS,43.2090238695896,-0.6859630827222922,17,12,0.7818342664752462
2025-11-12,ILI incidence,2025-11-30,4,RO,ECDC,SARIMA,WIS,2.34731877782743,0.4685382382765264,12,2,0.9977808288631139
2025-11-12,ILI incidence,2025-11-30,4,RO,ECDC,soca_simplex,WIS,5.38279867107426,-0.728804447521118,12,11,0.45222651429173727
2025-11-12,ILI incidence,2025-11-30,4,RO,ItaLuxColab,EpiEKF,WIS,2.89219117280194,0.16738910169910656,12,3,0.8998531546820049
2025-11-12,ILI incidence,2025-11-30,4,RO,ItaLuxColab,EpiNetEKF,WIS,4.22907636604106,-0.38079059312912095,12,9,0.6595802782644098
2025-11-12,ILI incidence,2025-11-30,4,RO,NotreDame,Rt_cocirc,WIS,4.13044347826087,-0.3467446707573668,12,8,0.6773071614524123
2025-11-12,ILI incidence,2025-11-30,4,RO,QMUL,ARIMA,WIS,2.33497124581133,0.4761472349043098,12,1,1.0
2025-11-12,ILI incidence,2025-11-30,4,RO,QMUL,SEIR,WIS,3.98646820965869,-0.29555914552112783,12,5,0.7031832442267498
2025-11-12,ILI incidence,2025-11-30,4,RO,QMUL,SEIR_agumented,WIS,4.69347829715313,-0.5311054694649893,12,10,0.5761152295328655
2025-11-12,ILI incidence,2025-11-30,4,RO,RIVM,KFdlm,WIS,3.99773413283929,-0.2996305108481154,12,6,0.7011584661966005
2025-11-12,ILI incidence,2025-11-30,4,RO,respicast,hubEnsemble,WIS,4.09155741068843,-0.33309807647879247,12,7,0.6842959944168656
2025-11-12,ILI incidence,2025-11-30,4,RO,respicast,quantileBaseline,WIS,3.24800086956522,0.0,12,4,0.8359049415288248
2025-11-12,ILI incidence,2025-11-30,4,RO,safinea,PRFM,WIS,7.899,-1.2821180033390431,12,12,0.0
2025-11-12,ILI incidence,2025-11-30,4,SI,ECDC,SARIMA,WIS,84.8443122571862,-0.021933160982775333,15,7,0.5331187718438796
2025-11-12,ILI incidence,2025-11-30,4,SI,ItaLuxColab,EpiEKF,WIS,71.4419919202682,0.2261124817589527,15,3,0.740456392696959
2025-11-12,ILI incidence,2025-11-30,4,SI,ItaLuxColab,EpiNetEKF,WIS,79.8188059281238,0.06615609088167078,15,4,0.6108647516187149
2025-11-12,ILI incidence,2025-11-30,4,SI,MRC_GIDA,NBEATS,WIS,118.723054694248,-0.506643424882627,15,14,0.00900520957918554
2025-11-12,ILI incidence,2025-11-30,4,SI,MRC_GIDA,NHiTS,WIS,115.789180900036,-0.4705437646012779,15,12,0.054393052660318686
2025-11-12,ILI incidence,2025-11-30,4,SI,MRC_GIDA,Prophet,WIS,83.0638709854692,0.008663680940358243,15,5,0.5606626931997636
2025-11-12,ILI incidence,2025-11-30,4,SI,MRC_GIDA,TiDE,WIS,110.384890689078,-0.4015860191898517,15,11,0.1379989243729247
2025-11-12,ILI incidence,2025-11-30,4,SI,NotreDame,Rt_cocirc,WIS,116.504817391304,-0.4794329179236572,15,13,0.04332195722571473
2025-11-12,ILI incidence,2025-11-30,4,SI,QMUL,ARIMA,WIS,92.2453656793892,-0.14259164585849726,15,8,0.4186224182431428
2025-11-12,ILI incidence,2025-11-30,4,SI,QMUL,SEIR,WIS,119.305152159169,-0.5136996541520183,15,15,0.0
2025-11-12,ILI incidence,2025-11-30,4,SI,QMUL,SEIR_agumented,WIS,101.108122985723,-0.27494221483068204,15,10,0.2815130992671073
2025-11-12,ILI incidence,2025-11-30,4,SI,RIVM,KFdlm,WIS,70.8674934250731,0.23776076550523764,15,2,0.7493440441023137
2025-11-12,ILI incidence,2025-11-30,4,SI,respicast,hubEnsemble,WIS,94.5705193793087,-0.17850573250379362,15,9,0.3826516442174633
2025-11-12,ILI incidence,2025-11-30,4,SI,respicast,quantileBaseline,WIS,83.5641873913044,0.0,15,6,0.5529226593360834
2025-11-12,ILI incidence,2025-11-30,4,SI,safinea,PRFM,WIS,54.6650724583656,0.6122654514673344,15,1,1.0
2025-11-19,ILI incidence,2025-11-16,1,AT,ECDC,soca_simplex,WIS,1006.93359485614,-1.480198985818039,8,8,0.0
2025-11-19,ILI incidence,2025-11-16,1,AT,ItaLuxColab,EpiEKF,WIS,629.458961719029,-0.8024146700333794,8,6,0.45430868090959253
2025-11-19,ILI incidence,2025-11-16,1,AT,ItaLuxColab,EpiNetEKF,WIS,272.908675583365,0.40327939521355094,8,2,0.8834339146399172
2025-11-19,ILI incidence,2025-11-16,1,AT,NotreDame,Rt_cocirc,WIS,296.604219565217,0.28315853078411857,8,3,0.8549152000434845
2025-11-19,ILI incidence,2025-11-16,1,AT,RIVM,KFdlm,WIS,176.056596465197,1.0356583699401476,8,1,1.0
2025-11-19,ILI incidence,2025-11-16,1,AT,respicast,hubEnsemble,WIS,450.000790220695,-0.3182298820186796,8,5,0.6702951287783727
2025-11-19,ILI incidence,2025-11-16,1,AT,respicast,quantileBaseline,WIS,360.924643695652,0.0,8,4,0.7775025092902245
2025-11-19,ILI incidence,2025-11-16,1,AT,safinea,PRFM,WIS,887.027701578066,-1.297281507252617,8,7,0.14431244758283232
2025-11-19,ILI incidence,2025-11-16,1,BE,ECDC,SARIMA,WIS,17.6225116145627,-0.6210807367094141,17,11,0.7611344316279397
2025-11-19,ILI incidence,2025-11-16,1,BE,ECDC,soca_simplex,WIS,11.6483476245359,-0.023786496460793213,17,8,0.8643974777007841
2025-11-19,ILI incidence,2025-11-16,1,BE,ISI,FluABCaster,WIS,22.5991241602094,-0.9799280418544369,17,13,0.6751139990710647
2025-11-19,ILI incidence,2025-11-16,1,BE,ItaLuxColab,EpiEKF,WIS,9.4456268380413,0.2786203733832751,17,5,0.9024713669413746
2025-11-19,ILI incidence,2025-11-16,1,BE,ItaLuxColab,EpiNetEKF,WIS,5.87152223651587,0.9645323330035529,17,2,0.964249538540382
2025-11-19,ILI incidence,2025-11-16,1,BE,MRC_GIDA,NBEATS,WIS,17.9178002133085,-0.6450547075809706,17,12,0.7560303869067073
2025-11-19,ILI incidence,2025-11-16,1,BE,MRC_GIDA,NHiTS,WIS,11.3255539625231,0.016757201545508926,17,6,0.869976945697996
2025-11-19,ILI incidence,2025-11-16,1,BE,MRC_GIDA,Prophet,WIS,39.0970257999339,-1.7707200430614716,17,15,0.38994881445742885
2025-11-19,ILI incidence,2025-11-16,1,BE,MRC_GIDA,TiDE,WIS,30.9059701488063,-1.431546732899828,17,14,0.5315306924406324
2025-11-19,ILI incidence,2025-11-16,1,BE,NotreDame,Rt_cocirc,WIS,61.6570630434783,-2.427927350583093,17,17,0.0
2025-11-19,ILI incidence,2025-11-16,1,BE,QMUL,ARIMA,WIS,13.1615038480987,-0.19998552289689625,17,10,0.8382426682429213
2025-11-19,ILI incidence,2025-11-16,1,BE,QMUL,SEIR,WIS,43.5971560663502,-1.9278952085195258,17,16,0.31216434790938824
2025-11-19,ILI incidence,2025-11-16,1,BE,QMUL,SEIR_agumented,WIS,3.80322067461708,1.5910452634033314,17,1,1.0
2025-11-19,ILI incidence,2025-11-16,1,BE,RIVM,KFdlm,WIS,9.21938382777782,0.3135965822429842,17,4,0.906381963040092
2025-11-19,ILI incidence,2025-11-16,1,BE,respicast,hubEnsemble,WIS,8.7421286430859,0.3902823064485107,17,3,0.9146312886708611
2025-11-19,ILI incidence,2025-11-16,1,BE,respicast,quantileBaseline,WIS,11.4578695652174,0.0,17,7,0.8676898788883157
2025-11-19,ILI incidence,2025-11-16,1,BE,safinea,PRFM,WIS,12.0457023918672,-0.0721797008727451,17,9,0.857529225721981
2025-11-19,ILI incidence,2025-11-16,1,CZ,ECDC,SARIMA,WIS,2.61280955385061,-0.8355578867804834,13,9,0.7545980368342871
2025-11-19,ILI incidence,2025-11-16,1,CZ,ECDC,soca_simplex,WIS,1.00260838853288,0.5462858746245929,13,1,1.0
2025-11-19,ILI incidence,2025-11-16,1,CZ,ISI,FluABCaster,WIS,1.38194417290697,0.08334474889094513,13,4,0.9421875053940614
2025-11-19,ILI incidence,2025-11-16,1,CZ,ItaLuxColab,EpiEKF,WIS,1.87890656453963,-0.3598492407674764,13,8,0.8664481821635271
2025-11-19,ILI incidence,2025-11-16,1,CZ,ItaLuxColab,EpiNetEKF,WIS,1.86405076892513,-0.34839706897162265,13,7,0.8687122728167391
2025-11-19,ILI incidence,2025-11-16,1,CZ,NotreDame,Rt_cocirc,WIS,4.06615869565217,-1.4736224378370166,13,12,0.5331010336987002
2025-11-19,ILI incidence,2025-11-16,1,CZ,QMUL,ARIMA,WIS,3.74580145754637,-1.35523034848421,13,11,0.5819249302644416
2025-11-19,ILI incidence,2025-11-16,1,CZ,QMUL,SEIR,WIS,7.56409283855909,-2.3691229859229512,13,13,0.0
2025-11-19,ILI incidence,2025-11-16,1,CZ,QMUL,SEIR_agumented,WIS,3.53299407903068,-1.2708472468900212,13,10,0.6143577402690191
2025-11-19,ILI incidence,2025-11-16,1,CZ,RIVM,KFdlm,WIS,1.36407928223571,0.1021165862231034,13,3,0.9449101957863535
2025-11-19,ILI incidence,2025-11-16,1,CZ,respicast,hubEnsemble,WIS,1.81920785179612,-0.31326630158546664,13,6,0.8755465368419827
2025-11-19,ILI incidence,2025-11-16,1,CZ,respicast,quantileBaseline,WIS,1.46413043478261,0.0,13,5,0.9296619462006214
2025-11-19,ILI incidence,2025-11-16,1,CZ,safinea,PRFM,WIS,1.18159875446023,0.3093038740668044,13,2,0.9727210561435325
2025-11-19,ILI incidence,2025-11-16,1,EE,ECDC,SARIMA,WIS,28.8551663462795,0.049159434632928614,12,2,0.9262609681238636
2025-11-19,ILI incidence,2025-11-16,1,EE,ECDC,soca_simplex,WIS,42.4235007814843,-0.5068745941630711,12,9,0.7005925455183808
2025-11-19,ILI incidence,2025-11-16,1,EE,ISI,FluABCaster,WIS,56.6859698837591,-0.9250026210915403,12,11,0.4633792810502862
2025-11-19,ILI incidence,2025-11-16,1,EE,ISI,FluBcast,WIS,38.8292346245976,-0.37915418749028873,12,8,0.7603723495851464
2025-11-19,ILI incidence,2025-11-16,1,EE,ItaLuxColab,EpiEKF,WIS,29.4055686828369,0.02189969114700379,12,3,0.9171066811564813
2025-11-19,ILI incidence,2025-11-16,1,EE,ItaLuxColab,EpiNetEKF,WIS,24.4216003476694,0.2898313393744186,12,1,1.0
2025-11-19,ILI incidence,2025-11-16,1,EE,NotreDame,Rt_cocirc,WIS,84.5466913043478,-1.501759213921729,12,12,0.0
2025-11-19,ILI incidence,2025-11-16,1,EE,QMUL,ARIMA,WIS,35.2716408606387,-0.2405196098612133,12,6,0.8195422187255065
2025-11-19,ILI incidence,2025-11-16,1,EE,RIVM,KFdlm,WIS,33.4314167121988,-0.16321541025083905,12,5,0.8501488110675591
2025-11-19,ILI incidence,2025-11-16,1,EE,respicast,hubEnsemble,WIS,35.6105031728979,-0.25431373836841503,12,7,0.8139062636380812
2025-11-19,ILI incidence,2025-11-16,1,EE,respicast,quantileBaseline,WIS,29.8553417391304,0.0,12,4,0.9096260595202069
2025-11-19,ILI incidence,2025-11-16,1,EE,safinea,PRFM,WIS,49.0608573339262,-0.71658336246244,12,10,0.5902000879464783
2025-11-19,ILI incidence,2025-11-16,1,ES,ECDC,SARIMA,WIS,1.66322246144549,1.32303958709916,13,4,0.8532990673206752
2025-11-19,ILI incidence,2025-11-16,1,ES,ECDC,soca_simplex,WIS,3.54393738123327,0.23166762105392602,13,11,0.21087007914553704
2025-11-19,ILI incidence,2025-11-16,1,ES,ISI,FluABCaster,WIS,1.53519778921642,1.4385961947381296,13,3,0.8970307141408408
2025-11-19,ILI incidence,2025-11-16,1,ES,ISI,FluBcast,WIS,1.79798223457871,1.2106419678048062,13,6,0.8072667932158605
2025-11-19,ILI incidence,2025-11-16,1,ES,ItaLuxColab,EpiEKF,WIS,2.80250862226392,0.5703019221448712,13,9,0.46413298593545893
2025-11-19,ILI incidence,2025-11-16,1,ES,ItaLuxColab,EpiNetEKF,WIS,2.158096799219,0.9472611569279392,13,8,0.684256105655038
2025-11-19,ILI incidence,2025-11-16,1,ES,QMUL,ARIMA,WIS,1.29427114199423,1.6848808489133287,13,2,0.9793282811835083
2025-11-19,ILI incidence,2025-11-16,1,ES,QMUL,SEIR,WIS,1.79144500451147,1.2158969788127278,13,5,0.8094998302664939
2025-11-19,ILI incidence,2025-11-16,1,ES,QMUL,SEIR_agumented,WIS,1.23375455461814,1.7539653231623296,13,1,1.0
2025-11-19,ILI incidence,2025-11-16,1,ES,RIVM,KFdlm,WIS,3.33313117591739,0.3201426377494024,13,10,0.282878875246013
2025-11-19,ILI incidence,2025-11-16,1,ES,respicast,hubEnsemble,WIS,1.83276459458542,1.1829992398239044,13,7,0.7953855686292147
2025-11-19,ILI incidence,2025-11-16,1,ES,respicast,quantileBaseline,WIS,4.16126086956522,0.0,13,13,0.0
2025-11-19,ILI incidence,2025-11-16,1,ES,safinea,PRFM,WIS,3.66138640070232,0.1846306987762018,13,12,0.17075094468991311
2025-11-19,ILI incidence,2025-11-16,1,FI,ECDC,soca_simplex,WIS,7.52950787805985,-1.0239538550266956,7,7,0.0
2025-11-19,ILI incidence,2025-11-16,1,FI,ItaLuxColab,EpiEKF,WIS,3.13252760401773,0.24127449696990072,7,4,0.8535252719060542
2025-11-19,ILI incidence,2025-11-16,1,FI,ItaLuxColab,EpiNetEKF,WIS,2.37795534790104,0.63888009458067,7,1,1.0
2025-11-19,ILI incidence,2025-11-16,1,FI,RIVM,KFdlm,WIS,2.8385824892337,0.38343105273335903,7,3,0.910584791936799
2025-11-19,ILI incidence,2025-11-16,1,FI,respicast,hubEnsemble,WIS,2.81100932286455,0.39751348118434426,7,2,0.9159371912781097
2025-11-19,ILI incidence,2025-11-16,1,FI,respicast,quantileBaseline,WIS,3.70276173913044,0.0,7,5,0.7428335664882448
2025-11-19,ILI incidence,2025-11-16,1,FI,safinea,PRFM,WIS,7.01896991940669,-0.9226576012697136,7,6,0.09910370818589362
2025-11-19,ILI incidence,2025-11-16,1,FR,ECDC,soca_simplex,WIS,15.8307713586556,-0.4126282612832409,9,7,0.8170046000682153
2025-11-19,ILI incidence,2025-11-16,1,FR,ISI,FluABCaster,WIS,15.1695939744062,-0.3510791796695405,9,6,0.8266953129073807
2025-11-19,ILI incidence,2025-11-16,1,FR,ItaLuxColab,EpiEKF,WIS,9.05653116053847,0.3930728125849625,9,3,0.9162929575156052
2025-11-19,ILI incidence,2025-11-16,1,FR,ItaLuxColab,EpiNetEKF,WIS,8.59590195531918,0.4683823589919325,9,2,0.9230442854639753
2025-11-19,ILI incidence,2025-11-16,1,FR,NotreDame,Rt_cocirc,WIS,71.5733130434783,-2.5893184702225622,9,9,0.0
2025-11-19,ILI incidence,2025-11-16,1,FR,RIVM,KFdlm,WIS,22.1267869387917,-0.895690678999851,9,8,0.7247254621674601
2025-11-19,ILI incidence,2025-11-16,1,FR,respicast,hubEnsemble,WIS,11.373071118026,0.06448140779087902,9,4,0.882340006245275
2025-11-19,ILI incidence,2025-11-16,1,FR,respicast,quantileBaseline,WIS,11.8929226086957,0.0,9,5,0.8747206719560188
2025-11-19,ILI incidence,2025-11-16,1,FR,safinea,PRFM,WIS,3.34537200107963,1.829864740874731,9,1,1.0
2025-11-19,ILI incidence,2025-11-16,1,GB-ENG,ECDC,soca_simplex,WIS,0.573604222909262,0.3474022855842095,7,2,0.8286750656879808
2025-11-19,ILI incidence,2025-11-16,1,GB-ENG,ISI,FluABCaster,WIS,1.12198510683002,-0.620523689832789,7,6,0.4304975444645038
2025-11-19,ILI incidence,2025-11-16,1,GB-ENG,ISI,FluBcast,WIS,0.337650875701194,1.1119256317087254,7,1,1.0
2025-11-19,ILI incidence,2025-11-16,1,GB-ENG,ItaLuxColab,EpiEKF,WIS,0.724667224712723,0.010139285360832239,7,4,0.7189887265569991
2025-11-19,ILI incidence,2025-11-16,1,GB-ENG,respicast,hubEnsemble,WIS,0.577444587787281,0.3377754202914669,7,3,0.825886589625886
2025-11-19,ILI incidence,2025-11-16,1,GB-ENG,respicast,quantileBaseline,WIS,0.72977813708411,0.0,7,5,0.7152777102198152
2025-11-19,ILI incidence,2025-11-16,1,GB-ENG,safinea,PRFM,WIS,1.71487800353039,-1.2325761106980104,7,7,0.0
2025-11-19,ILI incidence,2025-11-16,1,GB-NIR,ECDC,SARIMA,WIS,1.14953845921513,0.9846123483671118,10,2,0.9754820566936311
2025-11-19,ILI incidence,2025-11-16,1,GB-NIR,ECDC,soca_simplex,WIS,2.75357625117355,-0.2756394773446773,10,10,0.0
2025-11-19,ILI incidence,2025-11-16,1,GB-NIR,ISI,FluABCaster,WIS,1.92348468365722,0.24194474058377707,10,8,0.5048131868116609
2025-11-19,ILI incidence,2025-11-16,1,GB-NIR,ISI,FluBcast,WIS,1.90845795475954,0.2532596794710908,10,7,0.5139515652737978
2025-11-19,ILI incidence,2025-11-16,1,GB-NIR,ItaLuxColab,EpiEKF,WIS,1.56729660984832,0.5373888476250389,10,5,0.7214259602455273
2025-11-19,ILI incidence,2025-11-16,1,GB-NIR,QMUL,ARIMA,WIS,1.41271687579906,0.6871947198763391,10,3,0.8154323219718447
2025-11-19,ILI incidence,2025-11-16,1,GB-NIR,RIVM,KFdlm,WIS,1.10922228181889,1.0361185800286234,10,1,1.0
2025-11-19,ILI incidence,2025-11-16,1,GB-NIR,respicast,hubEnsemble,WIS,1.43306722035468,0.6665607992072233,10,4,0.8030564315401717
2025-11-19,ILI incidence,2025-11-16,1,GB-NIR,respicast,quantileBaseline,WIS,2.27468548664901,0.0,10,9,0.2912333800686995
2025-11-19,ILI incidence,2025-11-16,1,GB-NIR,safinea,PRFM,WIS,1.72153395094555,0.40197244929902604,10,6,0.627627821905665
2025-11-19,ILI incidence,2025-11-16,1,GB-WLS,ItaLuxColab,EpiEKF,WIS,2.64033085211838,0.05722900825389263,3,1,1.0
2025-11-19,ILI incidence,2025-11-16,1,GB-WLS,respicast,hubEnsemble,WIS,2.64033085211838,0.05722900825389263,3,1,1.0
2025-11-19,ILI incidence,2025-11-16,1,GB-WLS,respicast,quantileBaseline,WIS,2.74717293096752,0.0,3,3,0.0
2025-11-19,ILI incidence,2025-11-16,1,GR,ECDC,SARIMA,WIS,38.1240350515425,-0.5216393453061068,18,10,0.8117726975169333
2025-11-19,ILI incidence,2025-11-16,1,GR,ECDC,soca_simplex,WIS,29.6969286069707,-0.16125225157568174,18,4,0.9356753426089834
2025-11-19,ILI incidence,2025-11-16,1,GR,ISI,FluABCaster,WIS,25.321955542901,0.06867265268492515,18,1,1.0
2025-11-19,ILI incidence,2025-11-16,1,GR,ISI,FluBcast,WIS,31.1712065719261,-0.23115252273346457,18,6,0.9139992262978431
2025-11-19,ILI incidence,2025-11-16,1,GR,ItaLuxColab,EpiEKF,WIS,37.1483357290522,-0.48423610147816487,18,9,0.8261182771849034
2025-11-19,ILI incidence,2025-11-16,1,GR,ItaLuxColab,EpiNetEKF,WIS,29.7047880013658,-0.16163401526978924,18,5,0.9355597869599859
2025-11-19,ILI incidence,2025-11-16,1,GR,MRC_GIDA,NBEATS,WIS,47.3593582840327,-0.8345880556781126,18,12,0.6759869465819047
2025-11-19,ILI incidence,2025-11-16,1,GR,MRC_GIDA,NHiTS,WIS,75.950175205149,-1.5159918157974615,18,17,0.2556199006487549
2025-11-19,ILI incidence,2025-11-16,1,GR,MRC_GIDA,Prophet,WIS,93.3358905021676,-1.813370471091301,18,18,0.0
2025-11-19,ILI incidence,2025-11-16,1,GR,MRC_GIDA,TiDE,WIS,38.2623635213861,-0.5268645167852251,18,11,0.8097388720967977
2025-11-19,ILI incidence,2025-11-16,1,GR,NotreDame,Rt_cocirc,WIS,72.0978217391304,-1.4408941955868932,18,15,0.3122605503674598
2025-11-19,ILI incidence,2025-11-16,1,GR,QMUL,ARIMA,WIS,35.6421219347472,-0.4245217524925068,18,8,0.8482639418227025
2025-11-19,ILI incidence,2025-11-16,1,GR,QMUL,SEIR,WIS,64.5282791833356,-1.2808700757237779,18,14,0.42355454563957834
2025-11-19,ILI incidence,2025-11-16,1,GR,QMUL,SEIR_agumented,WIS,75.4254432596833,-1.5059897928113117,18,16,0.2633349658891347
2025-11-19,ILI incidence,2025-11-16,1,GR,RIVM,KFdlm,WIS,53.4598990466501,-1.009395636201925,18,13,0.5862914927565821
2025-11-19,ILI incidence,2025-11-16,1,GR,respicast,hubEnsemble,WIS,32.7577787683081,-0.3027760573673023,18,7,0.8906720625727594
2025-11-19,ILI incidence,2025-11-16,1,GR,respicast,quantileBaseline,WIS,26.5564347826087,0.0,18,2,0.9818496130175818
2025-11-19,ILI incidence,2025-11-16,1,GR,safinea,PRFM,WIS,28.1962334911072,-0.08644098041965087,18,3,0.957739866838647
2025-11-19,ILI incidence,2025-11-16,1,HR,ECDC,SARIMA,WIS,1.75954100932691,0.6657852401180882,14,9,0.8284739401137373
2025-11-19,ILI incidence,2025-11-16,1,HR,ECDC,soca_simplex,WIS,0.670387223839717,2.057917819547891,14,1,1.0
2025-11-19,ILI incidence,2025-11-16,1,HR,ISI,FluABCaster,WIS,0.817555329172315,1.7715961038660855,14,2,0.9768231395924173
2025-11-19,ILI incidence,2025-11-16,1,HR,ISI,FluBcast,WIS,1.31904121569343,1.0814947344866797,14,6,0.897846323508489
2025-11-19,ILI incidence,2025-11-16,1,HR,ItaLuxColab,EpiEKF,WIS,2.17529970309235,0.359770196504276,14,11,0.7629979241871656
2025-11-19,ILI incidence,2025-11-16,1,HR,ItaLuxColab,EpiNetEKF,WIS,1.58226599981875,0.8189922229522733,14,7,0.8563922050111346
2025-11-19,ILI incidence,2025-11-16,1,HR,NotreDame,Rt_cocirc,WIS,0.876973913043478,1.6703785460413136,14,3,0.9674655670335678
2025-11-19,ILI incidence,2025-11-16,1,HR,QMUL,ARIMA,WIS,1.68106868996231,0.731605703667217,14,8,0.8408322020323932
2025-11-19,ILI incidence,2025-11-16,1,HR,QMUL,SEIR,WIS,1.26690928673914,1.1396711509473407,14,5,0.9060563526953224
2025-11-19,ILI incidence,2025-11-16,1,HR,QMUL,SEIR_agumented,WIS,4.70282466459453,-0.7525431659527133,14,13,0.36494908692703515
2025-11-19,ILI incidence,2025-11-16,1,HR,RIVM,KFdlm,WIS,1.88484648989628,0.5665373503349493,14,10,0.8087401287359395
2025-11-19,ILI incidence,2025-11-16,1,HR,respicast,hubEnsemble,WIS,1.05400436786376,1.4051035336375166,14,4,0.9395858159829729
2025-11-19,ILI incidence,2025-11-16,1,HR,respicast,quantileBaseline,WIS,2.79139130434783,0.0,14,12,0.665972355988731
2025-11-19,ILI incidence,2025-11-16,1,HR,safinea,PRFM,WIS,7.02017329255371,-1.3305222645607098,14,14,0.0
2025-11-19,ILI incidence,2025-11-16,1,HU,ECDC,SARIMA,WIS,9.41182665915562,0.6141841108917417,13,5,0.8267558586597124
2025-11-19,ILI incidence,2025-11-16,1,HU,ECDC,soca_simplex,WIS,3.33458134110809,2.1111532196252014,13,2,0.9635338670541069
2025-11-19,ILI incidence,2025-11-16,1,HU,ISI,FluABCaster,WIS,1.71433815790782,3.0710071480104837,13,1,1.0
2025-11-19,ILI incidence,2025-11-16,1,HU,ItaLuxColab,EpiEKF,WIS,15.0641222704411,-0.06438584878416845,13,10,0.6995420148689888
2025-11-19,ILI incidence,2025-11-16,1,HU,ItaLuxColab,EpiNetEKF,WIS,12.5900991149361,0.19444112555376522,13,7,0.755223815129161
2025-11-19,ILI incidence,2025-11-16,1,HU,NotreDame,Rt_cocirc,WIS,4.52939782608696,1.6693396013390853,13,3,0.9366426341583605
2025-11-19,ILI incidence,2025-11-16,1,HU,QMUL,ARIMA,WIS,9.4738026514847,0.6047152415958308,13,6,0.8253609910255453
2025-11-19,ILI incidence,2025-11-16,1,HU,QMUL,SEIR,WIS,40.0844217351077,-1.476310895611695,13,12,0.13642064143265847
2025-11-19,ILI incidence,2025-11-16,1,HU,QMUL,SEIR_agumented,WIS,14.3422375841764,0.006460644548789353,13,8,0.7157891703663121
2025-11-19,ILI incidence,2025-11-16,1,HU,RIVM,KFdlm,WIS,20.6004707193945,-0.5159465370703107,13,11,0.5749377451719203
2025-11-19,ILI incidence,2025-11-16,1,HU,respicast,hubEnsemble,WIS,8.92016025611368,0.6915892318147302,13,4,0.8378215879306377
2025-11-19,ILI incidence,2025-11-16,1,HU,respicast,quantileBaseline,WIS,14.4066086956522,0.0,13,9,0.7143403967912769
2025-11-19,ILI incidence,2025-11-16,1,HU,safinea,PRFM,WIS,46.1457887206621,-1.679468226869493,13,13,0.0
2025-11-19,ILI incidence,2025-11-16,1,IE,ECDC,SARIMA,WIS,1.99300956531111,-0.5088051180816733,16,9,0.8079393238791165
2025-11-19,ILI incidence,2025-11-16,1,IE,ECDC,soca_simplex,WIS,1.44758861930605,-0.047508154419549455,16,6,0.8734195563964692
2025-11-19,ILI incidence,2025-11-16,1,IE,ISI,FluABCaster,WIS,0.570580009575751,1.295642408518134,16,2,0.978708376170412
2025-11-19,ILI incidence,2025-11-16,1,IE,ISI,FluBcast,WIS,0.895076161958634,0.6460611647090548,16,3,0.9397511566784779
2025-11-19,ILI incidence,2025-11-16,1,IE,ItaLuxColab,EpiEKF,WIS,1.96339328996973,-0.4872056737231723,16,8,0.8114948906571359
2025-11-19,ILI incidence,2025-11-16,1,IE,ItaLuxColab,EpiNetEKF,WIS,1.33732321982241,0.0667953213420999,16,4,0.8866574124958579
2025-11-19,ILI incidence,2025-11-16,1,IE,MRC_GIDA,NBEATS,WIS,8.72278148889212,-2.6386447334960748,16,16,0.0
2025-11-19,ILI incidence,2025-11-16,1,IE,MRC_GIDA,NHiTS,WIS,7.48317966347682,-2.4175078969349872,16,15,0.1488197627019179
2025-11-19,ILI incidence,2025-11-16,1,IE,MRC_GIDA,Prophet,WIS,2.47545487722406,-0.8215501357604008,16,11,0.7500195988807413
2025-11-19,ILI incidence,2025-11-16,1,IE,MRC_GIDA,TiDE,WIS,4.23917443896994,-1.597639817247966,16,14,0.5382771495956122
2025-11-19,ILI incidence,2025-11-16,1,IE,NotreDame,Rt_cocirc,WIS,3.36397608695652,-1.264023933911037,16,13,0.6433486398058744
2025-11-19,ILI incidence,2025-11-16,1,IE,QMUL,SEIR,WIS,0.393230339840839,1.8326969734403857,16,1,1.0
2025-11-19,ILI incidence,2025-11-16,1,IE,RIVM,KFdlm,WIS,2.97552208068073,-1.0869993075308075,16,12,0.6899842867122548
2025-11-19,ILI incidence,2025-11-16,1,IE,respicast,hubEnsemble,WIS,1.92172279348357,-0.456256727632404,16,7,0.8164976207851461
2025-11-19,ILI incidence,2025-11-16,1,IE,respicast,quantileBaseline,WIS,1.40069565217391,0.0,16,5,0.8790492675649372
2025-11-19,ILI incidence,2025-11-16,1,IE,safinea,PRFM,WIS,2.34017116997509,-0.7404705422327352,16,10,0.7662610151141213
2025-11-19,ILI incidence,2025-11-16,1,IS,ECDC,soca_simplex,WIS,8.3712009151485,-0.2908744061474193,9,9,0.0
2025-11-19,ILI incidence,2025-11-16,1,IS,ISI,FluABCaster,WIS,6.00844460836063,0.187568625254486,9,5,0.5174156474397148
2025-11-19,ILI incidence,2025-11-16,1,IS,ISI,FluBcast,WIS,6.92526304706934,-0.01730867357074154,9,8,0.3166432678733927
2025-11-19,ILI incidence,2025-11-16,1,IS,ItaLuxColab,EpiEKF,WIS,3.80474391200354,0.8467608447921978,9,1,1.0
2025-11-19,ILI incidence,2025-11-16,1,IS,ItaLuxColab,EpiNetEKF,WIS,4.77111353226278,0.5202341807654915,9,3,0.7883764985428104
2025-11-19,ILI incidence,2025-11-16,1,IS,RIVM,KFdlm,WIS,4.19224320942991,0.7068377814871906,9,2,0.9151422432841267
2025-11-19,ILI incidence,2025-11-16,1,IS,respicast,hubEnsemble,WIS,5.49343108290781,0.31685268942821704,9,4,0.6301975098547394
2025-11-19,ILI incidence,2025-11-16,1,IS,respicast,quantileBaseline,WIS,6.84267391304348,0.0,9,7,0.3347293100651793
2025-11-19,ILI incidence,2025-11-16,1,IS,safinea,PRFM,WIS,6.0324916303479,0.18180618871227236,9,6,0.5121496344299111
2025-11-19,ILI incidence,2025-11-16,1,LT,ECDC,SARIMA,WIS,3.32680158810864,-0.16919572593885984,18,6,0.8185411025352338
2025-11-19,ILI incidence,2025-11-16,1,LT,ECDC,soca_simplex,WIS,4.15494325150627,-0.4898886728155901,18,11,0.7708642625628364
2025-11-19,ILI incidence,2025-11-16,1,LT,ISI,FluABCaster,WIS,6.08988018979562,-1.0414737454367824,18,13,0.6594682504542081
2025-11-19,ILI incidence,2025-11-16,1,LT,ISI,FluBcast,WIS,3.98188865835529,-0.4285127810679313,18,10,0.7808271668687222
2025-11-19,ILI incidence,2025-11-16,1,LT,ItaLuxColab,EpiEKF,WIS,3.875063628433,-0.3892798997034035,18,9,0.7869771772857275
2025-11-19,ILI incidence,2025-11-16,1,LT,ItaLuxColab,EpiNetEKF,WIS,3.33606715322085,-0.17320822985397424,18,7,0.8180076758467416
2025-11-19,ILI incidence,2025-11-16,1,LT,MRC_GIDA,NBEATS,WIS,0.17487974782366,4.080504969016457,18,1,1.0
2025-11-19,ILI incidence,2025-11-16,1,LT,MRC_GIDA,NHiTS,WIS,0.576430448304557,2.3597216509745973,18,2,0.976882374919906
2025-11-19,ILI incidence,2025-11-16,1,LT,MRC_GIDA,Prophet,WIS,17.5447738909146,-2.568029350059233,18,18,0.0
2025-11-19,ILI incidence,2025-11-16,1,LT,MRC_GIDA,TiDE,WIS,6.1105897837153,-1.0463715333428614,18,14,0.658275981016693
2025-11-19,ILI incidence,2025-11-16,1,LT,NotreDame,Rt_cocirc,WIS,13.9089847826087,-2.233005116348983,18,17,0.20931555934392798
2025-11-19,ILI incidence,2025-11-16,1,LT,QMUL,ARIMA,WIS,5.01567276048762,-0.7615031250009794,18,12,0.7213113118142152
2025-11-19,ILI incidence,2025-11-16,1,LT,QMUL,SEIR,WIS,7.3671492604441,-1.3161663724250063,18,16,0.5859347527756096
2025-11-19,ILI incidence,2025-11-16,1,LT,QMUL,SEIR_agumented,WIS,6.58424766611969,-1.1540785037871706,18,15,0.6310070823980568
2025-11-19,ILI incidence,2025-11-16,1,LT,RIVM,KFdlm,WIS,3.3670469804243,-0.1865437513486057,18,8,0.8162241400952718
2025-11-19,ILI incidence,2025-11-16,1,LT,respicast,hubEnsemble,WIS,3.23122951112178,-0.12714312759383095,18,5,0.8240432706083118
2025-11-19,ILI incidence,2025-11-16,1,LT,respicast,quantileBaseline,WIS,2.95865217391304,0.0,18,4,0.8397357863463633
2025-11-19,ILI incidence,2025-11-16,1,LT,safinea,PRFM,WIS,1.96434660828054,0.5908905847332335,18,3,0.8969788275210266
2025-11-19,ILI incidence,2025-11-16,1,LU,ECDC,SARIMA,WIS,527.160869679579,-0.3113709260561258,17,15,0.752525971415212
2025-11-19,ILI incidence,2025-11-16,1,LU,ECDC,soca_simplex,WIS,219.566198918404,0.9522163832943776,17,3,0.9294138148311886
2025-11-19,ILI incidence,2025-11-16,1,LU,ISI,FluABCaster,WIS,322.144680919227,0.3991635853386617,17,7,0.8704242152483715
2025-11-19,ILI incidence,2025-11-16,1,LU,ItaLuxColab,EpiEKF,WIS,455.51024245475,-0.10061113507688946,17,12,0.7937299522834067
2025-11-19,ILI incidence,2025-11-16,1,LU,ItaLuxColab,EpiNetEKF,WIS,409.816713881349,0.0518935351557362,17,9,0.8200068370792775
2025-11-19,ILI incidence,2025-11-16,1,LU,MRC_GIDA,NBEATS,WIS,228.641989534384,0.893781984034873,17,5,0.9241946183302123
2025-11-19,ILI incidence,2025-11-16,1,LU,MRC_GIDA,NHiTS,WIS,96.8221257927613,2.1334636843179893,17,1,1.0
2025-11-19,ILI incidence,2025-11-16,1,LU,MRC_GIDA,Prophet,WIS,1002.51021428151,-1.2386726715522698,17,16,0.47916778797282655
2025-11-19,ILI incidence,2025-11-16,1,LU,MRC_GIDA,TiDE,WIS,476.684870911943,-0.16616347840110318,17,14,0.7815531016453291
2025-11-19,ILI incidence,2025-11-16,1,LU,NotreDame,Rt_cocirc,WIS,428.0703,-0.01097538391336685,17,11,0.8095097843340336
2025-11-19,ILI incidence,2025-11-16,1,LU,QMUL,ARIMA,WIS,304.711978789176,0.47942614314655896,17,6,0.8804492039033018
2025-11-19,ILI incidence,2025-11-16,1,LU,QMUL,SEIR,WIS,330.173474990053,0.3636481355738521,17,8,0.8658071129269791
2025-11-19,ILI incidence,2025-11-16,1,LU,QMUL,SEIR_agumented,WIS,467.892328473329,-0.13930421528976308,17,13,0.7866094111914639
2025-11-19,ILI incidence,2025-11-16,1,LU,RIVM,KFdlm,WIS,1835.74699943613,-2.1114229774638873,17,17,0.0
2025-11-19,ILI incidence,2025-11-16,1,LU,respicast,hubEnsemble,WIS,202.417446107919,1.069538719803069,17,2,0.9392755133268547
2025-11-19,ILI incidence,2025-11-16,1,LU,respicast,quantileBaseline,WIS,424.826086956522,0.0,17,10,0.8113754273486629
2025-11-19,ILI incidence,2025-11-16,1,LU,safinea,PRFM,WIS,228.190108913923,0.8966361010947329,17,4,0.9244544804020649
2025-11-19,ILI incidence,2025-11-16,1,LV,ECDC,soca_simplex,WIS,35.273612934198,-0.9581421302315336,9,8,0.055390266805080524
2025-11-19,ILI incidence,2025-11-16,1,LV,ISI,FluABCaster,WIS,36.3742575501621,-1.0024705783361925,9,9,0.0
2025-11-19,ILI incidence,2025-11-16,1,LV,ItaLuxColab,EpiEKF,WIS,20.0815976247776,-0.14542682730217654,9,4,0.8199329439693785
2025-11-19,ILI incidence,2025-11-16,1,LV,ItaLuxColab,EpiNetEKF,WIS,19.9040673230179,-0.13261604777780106,9,3,0.8288672090698739
2025-11-19,ILI incidence,2025-11-16,1,LV,NotreDame,Rt_cocirc,WIS,32.6686586956522,-0.847459999512129,9,7,0.18648536162066592
2025-11-19,ILI incidence,2025-11-16,1,LV,RIVM,KFdlm,WIS,29.6899949587451,-0.7095296258130214,9,6,0.3363874978023631
2025-11-19,ILI incidence,2025-11-16,1,LV,respicast,hubEnsemble,WIS,27.8825086869457,-0.6189131488239158,9,5,0.42734978062222884
2025-11-19,ILI incidence,2025-11-16,1,LV,respicast,quantileBaseline,WIS,18.1560104347826,0.0,9,2,0.9168386905321249
2025-11-19,ILI incidence,2025-11-16,1,LV,safinea,PRFM,WIS,16.5035351389975,0.13767213254721836,9,1,1.0
2025-11-19,ILI incidence,2025-11-16,1,MT,ECDC,SARIMA,WIS,1182.8381335644,-1.3011463494754958,11,8,0.6874984616642233
2025-11-19,ILI incidence,2025-11-16,1,MT,ECDC,soca_simplex,WIS,1165.48977898348,-1.2798300415473711,11,7,0.6952120264741432
2025-11-19,ILI incidence,2025-11-16,1,MT,ISI,FluABCaster,WIS,821.822517164444,-0.7757924537012708,11,4,0.8480161258326084
2025-11-19,ILI incidence,2025-11-16,1,MT,ItaLuxColab,EpiEKF,WIS,893.822488266386,-0.896953937066788,11,5,0.8160029201526883
2025-11-19,ILI incidence,2025-11-16,1,MT,ItaLuxColab,EpiNetEKF,WIS,785.991930999004,-0.7114800960044447,11,3,0.8639474089566288
2025-11-19,ILI incidence,2025-11-16,1,MT,NotreDame,Rt_cocirc,WIS,2266.08858913044,-2.239097951183278,11,9,0.20585494006053895
2025-11-19,ILI incidence,2025-11-16,1,MT,QMUL,ARIMA,WIS,2729.07095596187,-2.507303594286185,11,11,0.0
2025-11-19,ILI incidence,2025-11-16,1,MT,RIVM,KFdlm,WIS,586.073482781412,-0.2880471574451381,11,2,0.9528367557723196
2025-11-19,ILI incidence,2025-11-16,1,MT,respicast,hubEnsemble,WIS,911.668987348247,-0.9254756937797283,11,6,0.8080678663321081
2025-11-19,ILI incidence,2025-11-16,1,MT,respicast,quantileBaseline,WIS,480.0,0.0,11,1,1.0
2025-11-19,ILI incidence,2025-11-16,1,MT,safinea,PRFM,WIS,2649.86240094503,-2.464811136039504,11,10,0.03521834418201557
2025-11-19,ILI incidence,2025-11-16,1,NL,ECDC,SARIMA,WIS,1.72943659805223,-0.062144988262059914,18,8,0.7440533902245842
2025-11-19,ILI incidence,2025-11-16,1,NL,ECDC,soca_simplex,WIS,2.32438760731734,-0.48869353138748833,18,11,0.6271585881066231
2025-11-19,ILI incidence,2025-11-16,1,NL,ISI,FluABCaster,WIS,5.51639125677632,-1.7355676488368121,18,18,0.0
2025-11-19,ILI incidence,2025-11-16,1,NL,ISI,FluBcast,WIS,2.14999830930609,-0.37617838877431453,18,9,0.6614222537951563
2025-11-19,ILI incidence,2025-11-16,1,NL,ItaLuxColab,EpiEKF,WIS,2.57848203821025,-0.6383648591626089,18,13,0.5772346149458897
2025-11-19,ILI incidence,2025-11-16,1,NL,ItaLuxColab,EpiNetEKF,WIS,1.61980514876443,0.03233685912943089,18,6,0.7655935613829326
2025-11-19,ILI incidence,2025-11-16,1,NL,MRC_GIDA,NBEATS,WIS,4.01556018290682,-1.277444125596569,18,16,0.2948803324313487
2025-11-19,ILI incidence,2025-11-16,1,NL,MRC_GIDA,NHiTS,WIS,0.532122866060702,1.638325831968088,18,2,0.9792992333187018
2025-11-19,ILI incidence,2025-11-16,1,NL,MRC_GIDA,Prophet,WIS,3.31464419751676,-1.0006968794820208,18,14,0.4325949242843683
2025-11-19,ILI incidence,2025-11-16,1,NL,MRC_GIDA,TiDE,WIS,2.27140492528669,-0.4554277828945726,18,10,0.6375685210846372
2025-11-19,ILI incidence,2025-11-16,1,NL,NotreDame,Rt_cocirc,WIS,0.947986956521739,0.8052180224086151,18,3,0.8975910761673167
2025-11-19,ILI incidence,2025-11-16,1,NL,QMUL,ARIMA,WIS,1.18273331557686,0.4860323271720337,18,4,0.8514685740413768
2025-11-19,ILI incidence,2025-11-16,1,NL,QMUL,SEIR,WIS,5.30825187869817,-1.6800796922464385,18,17,0.04089481492510455
2025-11-19,ILI incidence,2025-11-16,1,NL,QMUL,SEIR_agumented,WIS,0.426763672953282,1.9566478553692443,18,1,1.0
2025-11-19,ILI incidence,2025-11-16,1,NL,RIVM,KFdlm,WIS,2.43183396521167,-0.5538875948054045,18,12,0.6060477394001599
2025-11-19,ILI incidence,2025-11-16,1,NL,respicast,hubEnsemble,WIS,1.37310162538505,0.27071873101052396,18,5,0.8140653835970973
2025-11-19,ILI incidence,2025-11-16,1,NL,respicast,quantileBaseline,WIS,1.65652173913043,0.0,18,7,0.7583795580474624
2025-11-19,ILI incidence,2025-11-16,1,NL,safinea,PRFM,WIS,3.52255499160215,-1.0884650924820485,18,15,0.3917450210918013
2025-11-19,ILI incidence,2025-11-16,1,NO,ECDC,SARIMA,WIS,3.78058878516639,0.5301061915112169,16,7,0.7832537734899567
2025-11-19,ILI incidence,2025-11-16,1,NO,ECDC,soca_simplex,WIS,5.00381726554403,0.12568802268712337,16,10,0.686596069595204
2025-11-19,ILI incidence,2025-11-16,1,NO,ISI,FluABCaster,WIS,2.77572535404374,0.9758523007815729,16,3,0.8626565944168638
2025-11-19,ILI incidence,2025-11-16,1,NO,ISI,FluBcast,WIS,3.00704743034179,0.8603695035493965,16,4,0.844377866351087
2025-11-19,ILI incidence,2025-11-16,1,NO,ItaLuxColab,EpiEKF,WIS,4.09666136339733,0.41426848509776487,16,8,0.7582781862092669
2025-11-19,ILI incidence,2025-11-16,1,NO,ItaLuxColab,EpiNetEKF,WIS,3.52245200724462,0.6321370771408722,16,6,0.8036513595868771
2025-11-19,ILI incidence,2025-11-16,1,NO,MRC_GIDA,NBEATS,WIS,13.6928697983737,-1.3266358107649239,16,16,0.0
2025-11-19,ILI incidence,2025-11-16,1,NO,MRC_GIDA,NHiTS,WIS,9.01568651243452,-0.7237202245748665,16,15,0.36958410008098097
2025-11-19,ILI incidence,2025-11-16,1,NO,MRC_GIDA,Prophet,WIS,5.50667105136294,-0.012463302315125619,16,12,0.6468613077647452
2025-11-19,ILI incidence,2025-11-16,1,NO,MRC_GIDA,TiDE,WIS,8.29306046023961,-0.6031874829282641,16,14,0.42668494109322275
2025-11-19,ILI incidence,2025-11-16,1,NO,NotreDame,Rt_cocirc,WIS,1.03760869565217,2.395454652136837,16,1,1.0
2025-11-19,ILI incidence,2025-11-16,1,NO,QMUL,ARIMA,WIS,2.53214432426118,1.1083574911684744,16,2,0.8819040068412647
2025-11-19,ILI incidence,2025-11-16,1,NO,RIVM,KFdlm,WIS,4.36388958546262,0.32310252810657686,16,9,0.7371622076532953
2025-11-19,ILI incidence,2025-11-16,1,NO,respicast,hubEnsemble,WIS,3.51952657875107,0.6333357463419697,16,5,0.8038825226162137
2025-11-19,ILI incidence,2025-11-16,1,NO,respicast,quantileBaseline,WIS,5.45930434782609,0.0,16,11,0.6506041545659591
2025-11-19,ILI incidence,2025-11-16,1,NO,safinea,PRFM,WIS,6.04059488548881,-0.14597350763726338,16,13,0.6046714367070039
2025-11-19,ILI incidence,2025-11-16,1,PL,ECDC,SARIMA,WIS,19.1519690834511,0.5615727902208514,17,2,0.9607385978394689
2025-11-19,ILI incidence,2025-11-16,1,PL,ECDC,soca_simplex,WIS,20.2772184329068,0.47920575730956966,17,3,0.9531782426152746
2025-11-19,ILI incidence,2025-11-16,1,PL,ISI,FluABCaster,WIS,29.09985078795,-0.04194623689658792,17,7,0.893900505952854
2025-11-19,ILI incidence,2025-11-16,1,PL,ItaLuxColab,EpiEKF,WIS,20.3425362377441,0.47456595802438634,17,4,0.9527393836128025
2025-11-19,ILI incidence,2025-11-16,1,PL,ItaLuxColab,EpiNetEKF,WIS,23.9638001634559,0.23820881082341105,17,5,0.9284087393407714
2025-11-19,ILI incidence,2025-11-16,1,PL,MRC_GIDA,NBEATS,WIS,104.860840920348,-1.8913385967299738,17,15,0.38487555267058027
2025-11-19,ILI incidence,2025-11-16,1,PL,MRC_GIDA,NHiTS,WIS,62.6849902241613,-1.1490545156806249,17,12,0.6682477788353739
2025-11-19,ILI incidence,2025-11-16,1,PL,MRC_GIDA,Prophet,WIS,89.6518750937717,-1.6652682390651952,17,13,0.48706195633050375
2025-11-19,ILI incidence,2025-11-16,1,PL,MRC_GIDA,TiDE,WIS,48.4759307654574,-0.7782030804538544,17,10,0.7637159850258157
2025-11-19,ILI incidence,2025-11-16,1,PL,NotreDame,Rt_cocirc,WIS,162.143991304348,-2.520138137892574,17,17,0.0
2025-11-19,ILI incidence,2025-11-16,1,PL,QMUL,ARIMA,WIS,32.2495537443546,-0.1902136785620415,17,8,0.8727381980496038
2025-11-19,ILI incidence,2025-11-16,1,PL,QMUL,SEIR,WIS,126.139020608851,-2.1578772129116754,17,16,0.24191115367125535
2025-11-19,ILI incidence,2025-11-16,1,PL,QMUL,SEIR_agumented,WIS,97.4226233220116,-1.785191312781917,17,14,0.43485164668518905
2025-11-19,ILI incidence,2025-11-16,1,PL,RIVM,KFdlm,WIS,60.4205299826049,-1.0959733201047084,17,11,0.6834622944674088
2025-11-19,ILI incidence,2025-11-16,1,PL,respicast,hubEnsemble,WIS,41.1706233859641,-0.5425497747155752,17,9,0.8127990783309683
2025-11-19,ILI incidence,2025-11-16,1,PL,respicast,quantileBaseline,WIS,28.2659565217391,0.0,17,6,0.8995032969031644
2025-11-19,ILI incidence,2025-11-16,1,PL,safinea,PRFM,WIS,13.3084781455547,1.0867199134549332,17,1,1.0
2025-11-19,ILI incidence,2025-11-16,1,RO,ECDC,SARIMA,WIS,1.01639380570846,-0.3157426529109403,14,12,0.5107803973617796
2025-11-19,ILI incidence,2025-11-16,1,RO,ECDC,soca_simplex,WIS,0.0875592491946147,3.2213134413486255,14,1,1.0
2025-11-19,ILI incidence,2025-11-16,1,RO,ISI,FluABCaster,WIS,0.237226607573263,1.7833790970971892,14,3,0.9211698088960765
2025-11-19,ILI incidence,2025-11-16,1,RO,ISI,FluBcast,WIS,1.25746543616405,-0.6228019100649735,14,13,0.38380733587117427
2025-11-19,ILI incidence,2025-11-16,1,RO,ItaLuxColab,EpiEKF,WIS,0.650262424042243,0.32862287132539497,14,9,0.7036227585723784
2025-11-19,ILI incidence,2025-11-16,1,RO,ItaLuxColab,EpiNetEKF,WIS,0.537763077733486,0.6026742255377762,14,7,0.7628764600117361
2025-11-19,ILI incidence,2025-11-16,1,RO,NotreDame,Rt_cocirc,WIS,0.357173913043479,1.193018216167544,14,4,0.8579932477871665
2025-11-19,ILI incidence,2025-11-16,1,RO,QMUL,ARIMA,WIS,0.62297108928202,0.3904797176739894,14,8,0.7179971763341103
2025-11-19,ILI incidence,2025-11-16,1,RO,QMUL,SEIR,WIS,1.98616378487738,-1.2822677613404492,14,14,0.0
2025-11-19,ILI incidence,2025-11-16,1,RO,QMUL,SEIR_agumented,WIS,0.957830637929885,-0.2301256533256769,14,11,0.5416257717817426
2025-11-19,ILI incidence,2025-11-16,1,RO,RIVM,KFdlm,WIS,0.504191324610268,0.6956736355575578,14,6,0.7805587906352354
2025-11-19,ILI incidence,2025-11-16,1,RO,respicast,hubEnsemble,WIS,0.466133047187366,0.8089031316855279,14,5,0.8006041854015635
2025-11-19,ILI incidence,2025-11-16,1,RO,respicast,quantileBaseline,WIS,0.816608695652174,0.0,14,10,0.6160077400239736
2025-11-19,ILI incidence,2025-11-16,1,RO,safinea,PRFM,WIS,0.0965672514176849,3.0800390101986856,14,2,0.9952554615488522
2025-11-19,ILI incidence,2025-11-16,1,SI,ECDC,SARIMA,WIS,3.57040788722167,0.8189542457820681,17,2,0.9040822626701631
2025-11-19,ILI incidence,2025-11-16,1,SI,ECDC,soca_simplex,WIS,9.06687032658109,-0.5255615073232258,17,16,0.15472903312219616
2025-11-19,ILI incidence,2025-11-16,1,SI,ISI,FluABCaster,WIS,8.72730583067596,-0.47049320987919485,17,15,0.20102312763364572
2025-11-19,ILI incidence,2025-11-16,1,SI,ItaLuxColab,EpiEKF,WIS,4.46812796604209,0.49537263964850187,17,5,0.7816927352757874
2025-11-19,ILI incidence,2025-11-16,1,SI,ItaLuxColab,EpiNetEKF,WIS,3.95372533158352,0.671830495092176,17,3,0.8518231654701645
2025-11-19,ILI incidence,2025-11-16,1,SI,MRC_GIDA,NBEATS,WIS,7.48002824615321,-0.2480005735634442,17,14,0.3710691338452042
2025-11-19,ILI incidence,2025-11-16,1,SI,MRC_GIDA,NHiTS,WIS,4.54892016231295,0.46951903023701236,17,6,0.7706780337535302
2025-11-19,ILI incidence,2025-11-16,1,SI,MRC_GIDA,Prophet,WIS,6.1306438954071,0.03900453778484619,17,11,0.5550357364171176
2025-11-19,ILI incidence,2025-11-16,1,SI,MRC_GIDA,TiDE,WIS,4.29128965168295,0.5536318616760775,17,4,0.8058017623881938
2025-11-19,ILI incidence,2025-11-16,1,SI,NotreDame,Rt_cocirc,WIS,5.98055217391304,0.07476445239784996,17,10,0.5754983007429634
2025-11-19,ILI incidence,2025-11-16,1,SI,QMUL,ARIMA,WIS,2.86685685185772,1.1355732748740772,17,1,1.0
2025-11-19,ILI incidence,2025-11-16,1,SI,QMUL,SEIR,WIS,10.2017988026318,-0.6957085040600884,17,17,0.0
2025-11-19,ILI incidence,2025-11-16,1,SI,QMUL,SEIR_agumented,WIS,5.48601140511454,0.19928552300580324,17,9,0.6429208886949117
2025-11-19,ILI incidence,2025-11-16,1,SI,RIVM,KFdlm,WIS,5.07553961363848,0.3114819317302794,17,7,0.6988820393394293
2025-11-19,ILI incidence,2025-11-16,1,SI,respicast,hubEnsemble,WIS,5.25714778013057,0.26076285437267455,17,8,0.6741227204912515
2025-11-19,ILI incidence,2025-11-16,1,SI,respicast,quantileBaseline,WIS,6.29865217391303,0.0,17,12,0.5321305410340511
2025-11-19,ILI incidence,2025-11-16,1,SI,safinea,PRFM,WIS,7.17814192995728,-0.1885673046746665,17,13,0.41222642155408246
2025-11-19,ILI incidence,2025-11-23,2,AT,ECDC,soca_simplex,WIS,379.62825384073,-0.5418848025262596,8,7,0.24623007316628068
2025-11-19,ILI incidence,2025-11-23,2,AT,ItaLuxColab,EpiEKF,WIS,477.898264144853,-0.8740009608999798,8,8,0.0
2025-11-19,ILI incidence,2025-11-23,2,AT,ItaLuxColab,EpiNetEKF,WIS,210.19383982072,0.3109821777761025,8,2,0.670773105490381
2025-11-19,ILI incidence,2025-11-23,2,AT,NotreDame,Rt_cocirc,WIS,78.7999369565219,1.726436185863033,8,1,1.0
2025-11-19,ILI incidence,2025-11-23,2,AT,RIVM,KFdlm,WIS,243.113629267472,0.10107179143571077,8,3,0.5882876947429252
2025-11-19,ILI incidence,2025-11-23,2,AT,respicast,hubEnsemble,WIS,244.686769860999,0.0917664689917857,8,4,0.5843459578666775
2025-11-19,ILI incidence,2025-11-23,2,AT,respicast,quantileBaseline,WIS,260.756382608696,0.0,8,5,0.5440811618177732
2025-11-19,ILI incidence,2025-11-23,2,AT,safinea,PRFM,WIS,376.41541513783,-0.5296231447523546,8,6,0.2542803166376944
2025-11-19,ILI incidence,2025-11-23,2,BE,ECDC,SARIMA,WIS,35.3600497739647,0.5106536210807792,17,6,0.5456458293910982
2025-11-19,ILI incidence,2025-11-23,2,BE,ECDC,soca_simplex,WIS,62.3771844289099,-0.308244507453905,17,15,0.15458022312882475
2025-11-19,ILI incidence,2025-11-23,2,BE,ISI,FluABCaster,WIS,51.8078508769717,-0.04039681152852722,17,13,0.3075684243598662
2025-11-19,ILI incidence,2025-11-23,2,BE,ItaLuxColab,EpiEKF,WIS,49.8703619344511,0.014591253187424049,17,11,0.3356130448427635
2025-11-19,ILI incidence,2025-11-23,2,BE,ItaLuxColab,EpiNetEKF,WIS,43.9980263674618,0.19533511679499058,17,9,0.42061348985701064
2025-11-19,ILI incidence,2025-11-23,2,BE,MRC_GIDA,NBEATS,WIS,73.0565043087104,-0.5362387970304364,17,17,0.0
2025-11-19,ILI incidence,2025-11-23,2,BE,MRC_GIDA,NHiTS,WIS,61.6384652109361,-0.2910570128011399,17,14,0.16527298098505577
2025-11-19,ILI incidence,2025-11-23,2,BE,MRC_GIDA,Prophet,WIS,25.2234461218175,0.9980085310565372,17,3,0.6923703841336839
2025-11-19,ILI incidence,2025-11-23,2,BE,MRC_GIDA,TiDE,WIS,28.2581269629534,0.8341080840955102,17,5,0.6484442121651073
2025-11-19,ILI incidence,2025-11-23,2,BE,NotreDame,Rt_cocirc,WIS,3.9705652173913,3.6653576291569916,17,1,1.0
2025-11-19,ILI incidence,2025-11-23,2,BE,QMUL,ARIMA,WIS,27.8438825550592,0.8554135317751801,17,4,0.6544402862337632
2025-11-19,ILI incidence,2025-11-23,2,BE,QMUL,SEIR,WIS,6.61411775428961,2.9291532907388853,17,2,0.9617353028464444
2025-11-19,ILI incidence,2025-11-23,2,BE,QMUL,SEIR_agumented,WIS,45.1728413678247,0.15731826457327594,17,10,0.4036083652858586
2025-11-19,ILI incidence,2025-11-23,2,BE,RIVM,KFdlm,WIS,43.6773426758849,0.2058888410561293,17,8,0.42525529824515473
2025-11-19,ILI incidence,2025-11-23,2,BE,respicast,hubEnsemble,WIS,38.1176611685335,0.402314325818451,17,7,0.5057301615889461
2025-11-19,ILI incidence,2025-11-23,2,BE,respicast,quantileBaseline,WIS,50.3773043478261,0.0,17,12,0.32827519259608684
2025-11-19,ILI incidence,2025-11-23,2,BE,safinea,PRFM,WIS,64.1091207373037,-0.3477556955583222,17,16,0.12951092058805022
2025-11-19,ILI incidence,2025-11-23,2,CZ,ECDC,SARIMA,WIS,4.48701045996288,-0.8534234957531867,13,10,0.7585742857055968
2025-11-19,ILI incidence,2025-11-23,2,CZ,ECDC,soca_simplex,WIS,1.50602351190667,0.7215867580117372,13,1,1.0
2025-11-19,ILI incidence,2025-11-23,2,CZ,ISI,FluABCaster,WIS,2.01460086286048,0.30183701426570947,13,3,0.9588110741953965
2025-11-19,ILI incidence,2025-11-23,2,CZ,ItaLuxColab,EpiEKF,WIS,3.11285273056137,-0.3259062729194299,13,7,0.8698652833365195
2025-11-19,ILI incidence,2025-11-23,2,CZ,ItaLuxColab,EpiNetEKF,WIS,3.14280858388107,-0.3397233545020477,13,8,0.867439203178831
2025-11-19,ILI incidence,2025-11-23,2,CZ,NotreDame,Rt_cocirc,WIS,4.43800652173913,-0.8375807361800855,13,9,0.762543042025252
2025-11-19,ILI incidence,2025-11-23,2,CZ,QMUL,ARIMA,WIS,5.48776150636338,-1.143886733098428,13,11,0.6775249418412587
2025-11-19,ILI incidence,2025-11-23,2,CZ,QMUL,SEIR,WIS,13.8534528516873,-2.4798426436473275,13,13,0.0
2025-11-19,ILI incidence,2025-11-23,2,CZ,QMUL,SEIR_agumented,WIS,8.64858147977693,-1.8001324732414505,13,12,0.42153481738433196
2025-11-19,ILI incidence,2025-11-23,2,CZ,RIVM,KFdlm,WIS,1.69844682961018,0.5481149965045123,13,2,0.9844159207225779
2025-11-19,ILI incidence,2025-11-23,2,CZ,respicast,hubEnsemble,WIS,2.92635593263261,-0.23677420370159288,13,6,0.8849693825620893
2025-11-19,ILI incidence,2025-11-23,2,CZ,respicast,quantileBaseline,WIS,2.4834247826087,0.0,13,5,0.9208417198587999
2025-11-19,ILI incidence,2025-11-23,2,CZ,safinea,PRFM,WIS,2.36718382656311,0.06915930675002449,13,4,0.9302559025884055
2025-11-19,ILI incidence,2025-11-23,2,EE,ECDC,SARIMA,WIS,16.0634448964539,-0.09729277454969402,12,8,0.6315905776659556
2025-11-19,ILI incidence,2025-11-23,2,EE,ECDC,soca_simplex,WIS,12.5022783759004,0.2642975145286392,12,3,0.7325779104374988
2025-11-19,ILI incidence,2025-11-23,2,EE,ISI,FluABCaster,WIS,3.07204028494258,2.289219505626904,12,1,1.0
2025-11-19,ILI incidence,2025-11-23,2,EE,ISI,FluBcast,WIS,16.0374319899352,-0.09495460169659403,12,7,0.6323282500078125
2025-11-19,ILI incidence,2025-11-23,2,EE,ItaLuxColab,EpiEKF,WIS,38.3355374268038,-1.3521938595781702,12,12,0.0
2025-11-19,ILI incidence,2025-11-23,2,EE,ItaLuxColab,EpiNetEKF,WIS,31.6768145423662,-1.076938718022751,12,11,0.18882763832668908
2025-11-19,ILI incidence,2025-11-23,2,EE,NotreDame,Rt_cocirc,WIS,15.3372695652174,-0.030553122698571307,12,6,0.6521834113351512
2025-11-19,ILI incidence,2025-11-23,2,EE,QMUL,ARIMA,WIS,18.8395532896618,-0.3272762115953402,12,9,0.5528658731353777
2025-11-19,ILI incidence,2025-11-23,2,EE,RIVM,KFdlm,WIS,28.4907843893074,-0.9240067959448397,12,10,0.27917687794525964
2025-11-19,ILI incidence,2025-11-23,2,EE,respicast,hubEnsemble,WIS,13.6023334742663,0.14263437918277605,12,4,0.7013826182082425
2025-11-19,ILI incidence,2025-11-23,2,EE,respicast,quantileBaseline,WIS,15.015875,0.0,12,5,0.6612974978911289
2025-11-19,ILI incidence,2025-11-23,2,EE,safinea,PRFM,WIS,9.3613228364256,0.6817042308856159,12,2,0.8216489270425472
2025-11-19,ILI incidence,2025-11-23,2,ES,ECDC,SARIMA,WIS,4.72067969114546,1.0324570639413728,13,7,0.5988675723198897
2025-11-19,ILI incidence,2025-11-23,2,ES,ECDC,soca_simplex,WIS,9.69180934421486,-0.005314364528966424,13,13,0.0
2025-11-19,ILI incidence,2025-11-23,2,ES,ISI,FluABCaster,WIS,3.27035154177142,1.5620059355607492,13,3,0.7735873158185418
2025-11-19,ILI incidence,2025-11-23,2,ES,ISI,FluBcast,WIS,4.36242149109886,1.146322492162251,13,5,0.6420266193572424
2025-11-19,ILI incidence,2025-11-23,2,ES,ItaLuxColab,EpiEKF,WIS,5.67968923274262,0.7656396660113807,13,9,0.4833365449500261
2025-11-19,ILI incidence,2025-11-23,2,ES,ItaLuxColab,EpiNetEKF,WIS,5.46523083744865,0.8211692271112927,13,8,0.5091721572789097
2025-11-19,ILI incidence,2025-11-23,2,ES,QMUL,ARIMA,WIS,4.22835100012408,1.1913565186510262,13,4,0.6581779722796565
2025-11-19,ILI incidence,2025-11-23,2,ES,QMUL,SEIR,WIS,1.39092633962627,2.795405640090336,13,1,1.0
2025-11-19,ILI incidence,2025-11-23,2,ES,QMUL,SEIR_agumented,WIS,2.01577044618342,2.2601203044649343,13,2,0.9247255856742294
2025-11-19,ILI incidence,2025-11-23,2,ES,RIVM,KFdlm,WIS,6.17241164865243,0.6456173791558982,13,10,0.4239787133027855
2025-11-19,ILI incidence,2025-11-23,2,ES,respicast,hubEnsemble,WIS,4.63083299241221,1.0601799318204816,13,6,0.609691324285022
2025-11-19,ILI incidence,2025-11-23,2,ES,respicast,quantileBaseline,WIS,9.65617391304348,0.0,13,12,0.00429296873015579
2025-11-19,ILI incidence,2025-11-23,2,ES,safinea,PRFM,WIS,9.50301105434365,0.023066952421864618,13,11,0.022744362228312987
2025-11-19,ILI incidence,2025-11-23,2,FI,ECDC,soca_simplex,WIS,10.4366952766728,-1.0994585223547904,7,7,0.0
2025-11-19,ILI incidence,2025-11-23,2,FI,ItaLuxColab,EpiEKF,WIS,4.22646983497942,0.20468138194097052,7,4,0.8418542615808082
2025-11-19,ILI incidence,2025-11-23,2,FI,ItaLuxColab,EpiNetEKF,WIS,3.05985379103132,0.6706718168590735,7,1,1.0
2025-11-19,ILI incidence,2025-11-23,2,FI,RIVM,KFdlm,WIS,4.15160159024438,0.23046653348457571,7,3,0.85200335382859
2025-11-19,ILI incidence,2025-11-23,2,FI,respicast,hubEnsemble,WIS,3.93975819210741,0.30602745006430165,7,2,0.8807207118671637
2025-11-19,ILI incidence,2025-11-23,2,FI,respicast,quantileBaseline,WIS,4.87071826086957,0.0,7,5,0.7545203494797911
2025-11-19,ILI incidence,2025-11-23,2,FI,safinea,PRFM,WIS,10.384622966074,-1.0922423970339121,7,6,0.007058889729453453
2025-11-19,ILI incidence,2025-11-23,2,FR,ECDC,soca_simplex,WIS,3.29958486666763,2.0215419314350935,9,1,1.0
2025-11-19,ILI incidence,2025-11-23,2,FR,ISI,FluABCaster,WIS,3.8398743752853,1.802767343629886,9,2,0.9902755473797529
2025-11-19,ILI incidence,2025-11-23,2,FR,ItaLuxColab,EpiEKF,WIS,13.7701000028384,-0.03964067533912489,9,7,0.8115454275398025
2025-11-19,ILI incidence,2025-11-23,2,FR,ItaLuxColab,EpiNetEKF,WIS,8.67260912461289,0.6273603677814501,9,4,0.9032931067687987
2025-11-19,ILI incidence,2025-11-23,2,FR,NotreDame,Rt_cocirc,WIS,58.8594739130435,-2.1353762860224133,9,9,0.0
2025-11-19,ILI incidence,2025-11-23,2,FR,RIVM,KFdlm,WIS,17.0927745682347,-0.3514882386302408,9,8,0.7517419502034303
2025-11-19,ILI incidence,2025-11-23,2,FR,respicast,hubEnsemble,WIS,7.05898083665918,0.9243665516306986,9,3,0.9323361505122233
2025-11-19,ILI incidence,2025-11-23,2,FR,respicast,quantileBaseline,WIS,13.396892173913,0.0,9,6,0.8182626444984952
2025-11-19,ILI incidence,2025-11-23,2,FR,safinea,PRFM,WIS,10.8764219950609,0.3006943286938056,9,5,0.8636275691251132
2025-11-19,ILI incidence,2025-11-23,2,GB-ENG,ECDC,soca_simplex,WIS,0.940466459795991,0.4336755720752429,7,3,0.8625796334045963
2025-11-19,ILI incidence,2025-11-23,2,GB-ENG,ISI,FluABCaster,WIS,2.16462377175699,-0.7689923247722517,7,6,0.5225990972794244
2025-11-19,ILI incidence,2025-11-23,2,GB-ENG,ISI,FluBcast,WIS,0.445661232127932,1.5111045983632267,7,1,1.0
2025-11-19,ILI incidence,2025-11-23,2,GB-ENG,ItaLuxColab,EpiEKF,WIS,1.15995195158013,0.13105892431626368,7,4,0.8016227658195535
2025-11-19,ILI incidence,2025-11-23,2,GB-ENG,respicast,hubEnsemble,WIS,0.8986357876189,0.4993155479227824,7,2,0.8741971062688165
2025-11-19,ILI incidence,2025-11-23,2,GB-ENG,respicast,quantileBaseline,WIS,1.27026013103883,0.0,7,5,0.7709872963215325
2025-11-19,ILI incidence,2025-11-23,2,GB-ENG,safinea,PRFM,WIS,4.04633004073966,-1.6714900282832628,7,7,0.0
2025-11-19,ILI incidence,2025-11-23,2,GB-NIR,ECDC,SARIMA,WIS,6.43615691324045,0.1605756694521176,10,4,0.6353620418465996
2025-11-19,ILI incidence,2025-11-23,2,GB-NIR,ECDC,soca_simplex,WIS,10.2437669459925,-0.509899262038373,10,10,0.0
2025-11-19,ILI incidence,2025-11-23,2,GB-NIR,ISI,FluABCaster,WIS,7.52912143975642,-0.06570636032515365,10,8,0.4529830252824552
2025-11-19,ILI incidence,2025-11-23,2,GB-NIR,ISI,FluBcast,WIS,7.27831063063223,-0.01682845641053624,10,7,0.4948349130628759
2025-11-19,ILI incidence,2025-11-23,2,GB-NIR,ItaLuxColab,EpiEKF,WIS,5.00399177522803,0.5236957505566608,10,3,0.8743422311312157
2025-11-19,ILI incidence,2025-11-23,2,GB-NIR,QMUL,ARIMA,WIS,9.53778978850607,-0.40687981750675545,10,9,0.11780384136487701
2025-11-19,ILI incidence,2025-11-23,2,GB-NIR,RIVM,KFdlm,WIS,4.7249700465875,0.6064699852270393,10,2,0.9209015724775462
2025-11-19,ILI incidence,2025-11-23,2,GB-NIR,respicast,hubEnsemble,WIS,6.87164119339647,0.06612046147655119,10,5,0.5626943634204977
2025-11-19,ILI incidence,2025-11-23,2,GB-NIR,respicast,quantileBaseline,WIS,7.19390530355511,0.0,10,6,0.5089193230978206
2025-11-19,ILI incidence,2025-11-23,2,GB-NIR,safinea,PRFM,WIS,4.25094744785926,0.7589907449511404,10,1,1.0
2025-11-19,ILI incidence,2025-11-23,2,GR,ECDC,SARIMA,WIS,52.1510007624912,-0.385952517495219,18,12,0.5463271276875977
2025-11-19,ILI incidence,2025-11-23,2,GR,ECDC,soca_simplex,WIS,43.4655065631946,-0.12312853800387188,18,11,0.6314499677550768
2025-11-19,ILI incidence,2025-11-23,2,GR,ISI,FluABCaster,WIS,5.86056804520915,2.767630008282221,18,1,1.0
2025-11-19,ILI incidence,2025-11-23,2,GR,ISI,FluBcast,WIS,43.4351160846803,-0.12211947286499766,18,10,0.6317478119286825
2025-11-19,ILI incidence,2025-11-23,2,GR,ItaLuxColab,EpiEKF,WIS,59.1086564915365,-0.5666270088546762,18,15,0.47813809868380586
2025-11-19,ILI incidence,2025-11-23,2,GR,ItaLuxColab,EpiNetEKF,WIS,43.0583892168904,-0.10955192992711509,18,9,0.6354399519704776
2025-11-19,ILI incidence,2025-11-23,2,GR,MRC_GIDA,NBEATS,WIS,33.0974768490063,0.2700211815120682,18,5,0.7330626238601484
2025-11-19,ILI incidence,2025-11-23,2,GR,MRC_GIDA,NHiTS,WIS,36.9242958584948,0.11217201116627304,18,7,0.6955575959322893
2025-11-19,ILI incidence,2025-11-23,2,GR,MRC_GIDA,Prophet,WIS,107.895394331684,-1.434818957126125,18,18,0.0
2025-11-19,ILI incidence,2025-11-23,2,GR,MRC_GIDA,TiDE,WIS,66.2410284724248,-0.7309826521915372,18,17,0.4082367498946844
2025-11-19,ILI incidence,2025-11-23,2,GR,NotreDame,Rt_cocirc,WIS,54.25825,-0.4431000964842339,18,13,0.5256748728232395
2025-11-19,ILI incidence,2025-11-23,2,GR,QMUL,ARIMA,WIS,30.5949524165243,0.3834487650213528,18,2,0.7575888030438701
2025-11-19,ILI incidence,2025-11-23,2,GR,QMUL,SEIR,WIS,30.6203895536217,0.382249783443338,18,3,0.7573395044658927
2025-11-19,ILI incidence,2025-11-23,2,GR,QMUL,SEIR_agumented,WIS,32.0394185508407,0.31689445435839037,18,4,0.7434322039013294
2025-11-19,ILI incidence,2025-11-23,2,GR,RIVM,KFdlm,WIS,55.0086745423636,-0.46291672063303885,18,14,0.5183202805759151
2025-11-19,ILI incidence,2025-11-23,2,GR,respicast,hubEnsemble,WIS,33.6188133837652,0.2474736165869901,18,6,0.7279532258856256
2025-11-19,ILI incidence,2025-11-23,2,GR,respicast,quantileBaseline,WIS,39.9097826086957,0.0,18,8,0.6662981081783845
2025-11-19,ILI incidence,2025-11-23,2,GR,safinea,PRFM,WIS,63.0822800157377,-0.6604923847374339,18,16,0.439194302052597
2025-11-19,ILI incidence,2025-11-23,2,HR,ECDC,SARIMA,WIS,3.70205175869043,0.7572763562133396,14,8,0.8609978613551391
2025-11-19,ILI incidence,2025-11-23,2,HR,ECDC,soca_simplex,WIS,1.74465182227838,1.8426622734698141,14,1,1.0
2025-11-19,ILI incidence,2025-11-23,2,HR,ISI,FluABCaster,WIS,1.91473684668729,1.708455294115383,14,2,0.9879216394644221
2025-11-19,ILI incidence,2025-11-23,2,HR,ISI,FluBcast,WIS,3.30612728191323,0.9204591542823573,14,6,0.8891139085614945
2025-11-19,ILI incidence,2025-11-23,2,HR,ItaLuxColab,EpiEKF,WIS,4.09400977844455,0.6120868737928965,14,10,0.8331634867895122
2025-11-19,ILI incidence,2025-11-23,2,HR,ItaLuxColab,EpiNetEKF,WIS,3.47870685645783,0.8470503108940547,14,7,0.8768584008842584
2025-11-19,ILI incidence,2025-11-23,2,HR,NotreDame,Rt_cocirc,WIS,2.33533260869565,1.4219733822404568,14,4,0.9580535939329137
2025-11-19,ILI incidence,2025-11-23,2,HR,QMUL,ARIMA,WIS,2.58555231591044,1.2751289254794373,14,5,0.9402845760705237
2025-11-19,ILI incidence,2025-11-23,2,HR,QMUL,SEIR,WIS,4.23895266538473,0.5618935654914271,14,11,0.8228705615210176
2025-11-19,ILI incidence,2025-11-23,2,HR,QMUL,SEIR_agumented,WIS,6.73716591363715,-0.10654040646688759,14,13,0.6454632888230631
2025-11-19,ILI incidence,2025-11-23,2,HR,RIVM,KFdlm,WIS,3.95599160812948,0.6615620562990024,14,9,0.8429646625680357
2025-11-19,ILI incidence,2025-11-23,2,HR,respicast,hubEnsemble,WIS,2.23812653033546,1.483309822001503,14,3,0.9649565535836193
2025-11-19,ILI incidence,2025-11-23,2,HR,respicast,quantileBaseline,WIS,6.2575652173913,0.0,14,12,0.6795214908458631
2025-11-19,ILI incidence,2025-11-23,2,HR,safinea,PRFM,WIS,15.8264490916934,-1.3386642737525123,14,14,0.0
2025-11-19,ILI incidence,2025-11-23,2,HU,ECDC,SARIMA,WIS,17.5057938253598,0.5467031284385635,13,5,0.7965451113212263
2025-11-19,ILI incidence,2025-11-23,2,HU,ECDC,soca_simplex,WIS,32.0162099843017,-0.3242669218058887,13,10,0.4045001616782474
2025-11-19,ILI incidence,2025-11-23,2,HU,ISI,FluABCaster,WIS,9.97549632506377,1.3580750840740108,13,1,1.0
2025-11-19,ILI incidence,2025-11-23,2,HU,ItaLuxColab,EpiEKF,WIS,27.3980758257639,-0.099538963115974,13,8,0.5292737142625928
2025-11-19,ILI incidence,2025-11-23,2,HU,ItaLuxColab,EpiNetEKF,WIS,19.495886929217,0.39136582380306395,13,6,0.7427764294212421
2025-11-19,ILI incidence,2025-11-23,2,HU,NotreDame,Rt_cocirc,WIS,30.2524152173913,-0.2425147125315657,13,9,0.45215467571834383
2025-11-19,ILI incidence,2025-11-23,2,HU,QMUL,ARIMA,WIS,12.2444269549936,1.0624103560991425,13,2,0.9386976372827122
2025-11-19,ILI incidence,2025-11-23,2,HU,QMUL,SEIR,WIS,41.2353300535549,-0.6893453423916159,13,12,0.15541637085425644
2025-11-19,ILI incidence,2025-11-23,2,HU,QMUL,SEIR_agumented,WIS,14.4377187622699,0.8246928061617655,13,3,0.8794388974424967
2025-11-19,ILI incidence,2025-11-23,2,HU,RIVM,KFdlm,WIS,32.7286291196644,-0.356017561761344,13,11,0.38525189746662136
2025-11-19,ILI incidence,2025-11-23,2,HU,respicast,hubEnsemble,WIS,14.718925484225,0.7968632576192447,13,4,0.8718412052784292
2025-11-19,ILI incidence,2025-11-23,2,HU,respicast,quantileBaseline,WIS,25.5714791304348,0.0,13,7,0.5786250217367782
2025-11-19,ILI incidence,2025-11-23,2,HU,safinea,PRFM,WIS,46.9876199913832,-0.8777450816889183,13,13,0.0
2025-11-19,ILI incidence,2025-11-23,2,IE,ECDC,SARIMA,WIS,5.47485045797285,0.3360843594529667,16,8,0.7252682222825785
2025-11-19,ILI incidence,2025-11-23,2,IE,ECDC,soca_simplex,WIS,2.36339305528141,1.5480443349147455,16,3,0.9260083641890854
2025-11-19,ILI incidence,2025-11-23,2,IE,ISI,FluABCaster,WIS,1.2165281542476,2.506134209299711,16,1,1.0
2025-11-19,ILI incidence,2025-11-23,2,IE,ISI,FluBcast,WIS,2.77423609495973,1.3168133482978934,16,4,0.8995022355771408
2025-11-19,ILI incidence,2025-11-23,2,IE,ItaLuxColab,EpiEKF,WIS,4.91863552395389,0.4906457646079127,16,6,0.7611532273894785
2025-11-19,ILI incidence,2025-11-23,2,IE,ItaLuxColab,EpiNetEKF,WIS,5.44354503508177,0.34435742524385904,16,7,0.7272879365901447
2025-11-19,ILI incidence,2025-11-23,2,IE,MRC_GIDA,NBEATS,WIS,16.7164544427354,-1.274293060953508,16,16,0.0
2025-11-19,ILI incidence,2025-11-23,2,IE,MRC_GIDA,NHiTS,WIS,15.6306929792063,-1.177405917413389,16,15,0.07004945980520723
2025-11-19,ILI incidence,2025-11-23,2,IE,MRC_GIDA,Prophet,WIS,4.52988743216053,0.6094287187140315,16,5,0.7862338687136952
2025-11-19,ILI incidence,2025-11-23,2,IE,MRC_GIDA,TiDE,WIS,7.73182394647095,-0.16190486936047713,16,12,0.5796563370070714
2025-11-19,ILI incidence,2025-11-23,2,IE,NotreDame,Rt_cocirc,WIS,9.53120434782609,-0.4637546038892674,16,14,0.46356672678153205
2025-11-19,ILI incidence,2025-11-23,2,IE,QMUL,SEIR,WIS,2.18242489022308,1.6629719151301574,16,2,0.937683785200135
2025-11-19,ILI incidence,2025-11-23,2,IE,RIVM,KFdlm,WIS,7.95131774307553,-0.202290054416584,16,13,0.5654953795599638
2025-11-19,ILI incidence,2025-11-23,2,IE,respicast,hubEnsemble,WIS,5.49904171519891,0.3297236876300615,16,9,0.7237074885877331
2025-11-19,ILI incidence,2025-11-23,2,IE,respicast,quantileBaseline,WIS,6.9110452173913,0.0,16,11,0.632610055225026
2025-11-19,ILI incidence,2025-11-23,2,IE,safinea,PRFM,WIS,6.85775823364143,0.011166874637117583,16,10,0.6360479414935206
2025-11-19,ILI incidence,2025-11-23,2,IS,ECDC,soca_simplex,WIS,43.3217282996713,-0.08496967904279853,9,9,0.0
2025-11-19,ILI incidence,2025-11-23,2,IS,ISI,FluABCaster,WIS,37.9348540549398,0.10659713336439779,9,4,0.33959962076074757
2025-11-19,ILI incidence,2025-11-23,2,IS,ISI,FluBcast,WIS,40.1964548318939,0.02305285365502448,9,6,0.19702366088624576
2025-11-19,ILI incidence,2025-11-23,2,IS,ItaLuxColab,EpiEKF,WIS,27.4593011489454,0.5728262119401847,9,1,1.0
2025-11-19,ILI incidence,2025-11-23,2,IS,ItaLuxColab,EpiNetEKF,WIS,37.5431637290322,0.12157089076141671,9,3,0.3642925837093385
2025-11-19,ILI incidence,2025-11-23,2,IS,RIVM,KFdlm,WIS,33.7915489495531,0.2734586378737838,9,2,0.6008020878243765
2025-11-19,ILI incidence,2025-11-23,2,IS,respicast,hubEnsemble,WIS,38.261196479764,0.09423913125177988,9,5,0.3190263237663295
2025-11-19,ILI incidence,2025-11-23,2,IS,respicast,quantileBaseline,WIS,40.8439139130435,0.0,9,7,0.15620651008092468
2025-11-19,ILI incidence,2025-11-23,2,IS,safinea,PRFM,WIS,40.9284529644799,-0.0029830153725085243,9,8,0.1508769945765756
2025-11-19,ILI incidence,2025-11-23,2,LT,ECDC,SARIMA,WIS,6.09801240235487,-0.29190342168418204,18,13,0.5600854785264333
2025-11-19,ILI incidence,2025-11-23,2,LT,ECDC,soca_simplex,WIS,3.96531216061487,0.3290012194275177,18,8,0.7231001030997724
2025-11-19,ILI incidence,2025-11-23,2,LT,ISI,FluABCaster,WIS,0.758672225354802,2.714887035478766,18,2,0.9682021549295309
2025-11-19,ILI incidence,2025-11-23,2,LT,ISI,FluBcast,WIS,1.53067142273374,1.7022710388627444,18,4,0.9091937875703318
2025-11-19,ILI incidence,2025-11-23,2,LT,ItaLuxColab,EpiEKF,WIS,5.29651543074701,-0.08860786206851862,18,12,0.6213485315172869
2025-11-19,ILI incidence,2025-11-23,2,LT,ItaLuxColab,EpiNetEKF,WIS,3.1183291842151,0.675662429714463,18,6,0.7878399147317954
2025-11-19,ILI incidence,2025-11-23,2,LT,MRC_GIDA,NBEATS,WIS,10.5226957703998,-1.07899678268913,18,16,0.22188131650633344
2025-11-19,ILI incidence,2025-11-23,2,LT,MRC_GIDA,NHiTS,WIS,6.84257237253921,-0.4581031259009646,18,15,0.5031744501331926
2025-11-19,ILI incidence,2025-11-23,2,LT,MRC_GIDA,Prophet,WIS,13.4255416873792,-1.4304727305756104,18,18,0.0
2025-11-19,ILI incidence,2025-11-23,2,LT,MRC_GIDA,TiDE,WIS,6.5433821554911,-0.3936008685244405,18,14,0.5260432902793922
2025-11-19,ILI incidence,2025-11-23,2,LT,NotreDame,Rt_cocirc,WIS,11.1203869565217,-1.1586994224646083,18,17,0.17619631942631087
2025-11-19,ILI incidence,2025-11-23,2,LT,QMUL,ARIMA,WIS,4.54355278653278,0.13261482283541406,18,9,0.6789018249253601
2025-11-19,ILI incidence,2025-11-23,2,LT,QMUL,SEIR,WIS,1.1383779051975,2.129456096922933,18,3,0.9391790518996266
2025-11-19,ILI incidence,2025-11-23,2,LT,QMUL,SEIR_agumented,WIS,0.342664937382359,3.8615651797107597,18,1,1.0
2025-11-19,ILI incidence,2025-11-23,2,LT,RIVM,KFdlm,WIS,3.14130874318887,0.6650699177870357,18,7,0.7860834540226646
2025-11-19,ILI incidence,2025-11-23,2,LT,respicast,hubEnsemble,WIS,2.96077711204754,0.7504597746679328,18,5,0.79988253159491
2025-11-19,ILI incidence,2025-11-23,2,LT,respicast,quantileBaseline,WIS,4.98100086956522,0.0,18,11,0.6454651357787973
2025-11-19,ILI incidence,2025-11-23,2,LT,safinea,PRFM,WIS,4.66543347899192,0.09442453057465866,18,10,0.6695857780965028
2025-11-19,ILI incidence,2025-11-23,2,LU,ECDC,SARIMA,WIS,1392.83959167681,-0.43027832004946004,16,3,0.9725474617572311
2025-11-19,ILI incidence,2025-11-23,2,LU,ISI,FluABCaster,WIS,1444.94126847599,-0.4832600562339535,16,4,0.9705108243283144
2025-11-19,ILI incidence,2025-11-23,2,LU,ItaLuxColab,EpiEKF,WIS,1988.71464052076,-0.9440854821095345,16,8,0.9492549018630315
2025-11-19,ILI incidence,2025-11-23,2,LU,ItaLuxColab,EpiNetEKF,WIS,2153.11115425938,-1.0586720030289651,16,10,0.9428286961508048
2025-11-19,ILI incidence,2025-11-23,2,LU,MRC_GIDA,NBEATS,WIS,1727.7194953935,-0.7411182097085413,16,7,0.9594571163403222
2025-11-19,ILI incidence,2025-11-23,2,LU,MRC_GIDA,NHiTS,WIS,1713.5728920011,-0.7292567650949799,16,6,0.9600101024192934
2025-11-19,ILI incidence,2025-11-23,2,LU,MRC_GIDA,Prophet,WIS,2838.17218765156,-1.4572113207382498,16,14,0.9160498854212278
2025-11-19,ILI incidence,2025-11-23,2,LU,MRC_GIDA,TiDE,WIS,1709.98073115799,-0.7262292707971362,16,5,0.9601505188065041
2025-11-19,ILI incidence,2025-11-23,2,LU,NotreDame,Rt_cocirc,WIS,2821.5687326087,-1.4487466961890225,16,13,0.9166989090240565
2025-11-19,ILI incidence,2025-11-23,2,LU,QMUL,ARIMA,WIS,2197.03194255991,-1.0878050477388455,16,11,0.9411118469656016
2025-11-19,ILI incidence,2025-11-23,2,LU,QMUL,SEIR,WIS,2251.37470837105,-1.1230553947911028,16,12,0.938987606103481
2025-11-19,ILI incidence,2025-11-23,2,LU,QMUL,SEIR_agumented,WIS,2910.73576256831,-1.4936330796726824,16,15,0.9132133991173209
2025-11-19,ILI incidence,2025-11-23,2,LU,RIVM,KFdlm,WIS,26272.7484084816,-4.667744427014555,16,16,0.0
2025-11-19,ILI incidence,2025-11-23,2,LU,respicast,hubEnsemble,WIS,2092.92965597858,-1.017773025515613,16,9,0.9451811711469432
2025-11-19,ILI incidence,2025-11-23,2,LU,respicast,quantileBaseline,WIS,1033.65217391304,0.0,16,2,0.9865879799123998
2025-11-19,ILI incidence,2025-11-23,2,LU,safinea,PRFM,WIS,690.5431227355,0.5819473822612831,16,1,1.0
2025-11-19,ILI incidence,2025-11-23,2,LV,ECDC,soca_simplex,WIS,56.6955945167153,-1.185705003058933,9,9,0.0
2025-11-19,ILI incidence,2025-11-23,2,LV,ISI,FluABCaster,WIS,52.2765147335631,-1.068631327039791,9,8,0.09536306956771054
2025-11-19,ILI incidence,2025-11-23,2,LV,ItaLuxColab,EpiEKF,WIS,29.6154930534007,-0.2488204719704462,9,3,0.5843844706294554
2025-11-19,ILI incidence,2025-11-23,2,LV,ItaLuxColab,EpiNetEKF,WIS,30.1238773232767,-0.27337584196064196,9,4,0.5734136154120073
2025-11-19,ILI incidence,2025-11-23,2,LV,NotreDame,Rt_cocirc,WIS,48.9581239130435,-0.9740166416083821,9,7,0.1669734387392605
2025-11-19,ILI incidence,2025-11-23,2,LV,RIVM,KFdlm,WIS,43.4422668610678,-0.8015677533168735,9,6,0.286004794945709
2025-11-19,ILI incidence,2025-11-23,2,LV,respicast,hubEnsemble,WIS,40.8316354561313,-0.7121557208617612,9,5,0.34234182358089316
2025-11-19,ILI incidence,2025-11-23,2,LV,respicast,quantileBaseline,WIS,24.9239310869565,0.0,9,2,0.6856276642674086
2025-11-19,ILI incidence,2025-11-23,2,LV,safinea,PRFM,WIS,10.3560649358797,1.2670557165202267,9,1,1.0
2025-11-19,ILI incidence,2025-11-23,2,MT,ECDC,SARIMA,WIS,1521.21236080793,-0.9072930679490119,11,7,0.30204955281433926
2025-11-19,ILI incidence,2025-11-23,2,MT,ECDC,soca_simplex,WIS,621.648018359485,0.38375864679751465,11,1,1.0
2025-11-19,ILI incidence,2025-11-23,2,MT,ISI,FluABCaster,WIS,1578.44658761743,-0.9605769437480832,11,8,0.2576428858189705
2025-11-19,ILI incidence,2025-11-23,2,MT,ItaLuxColab,EpiEKF,WIS,1339.5343062858,-0.723803030963156,11,5,0.44300920785403275
2025-11-19,ILI incidence,2025-11-23,2,MT,ItaLuxColab,EpiNetEKF,WIS,1396.00730414415,-0.7833779910044828,11,6,0.39919316018603707
2025-11-19,ILI incidence,2025-11-23,2,MT,NotreDame,Rt_cocirc,WIS,1910.51364782609,-1.236032064693471,11,11,0.0
2025-11-19,ILI incidence,2025-11-23,2,MT,QMUL,ARIMA,WIS,1750.88757035841,-1.1101579480679915,11,10,0.1238500537358119
2025-11-19,ILI incidence,2025-11-23,2,MT,RIVM,KFdlm,WIS,696.619747082292,0.21948522428698547,11,2,0.9418312297195529
2025-11-19,ILI incidence,2025-11-23,2,MT,respicast,hubEnsemble,WIS,1090.160076165,-0.42661149302009227,11,4,0.636492705605465
2025-11-19,ILI incidence,2025-11-23,2,MT,respicast,quantileBaseline,WIS,811.086956521739,0.0,11,3,0.8530188610579577
2025-11-19,ILI incidence,2025-11-23,2,MT,safinea,PRFM,WIS,1640.6771952221,-1.0163629161837229,11,9,0.20935964652549655
2025-11-19,ILI incidence,2025-11-23,2,NL,ECDC,SARIMA,WIS,4.38810652728978,0.05022651369431038,18,5,0.8255746586461106
2025-11-19,ILI incidence,2025-11-23,2,NL,ECDC,soca_simplex,WIS,7.28986130024365,-0.6820663022758607,18,12,0.6835547741227579
2025-11-19,ILI incidence,2025-11-23,2,NL,ISI,FluABCaster,WIS,21.2562740673232,-2.225991766049981,18,18,0.0
2025-11-19,ILI incidence,2025-11-23,2,NL,ISI,FluBcast,WIS,9.64691110291001,-1.0862420086695679,18,16,0.5681942536850823
2025-11-19,ILI incidence,2025-11-23,2,NL,ItaLuxColab,EpiEKF,WIS,7.92984890439117,-0.8034683137745444,18,13,0.6522320150513963
2025-11-19,ILI incidence,2025-11-23,2,NL,ItaLuxColab,EpiNetEKF,WIS,6.32383739820774,-0.4769752095922829,18,11,0.7308346491462011
2025-11-19,ILI incidence,2025-11-23,2,NL,MRC_GIDA,NBEATS,WIS,1.26621095948275,1.843307275516564,18,2,0.9783688410375425
2025-11-19,ILI incidence,2025-11-23,2,NL,MRC_GIDA,NHiTS,WIS,0.824242435325037,2.462684416853827,18,1,1.0
2025-11-19,ILI incidence,2025-11-23,2,NL,MRC_GIDA,Prophet,WIS,8.61103112965953,-0.9223609405183941,18,14,0.6188930775665122
2025-11-19,ILI incidence,2025-11-23,2,NL,MRC_GIDA,TiDE,WIS,2.01598403163461,1.1723408517861937,18,4,0.9416728782641853
2025-11-19,ILI incidence,2025-11-23,2,NL,NotreDame,Rt_cocirc,WIS,4.84828695652174,-0.09365002715890927,18,7,0.8030521588027137
2025-11-19,ILI incidence,2025-11-23,2,NL,QMUL,ARIMA,WIS,5.03506684893813,-0.14818586929353114,18,8,0.7939106355425463
2025-11-19,ILI incidence,2025-11-23,2,NL,QMUL,SEIR,WIS,18.5690152367957,-2.0310003390601534,18,17,0.13152186130717627
2025-11-19,ILI incidence,2025-11-23,2,NL,QMUL,SEIR_agumented,WIS,9.22541585840641,-1.0217888824246724,18,15,0.5888233938555343
2025-11-19,ILI incidence,2025-11-23,2,NL,RIVM,KFdlm,WIS,5.20662725036683,-0.19652406263878808,18,9,0.7855139961618582
2025-11-19,ILI incidence,2025-11-23,2,NL,respicast,hubEnsemble,WIS,5.69926976888807,-0.3269520194783552,18,10,0.7614027121058115
2025-11-19,ILI incidence,2025-11-23,2,NL,respicast,quantileBaseline,WIS,4.54356608695652,0.0,18,6,0.8179660388834397
2025-11-19,ILI incidence,2025-11-23,2,NL,safinea,PRFM,WIS,1.72972333207155,1.393283764913819,18,3,0.9556832666934374
2025-11-19,ILI incidence,2025-11-23,2,NO,ECDC,SARIMA,WIS,8.72833072535445,0.3348231361092863,16,8,0.7704655960631219
2025-11-19,ILI incidence,2025-11-23,2,NO,ECDC,soca_simplex,WIS,25.7104325322134,-1.2237530720431826,16,16,0.0
2025-11-19,ILI incidence,2025-11-23,2,NO,ISI,FluABCaster,WIS,6.15106579952375,0.8396924950913683,16,2,0.8873942295077006
2025-11-19,ILI incidence,2025-11-23,2,NO,ISI,FluBcast,WIS,7.97440757584345,0.4651515599294409,16,5,0.8046705405028713
2025-11-19,ILI incidence,2025-11-23,2,NO,ItaLuxColab,EpiEKF,WIS,8.17125878150361,0.42997056149183616,16,6,0.7957395446090979
2025-11-19,ILI incidence,2025-11-23,2,NO,ItaLuxColab,EpiNetEKF,WIS,7.42424515896824,0.5682845529312751,16,4,0.8296310088400758
2025-11-19,ILI incidence,2025-11-23,2,NO,MRC_GIDA,NBEATS,WIS,21.2805237728051,-0.9509328509028656,16,15,0.2009817354553979
2025-11-19,ILI incidence,2025-11-23,2,NO,MRC_GIDA,NHiTS,WIS,15.0150455065381,-0.44780803821395554,16,14,0.4852419231484321
2025-11-19,ILI incidence,2025-11-23,2,NO,MRC_GIDA,Prophet,WIS,7.18028551093156,0.6164876926725015,16,3,0.8406992804696815
2025-11-19,ILI incidence,2025-11-23,2,NO,MRC_GIDA,TiDE,WIS,12.5125012391807,-0.18476940283333249,16,12,0.5987805347144699
2025-11-19,ILI incidence,2025-11-23,2,NO,NotreDame,Rt_cocirc,WIS,3.66908260869565,1.585109517037193,16,1,1.0
2025-11-19,ILI incidence,2025-11-23,2,NO,QMUL,ARIMA,WIS,9.45842788204846,0.21892849582548735,16,10,0.7373416195722353
2025-11-19,ILI incidence,2025-11-23,2,NO,RIVM,KFdlm,WIS,8.58387935458524,0.35889910466539454,16,7,0.7770192495947998
2025-11-19,ILI incidence,2025-11-23,2,NO,respicast,hubEnsemble,WIS,8.87230550081851,0.3112198612023631,16,9,0.7639335653134789
2025-11-19,ILI incidence,2025-11-23,2,NO,respicast,quantileBaseline,WIS,11.0083695652174,0.0,16,11,0.6670218937592903
2025-11-19,ILI incidence,2025-11-23,2,NO,safinea,PRFM,WIS,14.8846226339324,-0.43522183665179626,16,13,0.4911591139311319
2025-11-19,ILI incidence,2025-11-23,2,PL,ECDC,SARIMA,WIS,18.1164725790239,0.07764142086923358,17,4,0.912338367087112
2025-11-19,ILI incidence,2025-11-23,2,PL,ECDC,soca_simplex,WIS,6.35863439952481,1.5881546332946075,17,1,1.0
2025-11-19,ILI incidence,2025-11-23,2,PL,ISI,FluABCaster,WIS,10.2361472467375,0.901270693650354,17,2,0.9710908499812467
2025-11-19,ILI incidence,2025-11-23,2,PL,ItaLuxColab,EpiEKF,WIS,21.8021436978372,-0.18952649567873917,17,7,0.8848595105386026
2025-11-19,ILI incidence,2025-11-23,2,PL,ItaLuxColab,EpiNetEKF,WIS,16.3904749208502,0.2220858416900439,17,3,0.9252066997524774
2025-11-19,ILI incidence,2025-11-23,2,PL,MRC_GIDA,NBEATS,WIS,88.8218101029435,-2.215970472916183,17,12,0.3851882865722484
2025-11-19,ILI incidence,2025-11-23,2,PL,MRC_GIDA,NHiTS,WIS,90.9557968963674,-2.250222088833668,17,13,0.3692781537680524
2025-11-19,ILI incidence,2025-11-23,2,PL,MRC_GIDA,Prophet,WIS,117.221799781816,-2.6162254887092575,17,16,0.17344957815049414
2025-11-19,ILI incidence,2025-11-23,2,PL,MRC_GIDA,TiDE,WIS,99.6789808262604,-2.3823458180911716,17,14,0.3042416618704865
2025-11-19,ILI incidence,2025-11-23,2,PL,NotreDame,Rt_cocirc,WIS,140.486163043478,-2.877412637001439,17,17,0.0
2025-11-19,ILI incidence,2025-11-23,2,PL,QMUL,ARIMA,WIS,19.0988427486155,0.0014582753730037346,17,5,0.9050142168584194
2025-11-19,ILI incidence,2025-11-23,2,PL,QMUL,SEIR,WIS,103.780219295233,-2.4405160849767014,17,15,0.27366450511201457
2025-11-19,ILI incidence,2025-11-23,2,PL,QMUL,SEIR_agumented,WIS,75.5133998062874,-1.981789173076993,17,11,0.4844103510597244
2025-11-19,ILI incidence,2025-11-23,2,PL,RIVM,KFdlm,WIS,46.8037386803973,-1.2916802773983966,17,10,0.6984578431454171
2025-11-19,ILI incidence,2025-11-23,2,PL,respicast,hubEnsemble,WIS,33.083675652828,-0.7911760298712486,17,9,0.8007490220427019
2025-11-19,ILI incidence,2025-11-23,2,PL,respicast,quantileBaseline,WIS,19.1181576086956,0.0,17,6,0.904870213160779
2025-11-19,ILI incidence,2025-11-23,2,PL,safinea,PRFM,WIS,23.3664512684154,-0.289495145000097,17,8,0.8731966730406365
2025-11-19,ILI incidence,2025-11-23,2,RO,ECDC,SARIMA,WIS,0.966525340046308,-0.05059436361187406,14,8,0.4479569921170303
2025-11-19,ILI incidence,2025-11-23,2,RO,ECDC,soca_simplex,WIS,1.13643322904519,-0.2842278227852542,14,13,0.2780328000889399
2025-11-19,ILI incidence,2025-11-23,2,RO,ISI,FluABCaster,WIS,1.07180532707988,-0.1997577931117699,14,12,0.3426669032411378
2025-11-19,ILI incidence,2025-11-23,2,RO,ISI,FluBcast,WIS,0.414535296801124,1.1707182440553887,14,1,1.0
2025-11-19,ILI incidence,2025-11-23,2,RO,ItaLuxColab,EpiEKF,WIS,0.828872798225675,0.17106247584478915,14,5,0.5856227419965894
2025-11-19,ILI incidence,2025-11-23,2,RO,ItaLuxColab,EpiNetEKF,WIS,0.708951421149226,0.3965264190926481,14,3,0.705555625788381
2025-11-19,ILI incidence,2025-11-23,2,RO,NotreDame,Rt_cocirc,WIS,0.977173913043477,-0.06640215602864874,14,9,0.43730739736626506
2025-11-19,ILI incidence,2025-11-23,2,RO,QMUL,ARIMA,WIS,0.799568634706897,0.22299131394297056,14,4,0.6149297173131985
2025-11-19,ILI incidence,2025-11-23,2,RO,QMUL,SEIR,WIS,0.921129328384508,0.018809465646198727,14,6,0.49335735962427346
2025-11-19,ILI incidence,2025-11-23,2,RO,QMUL,SEIR_agumented,WIS,1.05433009892751,-0.17604153079279317,14,11,0.36014380817942204
2025-11-19,ILI incidence,2025-11-23,2,RO,RIVM,KFdlm,WIS,1.00679735687884,-0.10948823560209572,14,10,0.4076811110974345
2025-11-19,ILI incidence,2025-11-23,2,RO,respicast,hubEnsemble,WIS,0.687883104584186,0.4400497720554544,14,2,0.726625963903935
2025-11-19,ILI incidence,2025-11-23,2,RO,respicast,quantileBaseline,WIS,0.933217391304348,0.0,14,7,0.48126813682866776
2025-11-19,ILI incidence,2025-11-23,2,RO,safinea,PRFM,WIS,1.41443935384554,-0.599945221860488,14,14,0.0
2025-11-19,ILI incidence,2025-11-23,2,SI,ECDC,SARIMA,WIS,50.8321297689951,-0.01818764362256145,17,4,0.561445203433332
2025-11-19,ILI incidence,2025-11-23,2,SI,ECDC,soca_simplex,WIS,54.3481288537082,-0.11467733111191686,17,6,0.4727006432569033
2025-11-19,ILI incidence,2025-11-23,2,SI,ISI,FluABCaster,WIS,68.6557259685768,-0.45182701326687785,17,14,0.11157386746760738
2025-11-19,ILI incidence,2025-11-23,2,SI,ItaLuxColab,EpiEKF,WIS,49.1914513468933,0.029145413560954306,17,2,0.6028562736447631
2025-11-19,ILI incidence,2025-11-23,2,SI,ItaLuxColab,EpiNetEKF,WIS,54.0665462824438,-0.10718316683705707,17,5,0.4798078468818569
2025-11-19,ILI incidence,2025-11-23,2,SI,MRC_GIDA,NBEATS,WIS,73.0762066731305,-0.5418487121822018,17,17,0.0
2025-11-19,ILI incidence,2025-11-23,2,SI,MRC_GIDA,NHiTS,WIS,71.9914743205506,-0.5202730291326151,17,16,0.02737887389032176
2025-11-19,ILI incidence,2025-11-23,2,SI,MRC_GIDA,Prophet,WIS,33.4568871596515,0.585249811817613,17,1,1.0
2025-11-19,ILI incidence,2025-11-23,2,SI,MRC_GIDA,TiDE,WIS,60.9925982215975,-0.2810811399369123,17,9,0.3049928317779917
2025-11-19,ILI incidence,2025-11-23,2,SI,NotreDame,Rt_cocirc,WIS,67.1833239130435,-0.4205501404714125,17,12,0.14873760661341423
2025-11-19,ILI incidence,2025-11-23,2,SI,QMUL,ARIMA,WIS,55.3053953580008,-0.13986719589537064,17,7,0.4485390343234906
2025-11-19,ILI incidence,2025-11-23,2,SI,QMUL,SEIR,WIS,70.6799359866184,-0.4937476986780946,17,15,0.06048237869650574
2025-11-19,ILI incidence,2025-11-23,2,SI,QMUL,SEIR_agumented,WIS,64.7531381541457,-0.3673970777390259,17,11,0.21007600890654327
2025-11-19,ILI incidence,2025-11-23,2,SI,RIVM,KFdlm,WIS,60.7546798549745,-0.2754425073526936,17,8,0.3109979416472325
2025-11-19,ILI incidence,2025-11-23,2,SI,respicast,hubEnsemble,WIS,61.6301486428032,-0.2960832360853291,17,10,0.28890092436931447
2025-11-19,ILI incidence,2025-11-23,2,SI,respicast,quantileBaseline,WIS,50.1953260869565,0.0,17,3,0.5775182629875718
2025-11-19,ILI incidence,2025-11-23,2,SI,safinea,PRFM,WIS,67.3826550107288,-0.4248242400433699,17,13,0.1437064475694663
2025-11-19,ILI incidence,2025-11-30,3,AT,ECDC,soca_simplex,WIS,417.461057393167,-0.49523878871001703,8,6,0.21987012753131197
2025-11-19,ILI incidence,2025-11-30,3,AT,ItaLuxColab,EpiEKF,WIS,423.105731240851,-0.5146153938609996,8,7,0.18603822057971944
2025-11-19,ILI incidence,2025-11-30,3,AT,ItaLuxColab,EpiNetEKF,WIS,360.082190050433,-0.2819234102531599,8,3,0.5637760029298742
2025-11-19,ILI incidence,2025-11-30,3,AT,NotreDame,Rt_cocirc,WIS,379.089782608696,-0.3561367386903738,8,4,0.44985213059333856
2025-11-19,ILI incidence,2025-11-30,3,AT,RIVM,KFdlm,WIS,389.073844058214,-0.393641162514925,8,5,0.3900116779695501
2025-11-19,ILI incidence,2025-11-30,3,AT,respicast,hubEnsemble,WIS,287.30053480655,0.04384215577057417,8,1,1.0
2025-11-19,ILI incidence,2025-11-30,3,AT,respicast,quantileBaseline,WIS,296.165344347826,0.0,8,2,0.9468678935866077
2025-11-19,ILI incidence,2025-11-30,3,AT,safinea,PRFM,WIS,454.145219493126,-0.6167508596620027,8,8,0.0
2025-11-19,ILI incidence,2025-11-30,3,BE,ECDC,SARIMA,WIS,32.1912260656667,-0.4953362844813587,17,13,0.7039850348244845
2025-11-19,ILI incidence,2025-11-30,3,BE,ECDC,soca_simplex,WIS,18.627336332125,0.293909854406524,17,7,0.8629715731508304
2025-11-19,ILI incidence,2025-11-30,3,BE,ISI,FluABCaster,WIS,11.223827396946,1.0247665131503239,17,3,0.9497503866177057
2025-11-19,ILI incidence,2025-11-30,3,BE,ItaLuxColab,EpiEKF,WIS,20.2961191029622,0.17012735058366876,17,8,0.8434112551914497
2025-11-19,ILI incidence,2025-11-30,3,BE,ItaLuxColab,EpiNetEKF,WIS,13.1128398833743,0.8003510734520368,17,4,0.9276086881836785
2025-11-19,ILI incidence,2025-11-30,3,BE,MRC_GIDA,NBEATS,WIS,10.026882491996,1.1874581210745419,17,2,0.9637801473090488
2025-11-19,ILI incidence,2025-11-30,3,BE,MRC_GIDA,NHiTS,WIS,6.9367964178106,1.7189897913611736,17,1,1.0
2025-11-19,ILI incidence,2025-11-30,3,BE,MRC_GIDA,Prophet,WIS,64.4767101747975,-1.497446893206258,17,15,0.32555691003607434
2025-11-19,ILI incidence,2025-11-30,3,BE,MRC_GIDA,TiDE,WIS,21.6332963602615,0.07807772941513447,17,10,0.8277377878127657
2025-11-19,ILI incidence,2025-11-30,3,BE,NotreDame,Rt_cocirc,WIS,86.0544913043478,-1.9139192492671708,17,16,0.0726370770130006
2025-11-19,ILI incidence,2025-11-30,3,BE,QMUL,ARIMA,WIS,20.7409302246808,0.13885064118210533,17,9,0.8381974867341451
2025-11-19,ILI incidence,2025-11-30,3,BE,QMUL,SEIR,WIS,92.2515021553467,-2.014241161908376,17,17,0.0
2025-11-19,ILI incidence,2025-11-30,3,BE,QMUL,SEIR_agumented,WIS,34.3045946128655,-0.5870705765978141,17,14,0.6792135897502858
2025-11-19,ILI incidence,2025-11-30,3,BE,RIVM,KFdlm,WIS,13.6447522563912,0.7429850409611207,17,6,0.9213739790744038
2025-11-19,ILI incidence,2025-11-30,3,BE,respicast,hubEnsemble,WIS,13.1254023437366,0.7989695936643249,17,5,0.9274614397081231
2025-11-19,ILI incidence,2025-11-30,3,BE,respicast,quantileBaseline,WIS,22.8363367391304,0.0,17,11,0.8136365801901319
2025-11-19,ILI incidence,2025-11-30,3,BE,safinea,PRFM,WIS,25.0688033483774,-0.134561889974373,17,12,0.7874691499687231
2025-11-19,ILI incidence,2025-11-30,3,CZ,ECDC,SARIMA,WIS,5.11333276541515,-0.5940776898407204,13,11,0.7321609763056465
2025-11-19,ILI incidence,2025-11-30,3,CZ,ECDC,soca_simplex,WIS,0.712012050460629,2.250212663502908,13,1,1.0
2025-11-19,ILI incidence,2025-11-30,3,CZ,ISI,FluABCaster,WIS,0.928961805337713,1.8664950410159828,13,2,0.986797687716877
2025-11-19,ILI incidence,2025-11-30,3,CZ,ItaLuxColab,EpiEKF,WIS,3.84840321454829,-0.18407373775667676,13,9,0.809137301797032
2025-11-19,ILI incidence,2025-11-30,3,CZ,ItaLuxColab,EpiNetEKF,WIS,2.598725232854,0.382382123384997,13,6,0.8851855046494312
2025-11-19,ILI incidence,2025-11-30,3,CZ,NotreDame,Rt_cocirc,WIS,1.71012608695652,0.9860835285335476,13,3,0.9392605296491209
2025-11-19,ILI incidence,2025-11-30,3,CZ,QMUL,ARIMA,WIS,4.85232469881494,-0.5184898663330558,13,10,0.7480444236302237
2025-11-19,ILI incidence,2025-11-30,3,CZ,QMUL,SEIR,WIS,17.1447209748223,-2.339506292992301,13,13,0.0
2025-11-19,ILI incidence,2025-11-30,3,CZ,QMUL,SEIR_agumented,WIS,10.2403170043466,-1.5960022447700684,13,12,0.42016225092625137
2025-11-19,ILI incidence,2025-11-30,3,CZ,RIVM,KFdlm,WIS,2.84036717369297,0.254108788248934,13,7,0.8704805681747925
2025-11-19,ILI incidence,2025-11-30,3,CZ,respicast,hubEnsemble,WIS,2.40491565937206,0.4941999275057856,13,5,0.8969796387982213
2025-11-19,ILI incidence,2025-11-30,3,CZ,respicast,quantileBaseline,WIS,3.38741847826087,0.0,13,8,0.8371901772181992
2025-11-19,ILI incidence,2025-11-30,3,CZ,safinea,PRFM,WIS,2.09455579491487,0.6935419116101742,13,4,0.9158663522357775
2025-11-19,ILI incidence,2025-11-30,3,EE,ECDC,SARIMA,WIS,18.8809296126376,-0.037654705999664466,12,3,0.9063462284062254
2025-11-19,ILI incidence,2025-11-30,3,EE,ECDC,soca_simplex,WIS,54.322486331626,-1.5622744207097177,12,9,0.3904415053380029
2025-11-19,ILI incidence,2025-11-30,3,EE,ISI,FluABCaster,WIS,59.0401809445336,-1.6824220506241068,12,11,0.3217684232809569
2025-11-19,ILI incidence,2025-11-30,3,EE,ISI,FluBcast,WIS,54.2644461889222,-1.560732168210605,12,8,0.3912863661883843
2025-11-19,ILI incidence,2025-11-30,3,EE,ItaLuxColab,EpiEKF,WIS,40.3406726324997,-1.1329600470584367,12,7,0.5939676591588535
2025-11-19,ILI incidence,2025-11-30,3,EE,ItaLuxColab,EpiNetEKF,WIS,30.2976309154458,-0.7199298961039082,12,4,0.7401591116641932
2025-11-19,ILI incidence,2025-11-30,3,EE,NotreDame,Rt_cocirc,WIS,81.1449869565217,-2.1412268771861562,12,12,0.0
2025-11-19,ILI incidence,2025-11-30,3,EE,QMUL,ARIMA,WIS,12.4471147831327,0.5634637251522199,12,1,1.0
2025-11-19,ILI incidence,2025-11-30,3,EE,RIVM,KFdlm,WIS,33.7080525684612,-0.8738181879065754,12,5,0.6905153374813814
2025-11-19,ILI incidence,2025-11-30,3,EE,respicast,hubEnsemble,WIS,35.4723172287379,-0.9474184850809281,12,6,0.6648338337541071
2025-11-19,ILI incidence,2025-11-30,3,EE,respicast,quantileBaseline,WIS,18.3945080434783,0.0,12,2,0.9134268198972051
2025-11-19,ILI incidence,2025-11-30,3,EE,safinea,PRFM,WIS,58.4179329361029,-1.6671362183476457,12,10,0.33082617119577135
2025-11-19,ILI incidence,2025-11-30,3,ES,ECDC,SARIMA,WIS,25.0919681752872,0.2992706771884158,13,10,0.5168860937860197
2025-11-19,ILI incidence,2025-11-30,3,ES,ECDC,soca_simplex,WIS,36.6730668047861,-0.24822460208925975,13,13,0.0
2025-11-19,ILI incidence,2025-11-30,3,ES,ISI,FluABCaster,WIS,20.10042230289,0.6192705029037405,13,3,0.7396681225449574
2025-11-19,ILI incidence,2025-11-30,3,ES,ISI,FluBcast,WIS,20.1446591733828,0.6160989183499916,13,4,0.7376937482716825
2025-11-19,ILI incidence,2025-11-30,3,ES,ItaLuxColab,EpiEKF,WIS,17.3150885454504,0.8344665499775332,13,2,0.8639827779875892
2025-11-19,ILI incidence,2025-11-30,3,ES,ItaLuxColab,EpiNetEKF,WIS,23.280312339089,0.4073859009296335,13,8,0.5977436823805872
2025-11-19,ILI incidence,2025-11-30,3,ES,QMUL,ARIMA,WIS,31.4997240670663,-0.028842875724285295,13,12,0.23089596290157519
2025-11-19,ILI incidence,2025-11-30,3,ES,QMUL,SEIR,WIS,14.2675527684707,1.113758416323558,13,1,1.0
2025-11-19,ILI incidence,2025-11-30,3,ES,QMUL,SEIR_agumented,WIS,22.1554848929912,0.47883241328199905,13,7,0.6479468352417379
2025-11-19,ILI incidence,2025-11-30,3,ES,RIVM,KFdlm,WIS,20.7922078950757,0.5704533510763741,13,5,0.7087924376102384
2025-11-19,ILI incidence,2025-11-30,3,ES,respicast,hubEnsemble,WIS,23.4826171269719,0.39490311003499495,13,9,0.5887144412948885
2025-11-19,ILI incidence,2025-11-30,3,ES,respicast,quantileBaseline,WIS,30.8762236956522,0.0,13,11,0.2587239507086621
2025-11-19,ILI incidence,2025-11-30,3,ES,safinea,PRFM,WIS,21.2283011037262,0.5405073978520726,13,6,0.6893287820144028
2025-11-19,ILI incidence,2025-11-30,3,FI,ECDC,soca_simplex,WIS,24.5284413829147,-0.9335334702418814,7,6,0.027303939450323444
2025-11-19,ILI incidence,2025-11-30,3,FI,ItaLuxColab,EpiEKF,WIS,10.0740826486887,0.3502736208641764,7,1,1.0
2025-11-19,ILI incidence,2025-11-30,3,FI,ItaLuxColab,EpiNetEKF,WIS,10.8139654266268,0.24802644392887355,7,2,0.9502101008697929
2025-11-19,ILI incidence,2025-11-30,3,FI,RIVM,KFdlm,WIS,11.9255176452517,0.10687020305767096,7,3,0.8754089641309108
2025-11-19,ILI incidence,2025-11-30,3,FI,respicast,hubEnsemble,WIS,11.9282893089342,0.10653493871387645,7,4,0.8752224469429326
2025-11-19,ILI incidence,2025-11-30,3,FI,respicast,quantileBaseline,WIS,12.8424645652174,0.0,7,5,0.813703656190001
2025-11-19,ILI incidence,2025-11-30,3,FI,safinea,PRFM,WIS,24.9341805975359,-0.9572027000227518,7,7,0.0
2025-11-19,ILI incidence,2025-11-30,3,FR,ECDC,soca_simplex,WIS,23.5194855959733,0.1252603355938511,9,4,0.7957715552259782
2025-11-19,ILI incidence,2025-11-30,3,FR,ISI,FluABCaster,WIS,33.6023800727963,-0.389446581053164,9,8,0.13965869802459116
2025-11-19,ILI incidence,2025-11-30,3,FR,ItaLuxColab,EpiEKF,WIS,27.723629222626,-0.11199928664743491,9,6,0.5222000432649366
2025-11-19,ILI incidence,2025-11-30,3,FR,ItaLuxColab,EpiNetEKF,WIS,21.4842750954025,0.2558357426428279,9,2,0.928206520166375
2025-11-19,ILI incidence,2025-11-30,3,FR,NotreDame,Rt_cocirc,WIS,35.748602173913,-0.4787699890122584,9,9,0.0
2025-11-19,ILI incidence,2025-11-30,3,FR,RIVM,KFdlm,WIS,21.5266056189423,0.25299599348667967,9,3,0.9254519935956198
2025-11-19,ILI incidence,2025-11-30,3,FR,respicast,hubEnsemble,WIS,20.38098002453,0.33189341683185397,9,1,1.0
2025-11-19,ILI incidence,2025-11-30,3,FR,respicast,quantileBaseline,WIS,25.6528095652174,0.0,9,5,0.6569521628367821
2025-11-19,ILI incidence,2025-11-30,3,FR,safinea,PRFM,WIS,31.3942753236871,-0.2913846685098737,9,7,0.28334421603414567
2025-11-19,ILI incidence,2025-11-30,3,GB-ENG,ECDC,soca_simplex,WIS,4.48614158656951,-0.18699871923556155,7,6,0.6663566269224869
2025-11-19,ILI incidence,2025-11-30,3,GB-ENG,ISI,FluABCaster,WIS,2.37287232205517,0.7318419595905683,7,2,0.9216627353496877
2025-11-19,ILI incidence,2025-11-30,3,GB-ENG,ISI,FluBcast,WIS,1.72444391322673,1.1923452280844145,7,1,1.0
2025-11-19,ILI incidence,2025-11-30,3,GB-ENG,ItaLuxColab,EpiEKF,WIS,3.24974172558679,0.2781513706494025,7,4,0.8157272926809621
2025-11-19,ILI incidence,2025-11-30,3,GB-ENG,respicast,hubEnsemble,WIS,3.05421817559513,0.367673311065514,7,3,0.8393486822939483
2025-11-19,ILI incidence,2025-11-30,3,GB-ENG,respicast,quantileBaseline,WIS,3.9407669529207,0.0,7,5,0.7322438650940915
2025-11-19,ILI incidence,2025-11-30,3,GB-ENG,safinea,PRFM,WIS,10.0018379698477,-1.3437167988906746,7,7,0.0
2025-11-19,ILI incidence,2025-11-30,3,GB-SCT,ECDC,SARIMA,WIS,12.8272616648858,-0.2886495409601371,10,9,0.045356086124057386
2025-11-19,ILI incidence,2025-11-30,3,GB-SCT,ECDC,soca_simplex,WIS,12.5203287976956,-0.2537087705091686,10,8,0.07237592060922361
2025-11-19,ILI incidence,2025-11-30,3,GB-SCT,ISI,FluABCaster,WIS,1.98294676752846,2.4048458251701894,10,1,1.0
2025-11-19,ILI incidence,2025-11-30,3,GB-SCT,ISI,FluBcast,WIS,5.95396052660158,0.8186421170461606,10,2,0.6504247476306142
2025-11-19,ILI incidence,2025-11-30,3,GB-SCT,ItaLuxColab,EpiEKF,WIS,6.93558221041899,0.5984747786297457,10,3,0.5640108823883472
2025-11-19,ILI incidence,2025-11-30,3,GB-SCT,QMUL,ARIMA,WIS,13.3424859001129,-0.3454638077079487,10,10,0.0
2025-11-19,ILI incidence,2025-11-30,3,GB-SCT,RIVM,KFdlm,WIS,7.98252144680342,0.3956472499963924,10,4,0.471846999314841
2025-11-19,ILI incidence,2025-11-30,3,GB-SCT,respicast,hubEnsemble,WIS,9.20875043934855,0.1894863675723849,10,5,0.3638999269703534
2025-11-19,ILI incidence,2025-11-30,3,GB-SCT,respicast,quantileBaseline,WIS,10.501269012165,0.0,10,6,0.2501172675040987
2025-11-19,ILI incidence,2025-11-30,3,GB-SCT,safinea,PRFM,WIS,11.5890209270125,-0.1421950095418944,10,7,0.15436057331504294
2025-11-19,ILI incidence,2025-11-30,3,GR,ECDC,SARIMA,WIS,72.5738482071561,-0.1856030179143608,18,9,0.7320409969395159
2025-11-19,ILI incidence,2025-11-30,3,GR,ECDC,soca_simplex,WIS,23.9657229692215,1.4128742905279599,18,1,1.0
2025-11-19,ILI incidence,2025-11-30,3,GR,ISI,FluABCaster,WIS,90.4258384081747,-0.5028883166521558,18,14,0.6336294356317107
2025-11-19,ILI incidence,2025-11-30,3,GR,ISI,FluBcast,WIS,101.111372936443,-0.6640266219463232,18,16,0.5747239508933567
2025-11-19,ILI incidence,2025-11-30,3,GR,ItaLuxColab,EpiEKF,WIS,81.8804594551273,-0.35967244512941643,18,12,0.6807370172103893
2025-11-19,ILI incidence,2025-11-30,3,GR,ItaLuxColab,EpiNetEKF,WIS,63.0240166746661,0.017945048869386603,18,7,0.784685762075295
2025-11-19,ILI incidence,2025-11-30,3,GR,MRC_GIDA,NBEATS,WIS,46.563957786234,0.4546330647537245,18,5,0.8754241097994939
2025-11-19,ILI incidence,2025-11-30,3,GR,MRC_GIDA,NHiTS,WIS,27.7304701568115,1.202374675850354,18,2,0.9792463112242377
2025-11-19,ILI incidence,2025-11-30,3,GR,MRC_GIDA,Prophet,WIS,205.367074231014,-1.6862862403069434,18,18,0.0
2025-11-19,ILI incidence,2025-11-30,3,GR,MRC_GIDA,TiDE,WIS,36.703307219257,0.7979366870113254,18,4,0.9297823077863789
2025-11-19,ILI incidence,2025-11-30,3,GR,NotreDame,Rt_cocirc,WIS,188.992745652174,-1.5664122009691785,18,17,0.09026574755338564
2025-11-19,ILI incidence,2025-11-30,3,GR,QMUL,ARIMA,WIS,83.3505905721568,-0.38534566868025255,18,13,0.672632716405552
2025-11-19,ILI incidence,2025-11-30,3,GR,QMUL,SEIR,WIS,73.7158734688891,-0.20812856015743572,18,10,0.7257454249727732
2025-11-19,ILI incidence,2025-11-30,3,GR,QMUL,SEIR_agumented,WIS,91.7115527745389,-0.5232567268836434,18,15,0.6265417576325061
2025-11-19,ILI incidence,2025-11-30,3,GR,RIVM,KFdlm,WIS,75.8285926370931,-0.24889519440866673,18,11,0.7140987687956921
2025-11-19,ILI incidence,2025-11-30,3,GR,respicast,hubEnsemble,WIS,57.9305959666582,0.1395212456850021,18,6,0.8127639471195576
2025-11-19,ILI incidence,2025-11-30,3,GR,respicast,quantileBaseline,WIS,63.8128404347826,0.0,18,8,0.7803372621626449
2025-11-19,ILI incidence,2025-11-30,3,GR,safinea,PRFM,WIS,29.4377090055249,1.1161813548487478,18,3,0.9698349213043821
2025-11-19,ILI incidence,2025-11-30,3,HR,ECDC,SARIMA,WIS,8.64871658945026,0.5959489122130096,14,10,0.8378347086848457
2025-11-19,ILI incidence,2025-11-30,3,HR,ECDC,soca_simplex,WIS,3.67886897981502,1.8291726780277093,14,2,0.9848953600383676
2025-11-19,ILI incidence,2025-11-30,3,HR,ISI,FluABCaster,WIS,3.16841456446456,2.044673860609667,14,1,1.0
2025-11-19,ILI incidence,2025-11-30,3,HR,ISI,FluBcast,WIS,8.52583905309023,0.6165931537232316,14,8,0.8414707257125686
2025-11-19,ILI incidence,2025-11-30,3,HR,ItaLuxColab,EpiEKF,WIS,8.04833329870802,0.6997449232716348,14,5,0.8556003958312983
2025-11-19,ILI incidence,2025-11-30,3,HR,ItaLuxColab,EpiNetEKF,WIS,9.02987328828791,0.5337292315140993,14,11,0.8265560625770354
2025-11-19,ILI incidence,2025-11-30,3,HR,NotreDame,Rt_cocirc,WIS,8.53591304347826,0.6148894954375597,14,9,0.8411726305385193
2025-11-19,ILI incidence,2025-11-30,3,HR,QMUL,ARIMA,WIS,8.25710554965611,0.6627988275965974,14,7,0.8494227047589515
2025-11-19,ILI incidence,2025-11-30,3,HR,QMUL,SEIR,WIS,5.9651098571862,1.1318862670042018,14,4,0.9172441765442465
2025-11-19,ILI incidence,2025-11-30,3,HR,QMUL,SEIR_agumented,WIS,12.8163035543643,0.028526656334194288,14,12,0.7145134115801868
2025-11-19,ILI incidence,2025-11-30,3,HR,RIVM,KFdlm,WIS,8.09119802408827,0.69208164347728,14,6,0.8543320039348771
2025-11-19,ILI incidence,2025-11-30,3,HR,respicast,hubEnsemble,WIS,4.98101306912094,1.3919957784006847,14,3,0.9463641669373538
2025-11-19,ILI incidence,2025-11-30,3,HR,respicast,quantileBaseline,WIS,13.0722445652174,0.0,14,13,0.7069399697524809
2025-11-19,ILI incidence,2025-11-30,3,HR,safinea,PRFM,WIS,36.9629582707081,-1.4995733452895017,14,14,0.0
2025-11-19,ILI incidence,2025-11-30,3,HU,ECDC,SARIMA,WIS,29.3073949169387,0.4809504517371863,13,6,0.7249879742307986
2025-11-19,ILI incidence,2025-11-30,3,HU,ECDC,soca_simplex,WIS,74.8098847416728,-0.8710137213302617,13,12,0.1551288190688436
2025-11-19,ILI incidence,2025-11-30,3,HU,ISI,FluABCaster,WIS,29.2151189710729,0.4855000225253984,13,5,0.7261436097302054
2025-11-19,ILI incidence,2025-11-30,3,HU,ItaLuxColab,EpiEKF,WIS,43.8669706809435,-0.10091989485689253,13,9,0.5426483357549664
2025-11-19,ILI incidence,2025-11-30,3,HU,ItaLuxColab,EpiNetEKF,WIS,31.5312141351044,0.37543446358610233,13,7,0.6971375478963705
2025-11-19,ILI incidence,2025-11-30,3,HU,NotreDame,Rt_cocirc,WIS,87.1967130434783,-1.092058565547633,13,13,0.0
2025-11-19,ILI incidence,2025-11-30,3,HU,QMUL,ARIMA,WIS,26.1162634363819,0.6472666876219085,13,2,0.7649527211386113
2025-11-19,ILI incidence,2025-11-30,3,HU,QMUL,SEIR,WIS,27.4537225389089,0.5752134046513209,13,3,0.7482027956473823
2025-11-19,ILI incidence,2025-11-30,3,HU,QMUL,SEIR_agumented,WIS,7.34805322541815,2.476781205104596,13,1,1.0
2025-11-19,ILI incidence,2025-11-30,3,HU,RIVM,KFdlm,WIS,56.3507209990048,-0.46221888275622997,13,10,0.3863056952334316
2025-11-19,ILI incidence,2025-11-30,3,HU,respicast,hubEnsemble,WIS,28.006027713441,0.5464778162128276,13,4,0.7412858959049125
2025-11-19,ILI incidence,2025-11-30,3,HU,respicast,quantileBaseline,WIS,40.9032417391304,0.0,13,8,0.5797651633706851
2025-11-19,ILI incidence,2025-11-30,3,HU,safinea,PRFM,WIS,58.1299905707446,-0.5070674877249659,13,11,0.36402267162609775
2025-11-19,ILI incidence,2025-11-30,3,IE,ECDC,SARIMA,WIS,26.1152048161832,0.22450343334048908,16,7,0.4887899885189505
2025-11-19,ILI incidence,2025-11-30,3,IE,ECDC,soca_simplex,WIS,18.2855123907057,0.7386923978768143,16,3,0.7360060726864933
2025-11-19,ILI incidence,2025-11-30,3,IE,ISI,FluABCaster,WIS,9.92444130579286,1.6203356583966744,16,1,1.0
2025-11-19,ILI incidence,2025-11-30,3,IE,ISI,FluBcast,WIS,16.6055669275956,0.8777264733891246,16,2,0.7890489658726558
2025-11-19,ILI incidence,2025-11-30,3,IE,ItaLuxColab,EpiEKF,WIS,19.9319557689338,0.6143101742071796,16,4,0.6840209802140634
2025-11-19,ILI incidence,2025-11-30,3,IE,ItaLuxColab,EpiNetEKF,WIS,26.5014320833025,0.20332312977777248,16,8,0.4765951809342654
2025-11-19,ILI incidence,2025-11-30,3,IE,MRC_GIDA,NBEATS,WIS,41.5958936380415,-0.44704766015383846,16,16,0.0
2025-11-19,ILI incidence,2025-11-30,3,IE,MRC_GIDA,NHiTS,WIS,39.7024854880394,-0.3798358751353666,16,14,0.05978280156335578
2025-11-19,ILI incidence,2025-11-30,3,IE,MRC_GIDA,Prophet,WIS,25.0125505731494,0.2867412727208406,16,6,0.5236053873035226
2025-11-19,ILI incidence,2025-11-30,3,IE,MRC_GIDA,TiDE,WIS,35.8827161407508,-0.23389564727775186,16,13,0.18038886999423784
2025-11-19,ILI incidence,2025-11-30,3,IE,NotreDame,Rt_cocirc,WIS,34.71615,-0.1862135107917916,16,12,0.21722223426541074
2025-11-19,ILI incidence,2025-11-30,3,IE,QMUL,SEIR,WIS,21.6197420152634,0.4970441441171007,16,5,0.6307305207610545
2025-11-19,ILI incidence,2025-11-30,3,IE,RIVM,KFdlm,WIS,28.8901314035698,0.07881668599927756,16,10,0.4011739689478776
2025-11-19,ILI incidence,2025-11-30,3,IE,respicast,hubEnsemble,WIS,26.8131847058142,0.1864508678795819,16,9,0.4667518488621751
2025-11-19,ILI incidence,2025-11-30,3,IE,respicast,quantileBaseline,WIS,30.5123532608696,0.0,16,11,0.34995365103249065
2025-11-19,ILI incidence,2025-11-30,3,IE,safinea,PRFM,WIS,40.6856547934022,-0.41512675770927326,16,15,0.02874004119200037
2025-11-19,ILI incidence,2025-11-30,3,IS,ECDC,soca_simplex,WIS,24.4848424510097,-0.0860830016170032,9,9,0.0
2025-11-19,ILI incidence,2025-11-30,3,IS,ISI,FluABCaster,WIS,16.5763209832262,0.47668206666588137,9,3,0.6866138819567462
2025-11-19,ILI incidence,2025-11-30,3,IS,ISI,FluBcast,WIS,20.6103976774436,0.1624335694294081,9,7,0.33637735918681483
2025-11-19,ILI incidence,2025-11-30,3,IS,ItaLuxColab,EpiEKF,WIS,12.9666927665824,0.8309953529516466,9,1,1.0
2025-11-19,ILI incidence,2025-11-30,3,IS,ItaLuxColab,EpiNetEKF,WIS,19.1818471777757,0.266064255350439,9,6,0.4604033997234576
2025-11-19,ILI incidence,2025-11-30,3,IS,RIVM,KFdlm,WIS,14.3563975688437,0.6841121302786084,9,2,0.8793465235010619
2025-11-19,ILI incidence,2025-11-30,3,IS,respicast,hubEnsemble,WIS,17.8403167371034,0.37066468226032273,9,5,0.5768744022218943
2025-11-19,ILI incidence,2025-11-30,3,IS,respicast,quantileBaseline,WIS,23.0666086956522,0.0,9,8,0.12313034595087555
2025-11-19,ILI incidence,2025-11-30,3,IS,safinea,PRFM,WIS,17.8319913144782,0.3713380923539669,9,4,0.5775972112540133
2025-11-19,ILI incidence,2025-11-30,3,LT,ECDC,SARIMA,WIS,24.6740462363422,0.22907567328851122,18,5,0.6620499351928913
2025-11-19,ILI incidence,2025-11-30,3,LT,ECDC,soca_simplex,WIS,44.7787918733413,-0.6307456126197823,18,16,0.18278621856257007
2025-11-19,ILI incidence,2025-11-30,3,LT,ISI,FluABCaster,WIS,32.5474636402543,-0.17047512903844123,18,13,0.4743607519665968
2025-11-19,ILI incidence,2025-11-30,3,LT,ISI,FluBcast,WIS,34.6082704943456,-0.2590468540492091,18,14,0.42523454216609036
2025-11-19,ILI incidence,2025-11-30,3,LT,ItaLuxColab,EpiEKF,WIS,22.09773353463,0.3881715859014269,18,3,0.7234649474948721
2025-11-19,ILI incidence,2025-11-30,3,LT,ItaLuxColab,EpiNetEKF,WIS,25.8766791231414,0.16041751103090368,18,7,0.6333811662626085
2025-11-19,ILI incidence,2025-11-30,3,LT,MRC_GIDA,NBEATS,WIS,52.4465336669142,-0.8587774319915783,18,18,0.0
2025-11-19,ILI incidence,2025-11-30,3,LT,MRC_GIDA,NHiTS,WIS,49.4200516517174,-0.7730265261610458,18,17,0.07214630043608679
2025-11-19,ILI incidence,2025-11-30,3,LT,MRC_GIDA,Prophet,WIS,10.524401252519,1.458331833603352,18,2,0.9993539511893308
2025-11-19,ILI incidence,2025-11-30,3,LT,MRC_GIDA,TiDE,WIS,29.8287876917922,-0.044635352183259085,18,11,0.5391694674260725
2025-11-19,ILI incidence,2025-11-30,3,LT,NotreDame,Rt_cocirc,WIS,10.4973,1.4620516908882362,18,1,1.0
2025-11-19,ILI incidence,2025-11-30,3,LT,QMUL,ARIMA,WIS,24.0572502784266,0.2655982391280828,18,4,0.6767533255530845
2025-11-19,ILI incidence,2025-11-30,3,LT,QMUL,SEIR,WIS,32.0150617042946,-0.14668079819788077,18,12,0.4870523291283415
2025-11-19,ILI incidence,2025-11-30,3,LT,QMUL,SEIR_agumented,WIS,37.4260335477698,-0.37197216558167523,18,15,0.3580637548330526
2025-11-19,ILI incidence,2025-11-30,3,LT,RIVM,KFdlm,WIS,25.0828873613704,0.20536656198594502,18,6,0.6523038423733065
2025-11-19,ILI incidence,2025-11-30,3,LT,respicast,hubEnsemble,WIS,26.8007506677611,0.10979658235703793,18,8,0.6113528366879369
2025-11-19,ILI incidence,2025-11-30,3,LT,respicast,quantileBaseline,WIS,28.9200489130435,0.0,18,10,0.5608322893494544
2025-11-19,ILI incidence,2025-11-30,3,LT,safinea,PRFM,WIS,27.7521903198806,0.059468352817184426,18,9,0.5886720969234365
2025-11-19,ILI incidence,2025-11-30,3,LU,ECDC,SARIMA,WIS,643.208135493788,0.44943529119194736,16,8,0.9888703284820488
2025-11-19,ILI incidence,2025-11-30,3,LU,ISI,FluABCaster,WIS,1256.98036843381,-0.5171692672832928,16,15,0.9760716031246923
2025-11-19,ILI incidence,2025-11-30,3,LU,ItaLuxColab,EpiEKF,WIS,815.273028972466,0.10743765719670424,16,10,0.985282334113637
2025-11-19,ILI incidence,2025-11-30,3,LU,ItaLuxColab,EpiNetEKF,WIS,913.882479016173,-0.05728770794808789,16,14,0.9832260741510382
2025-11-19,ILI incidence,2025-11-30,3,LU,MRC_GIDA,NBEATS,WIS,759.546697334945,0.20958228036105936,16,9,0.98644437106403
2025-11-19,ILI incidence,2025-11-30,3,LU,MRC_GIDA,NHiTS,WIS,349.750033391149,1.3283967503473357,16,6,0.9949896826188622
2025-11-19,ILI incidence,2025-11-30,3,LU,MRC_GIDA,Prophet,WIS,889.190195976282,-0.017771096127515946,16,13,0.9837409715871114
2025-11-19,ILI incidence,2025-11-30,3,LU,MRC_GIDA,TiDE,WIS,409.437228219369,1.1010786596104583,16,7,0.9937450515114917
2025-11-19,ILI incidence,2025-11-30,3,LU,NotreDame,Rt_cocirc,WIS,333.16347173913,1.3984907141269298,16,5,0.9953355549731561
2025-11-19,ILI incidence,2025-11-30,3,LU,QMUL,ARIMA,WIS,323.849359259392,1.439398055782042,16,4,0.9955297781086743
2025-11-19,ILI incidence,2025-11-30,3,LU,QMUL,SEIR,WIS,307.087269999679,1.5160722374222202,16,3,0.9958793106638096
2025-11-19,ILI incidence,2025-11-30,3,LU,QMUL,SEIR_agumented,WIS,109.47659983462,3.004098412727021,16,1,1.0
2025-11-19,ILI incidence,2025-11-30,3,LU,RIVM,KFdlm,WIS,48065.2077998354,-5.7741282152815225,16,16,0.0
2025-11-19,ILI incidence,2025-11-30,3,LU,respicast,hubEnsemble,WIS,262.183698158655,1.7441429598254732,16,2,0.9968156653125115
2025-11-19,ILI incidence,2025-11-30,3,LU,respicast,quantileBaseline,WIS,878.304347826087,0.0,16,12,0.9839679694427961
2025-11-19,ILI incidence,2025-11-30,3,LU,safinea,PRFM,WIS,848.959189177574,0.04902574268028198,16,11,0.9845798912697438
2025-11-19,ILI incidence,2025-11-30,3,LV,ECDC,soca_simplex,WIS,118.475841767331,-1.1367186228565207,9,9,0.0
2025-11-19,ILI incidence,2025-11-30,3,LV,ISI,FluABCaster,WIS,107.74526230055,-0.9997501450741887,9,8,0.16612377981025572
2025-11-19,ILI incidence,2025-11-30,3,LV,ItaLuxColab,EpiEKF,WIS,63.8789356313382,-0.2455378910186971,9,3,0.845233422979129
2025-11-19,ILI incidence,2025-11-30,3,LV,ItaLuxColab,EpiNetEKF,WIS,70.8117711351185,-0.3941868180202363,9,4,0.7379038195540666
2025-11-19,ILI incidence,2025-11-30,3,LV,NotreDame,Rt_cocirc,WIS,107.593486956522,-0.997716460257382,9,7,0.16847346594882698
2025-11-19,ILI incidence,2025-11-30,3,LV,RIVM,KFdlm,WIS,93.3088558748063,-0.7922116293561143,9,5,0.3896187373515408
2025-11-19,ILI incidence,2025-11-30,3,LV,respicast,hubEnsemble,WIS,93.9336893018694,-0.8018402896786118,9,6,0.37994547683687285
2025-11-19,ILI incidence,2025-11-30,3,LV,respicast,quantileBaseline,WIS,53.8819619565217,0.0,9,1,1.0
2025-11-19,ILI incidence,2025-11-30,3,LV,safinea,PRFM,WIS,54.1948147061059,-0.008352439533967273,9,2,0.9951566193190357
2025-11-19,ILI incidence,2025-11-30,3,MT,ECDC,SARIMA,WIS,726.760204845259,0.574554917883239,11,1,1.0
2025-11-19,ILI incidence,2025-11-30,3,MT,ECDC,soca_simplex,WIS,2028.87224322651,-0.906571775195579,11,8,0.4185394073421148
2025-11-19,ILI incidence,2025-11-30,3,MT,ISI,FluABCaster,WIS,2102.0554631498,-0.9576944884116362,11,10,0.38585930211698427
2025-11-19,ILI incidence,2025-11-30,3,MT,ItaLuxColab,EpiEKF,WIS,1739.57685304962,-0.6846301702402774,11,5,0.5477248107998444
2025-11-19,ILI incidence,2025-11-30,3,MT,ItaLuxColab,EpiNetEKF,WIS,1931.98978838246,-0.8359812215802493,11,7,0.46180245072953646
2025-11-19,ILI incidence,2025-11-30,3,MT,NotreDame,Rt_cocirc,WIS,1757.81475869565,-0.699676797817213,11,6,0.5395806395509843
2025-11-19,ILI incidence,2025-11-30,3,MT,QMUL,ARIMA,WIS,2071.12521938747,-0.936308533764978,11,9,0.3996712609492328
2025-11-19,ILI incidence,2025-11-30,3,MT,RIVM,KFdlm,WIS,835.255767308902,0.3738163028968541,11,2,0.9515511014480081
2025-11-19,ILI incidence,2025-11-30,3,MT,respicast,hubEnsemble,WIS,1436.71432785546,-0.40866698179339955,11,4,0.6829686440510797
2025-11-19,ILI incidence,2025-11-30,3,MT,respicast,quantileBaseline,WIS,1082.30434782609,0.0,11,3,0.8412310907203647
2025-11-19,ILI incidence,2025-11-30,3,MT,safinea,PRFM,WIS,2966.14160888716,-1.454481229084317,11,11,0.0
2025-11-19,ILI incidence,2025-11-30,3,NL,ECDC,SARIMA,WIS,2.92935577445187,0.04730566837173802,18,5,0.9223077171911032
2025-11-19,ILI incidence,2025-11-30,3,NL,ECDC,soca_simplex,WIS,6.86673512523347,-1.1817352251235147,18,16,0.758406145144801
2025-11-19,ILI incidence,2025-11-30,3,NL,ISI,FluABCaster,WIS,25.0857958585584,-3.0509097142799355,18,18,0.0
2025-11-19,ILI incidence,2025-11-30,3,NL,ISI,FluBcast,WIS,5.82051922160905,-0.9432587654206452,18,13,0.8019570494461215
2025-11-19,ILI incidence,2025-11-30,3,NL,ItaLuxColab,EpiEKF,WIS,6.43991546651365,-1.0891526613342095,18,15,0.7761733976272314
2025-11-19,ILI incidence,2025-11-30,3,NL,ItaLuxColab,EpiNetEKF,WIS,3.15058657395043,-0.05773136394045469,18,7,0.9130985268661536
2025-11-19,ILI incidence,2025-11-30,3,NL,MRC_GIDA,NBEATS,WIS,5.46729084183262,-0.8529370345868225,18,11,0.8166609124928031
2025-11-19,ILI incidence,2025-11-30,3,NL,MRC_GIDA,NHiTS,WIS,1.82890961899984,0.7269053078194975,18,3,0.9681160680666908
2025-11-19,ILI incidence,2025-11-30,3,NL,MRC_GIDA,Prophet,WIS,5.63731267369046,-0.8971184992075194,18,12,0.8095834015290297
2025-11-19,ILI incidence,2025-11-30,3,NL,MRC_GIDA,TiDE,WIS,4.86584098066898,-0.6848000830834055,18,10,0.841697508911226
2025-11-19,ILI incidence,2025-11-30,3,NL,NotreDame,Rt_cocirc,WIS,1.06296739130435,1.5097917496768383,18,1,1.0
2025-11-19,ILI incidence,2025-11-30,3,NL,QMUL,ARIMA,WIS,1.50901569500239,1.0042812784521045,18,2,0.9814323153368033
2025-11-19,ILI incidence,2025-11-30,3,NL,QMUL,SEIR,WIS,17.7892745098457,-2.555046680449485,18,17,0.3037328164191289
2025-11-19,ILI incidence,2025-11-30,3,NL,QMUL,SEIR_agumented,WIS,5.88996231084017,-0.9603693128455069,18,14,0.7990663370004252
2025-11-19,ILI incidence,2025-11-30,3,NL,RIVM,KFdlm,WIS,4.03717397235984,-0.4154566680435636,18,8,0.8761924897765606
2025-11-19,ILI incidence,2025-11-30,3,NL,respicast,hubEnsemble,WIS,2.82241690573951,0.10095798210549144,18,4,0.9267592691329626
2025-11-19,ILI incidence,2025-11-30,3,NL,respicast,quantileBaseline,WIS,3.02700086956522,0.0,18,6,0.918243037828036
2025-11-19,ILI incidence,2025-11-30,3,NL,safinea,PRFM,WIS,4.22978985055355,-0.4826968978282319,18,9,0.8681744548288328
2025-11-19,ILI incidence,2025-11-30,3,NO,ECDC,SARIMA,WIS,24.729730997264,0.11836129399087675,16,10,0.672881450818445
2025-11-19,ILI incidence,2025-11-30,3,NO,ECDC,soca_simplex,WIS,21.1957561090003,0.3408324085114058,16,6,0.8010715034659206
2025-11-19,ILI incidence,2025-11-30,3,NO,ISI,FluABCaster,WIS,18.6514013633654,0.5253238098956879,16,3,0.893364453786527
2025-11-19,ILI incidence,2025-11-30,3,NO,ISI,FluBcast,WIS,21.9911637053004,0.2876838913584292,16,8,0.7722191927195903
2025-11-19,ILI incidence,2025-11-30,3,NO,ItaLuxColab,EpiEKF,WIS,17.9056049065217,0.584196582425173,16,2,0.9204171890463597
2025-11-19,ILI incidence,2025-11-30,3,NO,ItaLuxColab,EpiNetEKF,WIS,19.0954296790126,0.49138045722197615,16,4,0.8772579405940266
2025-11-19,ILI incidence,2025-11-30,3,NO,MRC_GIDA,NBEATS,WIS,43.279892268437,-0.6890890674455303,16,16,0.0
2025-11-19,ILI incidence,2025-11-30,3,NO,MRC_GIDA,NHiTS,WIS,36.8496657405073,-0.45704369225074276,16,15,0.23324757623150258
2025-11-19,ILI incidence,2025-11-30,3,NO,MRC_GIDA,Prophet,WIS,15.7116464078773,0.7727734734529077,16,1,1.0
2025-11-19,ILI incidence,2025-11-30,3,NO,MRC_GIDA,TiDE,WIS,30.816587578369,-0.19909927576008163,16,13,0.45208914463065397
2025-11-19,ILI incidence,2025-11-30,3,NO,NotreDame,Rt_cocirc,WIS,21.329897826087,0.33173078565663083,16,7,0.796205698156247
2025-11-19,ILI incidence,2025-11-30,3,NO,QMUL,ARIMA,WIS,30.4266030711105,-0.1807254348963899,16,12,0.46623529340018555
2025-11-19,ILI incidence,2025-11-30,3,NO,RIVM,KFdlm,WIS,21.0683804556307,0.3495284233723528,16,5,0.8056918791696874
2025-11-19,ILI incidence,2025-11-30,3,NO,respicast,hubEnsemble,WIS,24.4355275317515,0.13562758973254088,16,9,0.6835532747350113
2025-11-19,ILI incidence,2025-11-30,3,NO,respicast,quantileBaseline,WIS,26.844152173913,0.0,16,11,0.5961837462439954
2025-11-19,ILI incidence,2025-11-30,3,NO,safinea,PRFM,WIS,34.2614666428639,-0.3519790701147168,16,14,0.3271309197976663
2025-11-19,ILI incidence,2025-11-30,3,PL,ECDC,SARIMA,WIS,24.4701910178618,-0.18320573206031565,17,9,0.8879701058890629
2025-11-19,ILI incidence,2025-11-30,3,PL,ECDC,soca_simplex,WIS,7.31086208581392,1.5597061895464674,17,2,0.996235655590557
2025-11-19,ILI incidence,2025-11-30,3,PL,ISI,FluABCaster,WIS,6.71423994596201,1.6825236308042677,17,1,1.0
2025-11-19,ILI incidence,2025-11-30,3,PL,ItaLuxColab,EpiEKF,WIS,32.9845506001645,-0.6139708176817216,17,12,0.8342493674974494
2025-11-19,ILI incidence,2025-11-30,3,PL,ItaLuxColab,EpiNetEKF,WIS,22.0372602484544,-0.032125242727456066,17,8,0.903320507305031
2025-11-19,ILI incidence,2025-11-30,3,PL,MRC_GIDA,NBEATS,WIS,12.4184613486737,0.7953331970328955,17,3,0.9640096260040687
2025-11-19,ILI incidence,2025-11-30,3,PL,MRC_GIDA,NHiTS,WIS,17.954904575024,0.2634416457597483,17,6,0.9290778363247859
2025-11-19,ILI incidence,2025-11-30,3,PL,MRC_GIDA,Prophet,WIS,165.207213743804,-2.9383851467564273,17,17,0.0
2025-11-19,ILI incidence,2025-11-30,3,PL,MRC_GIDA,TiDE,WIS,27.0346740190529,-0.3269913293884314,17,11,0.8717896851439635
2025-11-19,ILI incidence,2025-11-30,3,PL,NotreDame,Rt_cocirc,WIS,116.001619565217,-2.4282534113868857,17,16,0.3104591515921003
2025-11-19,ILI incidence,2025-11-30,3,PL,QMUL,ARIMA,WIS,12.6229336514976,0.7717723903322291,17,4,0.9627195227400294
2025-11-19,ILI incidence,2025-11-30,3,PL,QMUL,SEIR,WIS,60.7537297351823,-1.4951533487109636,17,15,0.6590417322969299
2025-11-19,ILI incidence,2025-11-30,3,PL,QMUL,SEIR_agumented,WIS,34.1086353621549,-0.6623174046475732,17,13,0.8271570356731746
2025-11-19,ILI incidence,2025-11-30,3,PL,RIVM,KFdlm,WIS,41.1175176460179,-0.9319335372352063,17,14,0.7829349978382176
2025-11-19,ILI incidence,2025-11-30,3,PL,respicast,hubEnsemble,WIS,16.04607226602,0.42559943149781415,17,5,0.9411214762620282
2025-11-19,ILI incidence,2025-11-30,3,PL,respicast,quantileBaseline,WIS,21.5519682608696,0.0,17,7,0.9063824221392102
2025-11-19,ILI incidence,2025-11-30,3,PL,safinea,PRFM,WIS,25.0044096145924,-0.214362910324197,17,10,0.8845994921392571
2025-11-19,ILI incidence,2025-11-30,3,RO,ECDC,SARIMA,WIS,1.91113849961582,0.4951545230079765,14,3,0.5631983634461155
2025-11-19,ILI incidence,2025-11-30,3,RO,ECDC,soca_simplex,WIS,4.15324264595274,-0.6246513043894923,14,14,0.0
2025-11-19,ILI incidence,2025-11-30,3,RO,ISI,FluABCaster,WIS,3.05212055416735,-0.18022509080497934,14,9,0.27659293216199476
2025-11-19,ILI incidence,2025-11-30,3,RO,ISI,FluBcast,WIS,1.34920575681792,0.9974764775735665,14,2,0.7043513074909401
2025-11-19,ILI incidence,2025-11-30,3,RO,ItaLuxColab,EpiEKF,WIS,2.2383007578218,0.26718295421191696,14,5,0.4810178596082464
2025-11-19,ILI incidence,2025-11-30,3,RO,ItaLuxColab,EpiNetEKF,WIS,2.81845761338373,-0.06531901426220056,14,8,0.33528716635372185
2025-11-19,ILI incidence,2025-11-30,3,RO,NotreDame,Rt_cocirc,WIS,3.48984565217391,-0.3735763739956737,14,12,0.16663994035322818
2025-11-19,ILI incidence,2025-11-30,3,RO,QMUL,ARIMA,WIS,1.94585836076791,0.4691801567562043,14,4,0.5544770161296314
2025-11-19,ILI incidence,2025-11-30,3,RO,QMUL,SEIR,WIS,0.17222229529358,3.967243030603857,14,1,1.0
2025-11-19,ILI incidence,2025-11-30,3,RO,QMUL,SEIR_agumented,WIS,3.95795812794547,-0.5551694931228375,14,13,0.04905388589006726
2025-11-19,ILI incidence,2025-11-30,3,RO,RIVM,KFdlm,WIS,3.11792356774355,-0.21099870570918947,14,11,0.26006374924402637
2025-11-19,ILI incidence,2025-11-30,3,RO,respicast,hubEnsemble,WIS,2.3776703239175,0.18003816482938512,14,6,0.4460093558027776
2025-11-19,ILI incidence,2025-11-30,3,RO,respicast,quantileBaseline,WIS,2.69369565217391,0.0,14,7,0.36662635837497404
2025-11-19,ILI incidence,2025-11-30,3,RO,safinea,PRFM,WIS,3.06451010425198,-0.18606960485511156,14,10,0.2734807777409358
2025-11-19,ILI incidence,2025-11-30,3,SI,ECDC,SARIMA,WIS,94.0997740206052,-0.019055960616114448,16,4,0.7433056283611984
2025-11-19,ILI incidence,2025-11-30,3,SI,ISI,FluABCaster,WIS,116.496330007781,-0.32707730342940167,16,11,0.15696472830890895
2025-11-19,ILI incidence,2025-11-30,3,SI,ItaLuxColab,EpiEKF,WIS,86.3791767964436,0.10445173016864126,16,2,0.945430541135654
2025-11-19,ILI incidence,2025-11-30,3,SI,ItaLuxColab,EpiNetEKF,WIS,95.8487545101958,-0.045624387439626796,16,5,0.6975173922132992
2025-11-19,ILI incidence,2025-11-30,3,SI,MRC_GIDA,NBEATS,WIS,119.772144652458,-0.36708521743510714,16,15,0.07120403776951557
2025-11-19,ILI incidence,2025-11-30,3,SI,MRC_GIDA,NHiTS,WIS,118.515546822703,-0.35186912086331534,16,13,0.10410171645387148
2025-11-19,ILI incidence,2025-11-30,3,SI,MRC_GIDA,Prophet,WIS,84.2947785555291,0.1396920281901927,16,1,1.0
2025-11-19,ILI incidence,2025-11-30,3,SI,MRC_GIDA,TiDE,WIS,107.686800710208,-0.21363422515713107,16,8,0.38759783727144975
2025-11-19,ILI incidence,2025-11-30,3,SI,NotreDame,Rt_cocirc,WIS,116.902995652174,-0.3321046967220528,16,12,0.14631823872853467
2025-11-19,ILI incidence,2025-11-30,3,SI,QMUL,ARIMA,WIS,101.26804285958,-0.12497177206987149,16,6,0.5556406496355443
2025-11-19,ILI incidence,2025-11-30,3,SI,QMUL,SEIR,WIS,119.305152159169,-0.36144914391377914,16,14,0.08342988173362866
2025-11-19,ILI incidence,2025-11-30,3,SI,QMUL,SEIR_agumented,WIS,112.090620012133,-0.2714583524819092,16,10,0.27230603193151837
2025-11-19,ILI incidence,2025-11-30,3,SI,RIVM,KFdlm,WIS,103.458059384832,-0.15583883270629742,16,7,0.498306108499804
2025-11-19,ILI incidence,2025-11-30,3,SI,respicast,hubEnsemble,WIS,111.326228955058,-0.2615863352599378,16,9,0.29231775787071684
2025-11-19,ILI incidence,2025-11-30,3,SI,respicast,quantileBaseline,WIS,92.8650217391304,0.0,16,3,0.7756313915042505
2025-11-19,ILI incidence,2025-11-30,3,SI,safinea,PRFM,WIS,122.49193653168,-0.3994795789693897,16,16,0.0
2025-11-19,ILI incidence,2025-12-07,4,AT,ECDC,soca_simplex,WIS,667.793104665782,-1.0871952293256595,8,8,0.0
2025-11-19,ILI incidence,2025-12-07,4,AT,ItaLuxColab,EpiEKF,WIS,404.519336449204,-0.36400269911621136,8,6,0.5421558057257801
2025-11-19,ILI incidence,2025-12-07,4,AT,ItaLuxColab,EpiNetEKF,WIS,368.359241275342,-0.22890746941099027,8,5,0.6166197588454042
2025-11-19,ILI incidence,2025-12-07,4,AT,NotreDame,Rt_cocirc,WIS,182.187739130435,0.7867800956026402,8,1,1.0
2025-11-19,ILI incidence,2025-12-07,4,AT,RIVM,KFdlm,WIS,332.616822585206,-0.08165516936912982,8,4,0.6902235969140639
2025-11-19,ILI incidence,2025-12-07,4,AT,respicast,hubEnsemble,WIS,231.542628848622,0.4409281378985554,8,2,0.8983642001900524
2025-11-19,ILI incidence,2025-12-07,4,AT,respicast,quantileBaseline,WIS,314.31387673913,0.0,8,3,0.7279145845865297
2025-11-19,ILI incidence,2025-12-07,4,AT,safinea,PRFM,WIS,625.677006422467,-0.9932121185638985,8,7,0.08672906279955307
2025-11-19,ILI incidence,2025-12-07,4,BE,ECDC,SARIMA,WIS,42.4957816445102,0.5899314363019319,17,6,0.7238690495138749
2025-11-19,ILI incidence,2025-12-07,4,BE,ECDC,soca_simplex,WIS,101.533277277491,-0.6666296643509773,17,15,0.1577835302168642
2025-11-19,ILI incidence,2025-12-07,4,BE,ISI,FluABCaster,WIS,77.3731230285504,-0.27458143170551896,17,13,0.38944500768419493
2025-11-19,ILI incidence,2025-12-07,4,BE,ItaLuxColab,EpiEKF,WIS,59.9016983297977,0.09465416833061696,17,9,0.5569710928849855
2025-11-19,ILI incidence,2025-12-07,4,BE,ItaLuxColab,EpiNetEKF,WIS,46.7744589540767,0.45153010940690286,17,7,0.6828426265479046
2025-11-19,ILI incidence,2025-12-07,4,BE,MRC_GIDA,NBEATS,WIS,115.119024082873,-0.8478032865995953,17,16,0.027515563174813157
2025-11-19,ILI incidence,2025-12-07,4,BE,MRC_GIDA,NHiTS,WIS,117.988643399031,-0.8833250242481883,17,17,0.0
2025-11-19,ILI incidence,2025-12-07,4,BE,MRC_GIDA,Prophet,WIS,41.9923993419056,0.607122852581663,17,5,0.728695769026951
2025-11-19,ILI incidence,2025-12-07,4,BE,MRC_GIDA,TiDE,WIS,70.0079267714944,-0.130267207868862,17,12,0.4600667524448379
2025-11-19,ILI incidence,2025-12-07,4,BE,NotreDame,Rt_cocirc,WIS,13.6978717391304,2.2232993184430154,17,1,1.0
2025-11-19,ILI incidence,2025-12-07,4,BE,QMUL,ARIMA,WIS,29.7706019601607,1.103362682042159,17,3,0.8458854032316053
2025-11-19,ILI incidence,2025-12-07,4,BE,QMUL,SEIR,WIS,32.5020694144556,0.9767194973380375,17,4,0.8196945196968436
2025-11-19,ILI incidence,2025-12-07,4,BE,QMUL,SEIR_agumented,WIS,20.6330687800097,1.6322926642656341,17,2,0.9335013354441805
2025-11-19,ILI incidence,2025-12-07,4,BE,RIVM,KFdlm,WIS,61.087698203137,0.06636919473794867,17,10,0.5455990428515757
2025-11-19,ILI incidence,2025-12-07,4,BE,respicast,hubEnsemble,WIS,48.7676643943783,0.39132619538988833,17,8,0.6637306245118896
2025-11-19,ILI incidence,2025-12-07,4,BE,respicast,quantileBaseline,WIS,63.963597173913,0.0,17,11,0.5180232667306116
2025-11-19,ILI incidence,2025-12-07,4,BE,safinea,PRFM,WIS,93.7990394715024,-0.5523220740756642,17,14,0.2319438579514262
2025-11-19,ILI incidence,2025-12-07,4,CZ,ECDC,SARIMA,WIS,6.5205494020459,0.3734382469499178,13,7,0.7725856969270433
2025-11-19,ILI incidence,2025-12-07,4,CZ,ECDC,soca_simplex,WIS,8.89085273897676,-0.07389002366921377,13,10,0.5707611665223042
2025-11-19,ILI incidence,2025-12-07,4,CZ,ISI,FluABCaster,WIS,11.1389962980786,-0.39911556274118487,13,12,0.3793381908091318
2025-11-19,ILI incidence,2025-12-07,4,CZ,ItaLuxColab,EpiEKF,WIS,6.98802024806079,0.2735479851832804,13,8,0.7327818952342925
2025-11-19,ILI incidence,2025-12-07,4,CZ,ItaLuxColab,EpiNetEKF,WIS,4.84850953559515,0.8008904524047187,13,2,0.9149550956477052
2025-11-19,ILI incidence,2025-12-07,4,CZ,NotreDame,Rt_cocirc,WIS,5.80049782608696,0.542255049260953,13,4,0.833896023297876
2025-11-19,ILI incidence,2025-12-07,4,CZ,QMUL,ARIMA,WIS,3.84971013211849,1.1336819530181106,13,1,1.0
2025-11-19,ILI incidence,2025-12-07,4,CZ,QMUL,SEIR,WIS,15.5940869537935,-0.8844954054199239,13,13,0.0
2025-11-19,ILI incidence,2025-12-07,4,CZ,QMUL,SEIR_agumented,WIS,6.47024145832384,0.3846122215799461,13,6,0.7768692740368318
2025-11-19,ILI incidence,2025-12-07,4,CZ,RIVM,KFdlm,WIS,9.16519243831292,-0.11773339913302028,13,11,0.5474019280116794
2025-11-19,ILI incidence,2025-12-07,4,CZ,respicast,hubEnsemble,WIS,5.0083463519024,0.7540974384964622,13,3,0.9013454491986691
2025-11-19,ILI incidence,2025-12-07,4,CZ,respicast,quantileBaseline,WIS,8.44695739130435,0.0,13,9,0.6085575821527336
2025-11-19,ILI incidence,2025-12-07,4,CZ,safinea,PRFM,WIS,5.94094183732692,0.507740109294326,13,5,0.8219376185759872
2025-11-19,ILI incidence,2025-12-07,4,EE,ECDC,SARIMA,WIS,66.2015970359982,-0.01565353747579327,12,9,0.4511746993613188
2025-11-19,ILI incidence,2025-12-07,4,EE,ECDC,soca_simplex,WIS,29.2504854223651,1.162751916365059,12,3,0.9169610483167839
2025-11-19,ILI incidence,2025-12-07,4,EE,ISI,FluABCaster,WIS,23.1081284661737,1.5028120630451596,12,2,0.994388381234964
2025-11-19,ILI incidence,2025-12-07,4,EE,ISI,FluBcast,WIS,31.8198302588296,1.0412863435942785,12,5,0.8845732337606766
2025-11-19,ILI incidence,2025-12-07,4,EE,ItaLuxColab,EpiEKF,WIS,77.3476192965518,-0.2401444039491522,12,10,0.31067378376222937
2025-11-19,ILI incidence,2025-12-07,4,EE,ItaLuxColab,EpiNetEKF,WIS,80.3527853890954,-0.2951355517640319,12,11,0.27279223484194726
2025-11-19,ILI incidence,2025-12-07,4,EE,NotreDame,Rt_cocirc,WIS,29.4076130434782,1.1550227949686278,12,4,0.9149803798669796
2025-11-19,ILI incidence,2025-12-07,4,EE,QMUL,ARIMA,WIS,101.993557686484,-0.6391936403745686,12,12,0.0
2025-11-19,ILI incidence,2025-12-07,4,EE,RIVM,KFdlm,WIS,53.3239763459306,0.2964281177192426,12,7,0.6135032373273297
2025-11-19,ILI incidence,2025-12-07,4,EE,respicast,hubEnsemble,WIS,37.5357738548475,0.802946256734106,12,6,0.8125210442010463
2025-11-19,ILI incidence,2025-12-07,4,EE,respicast,quantileBaseline,WIS,65.4871789130435,0.0,12,8,0.460180279832027
2025-11-19,ILI incidence,2025-12-07,4,EE,safinea,PRFM,WIS,22.6629553695705,1.5308764747938914,12,1,1.0
2025-11-19,ILI incidence,2025-12-07,4,ES,ECDC,SARIMA,WIS,100.23381461366,0.10401825408248311,13,10,0.3185401398380639
2025-11-19,ILI incidence,2025-12-07,4,ES,ECDC,soca_simplex,WIS,116.80981348702,-0.11677393525790798,13,13,0.0
2025-11-19,ILI incidence,2025-12-07,4,ES,ISI,FluABCaster,WIS,82.6556739817537,0.3822017852208616,13,6,0.6563383876395605
2025-11-19,ILI incidence,2025-12-07,4,ES,ISI,FluBcast,WIS,78.7649042133861,0.4517627014721192,13,4,0.7311071153380985
2025-11-19,ILI incidence,2025-12-07,4,ES,ItaLuxColab,EpiEKF,WIS,64.7724191360703,0.7339360161745867,13,1,1.0
2025-11-19,ILI incidence,2025-12-07,4,ES,ItaLuxColab,EpiNetEKF,WIS,94.0604859124772,0.19572685827132902,13,9,0.43717268818490734
2025-11-19,ILI incidence,2025-12-07,4,ES,QMUL,ARIMA,WIS,111.338428268981,-0.04756407386882166,13,12,0.1051433356009136
2025-11-19,ILI incidence,2025-12-07,4,ES,QMUL,SEIR,WIS,81.5748247118789,0.40119166113288074,13,5,0.677109013904691
2025-11-19,ILI incidence,2025-12-07,4,ES,QMUL,SEIR_agumented,WIS,91.4428120138728,0.23644587395516165,13,8,0.4874763963404375
2025-11-19,ILI incidence,2025-12-07,4,ES,RIVM,KFdlm,WIS,73.4146683723418,0.5532472986599974,13,3,0.8339223294312819
2025-11-19,ILI incidence,2025-12-07,4,ES,respicast,hubEnsemble,WIS,90.6288539651967,0.2493452018886874,13,7,0.5031181873799084
2025-11-19,ILI incidence,2025-12-07,4,ES,respicast,quantileBaseline,WIS,107.727572391304,0.0,13,11,0.1745329720866442
2025-11-19,ILI incidence,2025-12-07,4,ES,safinea,PRFM,WIS,64.8025430255065,0.7332652139461338,13,2,0.9994211107260091
2025-11-19,ILI incidence,2025-12-07,4,FI,ECDC,soca_simplex,WIS,48.6748731593201,-0.6609972385983206,7,6,0.006965162052109936
2025-11-19,ILI incidence,2025-12-07,4,FI,ItaLuxColab,EpiEKF,WIS,23.5037402830561,0.38928962159084757,7,1,1.0
2025-11-19,ILI incidence,2025-12-07,4,FI,ItaLuxColab,EpiNetEKF,WIS,27.3948944536745,0.16827293559061343,7,3,0.8464887667056876
2025-11-19,ILI incidence,2025-12-07,4,FI,RIVM,KFdlm,WIS,26.6466242394204,0.2082272059144838,7,2,0.8760090268626607
2025-11-19,ILI incidence,2025-12-07,4,FI,respicast,hubEnsemble,WIS,28.971177082553,0.08756167918453457,7,4,0.7843023099966018
2025-11-19,ILI incidence,2025-12-07,4,FI,respicast,quantileBaseline,WIS,30.7839845652174,0.0,7,5,0.7127846316454655
2025-11-19,ILI incidence,2025-12-07,4,FI,safinea,PRFM,WIS,48.851423883241,-0.6662206324896036,7,7,0.0
2025-11-19,ILI incidence,2025-12-07,4,FR,ECDC,soca_simplex,WIS,106.01351634997,-0.5875910249262996,9,9,0.0
2025-11-19,ILI incidence,2025-12-07,4,FR,ISI,FluABCaster,WIS,105.253291182053,-0.5772081557340734,9,8,0.0076270808914048445
2025-11-19,ILI incidence,2025-12-07,4,FR,ItaLuxColab,EpiEKF,WIS,65.0606555384953,0.11679992624647786,9,5,0.41086614246065467
2025-11-19,ILI incidence,2025-12-07,4,FR,ItaLuxColab,EpiNetEKF,WIS,62.1686988761927,0.18239689987271734,9,4,0.4398801613706774
2025-11-19,ILI incidence,2025-12-07,4,FR,NotreDame,Rt_cocirc,WIS,6.33905652173913,3.476245248163022,9,1,1.0
2025-11-19,ILI incidence,2025-12-07,4,FR,RIVM,KFdlm,WIS,47.0052008879247,0.5857648924759319,9,2,0.5920103862487383
2025-11-19,ILI incidence,2025-12-07,4,FR,respicast,hubEnsemble,WIS,60.9825551958728,0.21018868384243597,9,3,0.45178033802941214
2025-11-19,ILI incidence,2025-12-07,4,FR,respicast,quantileBaseline,WIS,70.5470269565217,0.0,9,7,0.35582324152614164
2025-11-19,ILI incidence,2025-12-07,4,FR,safinea,PRFM,WIS,68.0868341968089,0.05120943061257976,9,6,0.38050551985453657
2025-11-19,ILI incidence,2025-12-07,4,GB-NIR,ECDC,SARIMA,WIS,32.3430423237219,-0.09808229681910793,10,8,0.24510877492758693
2025-11-19,ILI incidence,2025-12-07,4,GB-NIR,ECDC,soca_simplex,WIS,36.4846712958687,-0.27191736164686453,10,10,0.0
2025-11-19,ILI incidence,2025-12-07,4,GB-NIR,ISI,FluABCaster,WIS,29.734950275898,0.02321343121162863,10,6,0.3994601789378638
2025-11-19,ILI incidence,2025-12-07,4,GB-NIR,ISI,FluBcast,WIS,27.6645903065314,0.1273325357670001,10,4,0.5219876673158297
2025-11-19,ILI incidence,2025-12-07,4,GB-NIR,ItaLuxColab,EpiEKF,WIS,22.0308475319551,0.4558480974607161,10,2,0.8554023210716846
2025-11-19,ILI incidence,2025-12-07,4,GB-NIR,QMUL,ARIMA,WIS,36.2268871309355,-0.2616877502178686,10,9,0.015256113304074061
2025-11-19,ILI incidence,2025-12-07,4,GB-NIR,RIVM,KFdlm,WIS,24.5702704262179,0.29845935795825335,10,3,0.7051148764884522
2025-11-19,ILI incidence,2025-12-07,4,GB-NIR,respicast,hubEnsemble,WIS,29.3596182462821,0.04153988498788091,10,5,0.4216729784399283
2025-11-19,ILI incidence,2025-12-07,4,GB-NIR,respicast,quantileBaseline,WIS,30.2172651674126,0.0,10,7,0.37091594839873937
2025-11-19,ILI incidence,2025-12-07,4,GB-NIR,safinea,PRFM,WIS,19.5875652115583,0.6254350166161216,10,1,1.0
2025-11-19,ILI incidence,2025-12-07,4,GB-SCT,ECDC,SARIMA,WIS,17.8075095415921,-0.33651055218614656,10,8,0.06710589394585377
2025-11-19,ILI incidence,2025-12-07,4,GB-SCT,ECDC,soca_simplex,WIS,18.8532194453706,-0.4188356933392524,10,10,0.0
2025-11-19,ILI incidence,2025-12-07,4,GB-SCT,ISI,FluABCaster,WIS,3.2702379471693,2.1085076939237957,10,1,1.0
2025-11-19,ILI incidence,2025-12-07,4,GB-SCT,ISI,FluBcast,WIS,6.20943242802758,1.1834419008012265,10,2,0.8113843309640364
2025-11-19,ILI incidence,2025-12-07,4,GB-SCT,ItaLuxColab,EpiEKF,WIS,9.36556009099348,0.5905380311016206,10,3,0.6088475017102634
2025-11-19,ILI incidence,2025-12-07,4,GB-SCT,QMUL,ARIMA,WIS,18.3637634373662,-0.3808865413110784,10,9,0.03140965084639907
2025-11-19,ILI incidence,2025-12-07,4,GB-SCT,RIVM,KFdlm,WIS,9.93647606404618,0.5051690101922388,10,4,0.5722103554030179
2025-11-19,ILI incidence,2025-12-07,4,GB-SCT,respicast,hubEnsemble,WIS,12.2376442979771,0.20464933991646436,10,5,0.4245384715471244
2025-11-19,ILI incidence,2025-12-07,4,GB-SCT,respicast,quantileBaseline,WIS,14.1027372847448,0.0,10,6,0.30485065782656123
2025-11-19,ILI incidence,2025-12-07,4,GB-SCT,safinea,PRFM,WIS,15.8465192023142,-0.16819076608279349,10,7,0.19294768741164545
2025-11-19,ILI incidence,2025-12-07,4,GB-WLS,ItaLuxColab,EpiEKF,WIS,5.36095120805718,0.6368054200127837,3,1,1.0
2025-11-19,ILI incidence,2025-12-07,4,GB-WLS,respicast,hubEnsemble,WIS,5.36095120805718,0.6368054200127837,3,1,1.0
2025-11-19,ILI incidence,2025-12-07,4,GB-WLS,respicast,quantileBaseline,WIS,8.33564839463297,0.0,3,3,0.0
2025-11-19,ILI incidence,2025-12-07,4,GR,ECDC,SARIMA,WIS,79.823259059228,-0.11965882609379201,18,13,0.38394228102434547
2025-11-19,ILI incidence,2025-12-07,4,GR,ECDC,soca_simplex,WIS,73.116722131321,0.006948962028477621,18,9,0.4698465029683688
2025-11-19,ILI incidence,2025-12-07,4,GR,ISI,FluABCaster,WIS,65.4125742381808,0.16758236575982532,18,6,0.5685291520935766
2025-11-19,ILI incidence,2025-12-07,4,GR,ISI,FluBcast,WIS,80.7268387538811,-0.13589804022228943,18,14,0.3723683030580723
2025-11-19,ILI incidence,2025-12-07,4,GR,ItaLuxColab,EpiEKF,WIS,100.59597293596,-0.453350290184782,18,17,0.11786399912880645
2025-11-19,ILI incidence,2025-12-07,4,GR,ItaLuxColab,EpiNetEKF,WIS,76.9355651094238,-0.06650031205492152,18,11,0.42093083482446736
2025-11-19,ILI incidence,2025-12-07,4,GR,MRC_GIDA,NBEATS,WIS,77.5561028663326,-0.07808995401834588,18,12,0.412982349075836
2025-11-19,ILI incidence,2025-12-07,4,GR,MRC_GIDA,NHiTS,WIS,66.5377760295353,0.14297671081643754,18,7,0.5541164103976183
2025-11-19,ILI incidence,2025-12-07,4,GR,MRC_GIDA,Prophet,WIS,98.2649189333124,-0.4195261022013873,18,16,0.14772253603981364
2025-11-19,ILI incidence,2025-12-07,4,GR,MRC_GIDA,TiDE,WIS,97.3871500813481,-0.4065810689854429,18,15,0.15896590218917808
2025-11-19,ILI incidence,2025-12-07,4,GR,NotreDame,Rt_cocirc,WIS,31.8522195652174,1.205756449327258,18,2,0.9984046880575781
2025-11-19,ILI incidence,2025-12-07,4,GR,QMUL,ARIMA,WIS,31.7276736673411,1.2114086129255826,18,1,1.0
2025-11-19,ILI incidence,2025-12-07,4,GR,QMUL,SEIR,WIS,59.114648509344,0.31363468486654145,18,5,0.6491994615860518
2025-11-19,ILI incidence,2025-12-07,4,GR,QMUL,SEIR_agumented,WIS,50.8157685345856,0.5318741108030934,18,4,0.7555000508323326
2025-11-19,ILI incidence,2025-12-07,4,GR,RIVM,KFdlm,WIS,69.3380259914993,0.08350359241139066,18,8,0.518247929120744
2025-11-19,ILI incidence,2025-12-07,4,GR,respicast,hubEnsemble,WIS,50.2477147905556,0.5480923713085121,18,3,0.7627762673696978
2025-11-19,ILI incidence,2025-12-07,4,GR,respicast,quantileBaseline,WIS,73.4697495652174,0.0,18,10,0.4653245645432523
2025-11-19,ILI incidence,2025-12-07,4,GR,safinea,PRFM,WIS,109.797607555772,-0.5796243569003795,18,18,0.0
2025-11-19,ILI incidence,2025-12-07,4,HR,ECDC,SARIMA,WIS,53.0751235613834,0.07866134188236243,14,11,0.12426752878618531
2025-11-19,ILI incidence,2025-12-07,4,HR,ECDC,soca_simplex,WIS,32.7000565450725,0.7774040362390967,14,6,0.4720881799286718
2025-11-19,ILI incidence,2025-12-07,4,HR,ISI,FluABCaster,WIS,18.7571110999681,1.5792595202054762,14,3,0.7101067523180574
2025-11-19,ILI incidence,2025-12-07,4,HR,ISI,FluBcast,WIS,47.1254436401445,0.25019096666518403,14,9,0.22583389628024322
2025-11-19,ILI incidence,2025-12-07,4,HR,ItaLuxColab,EpiEKF,WIS,37.3443850034342,0.5858058269218944,14,8,0.39280533157220887
2025-11-19,ILI incidence,2025-12-07,4,HR,ItaLuxColab,EpiNetEKF,WIS,49.7077313132051,0.17322690725020878,14,10,0.1817519318301564
2025-11-19,ILI incidence,2025-12-07,4,HR,NotreDame,Rt_cocirc,WIS,1.77538695652174,4.9804917584066635,14,1,1.0
2025-11-19,ILI incidence,2025-12-07,4,HR,QMUL,ARIMA,WIS,60.3546201026415,-0.1067670457935568,14,14,0.0
2025-11-19,ILI incidence,2025-12-07,4,HR,QMUL,SEIR,WIS,12.3434658116022,2.182949633846479,14,2,0.8195934243673096
2025-11-19,ILI incidence,2025-12-07,4,HR,QMUL,SEIR_agumented,WIS,57.997001196712,-0.04928113924276903,14,13,0.04024666727965977
2025-11-19,ILI incidence,2025-12-07,4,HR,RIVM,KFdlm,WIS,22.868025006946,1.293365393658638,14,5,0.6399297683223185
2025-11-19,ILI incidence,2025-12-07,4,HR,respicast,hubEnsemble,WIS,33.4765080165321,0.7435481205700291,14,7,0.4588334575678853
2025-11-19,ILI incidence,2025-12-07,4,HR,respicast,quantileBaseline,WIS,56.0493315217391,0.0,14,12,0.07349513384996537
2025-11-19,ILI incidence,2025-12-07,4,HR,safinea,PRFM,WIS,19.4817184921816,1.5245762227905673,14,4,0.6977370548451314
2025-11-19,ILI incidence,2025-12-07,4,HU,ECDC,SARIMA,WIS,40.8582491459697,0.45007233112221656,13,4,0.7274227818726032
2025-11-19,ILI incidence,2025-12-07,4,HU,ECDC,soca_simplex,WIS,116.279808268525,-1.05882897836547,13,12,0.11502807076442607
2025-11-19,ILI incidence,2025-12-07,4,HU,ISI,FluABCaster,WIS,41.2176787140521,0.43743645641878864,13,5,0.7245043488798313
2025-11-19,ILI incidence,2025-12-07,4,HU,ItaLuxColab,EpiEKF,WIS,60.1168147762996,-0.10706885738057781,13,9,0.5710504677391934
2025-11-19,ILI incidence,2025-12-07,4,HU,ItaLuxColab,EpiNetEKF,WIS,44.9902438883395,0.3110875266123378,13,6,0.6938725376719721
2025-11-19,ILI incidence,2025-12-07,4,HU,NotreDame,Rt_cocirc,WIS,130.446482608696,-1.224686424101024,13,13,0.0
2025-11-19,ILI incidence,2025-12-07,4,HU,QMUL,ARIMA,WIS,45.0202633051939,0.31012521972656854,13,7,0.6936287912906183
2025-11-19,ILI incidence,2025-12-07,4,HU,QMUL,SEIR,WIS,17.6088975783277,1.664395123569307,13,2,0.916198777786226
2025-11-19,ILI incidence,2025-12-07,4,HU,QMUL,SEIR_agumented,WIS,7.28807226567723,2.937090544755428,13,1,1.0
2025-11-19,ILI incidence,2025-12-07,4,HU,RIVM,KFdlm,WIS,78.6882167504969,-0.49544789974600234,13,11,0.4202576642069577
2025-11-19,ILI incidence,2025-12-07,4,HU,respicast,hubEnsemble,WIS,39.8401558193681,0.48647642431837096,13,3,0.735689317010285
2025-11-19,ILI incidence,2025-12-07,4,HU,respicast,quantileBaseline,WIS,55.8168115217391,0.0,13,8,0.605964877908862
2025-11-19,ILI incidence,2025-12-07,4,HU,safinea,PRFM,WIS,71.7022089998686,-0.3613178518453912,13,10,0.47698142128672993
2025-11-19,ILI incidence,2025-12-07,4,IE,ECDC,SARIMA,WIS,48.6587624150681,0.11063538780543558,16,8,0.29119833538426637
2025-11-19,ILI incidence,2025-12-07,4,IE,ECDC,soca_simplex,WIS,45.7862542910448,0.1984204701127169,16,5,0.35069591242558473
2025-11-19,ILI incidence,2025-12-07,4,IE,ISI,FluABCaster,WIS,14.4382337620106,1.8634407478529373,16,1,1.0
2025-11-19,ILI incidence,2025-12-07,4,IE,ISI,FluBcast,WIS,27.5735400294031,0.9300505154368438,16,2,0.7279315278277141
2025-11-19,ILI incidence,2025-12-07,4,IE,ItaLuxColab,EpiEKF,WIS,35.5808346278567,0.5622346624701402,16,3,0.5620783407541302
2025-11-19,ILI incidence,2025-12-07,4,IE,ItaLuxColab,EpiNetEKF,WIS,47.3203359589885,0.1508746987235215,16,6,0.3189208439887672
2025-11-19,ILI incidence,2025-12-07,4,IE,MRC_GIDA,NBEATS,WIS,62.7176472586051,-0.255536425217391,16,16,0.0
2025-11-19,ILI incidence,2025-12-07,4,IE,MRC_GIDA,NHiTS,WIS,60.6092830599256,-0.2062037620745372,16,15,0.04367004580178287
2025-11-19,ILI incidence,2025-12-07,4,IE,MRC_GIDA,Prophet,WIS,49.1311392141211,0.09669732355100316,16,9,0.2814141071834345
2025-11-19,ILI incidence,2025-12-07,4,IE,MRC_GIDA,TiDE,WIS,52.4436311921173,0.0025674340152142374,16,11,0.21280324930236563
2025-11-19,ILI incidence,2025-12-07,4,IE,NotreDame,Rt_cocirc,WIS,55.6544630434783,-0.08316236972422153,16,13,0.14629805342653995
2025-11-19,ILI incidence,2025-12-07,4,IE,QMUL,SEIR,WIS,38.6280672988864,0.4436855189482118,16,4,0.4989617357596507
2025-11-19,ILI incidence,2025-12-07,4,IE,RIVM,KFdlm,WIS,49.8950729116307,0.07443765719398734,16,10,0.26559093034298914
2025-11-19,ILI incidence,2025-12-07,4,IE,respicast,hubEnsemble,WIS,48.458558305629,0.11658353140860603,16,7,0.29534511544929803
2025-11-19,ILI incidence,2025-12-07,4,IE,respicast,quantileBaseline,WIS,52.5370434782609,0.0,16,12,0.21086842285402477
2025-11-19,ILI incidence,2025-12-07,4,IE,safinea,PRFM,WIS,59.9603096834368,-0.19067281944373457,16,14,0.057112076876468174
2025-11-19,ILI incidence,2025-12-07,4,IS,ISI,FluABCaster,WIS,20.7695080931423,0.6447040852753544,8,3,0.8590550694172164
2025-11-19,ILI incidence,2025-12-07,4,IS,ISI,FluBcast,WIS,26.503151382206,0.2930072180564926,8,6,0.4381401667342317
2025-11-19,ILI incidence,2025-12-07,4,IS,ItaLuxColab,EpiEKF,WIS,18.8495761776592,0.7846390472911716,8,1,1.0
2025-11-19,ILI incidence,2025-12-07,4,IS,ItaLuxColab,EpiNetEKF,WIS,28.2762172629892,0.19958200080972188,8,7,0.3079768804893608
2025-11-19,ILI incidence,2025-12-07,4,IS,RIVM,KFdlm,WIS,19.5803159851598,0.7297670857500264,8,2,0.9463553521811563
2025-11-19,ILI incidence,2025-12-07,4,IS,respicast,hubEnsemble,WIS,22.9843490043032,0.49851932829089896,8,4,0.6964604503278552
2025-11-19,ILI incidence,2025-12-07,4,IS,respicast,quantileBaseline,WIS,32.4714347826087,0.0,8,8,0.0
2025-11-19,ILI incidence,2025-12-07,4,IS,safinea,PRFM,WIS,24.6113860361897,0.3998452247954075,8,5,0.5770173494212496
2025-11-19,ILI incidence,2025-12-07,4,LT,ECDC,SARIMA,WIS,139.521045218537,0.1356049170163425,18,6,0.48999935987544196
2025-11-19,ILI incidence,2025-12-07,4,LT,ECDC,soca_simplex,WIS,177.823592342588,-0.21435907296551146,18,15,0.12848250165671082
2025-11-19,ILI incidence,2025-12-07,4,LT,ISI,FluABCaster,WIS,159.859976745566,-0.060721114283215714,18,10,0.29803127479317343
2025-11-19,ILI incidence,2025-12-07,4,LT,ISI,FluBcast,WIS,163.395330632122,-0.09227908580486675,18,13,0.2646629970747298
2025-11-19,ILI incidence,2025-12-07,4,LT,ItaLuxColab,EpiEKF,WIS,116.557821977744,0.39504184591405944,18,2,0.7067367035748142
2025-11-19,ILI incidence,2025-12-07,4,LT,ItaLuxColab,EpiNetEKF,WIS,144.290641167721,0.08710994194874509,18,7,0.4449817442861367
2025-11-19,ILI incidence,2025-12-07,4,LT,MRC_GIDA,NBEATS,WIS,191.436255106283,-0.3207764099320267,18,18,0.0
2025-11-19,ILI incidence,2025-12-07,4,LT,MRC_GIDA,NHiTS,WIS,186.445550216652,-0.28266669539184675,18,17,0.0471045423207206
2025-11-19,ILI incidence,2025-12-07,4,LT,MRC_GIDA,Prophet,WIS,85.4867087620942,0.8423156339020736,18,1,1.0
2025-11-19,ILI incidence,2025-12-07,4,LT,MRC_GIDA,TiDE,WIS,179.117804857496,-0.22482108255106692,18,16,0.11626713538507429
2025-11-19,ILI incidence,2025-12-07,4,LT,NotreDame,Rt_cocirc,WIS,133.880134782609,0.19514576164138908,18,5,0.5432408378295136
2025-11-19,ILI incidence,2025-12-07,4,LT,QMUL,ARIMA,WIS,159.09916552125,-0.05383859852110602,18,9,0.30521215711469296
2025-11-19,ILI incidence,2025-12-07,4,LT,QMUL,SEIR,WIS,161.121363049568,-0.0720601231769206,18,12,0.2861257372281116
2025-11-19,ILI incidence,2025-12-07,4,LT,QMUL,SEIR_agumented,WIS,169.981254373271,-0.14928798372900023,18,14,0.2025020537918402
2025-11-19,ILI incidence,2025-12-07,4,LT,RIVM,KFdlm,WIS,123.8092307028,0.3079687902779386,18,3,0.6382946103779354
2025-11-19,ILI incidence,2025-12-07,4,LT,respicast,hubEnsemble,WIS,160.81495580721,-0.06931391334206617,18,11,0.28901774812320885
2025-11-19,ILI incidence,2025-12-07,4,LT,respicast,quantileBaseline,WIS,153.271309782609,0.0,18,8,0.36021810985099423
2025-11-19,ILI incidence,2025-12-07,4,LT,safinea,PRFM,WIS,128.70250729876,0.2520475107180015,18,4,0.5921096405993612
2025-11-19,ILI incidence,2025-12-07,4,LU,ECDC,SARIMA,WIS,1112.25132452217,0.474206029778024,17,4,0.9992035185662451
2025-11-19,ILI incidence,2025-12-07,4,LU,ECDC,soca_simplex,WIS,987.591889725031,0.6457019523417041,17,2,0.9994181242907182
2025-11-19,ILI incidence,2025-12-07,4,LU,ISI,FluABCaster,WIS,2955.77947630875,-0.9358497911231761,17,15,0.9960298181941515
2025-11-19,ILI incidence,2025-12-07,4,LU,ItaLuxColab,EpiEKF,WIS,1344.05749684304,0.20109399047130083,17,6,0.998804455858884
2025-11-19,ILI incidence,2025-12-07,4,LU,ItaLuxColab,EpiNetEKF,WIS,1172.63781992618,0.3979313539114946,17,5,0.9990995610309359
2025-11-19,ILI incidence,2025-12-07,4,LU,MRC_GIDA,NBEATS,WIS,3230.81331619923,-1.0642085444613243,17,16,0.9955563374940315
2025-11-19,ILI incidence,2025-12-07,4,LU,MRC_GIDA,NHiTS,WIS,2694.46537248469,-0.8023101999459606,17,14,0.9964796798725513
2025-11-19,ILI incidence,2025-12-07,4,LU,MRC_GIDA,Prophet,WIS,649.593929887992,1.250078789847203,17,1,1.0
2025-11-19,ILI incidence,2025-12-07,4,LU,MRC_GIDA,TiDE,WIS,2014.1486384699,-0.382481307761731,17,12,0.9976508697292354
2025-11-19,ILI incidence,2025-12-07,4,LU,NotreDame,Rt_cocirc,WIS,2051.81006086957,-0.4092083383623037,17,13,0.9975860342288024
2025-11-19,ILI incidence,2025-12-07,4,LU,QMUL,ARIMA,WIS,1040.24328637305,0.5707678689210488,17,3,0.999327483007605
2025-11-19,ILI incidence,2025-12-07,4,LU,QMUL,SEIR,WIS,1568.11685204121,-0.021344223065626368,17,8,0.9984187295773111
2025-11-19,ILI incidence,2025-12-07,4,LU,QMUL,SEIR_agumented,WIS,1806.45179139996,-0.22546990790129015,17,10,0.9980084273614255
2025-11-19,ILI incidence,2025-12-07,4,LU,RIVM,KFdlm,WIS,581526.15303947,-8.556011419091446,17,17,0.0
2025-11-19,ILI incidence,2025-12-07,4,LU,respicast,hubEnsemble,WIS,1684.50799163622,-0.12463842658094433,17,9,0.998218358021996
2025-11-19,ILI incidence,2025-12-07,4,LU,respicast,quantileBaseline,WIS,1545.08782608696,0.0,17,7,0.9984583748781813
2025-11-19,ILI incidence,2025-12-07,4,LU,safinea,PRFM,WIS,1834.11874025627,-0.24739819524539527,17,11,0.9979607977085801
2025-11-19,ILI incidence,2025-12-07,4,LV,ECDC,soca_simplex,WIS,324.591359495728,-0.5988856846208103,9,9,0.0
2025-11-19,ILI incidence,2025-12-07,4,LV,ISI,FluABCaster,WIS,307.424106552409,-0.5204913861274877,9,7,0.1458690434925231
2025-11-19,ILI incidence,2025-12-07,4,LV,ItaLuxColab,EpiEKF,WIS,206.901872183782,0.05079221204991189,9,1,1.0
2025-11-19,ILI incidence,2025-12-07,4,LV,ItaLuxColab,EpiNetEKF,WIS,248.638064208658,-0.21430826492803587,9,4,0.6453702622201873
2025-11-19,ILI incidence,2025-12-07,4,LV,NotreDame,Rt_cocirc,WIS,310.450686956522,-0.5346252122975583,9,8,0.12015238456876716
2025-11-19,ILI incidence,2025-12-07,4,LV,RIVM,KFdlm,WIS,280.780460809892,-0.38970363188548707,9,5,0.372258386764074
2025-11-19,ILI incidence,2025-12-07,4,LV,respicast,hubEnsemble,WIS,283.745446692173,-0.4048583296775527,9,6,0.3470650925285232
2025-11-19,ILI incidence,2025-12-07,4,LV,respicast,quantileBaseline,WIS,214.315903695652,0.0,9,2,0.9370034513599461
2025-11-19,ILI incidence,2025-12-07,4,LV,safinea,PRFM,WIS,220.57743009395,-0.041546267397819664,9,3,0.8837996645025755
2025-11-19,ILI incidence,2025-12-07,4,MT,ECDC,SARIMA,WIS,2264.76424479837,-0.2069079604569718,11,5,0.45840784525010086
2025-11-19,ILI incidence,2025-12-07,4,MT,ECDC,soca_simplex,WIS,1628.29831115287,0.26908788571547915,11,3,0.6355424871538549
2025-11-19,ILI incidence,2025-12-07,4,MT,ISI,FluABCaster,WIS,3911.87840655593,-0.9954086101218003,11,11,0.0
2025-11-19,ILI incidence,2025-12-07,4,MT,ItaLuxColab,EpiEKF,WIS,2714.90662399634,-0.46844966171185415,11,7,0.33312885555110516
2025-11-19,ILI incidence,2025-12-07,4,MT,ItaLuxColab,EpiNetEKF,WIS,3293.81064726453,-0.747304703225578,11,8,0.17201425155194056
2025-11-19,ILI incidence,2025-12-07,4,MT,NotreDame,Rt_cocirc,WIS,318.758919565218,2.6219152999986886,11,1,1.0
2025-11-19,ILI incidence,2025-12-07,4,MT,QMUL,ARIMA,WIS,3850.96187485043,-0.9727659229090458,11,10,0.016953661553993672
2025-11-19,ILI incidence,2025-12-07,4,MT,RIVM,KFdlm,WIS,1556.33155227408,0.3343034805349704,11,2,0.655571534097424
2025-11-19,ILI incidence,2025-12-07,4,MT,respicast,hubEnsemble,WIS,2359.25879207795,-0.26588076214173473,11,6,0.4321090963157255
2025-11-19,ILI incidence,2025-12-07,4,MT,respicast,quantileBaseline,WIS,1962.17391304348,0.0,11,4,0.54262166915728
2025-11-19,ILI incidence,2025-12-07,4,MT,safinea,PRFM,WIS,3751.08927800304,-0.9348566829685295,11,9,0.04474917384045947
2025-11-19,ILI incidence,2025-12-07,4,NL,ECDC,SARIMA,WIS,3.34629050754889,0.09355788626566106,18,8,0.9331768860062132
2025-11-19,ILI incidence,2025-12-07,4,NL,ECDC,soca_simplex,WIS,9.82554104862873,-1.4604162679624793,18,15,0.7669634905055172
2025-11-19,ILI incidence,2025-12-07,4,NL,ISI,FluABCaster,WIS,39.7229424937821,-3.4757800055942534,18,18,0.0
2025-11-19,ILI incidence,2025-12-07,4,NL,ISI,FluBcast,WIS,9.21815722180193,-1.3683577896441128,18,14,0.7825448185602065
2025-11-19,ILI incidence,2025-12-07,4,NL,ItaLuxColab,EpiEKF,WIS,8.01216948971566,-1.1660723559314743,18,13,0.813482241740764
2025-11-19,ILI incidence,2025-12-07,4,NL,ItaLuxColab,EpiNetEKF,WIS,3.66883914639823,-0.03920306926048099,18,10,0.9249024869630884
2025-11-19,ILI incidence,2025-12-07,4,NL,MRC_GIDA,NBEATS,WIS,0.741424057425312,2.2677497513544176,18,1,1.0
2025-11-19,ILI incidence,2025-12-07,4,NL,MRC_GIDA,NHiTS,WIS,1.24530540983253,1.5196209792458604,18,4,0.98707383979334
2025-11-19,ILI incidence,2025-12-07,4,NL,MRC_GIDA,Prophet,WIS,7.13509840510949,-0.9988127426862761,18,12,0.8359819061917043
2025-11-19,ILI incidence,2025-12-07,4,NL,MRC_GIDA,TiDE,WIS,1.96398005095976,0.8623403087475173,18,6,0.9686375481875993
2025-11-19,ILI incidence,2025-12-07,4,NL,NotreDame,Rt_cocirc,WIS,1.13490869565217,1.6535443481940448,18,3,0.9899058668309886
2025-11-19,ILI incidence,2025-12-07,4,NL,QMUL,ARIMA,WIS,1.69524881025771,1.074623552310785,18,5,0.9755313597034538
2025-11-19,ILI incidence,2025-12-07,4,NL,QMUL,SEIR,WIS,25.6169099020064,-2.8429039683296065,18,17,0.361864626048519
2025-11-19,ILI incidence,2025-12-07,4,NL,QMUL,SEIR_agumented,WIS,11.0325968262471,-1.6275799195310896,18,16,0.7359986685581866
2025-11-19,ILI incidence,2025-12-07,4,NL,RIVM,KFdlm,WIS,5.31803984267833,-0.5747740015229812,18,11,0.8825952408004569
2025-11-19,ILI incidence,2025-12-07,4,NL,respicast,hubEnsemble,WIS,3.34046819503889,0.09607026150786331,18,7,0.9333262468506222
2025-11-19,ILI incidence,2025-12-07,4,NL,respicast,quantileBaseline,WIS,3.57048630434782,0.0,18,9,0.9274255503530121
2025-11-19,ILI incidence,2025-12-07,4,NL,safinea,PRFM,WIS,0.799665279882766,2.1586524293809384,18,2,0.9985059273010993
2025-11-19,ILI incidence,2025-12-07,4,NO,ECDC,SARIMA,WIS,50.3388145817271,0.06015758181793552,16,9,0.5396735868730606
2025-11-19,ILI incidence,2025-12-07,4,NO,ECDC,soca_simplex,WIS,53.2423857033709,-0.020746392488820768,16,11,0.4630382690670113
2025-11-19,ILI incidence,2025-12-07,4,NO,ISI,FluABCaster,WIS,33.0477551381986,0.6672765490522122,16,2,0.9960446486254287
2025-11-19,ILI incidence,2025-12-07,4,NO,ISI,FluBcast,WIS,39.795272054805,0.3992317858873304,16,6,0.8179542621178375
2025-11-19,ILI incidence,2025-12-07,4,NO,ItaLuxColab,EpiEKF,WIS,32.8978941556132,0.6738335871855751,16,1,1.0
2025-11-19,ILI incidence,2025-12-07,4,NO,ItaLuxColab,EpiNetEKF,WIS,37.0302694737684,0.5031237767766639,16,4,0.8909322752798933
2025-11-19,ILI incidence,2025-12-07,4,NO,MRC_GIDA,NBEATS,WIS,70.7860533590791,-0.43163631594237745,16,16,0.0
2025-11-19,ILI incidence,2025-12-07,4,NO,MRC_GIDA,NHiTS,WIS,63.911090933381,-0.2842374887495248,16,15,0.18145411575100237
2025-11-19,ILI incidence,2025-12-07,4,NO,MRC_GIDA,Prophet,WIS,34.8252399637477,0.5916955312225974,16,3,0.9491306558921399
2025-11-19,ILI incidence,2025-12-07,4,NO,MRC_GIDA,TiDE,WIS,63.228760061034,-0.26875210302375635,16,14,0.1994631952811733
2025-11-19,ILI incidence,2025-12-07,4,NO,NotreDame,Rt_cocirc,WIS,47.1930065217391,0.15325574091155164,16,7,0.6227023780870774
2025-11-19,ILI incidence,2025-12-07,4,NO,QMUL,ARIMA,WIS,58.2649550359009,-0.15079957304952424,16,12,0.33047523517671484
2025-11-19,ILI incidence,2025-12-07,4,NO,RIVM,KFdlm,WIS,38.4508978621013,0.4488115382197559,16,5,0.8534369622797582
2025-11-19,ILI incidence,2025-12-07,4,NO,respicast,hubEnsemble,WIS,47.9720753684704,0.12963397021265047,16,8,0.6021400477150061
2025-11-19,ILI incidence,2025-12-07,4,NO,respicast,quantileBaseline,WIS,52.482222826087,0.0,16,10,0.4831016052983043
2025-11-19,ILI incidence,2025-12-07,4,NO,safinea,PRFM,WIS,59.0940415719067,-0.17118384639237486,16,13,0.308592764414452
2025-11-19,ILI incidence,2025-12-07,4,PL,ECDC,SARIMA,WIS,31.7402370654352,-0.0869982831756061,17,10,0.8568526079232226
2025-11-19,ILI incidence,2025-12-07,4,PL,ECDC,soca_simplex,WIS,22.0338422107857,0.43959352959544507,17,6,0.9081708372721384
2025-11-19,ILI incidence,2025-12-07,4,PL,ISI,FluABCaster,WIS,26.5306783734047,0.1716530555399843,17,8,0.8843958236864055
2025-11-19,ILI incidence,2025-12-07,4,PL,ItaLuxColab,EpiEKF,WIS,45.6701831790236,-0.6119379558306512,17,14,0.7832042369080312
2025-11-19,ILI incidence,2025-12-07,4,PL,ItaLuxColab,EpiNetEKF,WIS,32.5331866775497,-0.12259752316379435,17,11,0.8526602408635687
2025-11-19,ILI incidence,2025-12-07,4,PL,MRC_GIDA,NBEATS,WIS,4.6651581404863,2.6793167286274957,17,1,1.0
2025-11-19,ILI incidence,2025-12-07,4,PL,MRC_GIDA,NHiTS,WIS,11.9899632855155,1.31748737933785,17,3,0.9612733629738267
2025-11-19,ILI incidence,2025-12-07,4,PL,MRC_GIDA,Prophet,WIS,193.806423881654,-2.6972298653905176,17,17,0.0
2025-11-19,ILI incidence,2025-12-07,4,PL,MRC_GIDA,TiDE,WIS,37.2255668526389,-0.316979197207655,17,12,0.8278513756130288
2025-11-19,ILI incidence,2025-12-07,4,PL,NotreDame,Rt_cocirc,WIS,97.7506673913043,-1.7097919320155703,17,16,0.5078519281022376
2025-11-19,ILI incidence,2025-12-07,4,PL,QMUL,ARIMA,WIS,13.8070229329008,1.1139123408620137,17,4,0.9516664713192479
2025-11-19,ILI incidence,2025-12-07,4,PL,QMUL,SEIR,WIS,23.5540504101974,0.3433394499964015,17,7,0.9001334151186248
2025-11-19,ILI incidence,2025-12-07,4,PL,QMUL,SEIR_agumented,WIS,5.35831090064925,2.479464423447286,17,2,0.9963352642404778
2025-11-19,ILI incidence,2025-12-07,4,PL,RIVM,KFdlm,WIS,44.5428379473341,-0.5758788587249507,17,13,0.7891645715144002
2025-11-19,ILI incidence,2025-12-07,4,PL,respicast,hubEnsemble,WIS,15.5487519758328,0.9425158336657362,17,5,0.942457856604173
2025-11-19,ILI incidence,2025-12-07,4,PL,respicast,quantileBaseline,WIS,29.8827852173913,0.0,17,9,0.8666730553055815
2025-11-19,ILI incidence,2025-12-07,4,PL,safinea,PRFM,WIS,56.9992685780769,-0.9316287861302951,17,15,0.7233067557599633
2025-11-19,ILI incidence,2025-12-07,4,RO,ECDC,SARIMA,WIS,1.66105677999143,0.33945610768061096,14,4,0.8614569009121895
2025-11-19,ILI incidence,2025-12-07,4,RO,ECDC,soca_simplex,WIS,2.3620217115002,-0.16846472838021959,14,12,0.633030992195954
2025-11-19,ILI incidence,2025-12-07,4,RO,ISI,FluABCaster,WIS,1.84236442432709,0.18999903917248173,14,7,0.8023735408852765
2025-11-19,ILI incidence,2025-12-07,4,RO,ISI,FluBcast,WIS,1.23591300138556,0.7659803051816092,14,1,1.0
2025-11-19,ILI incidence,2025-12-07,4,RO,ItaLuxColab,EpiEKF,WIS,1.77084271549726,0.2471214185143853,14,6,0.8256805718051072
2025-11-19,ILI incidence,2025-12-07,4,RO,ItaLuxColab,EpiNetEKF,WIS,1.71959756310708,0.2894865265952052,14,5,0.8423800099308251
2025-11-19,ILI incidence,2025-12-07,4,RO,NotreDame,Rt_cocirc,WIS,2.04855,0.03695439170605975,14,8,0.7351831218355106
2025-11-19,ILI incidence,2025-12-07,4,RO,QMUL,ARIMA,WIS,1.38548252932144,0.6011689787281227,14,2,0.9512592516412012
2025-11-19,ILI incidence,2025-12-07,4,RO,QMUL,SEIR,WIS,4.30458824688738,-1.034317746446188,14,14,0.0
2025-11-19,ILI incidence,2025-12-07,4,RO,QMUL,SEIR_agumented,WIS,2.15657189323074,-0.03718231418236169,14,10,0.6999816473917477
2025-11-19,ILI incidence,2025-12-07,4,RO,RIVM,KFdlm,WIS,2.34939881829849,-0.16073413889763435,14,11,0.6371444588197726
2025-11-19,ILI incidence,2025-12-07,4,RO,respicast,hubEnsemble,WIS,1.45172046457496,0.5337938150069405,14,3,0.9296740626086979
2025-11-19,ILI incidence,2025-12-07,4,RO,respicast,quantileBaseline,WIS,2.10170108695652,0.0,14,9,0.7178625901062471
2025-11-19,ILI incidence,2025-12-07,4,RO,safinea,PRFM,WIS,2.98653125732625,-0.5069133237006319,14,13,0.42951986903573053
2025-11-19,ILI incidence,2025-12-07,4,SI,ECDC,SARIMA,WIS,418.48683030947,-0.0011108606327872826,17,5,0.6699492947234127
2025-11-19,ILI incidence,2025-12-07,4,SI,ECDC,soca_simplex,WIS,450.735194055915,-0.10820874061231911,17,15,0.03248350350034176
2025-11-19,ILI incidence,2025-12-07,4,SI,ISI,FluABCaster,WIS,441.811592766299,-0.07935991274525396,17,11,0.20887975731868832
2025-11-19,ILI incidence,2025-12-07,4,SI,ItaLuxColab,EpiEKF,WIS,401.790098743516,0.057629349174863086,17,1,1.0
2025-11-19,ILI incidence,2025-12-07,4,SI,ItaLuxColab,EpiNetEKF,WIS,415.479332983842,0.00929464615531276,17,3,0.729399649394324
2025-11-19,ILI incidence,2025-12-07,4,SI,MRC_GIDA,NBEATS,WIS,452.378481979849,-0.11345894558198807,17,17,0.0
2025-11-19,ILI incidence,2025-12-07,4,SI,MRC_GIDA,NHiTS,WIS,450.733921796954,-0.10820466841137188,17,14,0.03250865273183672
2025-11-19,ILI incidence,2025-12-07,4,SI,MRC_GIDA,Prophet,WIS,409.897165905239,0.028809346572374633,17,2,0.8397444898792417
2025-11-19,ILI incidence,2025-12-07,4,SI,MRC_GIDA,TiDE,WIS,437.676569506734,-0.0657937915308193,17,9,0.29061835015427023
2025-11-19,ILI incidence,2025-12-07,4,SI,NotreDame,Rt_cocirc,WIS,445.563967391304,-0.09156120557624806,17,12,0.13470512699940923
2025-11-19,ILI incidence,2025-12-07,4,SI,QMUL,ARIMA,WIS,426.752453512529,-0.029328086156956187,17,7,0.5065595464398083
2025-11-19,ILI incidence,2025-12-07,4,SI,QMUL,SEIR,WIS,445.578908254631,-0.09160958190291706,17,13,0.13440978521595642
2025-11-19,ILI incidence,2025-12-07,4,SI,QMUL,SEIR_agumented,WIS,437.078386315941,-0.06382067654204515,17,8,0.30244286702009865
2025-11-19,ILI incidence,2025-12-07,4,SI,RIVM,KFdlm,WIS,419.240443547708,-0.003706536836179622,17,6,0.6550523324165255
2025-11-19,ILI incidence,2025-12-07,4,SI,respicast,hubEnsemble,WIS,441.203741460681,-0.07737366365366927,17,10,0.22089538752332066
2025-11-19,ILI incidence,2025-12-07,4,SI,respicast,quantileBaseline,WIS,418.164723695652,0.0,17,4,0.6763164998644273
2025-11-19,ILI incidence,2025-12-07,4,SI,safinea,PRFM,WIS,451.00610275281,-0.10907559377006182,17,16,0.02712834724580307
2025-11-26,ILI incidence,2025-11-23,1,AT,ECDC,SARIMA,WIS,262.854776064054,0.03498834297531981,12,6,0.6810161253122394
2025-11-26,ILI incidence,2025-11-23,1,AT,ECDC,soca_simplex,WIS,143.451748663773,0.9086887373173508,12,2,0.9719651990409633
2025-11-26,ILI incidence,2025-11-23,1,AT,ISI,FluABCaster,WIS,411.052690714869,-0.6100690455112693,12,11,0.31990261810076626
2025-11-26,ILI incidence,2025-11-23,1,AT,ISI,FluBcast,WIS,250.910383310512,0.10208211747596938,12,4,0.7101209988113427
2025-11-26,ILI incidence,2025-11-23,1,AT,ItaLuxColab,EpiEKF,WIS,304.280864699804,-0.17614931813961182,12,9,0.5800732733661998
2025-11-26,ILI incidence,2025-11-23,1,AT,ItaLuxColab,EpiNetEKF,WIS,336.244822127849,-0.32025775976326815,12,10,0.5021867740966498
2025-11-26,ILI incidence,2025-11-23,1,AT,QMUL,ARIMA,WIS,276.479808960765,-0.03791983390297874,12,8,0.6478160399615381
2025-11-26,ILI incidence,2025-11-23,1,AT,QMUL,SEIR,WIS,542.338006680927,-1.009937985136724,12,12,0.0
2025-11-26,ILI incidence,2025-11-23,1,AT,RIVM,KFdlm,WIS,244.662320964014,0.13846235448885924,12,3,0.7253456375151737
2025-11-26,ILI incidence,2025-11-23,1,AT,respicast,hubEnsemble,WIS,256.844687393414,0.06835805873776213,12,5,0.6956608941244086
2025-11-26,ILI incidence,2025-11-23,1,AT,respicast,quantileBaseline,WIS,269.30747826087,0.0,12,7,0.6652928411703961
2025-11-26,ILI incidence,2025-11-23,1,AT,safinea,PRFM,WIS,131.946504587298,1.0293011593115777,12,1,1.0
2025-11-26,ILI incidence,2025-11-23,1,BE,ECDC,SARIMA,WIS,30.8621165083329,0.5119010093186183,17,4,0.6704448254329916
2025-11-26,ILI incidence,2025-11-23,1,BE,ECDC,soca_simplex,WIS,81.2221372727177,-0.8841349768058766,17,16,0.014539630268068789
2025-11-26,ILI incidence,2025-11-23,1,BE,ISI,FluABCaster,WIS,70.1952840843399,-0.673636095578711,17,15,0.15815693190533997
2025-11-26,ILI incidence,2025-11-23,1,BE,ISI,FluBcast,WIS,45.115881952198,-0.035897374781012466,17,10,0.4847991751058341
2025-11-26,ILI incidence,2025-11-23,1,BE,ItaLuxColab,EpiEKF,WIS,41.0908043792051,0.09892244144069053,17,6,0.5372230869906154
2025-11-26,ILI incidence,2025-11-23,1,BE,ItaLuxColab,EpiNetEKF,WIS,42.533042209897,0.049153965343800045,17,8,0.5184389151126878
2025-11-26,ILI incidence,2025-11-23,1,BE,MRC_GIDA,NBEATS,WIS,82.3384816584674,-0.9038288313428179,17,17,0.0
2025-11-26,ILI incidence,2025-11-23,1,BE,MRC_GIDA,NHiTS,WIS,52.3021037802659,-0.24913096414934616,17,14,0.39120349823568606
2025-11-26,ILI incidence,2025-11-23,1,BE,MRC_GIDA,Prophet,WIS,25.2488778504014,0.8015187431063274,17,2,0.7435534608456607
2025-11-26,ILI incidence,2025-11-23,1,BE,MRC_GIDA,TiDE,WIS,45.6294933806619,-0.052228621869348624,17,11,0.47810973377693394
2025-11-26,ILI incidence,2025-11-23,1,BE,QMUL,ARIMA,WIS,25.5198970550434,0.7861155045026694,17,3,0.7400236190859474
2025-11-26,ILI incidence,2025-11-23,1,BE,QMUL,SEIR,WIS,5.55906119401732,2.9848248454757824,17,1,1.0
2025-11-26,ILI incidence,2025-11-23,1,BE,QMUL,SEIR_agumented,WIS,46.2437651553135,-0.07152085255935149,17,12,0.4701092595491294
2025-11-26,ILI incidence,2025-11-23,1,BE,RIVM,KFdlm,WIS,38.3470252968365,0.19862334638203827,17,5,0.5729589530048556
2025-11-26,ILI incidence,2025-11-23,1,BE,respicast,hubEnsemble,WIS,42.2946030758439,0.05726443124349765,17,7,0.5215444234977569
2025-11-26,ILI incidence,2025-11-23,1,BE,respicast,quantileBaseline,WIS,44.0071521739131,0.0,17,9,0.49923963026397455
2025-11-26,ILI incidence,2025-11-23,1,BE,safinea,PRFM,WIS,49.5870313933162,-0.1722248447822149,17,13,0.42656547896601493
2025-11-26,ILI incidence,2025-11-23,1,CZ,ECDC,SARIMA,WIS,2.38342027824863,-1.0302288092337957,12,10,0.8271273307388505
2025-11-26,ILI incidence,2025-11-23,1,CZ,ECDC,soca_simplex,WIS,0.934580246506949,0.3204141115264394,12,2,0.9711537640722309
2025-11-26,ILI incidence,2025-11-23,1,CZ,ISI,FluABCaster,WIS,0.644400309325024,0.85677546936553,12,1,1.0
2025-11-26,ILI incidence,2025-11-23,1,CZ,ItaLuxColab,EpiEKF,WIS,1.52820222458486,-0.3890309045152914,12,8,0.912142931697528
2025-11-26,ILI incidence,2025-11-23,1,CZ,ItaLuxColab,EpiNetEKF,WIS,1.05620988221559,0.14390801617378515,12,3,0.9590627932024549
2025-11-26,ILI incidence,2025-11-23,1,CZ,QMUL,ARIMA,WIS,2.59518997670305,-1.1530355915708022,12,11,0.8060757075863549
2025-11-26,ILI incidence,2025-11-23,1,CZ,QMUL,SEIR,WIS,10.7039428405771,-3.197265850913547,12,12,0.0
2025-11-26,ILI incidence,2025-11-23,1,CZ,QMUL,SEIR_agumented,WIS,1.19299588534784,-0.03178450612995599,12,5,0.9454651566591136
2025-11-26,ILI incidence,2025-11-23,1,CZ,RIVM,KFdlm,WIS,1.2380862513837,-0.08530726248031337,12,6,0.9409828090875636
2025-11-26,ILI incidence,2025-11-23,1,CZ,respicast,hubEnsemble,WIS,1.26786360765613,-0.11959499267985917,12,7,0.9380226987068063
2025-11-26,ILI incidence,2025-11-23,1,CZ,respicast,quantileBaseline,WIS,1.167,0.0,12,4,0.9480493582037741
2025-11-26,ILI incidence,2025-11-23,1,CZ,safinea,PRFM,WIS,1.68662400124914,-0.5313338287076275,12,9,0.8963945240366319
2025-11-26,ILI incidence,2025-11-23,1,EE,ECDC,SARIMA,WIS,41.9410169166081,0.3091486668870337,13,8,0.3805336807878582
2025-11-26,ILI incidence,2025-11-23,1,EE,ECDC,soca_simplex,WIS,41.9085713244039,0.3102651684296149,13,7,0.3811562844799116
2025-11-26,ILI incidence,2025-11-23,1,EE,ISI,FluABCaster,WIS,61.771674499259,-0.24943493079259532,13,13,0.0
2025-11-26,ILI incidence,2025-11-23,1,EE,ISI,FluBcast,WIS,26.3174689867593,0.9814897604855451,13,3,0.6803364571674068
2025-11-26,ILI incidence,2025-11-23,1,EE,ItaLuxColab,EpiEKF,WIS,46.2957470508787,0.16663084214117957,13,9,0.2969700631959963
2025-11-26,ILI incidence,2025-11-23,1,EE,ItaLuxColab,EpiNetEKF,WIS,49.0310063817011,0.08381613499526,13,10,0.24448273156167935
2025-11-26,ILI incidence,2025-11-23,1,EE,QMUL,ARIMA,WIS,51.1230259560125,0.023537277352506346,13,11,0.204338631166873
2025-11-26,ILI incidence,2025-11-23,1,EE,QMUL,SEIR,WIS,12.2446762967688,2.0853558738654976,13,2,0.9503815416012981
2025-11-26,ILI incidence,2025-11-23,1,EE,QMUL,SEIR_agumented,WIS,9.65892184726394,2.427576442862136,13,1,1.0
2025-11-26,ILI incidence,2025-11-23,1,EE,RIVM,KFdlm,WIS,29.41920483314,0.8207522560834479,13,4,0.6208167486788942
2025-11-26,ILI incidence,2025-11-23,1,EE,respicast,hubEnsemble,WIS,35.1396834246867,0.5644093147486542,13,5,0.5110455640756242
2025-11-26,ILI incidence,2025-11-23,1,EE,respicast,quantileBaseline,WIS,51.9639286956522,0.0,13,12,0.18820241312337058
2025-11-26,ILI incidence,2025-11-23,1,EE,safinea,PRFM,WIS,37.7234693982505,0.46204814317581877,13,6,0.46146487907865
2025-11-26,ILI incidence,2025-11-23,1,ES,ECDC,SARIMA,WIS,3.01252694041784,1.096398192895418,13,8,0.62016268772044
2025-11-26,ILI incidence,2025-11-23,1,ES,ECDC,soca_simplex,WIS,2.42476265555999,1.4095287979642392,13,6,0.7264688695799477
2025-11-26,ILI incidence,2025-11-23,1,ES,ISI,FluABCaster,WIS,1.59957990716928,2.009679271800688,13,2,0.8757158204030426
2025-11-26,ILI incidence,2025-11-23,1,ES,ISI,FluBcast,WIS,3.42907803537718,0.9095516000306895,13,10,0.544823036102727
2025-11-26,ILI incidence,2025-11-23,1,ES,ItaLuxColab,EpiEKF,WIS,3.4425900050591,0.9038779625202996,13,11,0.5423791892353833
2025-11-26,ILI incidence,2025-11-23,1,ES,ItaLuxColab,EpiNetEKF,WIS,3.39272038020742,0.9249298045059274,13,9,0.5513988754349799
2025-11-26,ILI incidence,2025-11-23,1,ES,QMUL,ARIMA,WIS,2.09626941029094,1.6195481936184504,13,3,0.785881909076958
2025-11-26,ILI incidence,2025-11-23,1,ES,QMUL,SEIR,WIS,0.912415711614862,2.819609141130308,13,1,1.0
2025-11-26,ILI incidence,2025-11-23,1,ES,QMUL,SEIR_agumented,WIS,2.38247117633357,1.434913575829877,13,5,0.7341179319635843
2025-11-26,ILI incidence,2025-11-23,1,ES,RIVM,KFdlm,WIS,4.57930481817354,0.4922437358463301,13,12,0.3367868884467009
2025-11-26,ILI incidence,2025-11-23,1,ES,respicast,hubEnsemble,WIS,2.24677644043874,1.5195157559291244,13,4,0.758660405269703
2025-11-26,ILI incidence,2025-11-23,1,ES,respicast,quantileBaseline,WIS,6.44139130434783,0.0,13,13,0.0
2025-11-26,ILI incidence,2025-11-23,1,ES,safinea,PRFM,WIS,2.85245381624619,1.1751688078325555,13,7,0.6491143662885355
2025-11-26,ILI incidence,2025-11-23,1,FI,ECDC,soca_simplex,WIS,10.4563408216631,-1.1147238138204987,7,7,0.0
2025-11-26,ILI incidence,2025-11-23,1,FI,ItaLuxColab,EpiEKF,WIS,4.0761154557594,0.2443874359975923,7,3,0.8734840801837926
2025-11-26,ILI incidence,2025-11-23,1,FI,ItaLuxColab,EpiNetEKF,WIS,3.15200006646443,0.615314787126884,7,1,1.0
2025-11-26,ILI incidence,2025-11-23,1,FI,RIVM,KFdlm,WIS,4.15165606485695,0.21789542070778314,7,4,0.863142201069817
2025-11-26,ILI incidence,2025-11-23,1,FI,respicast,hubEnsemble,WIS,3.96204892198882,0.2853356581133175,7,2,0.8891003469480993
2025-11-26,ILI incidence,2025-11-23,1,FI,respicast,quantileBaseline,WIS,4.82852434782609,0.0,7,5,0.7704756202442445
2025-11-26,ILI incidence,2025-11-23,1,FI,safinea,PRFM,WIS,10.384622966074,-1.1047945798300456,7,6,0.00981852544845424
2025-11-26,ILI incidence,2025-11-23,1,FR,ECDC,SARIMA,WIS,9.98903411118243,0.31301526266898144,11,3,0.7861699475814533
2025-11-26,ILI incidence,2025-11-23,1,FR,ECDC,soca_simplex,WIS,11.1690499632422,0.15192587552734244,11,7,0.740897299968072
2025-11-26,ILI incidence,2025-11-23,1,FR,ISI,FluABCaster,WIS,16.6146948663616,-0.42102744649772267,11,10,0.5319689518478445
2025-11-26,ILI incidence,2025-11-23,1,FR,ItaLuxColab,EpiEKF,WIS,10.4887603085673,0.2425881788211125,11,4,0.7669973847740222
2025-11-26,ILI incidence,2025-11-23,1,FR,ItaLuxColab,EpiNetEKF,WIS,10.8311339738358,0.19624805635540118,11,6,0.7538618304738437
2025-11-26,ILI incidence,2025-11-23,1,FR,QMUL,ARIMA,WIS,4.41562798624272,1.4907418150281333,11,1,1.0
2025-11-26,ILI incidence,2025-11-23,1,FR,QMUL,SEIR,WIS,30.480281022152,-1.2964438529878448,11,11,0.0
2025-11-26,ILI incidence,2025-11-23,1,FR,RIVM,KFdlm,WIS,10.6161903619714,0.22516620583356967,11,5,0.7621083861279042
2025-11-26,ILI incidence,2025-11-23,1,FR,respicast,hubEnsemble,WIS,9.17248148647254,0.43604835858052216,11,2,0.8174979159064076
2025-11-26,ILI incidence,2025-11-23,1,FR,respicast,quantileBaseline,WIS,12.4093913043478,0.0,11,9,0.6933101964913144
2025-11-26,ILI incidence,2025-11-23,1,FR,safinea,PRFM,WIS,11.5443298368443,0.10424792602206899,11,8,0.7264992616329723
2025-11-26,ILI incidence,2025-11-23,1,GB-ENG,ECDC,SARIMA,WIS,0.453496163026394,0.6073610888231079,10,4,0.8375326156508525
2025-11-26,ILI incidence,2025-11-23,1,GB-ENG,ECDC,soca_simplex,WIS,0.405196132584217,0.7698310288423776,10,2,0.8675031076757886
2025-11-26,ILI incidence,2025-11-23,1,GB-ENG,ISI,FluABCaster,WIS,0.191665973405361,1.8498571960924182,10,1,1.0
2025-11-26,ILI incidence,2025-11-23,1,GB-ENG,ISI,FluBcast,WIS,0.580642315128581,0.2508017189344969,10,6,0.7586375776416763
2025-11-26,ILI incidence,2025-11-23,1,GB-ENG,ItaLuxColab,EpiEKF,WIS,0.55210507923119,0.3235085595373955,10,5,0.7763451234350559
2025-11-26,ILI incidence,2025-11-23,1,GB-ENG,QMUL,ARIMA,WIS,0.941924767023394,-0.44716040100426657,10,9,0.5344593991987966
2025-11-26,ILI incidence,2025-11-23,1,GB-ENG,RIVM,KFdlm,WIS,0.860082512611644,-0.31602363923382576,10,8,0.585243065600138
2025-11-26,ILI incidence,2025-11-23,1,GB-ENG,respicast,hubEnsemble,WIS,0.418971455298594,0.7215994773154257,10,3,0.858955427772224
2025-11-26,ILI incidence,2025-11-23,1,GB-ENG,respicast,quantileBaseline,WIS,0.690887798483788,0.0,10,7,0.6902295176584011
2025-11-26,ILI incidence,2025-11-23,1,GB-ENG,safinea,PRFM,WIS,1.80325214296141,-1.3840778000125546,10,10,0.0
2025-11-26,ILI incidence,2025-11-23,1,GB-NIR,ECDC,SARIMA,WIS,4.89887210874762,0.07905177125495108,9,7,0.3252543593862779
2025-11-26,ILI incidence,2025-11-23,1,GB-NIR,ECDC,soca_simplex,WIS,2.44440589079725,1.0820175370821723,9,1,1.0
2025-11-26,ILI incidence,2025-11-23,1,GB-NIR,ISI,FluABCaster,WIS,3.15452993251707,0.71407635977342,9,4,0.8047831752821728
2025-11-26,ILI incidence,2025-11-23,1,GB-NIR,ItaLuxColab,EpiEKF,WIS,3.11783571432937,0.7309564887478357,9,3,0.8148706083773225
2025-11-26,ILI incidence,2025-11-23,1,GB-NIR,QMUL,ARIMA,WIS,6.08202289817485,-0.23304984798502784,9,9,0.0
2025-11-26,ILI incidence,2025-11-23,1,GB-NIR,RIVM,KFdlm,WIS,2.7958616357629,0.8882084349612487,9,2,0.90338297180466
2025-11-26,ILI incidence,2025-11-23,1,GB-NIR,respicast,hubEnsemble,WIS,3.39141565572537,0.609613786458513,9,5,0.7396620471568474
2025-11-26,ILI incidence,2025-11-23,1,GB-NIR,respicast,quantileBaseline,WIS,5.1747938835683,0.0,9,8,0.2494020158709843
2025-11-26,ILI incidence,2025-11-23,1,GB-NIR,safinea,PRFM,WIS,4.10627088136065,0.3336725980887677,9,6,0.5431445951586154
2025-11-26,ILI incidence,2025-11-23,1,GR,ECDC,SARIMA,WIS,40.050635582413,-0.39436976355689934,17,12,0.6694483271169469
2025-11-26,ILI incidence,2025-11-23,1,GR,ECDC,soca_simplex,WIS,29.8953012459538,0.027536625491209395,17,8,0.7995630792420667
2025-11-26,ILI incidence,2025-11-23,1,GR,ISI,FluABCaster,WIS,27.8355320382445,0.13052771545029185,17,6,0.8259537770779682
2025-11-26,ILI incidence,2025-11-23,1,GR,ISI,FluBcast,WIS,33.1612278067634,-0.12204205007540421,17,11,0.7577185460302976
2025-11-26,ILI incidence,2025-11-23,1,GR,ItaLuxColab,EpiEKF,WIS,40.421739108217,-0.4076760196163207,17,13,0.6646935803333388
2025-11-26,ILI incidence,2025-11-23,1,GR,ItaLuxColab,EpiNetEKF,WIS,32.6431205434387,-0.09932360534329715,17,10,0.7643567714109917
2025-11-26,ILI incidence,2025-11-23,1,GR,MRC_GIDA,NBEATS,WIS,21.8231920766711,0.4815932340745475,17,3,0.9029866051340095
2025-11-26,ILI incidence,2025-11-23,1,GR,MRC_GIDA,NHiTS,WIS,20.8482767721737,0.5475272323619269,17,2,0.915477662442901
2025-11-26,ILI incidence,2025-11-23,1,GR,MRC_GIDA,Prophet,WIS,92.3004494722202,-1.598882299262613,17,17,0.0
2025-11-26,ILI incidence,2025-11-23,1,GR,MRC_GIDA,TiDE,WIS,41.7976149997471,-0.4559652494311246,17,14,0.6470652340229025
2025-11-26,ILI incidence,2025-11-23,1,GR,QMUL,ARIMA,WIS,23.7025958463362,0.3624103061007541,17,4,0.8789068311422209
2025-11-26,ILI incidence,2025-11-23,1,GR,QMUL,SEIR,WIS,14.2513876203118,1.0963529765097442,17,1,1.0
2025-11-26,ILI incidence,2025-11-23,1,GR,QMUL,SEIR_agumented,WIS,25.2045028826178,0.27377387422628796,17,5,0.8596637166108592
2025-11-26,ILI incidence,2025-11-23,1,GR,RIVM,KFdlm,WIS,50.2233582546063,-0.7209031255761544,17,15,0.5391107877433771
2025-11-26,ILI incidence,2025-11-23,1,GR,respicast,hubEnsemble,WIS,27.9186868224661,0.1262242892261596,17,7,0.8248883602459327
2025-11-26,ILI incidence,2025-11-23,1,GR,respicast,quantileBaseline,WIS,30.4713913043478,0.0,17,9,0.7921819519776918
2025-11-26,ILI incidence,2025-11-23,1,GR,safinea,PRFM,WIS,52.0458481973367,-0.7723277073447072,17,16,0.5157602195304186
2025-11-26,ILI incidence,2025-11-23,1,HR,ECDC,SARIMA,WIS,2.24305436720376,0.8784276361728626,13,7,0.8145108019273821
2025-11-26,ILI incidence,2025-11-23,1,HR,ECDC,soca_simplex,WIS,0.567193002285967,2.861980586471515,13,1,1.0
2025-11-26,ILI incidence,2025-11-23,1,HR,ISI,FluABCaster,WIS,1.16396161968539,1.824848737299324,13,2,0.9339479180118495
2025-11-26,ILI incidence,2025-11-23,1,HR,ISI,FluBcast,WIS,1.58520239363228,1.3792251742282307,13,3,0.8873237669987791
2025-11-26,ILI incidence,2025-11-23,1,HR,ItaLuxColab,EpiEKF,WIS,2.77041532387478,0.5737899525120699,13,10,0.756140961202213
2025-11-26,ILI incidence,2025-11-23,1,HR,ItaLuxColab,EpiNetEKF,WIS,2.16625239532872,0.9286908804535573,13,6,0.8230114670013071
2025-11-26,ILI incidence,2025-11-23,1,HR,QMUL,ARIMA,WIS,1.98478088005587,1.0549124825678116,13,5,0.8430972608179305
2025-11-26,ILI incidence,2025-11-23,1,HR,QMUL,SEIR,WIS,2.30746828187461,0.8375814081667871,13,8,0.8073812829664864
2025-11-26,ILI incidence,2025-11-23,1,HR,QMUL,SEIR_agumented,WIS,9.60201218491947,-1.2194445416758835,13,13,0.0
2025-11-26,ILI incidence,2025-11-23,1,HR,RIVM,KFdlm,WIS,2.65229997179166,0.636648273423498,13,9,0.7692143110607425
2025-11-26,ILI incidence,2025-11-23,1,HR,respicast,hubEnsemble,WIS,1.93356952345726,1.0926255861769847,13,4,0.8487654823465967
2025-11-26,ILI incidence,2025-11-23,1,HR,respicast,quantileBaseline,WIS,4.12356521739129,0.0,13,12,0.6063704050722686
2025-11-26,ILI incidence,2025-11-23,1,HR,safinea,PRFM,WIS,3.24228209727612,0.34688260597597054,13,11,0.7039133776874981
2025-11-26,ILI incidence,2025-11-23,1,HU,ECDC,SARIMA,WIS,11.4980773137305,0.7148347443719114,13,4,0.9713824040050001
2025-11-26,ILI incidence,2025-11-23,1,HU,ECDC,soca_simplex,WIS,14.1993238353584,0.4104051500774578,13,6,0.9326734718095243
2025-11-26,ILI incidence,2025-11-23,1,HU,ISI,FluABCaster,WIS,19.1169195647297,-0.018622690051419474,13,10,0.8622041984096724
2025-11-26,ILI incidence,2025-11-23,1,HU,ISI,FluBcast,WIS,9.5010400085299,0.9900700326842534,13,1,1.0
2025-11-26,ILI incidence,2025-11-23,1,HU,ItaLuxColab,EpiEKF,WIS,17.7221853455615,0.0906708655816708,13,8,0.8821907756762137
2025-11-26,ILI incidence,2025-11-23,1,HU,ItaLuxColab,EpiNetEKF,WIS,14.9008880315889,0.34082906909740046,13,7,0.9226200388165614
2025-11-26,ILI incidence,2025-11-23,1,HU,QMUL,ARIMA,WIS,11.0926572720307,0.7666223731555598,13,3,0.9771920836396404
2025-11-26,ILI incidence,2025-11-23,1,HU,QMUL,SEIR,WIS,29.6865189081884,-0.6535805493301157,13,12,0.7107415677154836
2025-11-26,ILI incidence,2025-11-23,1,HU,QMUL,SEIR_agumented,WIS,11.0257459498036,0.7753511160274748,13,2,0.9781509246097113
2025-11-26,ILI incidence,2025-11-23,1,HU,RIVM,KFdlm,WIS,26.5307691863048,-0.491439122094465,13,11,0.7559635424712965
2025-11-26,ILI incidence,2025-11-23,1,HU,respicast,hubEnsemble,WIS,12.4814042148577,0.5964471279344081,13,5,0.9572913041972042
2025-11-26,ILI incidence,2025-11-23,1,HU,respicast,quantileBaseline,WIS,18.8717391304348,0.0,13,9,0.8657176403450123
2025-11-26,ILI incidence,2025-11-23,1,HU,safinea,PRFM,WIS,79.284585263328,-2.0708130192487157,13,13,0.0
2025-11-26,ILI incidence,2025-11-23,1,IE,ECDC,SARIMA,WIS,4.38072542729249,0.3207838020112785,15,7,0.8006300749849815
2025-11-26,ILI incidence,2025-11-23,1,IE,ECDC,soca_simplex,WIS,8.47642558996487,-0.6315024302557399,15,12,0.5306412510929318
2025-11-26,ILI incidence,2025-11-23,1,IE,ISI,FluABCaster,WIS,1.35630603635326,2.0122708507169826,15,1,1.0
2025-11-26,ILI incidence,2025-11-23,1,IE,ISI,FluBcast,WIS,4.28959451397516,0.35111231570608353,15,6,0.8066374307799672
2025-11-26,ILI incidence,2025-11-23,1,IE,ItaLuxColab,EpiEKF,WIS,3.40594972218104,0.6838964566037908,15,3,0.8648873535280143
2025-11-26,ILI incidence,2025-11-23,1,IE,ItaLuxColab,EpiNetEKF,WIS,3.8029059418023,0.5248513381743023,15,4,0.8387199734426886
2025-11-26,ILI incidence,2025-11-23,1,IE,MRC_GIDA,NBEATS,WIS,16.5261938251529,-1.5947289932530313,15,15,0.0
2025-11-26,ILI incidence,2025-11-23,1,IE,MRC_GIDA,NHiTS,WIS,15.2998112668643,-1.483488356275501,15,14,0.08084321884002828
2025-11-26,ILI incidence,2025-11-23,1,IE,MRC_GIDA,Prophet,WIS,4.2474525319088,0.3653557706283508,15,5,0.8094154330073453
2025-11-26,ILI incidence,2025-11-23,1,IE,MRC_GIDA,TiDE,WIS,11.0961547996119,-1.0200343194139958,15,13,0.3579485294248619
2025-11-26,ILI incidence,2025-11-23,1,IE,QMUL,SEIR,WIS,3.37006150595447,0.6991786732264866,15,2,0.8672531071002368
2025-11-26,ILI incidence,2025-11-23,1,IE,RIVM,KFdlm,WIS,5.75696075750019,-0.07335378305621724,15,10,0.7099085515717487
2025-11-26,ILI incidence,2025-11-23,1,IE,respicast,hubEnsemble,WIS,5.11950199939524,0.09595011646150459,15,8,0.7519298747997032
2025-11-26,ILI incidence,2025-11-23,1,IE,respicast,quantileBaseline,WIS,5.4715652173913,0.0,15,9,0.7287218443318709
2025-11-26,ILI incidence,2025-11-23,1,IE,safinea,PRFM,WIS,7.78791271057208,-0.5092831189025749,15,11,0.5760280653514486
2025-11-26,ILI incidence,2025-11-23,1,IS,ECDC,SARIMA,WIS,31.29668561966,0.07552065450288425,15,7,0.5344624631479697
2025-11-26,ILI incidence,2025-11-23,1,IS,ECDC,soca_simplex,WIS,32.4394030338746,0.023783264914680274,15,9,0.48313447930126896
2025-11-26,ILI incidence,2025-11-23,1,IS,ISI,FluABCaster,WIS,28.5352730424841,0.20878416787253862,15,3,0.6584981507048789
2025-11-26,ILI incidence,2025-11-23,1,IS,ISI,FluBcast,WIS,30.1850386370794,0.12769688770570464,15,5,0.584394841577984
2025-11-26,ILI incidence,2025-11-23,1,IS,ItaLuxColab,EpiEKF,WIS,20.9324006728711,0.6557927561637826,15,1,1.0
2025-11-26,ILI incidence,2025-11-23,1,IS,ItaLuxColab,EpiNetEKF,WIS,30.3060562714995,0.12192440915402512,15,6,0.5789590346957112
2025-11-26,ILI incidence,2025-11-23,1,IS,MRC_GIDA,NBEATS,WIS,43.1954495708661,-0.389348804015894,15,15,0.0
2025-11-26,ILI incidence,2025-11-23,1,IS,MRC_GIDA,NHiTS,WIS,42.3639716063619,-0.3613073122684141,15,14,0.037347892838661675
2025-11-26,ILI incidence,2025-11-23,1,IS,MRC_GIDA,Prophet,WIS,38.7908136735326,-0.23418450254395512,15,12,0.19784513421834982
2025-11-26,ILI incidence,2025-11-23,1,IS,MRC_GIDA,TiDE,WIS,40.3513713452108,-0.29108716894687087,15,13,0.12774881997009127
2025-11-26,ILI incidence,2025-11-23,1,IS,QMUL,ARIMA,WIS,35.2532892107231,-0.0962273349469359,15,11,0.35674181000690636
2025-11-26,ILI incidence,2025-11-23,1,IS,RIVM,KFdlm,WIS,22.2512926258656,0.5676413877196729,15,2,0.940758700255414
2025-11-26,ILI incidence,2025-11-23,1,IS,respicast,hubEnsemble,WIS,31.8516515411626,0.05016235586321332,15,8,0.509534793804685
2025-11-26,ILI incidence,2025-11-23,1,IS,respicast,quantileBaseline,WIS,32.9786086956522,0.0,15,10,0.4589147210710222
2025-11-26,ILI incidence,2025-11-23,1,IS,safinea,PRFM,WIS,28.7715616264711,0.19688700753714106,15,4,0.6478846635284536
2025-11-26,ILI incidence,2025-11-23,1,LT,ECDC,soca_simplex,WIS,3.93965487044485,0.3455357876064584,9,6,0.26189875804939494
2025-11-26,ILI incidence,2025-11-23,1,LT,ISI,FluABCaster,WIS,0.708757286176158,2.8202414704997922,9,1,1.0
2025-11-26,ILI incidence,2025-11-23,1,LT,ISI,FluBcast,WIS,1.86600861028325,1.4236493937548222,9,2,0.7356249719175897
2025-11-26,ILI incidence,2025-11-23,1,LT,ItaLuxColab,EpiEKF,WIS,5.08606679419201,-0.022945371791363547,9,9,0.0
2025-11-26,ILI incidence,2025-11-23,1,LT,ItaLuxColab,EpiNetEKF,WIS,3.71521105091051,0.430160868331621,9,5,0.3131731354091252
2025-11-26,ILI incidence,2025-11-23,1,LT,RIVM,KFdlm,WIS,3.13839856769206,0.6735764548483784,9,4,0.4449464272364851
2025-11-26,ILI incidence,2025-11-23,1,LT,respicast,hubEnsemble,WIS,2.9324484110779,0.7714993090050409,9,3,0.49199591191126496
2025-11-26,ILI incidence,2025-11-23,1,LT,respicast,quantileBaseline,WIS,5.0058152173913,0.0,9,8,0.018333539507259196
2025-11-26,ILI incidence,2025-11-23,1,LT,safinea,PRFM,WIS,4.66543347899192,0.10159390466006148,9,7,0.09609403091780787
2025-11-26,ILI incidence,2025-11-23,1,LU,ECDC,SARIMA,WIS,1210.88963338997,0.05705763167843106,16,3,0.9845353287799437
2025-11-26,ILI incidence,2025-11-23,1,LU,ECDC,soca_simplex,WIS,2023.00814867718,-0.6833771229090704,16,11,0.9246920329700907
2025-11-26,ILI incidence,2025-11-23,1,LU,ISI,FluABCaster,WIS,2442.87261230983,-0.9554536256389767,16,13,0.8937531086330093
2025-11-26,ILI incidence,2025-11-23,1,LU,ItaLuxColab,EpiEKF,WIS,1755.38941320414,-0.47866610336873827,16,5,0.9444122915896199
2025-11-26,ILI incidence,2025-11-23,1,LU,ItaLuxColab,EpiNetEKF,WIS,1915.92959060769,-0.6049195355989737,16,9,0.9325824254495416
2025-11-26,ILI incidence,2025-11-23,1,LU,MRC_GIDA,NBEATS,WIS,1769.49728481123,-0.49021453986004865,16,6,0.9433727123681908
2025-11-26,ILI incidence,2025-11-23,1,LU,MRC_GIDA,NHiTS,WIS,1816.32497423382,-0.5278973424558127,16,7,0.939922078972378
2025-11-26,ILI incidence,2025-11-23,1,LU,MRC_GIDA,Prophet,WIS,2732.42075867396,-1.1170546495794613,16,15,0.8724169181042964
2025-11-26,ILI incidence,2025-11-23,1,LU,MRC_GIDA,TiDE,WIS,1001.02241834649,0.33165072383583016,16,1,1.0
2025-11-26,ILI incidence,2025-11-23,1,LU,QMUL,ARIMA,WIS,1901.86407761952,-0.5942891352102359,16,8,0.9336188833539284
2025-11-26,ILI incidence,2025-11-23,1,LU,QMUL,SEIR,WIS,2095.26159247657,-0.7340053668280588,16,12,0.9193678295081879
2025-11-26,ILI incidence,2025-11-23,1,LU,QMUL,SEIR_agumented,WIS,2640.35287784016,-1.067605747579003,16,14,0.879201205524926
2025-11-26,ILI incidence,2025-11-23,1,LU,RIVM,KFdlm,WIS,14571.7742343502,-3.5319796348948325,16,16,0.0
2025-11-26,ILI incidence,2025-11-23,1,LU,respicast,hubEnsemble,WIS,1970.68006599116,-0.6455685699961548,16,10,0.9285479787124857
2025-11-26,ILI incidence,2025-11-23,1,LU,respicast,quantileBaseline,WIS,1259.73913043478,0.0,16,4,0.9809357126564506
2025-11-26,ILI incidence,2025-11-23,1,LU,safinea,PRFM,WIS,1165.5626138565,0.1120985002554281,16,2,0.9878753809854536
2025-11-26,ILI incidence,2025-11-23,1,LV,ECDC,soca_simplex,WIS,17.4737883378913,0.18149437175311073,9,6,0.8398848802298493
2025-11-26,ILI incidence,2025-11-23,1,LV,ISI,FluABCaster,WIS,33.8002280085358,-0.7703461867260113,9,9,0.0
2025-11-26,ILI incidence,2025-11-23,1,LV,ISI,FluBcast,WIS,14.4307312206162,0.4575423873168753,9,2,0.9964295840375407
2025-11-26,ILI incidence,2025-11-23,1,LV,ItaLuxColab,EpiEKF,WIS,15.7110168517498,0.33491023383501545,9,4,0.9305675488567748
2025-11-26,ILI incidence,2025-11-23,1,LV,ItaLuxColab,EpiNetEKF,WIS,14.3613262555045,0.4644978050051632,9,1,1.0
2025-11-26,ILI incidence,2025-11-23,1,LV,RIVM,KFdlm,WIS,15.2999818856913,0.3731568470519602,9,3,0.9517125173987554
2025-11-26,ILI incidence,2025-11-23,1,LV,respicast,hubEnsemble,WIS,15.880245537516,0.31945357255600126,9,5,0.9218618777280132
2025-11-26,ILI incidence,2025-11-23,1,LV,respicast,quantileBaseline,WIS,19.8162886956522,0.0,9,8,0.7193790827562028
2025-11-26,ILI incidence,2025-11-23,1,LV,safinea,PRFM,WIS,19.5704598210842,0.01800913845109677,9,7,0.7320253154339139
2025-11-26,ILI incidence,2025-11-23,1,MT,ECDC,SARIMA,WIS,697.732103674076,-0.5457282117993575,10,4,0.8853671149839254
2025-11-26,ILI incidence,2025-11-23,1,MT,ECDC,soca_simplex,WIS,986.408624416691,-1.0452404097607286,10,9,0.7347812504237933
2025-11-26,ILI incidence,2025-11-23,1,MT,ISI,FluABCaster,WIS,768.892016984198,-0.6858359967797526,10,6,0.8482470989872558
2025-11-26,ILI incidence,2025-11-23,1,MT,ItaLuxColab,EpiEKF,WIS,952.986849134904,-0.9955113017382211,10,8,0.7522154598738569
2025-11-26,ILI incidence,2025-11-23,1,MT,ItaLuxColab,EpiNetEKF,WIS,841.323105094691,-0.8157149614025808,10,7,0.8104639845306614
2025-11-26,ILI incidence,2025-11-23,1,MT,QMUL,ARIMA,WIS,610.778281518914,-0.35370375881024957,10,2,0.9307259008400073
2025-11-26,ILI incidence,2025-11-23,1,MT,RIVM,KFdlm,WIS,673.273795578923,-0.49424831105637995,10,3,0.898125601405724
2025-11-26,ILI incidence,2025-11-23,1,MT,respicast,hubEnsemble,WIS,751.124849073346,-0.652107722994596,10,5,0.8575152041097579
2025-11-26,ILI incidence,2025-11-23,1,MT,respicast,quantileBaseline,WIS,477.978260869565,0.0,10,1,1.0
2025-11-26,ILI incidence,2025-11-23,1,MT,safinea,PRFM,WIS,2395.00096141222,-2.3250093261043334,10,10,0.0
2025-11-26,ILI incidence,2025-11-23,1,NL,ECDC,SARIMA,WIS,4.94265513486887,-0.09418599758538394,17,6,0.6571823649663918
2025-11-26,ILI incidence,2025-11-23,1,NL,ECDC,soca_simplex,WIS,5.91957167436498,-0.3543925388922029,17,10,0.5805040759677662
2025-11-26,ILI incidence,2025-11-23,1,NL,ISI,FluABCaster,WIS,12.2219082705759,-1.4002974022901953,17,16,0.08583296809591505
2025-11-26,ILI incidence,2025-11-23,1,NL,ISI,FluBcast,WIS,10.7772809706006,-1.2188210865698665,17,15,0.19922192725914709
2025-11-26,ILI incidence,2025-11-23,1,NL,ItaLuxColab,EpiEKF,WIS,6.34522775468071,-0.4545716980047561,17,12,0.5470942823764869
2025-11-26,ILI incidence,2025-11-23,1,NL,ItaLuxColab,EpiNetEKF,WIS,6.26383343767906,-0.4359455993913072,17,11,0.5534829314673474
2025-11-26,ILI incidence,2025-11-23,1,NL,MRC_GIDA,NBEATS,WIS,0.575001369129842,3.0094629545165943,17,1,1.0
2025-11-26,ILI incidence,2025-11-23,1,NL,MRC_GIDA,NHiTS,WIS,1.77793896876614,1.380894449189081,17,2,0.9055812925843166
2025-11-26,ILI incidence,2025-11-23,1,NL,MRC_GIDA,Prophet,WIS,8.07268881077827,-0.8019490283119963,17,14,0.411505669902343
2025-11-26,ILI incidence,2025-11-23,1,NL,MRC_GIDA,TiDE,WIS,2.24833446043774,1.0422435851918532,17,3,0.8686598975666316
2025-11-26,ILI incidence,2025-11-23,1,NL,QMUL,ARIMA,WIS,5.5341475572866,-0.25726086024281025,17,8,0.6107560582421372
2025-11-26,ILI incidence,2025-11-23,1,NL,QMUL,SEIR,WIS,13.3154596168826,-1.5239300716995376,17,17,0.0
2025-11-26,ILI incidence,2025-11-23,1,NL,QMUL,SEIR_agumented,WIS,6.98534226700961,-0.5932305554982437,17,13,0.4968516223495757
2025-11-26,ILI incidence,2025-11-23,1,NL,RIVM,KFdlm,WIS,5.54201468495676,-0.259310282729803,17,9,0.6101385665069755
2025-11-26,ILI incidence,2025-11-23,1,NL,respicast,hubEnsemble,WIS,5.16526296171564,-0.15774154717903957,17,7,0.6397098516142105
2025-11-26,ILI incidence,2025-11-23,1,NL,respicast,quantileBaseline,WIS,4.63028260869565,0.0,17,5,0.681700519659008
2025-11-26,ILI incidence,2025-11-23,1,NL,safinea,PRFM,WIS,2.88408441056315,0.6829868612914126,17,4,0.8187598125176857
2025-11-26,ILI incidence,2025-11-23,1,NO,ECDC,SARIMA,WIS,4.38203213618845,0.5410515647743922,15,6,0.834588255196356
2025-11-26,ILI incidence,2025-11-23,1,NO,ECDC,soca_simplex,WIS,5.36269241140822,0.24969412242632558,15,9,0.7881257947528687
2025-11-26,ILI incidence,2025-11-23,1,NO,ISI,FluABCaster,WIS,0.89076788467459,2.839530179399343,15,1,1.0
2025-11-26,ILI incidence,2025-11-23,1,NO,ISI,FluBcast,WIS,2.38977562774146,1.4157764571224065,15,2,0.9289788831803988
2025-11-26,ILI incidence,2025-11-23,1,NO,ItaLuxColab,EpiEKF,WIS,4.60510575943413,0.469417340143349,15,7,0.8240193052164918
2025-11-26,ILI incidence,2025-11-23,1,NO,ItaLuxColab,EpiNetEKF,WIS,4.05029772730177,0.6546236685127064,15,4,0.850305417643042
2025-11-26,ILI incidence,2025-11-23,1,NO,MRC_GIDA,NBEATS,WIS,21.9972755009158,-1.7866013136396601,15,15,0.0
2025-11-26,ILI incidence,2025-11-23,1,NO,MRC_GIDA,NHiTS,WIS,18.1575302353048,-1.509844447945937,15,14,0.18192234051342354
2025-11-26,ILI incidence,2025-11-23,1,NO,MRC_GIDA,Prophet,WIS,6.97869680920643,-0.13030602566981173,15,11,0.7115615223881355
2025-11-26,ILI incidence,2025-11-23,1,NO,MRC_GIDA,TiDE,WIS,11.0103079018799,-0.7881312798113081,15,13,0.5205488183455589
2025-11-26,ILI incidence,2025-11-23,1,NO,QMUL,ARIMA,WIS,2.7127765495013,1.232881411123566,15,3,0.9136755024585549
2025-11-26,ILI incidence,2025-11-23,1,NO,RIVM,KFdlm,WIS,5.20427722682438,0.2929538142534664,15,8,0.7956313085718362
2025-11-26,ILI incidence,2025-11-23,1,NO,respicast,hubEnsemble,WIS,4.21215810989761,0.5980920381489864,15,5,0.8426366746402304
2025-11-26,ILI incidence,2025-11-23,1,NO,respicast,quantileBaseline,WIS,6.376,0.0,15,10,0.7401165453300959
2025-11-26,ILI incidence,2025-11-23,1,NO,safinea,PRFM,WIS,10.8891516165265,-0.7721680223402799,15,12,0.5262890520003286
2025-11-26,ILI incidence,2025-11-23,1,PL,ECDC,SARIMA,WIS,16.2963403073151,-0.09418482825417161,17,5,0.9242212625650835
2025-11-26,ILI incidence,2025-11-23,1,PL,ECDC,soca_simplex,WIS,42.8078474670273,-1.4875121089819066,17,11,0.6550817860094303
2025-11-26,ILI incidence,2025-11-23,1,PL,ISI,FluABCaster,WIS,18.9507153045312,-0.3118891202266365,17,6,0.8972745826562635
2025-11-26,ILI incidence,2025-11-23,1,PL,ISI,FluBcast,WIS,8.83177745027798,0.7895874608864993,17,1,1.0
2025-11-26,ILI incidence,2025-11-23,1,PL,ItaLuxColab,EpiEKF,WIS,23.3471590938044,-0.6128838275400331,17,9,0.8526427715327729
2025-11-26,ILI incidence,2025-11-23,1,PL,ItaLuxColab,EpiNetEKF,WIS,20.3562443709931,-0.41510823121375107,17,7,0.8830059348969176
2025-11-26,ILI incidence,2025-11-23,1,PL,MRC_GIDA,NBEATS,WIS,101.760828473508,-2.7367472317312114,17,15,0.05660300644042226
2025-11-26,ILI incidence,2025-11-23,1,PL,MRC_GIDA,NHiTS,WIS,106.738132882803,-2.8056405907319486,17,16,0.00607441539104251
2025-11-26,ILI incidence,2025-11-23,1,PL,MRC_GIDA,Prophet,WIS,107.336491433513,-2.813705546254891,17,17,0.0
2025-11-26,ILI incidence,2025-11-23,1,PL,MRC_GIDA,TiDE,WIS,45.533023755422,-1.5765500845128788,17,12,0.6274163456645295
2025-11-26,ILI incidence,2025-11-23,1,PL,QMUL,ARIMA,WIS,9.81277105423073,0.6376306789265773,17,2,0.9900411506791472
2025-11-26,ILI incidence,2025-11-23,1,PL,QMUL,SEIR,WIS,75.7091164321689,-2.310103846782733,17,14,0.32107473563881334
2025-11-26,ILI incidence,2025-11-23,1,PL,QMUL,SEIR_agumented,WIS,73.4019689295471,-2.265455577877142,17,13,0.3444964320158463
2025-11-26,ILI incidence,2025-11-23,1,PL,RIVM,KFdlm,WIS,22.962358303331,-0.5889076342805906,17,8,0.8565491915903846
2025-11-26,ILI incidence,2025-11-23,1,PL,respicast,hubEnsemble,WIS,12.1144957520468,0.3336288284730461,17,3,0.9666745055233853
2025-11-26,ILI incidence,2025-11-23,1,PL,respicast,quantileBaseline,WIS,15.2664347826087,0.0,17,4,0.9346766558458729
2025-11-26,ILI incidence,2025-11-23,1,PL,safinea,PRFM,WIS,25.3377094003124,-0.7309229222466578,17,10,0.8324351060717394
2025-11-26,ILI incidence,2025-11-23,1,RO,ECDC,SARIMA,WIS,1.18140573610256,0.4961850520935843,12,5,0.7561632745415159
2025-11-26,ILI incidence,2025-11-23,1,RO,ECDC,soca_simplex,WIS,0.859274640948331,0.9554983502504556,12,1,1.0
2025-11-26,ILI incidence,2025-11-23,1,RO,ISI,FluABCaster,WIS,1.77861726149836,-0.09406651826917523,12,10,0.3041047649808117
2025-11-26,ILI incidence,2025-11-23,1,RO,ItaLuxColab,EpiEKF,WIS,1.07515012088609,0.6321514596617753,12,3,0.8365933282237165
2025-11-26,ILI incidence,2025-11-23,1,RO,ItaLuxColab,EpiNetEKF,WIS,1.32044945482325,0.33566049595461017,12,6,0.6509143073401623
2025-11-26,ILI incidence,2025-11-23,1,RO,QMUL,ARIMA,WIS,0.965588630697262,0.7872089796059337,12,2,0.9195257597892104
2025-11-26,ILI incidence,2025-11-23,1,RO,QMUL,SEIR,WIS,2.18036806749648,-0.38788212269175615,12,12,0.0
2025-11-26,ILI incidence,2025-11-23,1,RO,QMUL,SEIR_agumented,WIS,1.8165549462848,-0.124515430433131,12,11,0.275387882416672
2025-11-26,ILI incidence,2025-11-23,1,RO,RIVM,KFdlm,WIS,1.324088127344,0.3316904271235132,12,7,0.6481600187731097
2025-11-26,ILI incidence,2025-11-23,1,RO,respicast,hubEnsemble,WIS,1.1149073894858,0.5797656972176332,12,4,0.8064991139911996
2025-11-26,ILI incidence,2025-11-23,1,RO,respicast,quantileBaseline,WIS,1.66634782608696,0.0,12,9,0.38908697226099315
2025-11-26,ILI incidence,2025-11-23,1,RO,safinea,PRFM,WIS,1.41443935384554,0.23645925352761285,12,8,0.5797687720331903
2025-11-26,ILI incidence,2025-11-23,1,SI,ECDC,SARIMA,WIS,49.6864654516665,-0.07642946126501893,17,8,0.6235196965151701
2025-11-26,ILI incidence,2025-11-23,1,SI,ECDC,soca_simplex,WIS,47.3566664453437,-0.007144074403726049,17,5,0.6851429982398655
2025-11-26,ILI incidence,2025-11-23,1,SI,ISI,FluABCaster,WIS,63.6109694167168,-0.43285211782222455,17,14,0.25521586134471186
2025-11-26,ILI incidence,2025-11-23,1,SI,ISI,FluBcast,WIS,56.142237785954,-0.2526631144883028,17,12,0.4527641912797031
2025-11-26,ILI incidence,2025-11-23,1,SI,ItaLuxColab,EpiEKF,WIS,44.5467597420555,0.0811029589089039,17,2,0.7594651728673969
2025-11-26,ILI incidence,2025-11-23,1,SI,ItaLuxColab,EpiNetEKF,WIS,48.3305893294936,-0.03651313147587951,17,6,0.659382688623595
2025-11-26,ILI incidence,2025-11-23,1,SI,MRC_GIDA,NBEATS,WIS,73.2599438065529,-0.636601139228328,17,17,0.0
2025-11-26,ILI incidence,2025-11-23,1,SI,MRC_GIDA,NHiTS,WIS,72.3481922964504,-0.6185335145863805,17,16,0.024115873623652716
2025-11-26,ILI incidence,2025-11-23,1,SI,MRC_GIDA,Prophet,WIS,35.4528328417546,0.4105225452789515,17,1,1.0
2025-11-26,ILI incidence,2025-11-23,1,SI,MRC_GIDA,TiDE,WIS,55.3559455624656,-0.23231482426777894,17,11,0.4735616604177313
2025-11-26,ILI incidence,2025-11-23,1,SI,QMUL,ARIMA,WIS,50.2925320334837,-0.09392073412123152,17,9,0.6074892047280166
2025-11-26,ILI incidence,2025-11-23,1,SI,QMUL,SEIR,WIS,70.6799359866184,-0.5848772780595316,17,15,0.06824133751813792
2025-11-26,ILI incidence,2025-11-23,1,SI,QMUL,SEIR_agumented,WIS,59.4012862817085,-0.3340707164236156,17,13,0.3665621934918013
2025-11-26,ILI incidence,2025-11-23,1,SI,RIVM,KFdlm,WIS,49.658735293739,-0.07562406428431115,17,7,0.6242531605969224
2025-11-26,ILI incidence,2025-11-23,1,SI,respicast,hubEnsemble,WIS,51.4887951087078,-0.12783505475673757,17,10,0.5758479857960035
2025-11-26,ILI incidence,2025-11-23,1,SI,respicast,quantileBaseline,WIS,47.1227408695652,0.0,17,4,0.6913303415678522
2025-11-26,ILI incidence,2025-11-23,1,SI,safinea,PRFM,WIS,44.8626640082408,0.07090816297755698,17,3,0.7511094890258193
2025-11-26,ILI incidence,2025-11-30,2,AT,ECDC,SARIMA,WIS,465.208894397356,0.023380227129261636,12,6,0.6999451840051811
2025-11-26,ILI incidence,2025-11-30,2,AT,ECDC,soca_simplex,WIS,189.846397318339,1.316426285856055,12,1,1.0
2025-11-26,ILI incidence,2025-11-30,2,AT,ISI,FluABCaster,WIS,644.233898698009,-0.44632566803556756,12,11,0.5048666410164838
2025-11-26,ILI incidence,2025-11-30,2,AT,ISI,FluBcast,WIS,424.182718378529,0.15657306205327548,12,4,0.7446502612284159
2025-11-26,ILI incidence,2025-11-30,2,AT,ItaLuxColab,EpiEKF,WIS,541.744436726007,-0.19635352578933835,12,8,0.6165465428899493
2025-11-26,ILI incidence,2025-11-30,2,AT,ItaLuxColab,EpiNetEKF,WIS,603.049652940471,-0.35101788603604445,12,9,0.5497439624155464
2025-11-26,ILI incidence,2025-11-30,2,AT,QMUL,ARIMA,WIS,604.582634596808,-0.35468063378490267,12,10,0.5480735151553168
2025-11-26,ILI incidence,2025-11-30,2,AT,QMUL,SEIR,WIS,1107.55370411848,-1.2280458428314158,12,12,0.0
2025-11-26,ILI incidence,2025-11-30,2,AT,RIVM,KFdlm,WIS,415.904201517112,0.18500764795643013,12,3,0.7536711296469997
2025-11-26,ILI incidence,2025-11-30,2,AT,respicast,hubEnsemble,WIS,453.795291358589,0.05921726781425723,12,5,0.7123822681977043
2025-11-26,ILI incidence,2025-11-30,2,AT,respicast,quantileBaseline,WIS,472.809461956522,0.0,12,7,0.6916630579908776
2025-11-26,ILI incidence,2025-11-30,2,AT,safinea,PRFM,WIS,215.420292795331,1.1341047477819923,12,2,0.9721328409532196
2025-11-26,ILI incidence,2025-11-30,2,BE,ECDC,SARIMA,WIS,27.974968774193,-0.6962693290745238,17,14,0.6566290685592194
2025-11-26,ILI incidence,2025-11-30,2,BE,ECDC,soca_simplex,WIS,9.6566159065509,0.8382775914207264,17,3,0.9034808280063588
2025-11-26,ILI incidence,2025-11-30,2,BE,ISI,FluABCaster,WIS,2.49412998774677,2.791258629927986,17,1,1.0
2025-11-26,ILI incidence,2025-11-30,2,BE,ISI,FluBcast,WIS,14.8668267016069,0.2157704522899789,17,7,0.8332698373598181
2025-11-26,ILI incidence,2025-11-30,2,BE,ItaLuxColab,EpiEKF,WIS,15.3494330072488,0.16968182692094158,17,8,0.8267664024424558
2025-11-26,ILI incidence,2025-11-30,2,BE,ItaLuxColab,EpiNetEKF,WIS,10.5449789485481,0.71131097677173,17,4,0.8915095562697942
2025-11-26,ILI incidence,2025-11-30,2,BE,MRC_GIDA,NBEATS,WIS,19.817038837915,-0.1988742120612581,17,12,0.7665624983150098
2025-11-26,ILI incidence,2025-11-30,2,BE,MRC_GIDA,NHiTS,WIS,5.57077424162147,1.631917435421824,17,2,0.9585402108612369
2025-11-26,ILI incidence,2025-11-30,2,BE,MRC_GIDA,Prophet,WIS,61.2429032580961,-1.8266754845344353,17,16,0.20832194073715868
2025-11-26,ILI incidence,2025-11-30,2,BE,MRC_GIDA,TiDE,WIS,20.0673113919946,-0.21698014632795962,17,13,0.7631899123209378
2025-11-26,ILI incidence,2025-11-30,2,BE,QMUL,ARIMA,WIS,19.7477557939013,-0.19382151775992582,17,11,0.7674961325472035
2025-11-26,ILI incidence,2025-11-30,2,BE,QMUL,SEIR,WIS,76.7020388504129,-2.151397735360965,17,17,0.0
2025-11-26,ILI incidence,2025-11-30,2,BE,QMUL,SEIR_agumented,WIS,30.4097136609263,-0.8166650401744966,17,15,0.6238192922961637
2025-11-26,ILI incidence,2025-11-30,2,BE,RIVM,KFdlm,WIS,12.3626288126889,0.4818816385281464,17,6,0.8670155381523363
2025-11-26,ILI incidence,2025-11-30,2,BE,respicast,hubEnsemble,WIS,11.5283712109981,0.5826784959504506,17,5,0.8782577037715661
2025-11-26,ILI incidence,2025-11-30,2,BE,respicast,quantileBaseline,WIS,17.2652017391304,0.0,17,10,0.8009501685498251
2025-11-26,ILI incidence,2025-11-30,2,BE,safinea,PRFM,WIS,16.0140415220797,0.10852973976740765,17,9,0.817810368981644
2025-11-26,ILI incidence,2025-11-30,2,CZ,ECDC,SARIMA,WIS,3.56105629014126,-0.15403488073448557,12,11,0.7662562569707235
2025-11-26,ILI incidence,2025-11-30,2,CZ,ECDC,soca_simplex,WIS,2.58520290443552,0.30799284246473957,12,5,0.8447917644363585
2025-11-26,ILI incidence,2025-11-30,2,CZ,ISI,FluABCaster,WIS,2.71407898573566,0.23780765303720225,12,7,0.834419972327681
2025-11-26,ILI incidence,2025-11-30,2,CZ,ItaLuxColab,EpiEKF,WIS,2.65782141693279,0.26802618904524117,12,6,0.8389475138410212
2025-11-26,ILI incidence,2025-11-30,2,CZ,ItaLuxColab,EpiNetEKF,WIS,1.81049623978169,0.8218851795547958,12,4,0.9071392255783792
2025-11-26,ILI incidence,2025-11-30,2,CZ,QMUL,ARIMA,WIS,2.94289977655861,0.12103194936996811,12,9,0.8160047501342652
2025-11-26,ILI incidence,2025-11-30,2,CZ,QMUL,SEIR,WIS,13.0822752497346,-2.0312712088678304,12,12,0.0
2025-11-26,ILI incidence,2025-11-30,2,CZ,QMUL,SEIR_agumented,WIS,0.656642345627536,2.2850906653315195,12,1,1.0
2025-11-26,ILI incidence,2025-11-30,2,CZ,RIVM,KFdlm,WIS,2.73466974207421,0.22690374648844455,12,8,0.8327628530084917
2025-11-26,ILI incidence,2025-11-30,2,CZ,respicast,hubEnsemble,WIS,1.71525275873432,0.8998491732022044,12,3,0.9148043064464845
2025-11-26,ILI incidence,2025-11-30,2,CZ,respicast,quantileBaseline,WIS,3.2004402173913,0.0,12,10,0.7952782050302678
2025-11-26,ILI incidence,2025-11-30,2,CZ,safinea,PRFM,WIS,1.39626392531514,1.1966986908742612,12,2,0.9404761443223438
2025-11-26,ILI incidence,2025-11-30,2,EE,ECDC,SARIMA,WIS,12.7347344119337,-0.0068321185254804915,13,7,0.7108990029990405
2025-11-26,ILI incidence,2025-11-30,2,EE,ECDC,soca_simplex,WIS,11.7657041414441,0.10734908937230485,13,4,0.7456329553809589
2025-11-26,ILI incidence,2025-11-30,2,EE,ISI,FluABCaster,WIS,6.31393750215297,1.005324867939528,13,2,0.9410462552676535
2025-11-26,ILI incidence,2025-11-30,2,EE,ISI,FluBcast,WIS,17.6252362593799,-0.4757058429938374,13,9,0.5356036964787857
2025-11-26,ILI incidence,2025-11-30,2,EE,ItaLuxColab,EpiEKF,WIS,32.5678546279205,-1.361511933485289,13,13,0.0
2025-11-26,ILI incidence,2025-11-30,2,EE,ItaLuxColab,EpiNetEKF,WIS,26.4150609946283,-1.0594239877915494,13,12,0.22054093415117432
2025-11-26,ILI incidence,2025-11-30,2,EE,QMUL,ARIMA,WIS,4.66920779859928,1.4406870525326567,13,1,1.0
2025-11-26,ILI incidence,2025-11-30,2,EE,QMUL,SEIR,WIS,11.854763991465,0.09646981194932602,13,5,0.7424406912340362
2025-11-26,ILI incidence,2025-11-30,2,EE,QMUL,SEIR_agumented,WIS,13.0564019057808,-0.04282061913558115,13,8,0.699369142937547
2025-11-26,ILI incidence,2025-11-30,2,EE,RIVM,KFdlm,WIS,24.9067335271136,-0.9745990737407422,13,11,0.2746054727197424
2025-11-26,ILI incidence,2025-11-30,2,EE,respicast,hubEnsemble,WIS,11.080835650089,0.19387006852142835,13,3,0.7701814037535628
2025-11-26,ILI incidence,2025-11-30,2,EE,respicast,quantileBaseline,WIS,12.6745695652174,0.0,13,6,0.7130555537122123
2025-11-26,ILI incidence,2025-11-30,2,EE,safinea,PRFM,WIS,17.8443551951437,-0.4935310172093276,13,10,0.5277495902526189
2025-11-26,ILI incidence,2025-11-30,2,ES,ECDC,SARIMA,WIS,25.1876058324654,0.15714280339239536,13,11,0.13706478593121826
2025-11-26,ILI incidence,2025-11-30,2,ES,ECDC,soca_simplex,WIS,22.3926436466136,0.3268319379547495,13,9,0.24719758271282682
2025-11-26,ILI incidence,2025-11-30,2,ES,ISI,FluABCaster,WIS,17.5209984956573,0.6807718045874367,13,4,0.43916007441246496
2025-11-26,ILI incidence,2025-11-30,2,ES,ISI,FluBcast,WIS,21.0629408920358,0.41514991363667336,13,6,0.29959324086919326
2025-11-26,ILI incidence,2025-11-30,2,ES,ItaLuxColab,EpiEKF,WIS,15.2552714498035,0.8805489476905631,13,2,0.5284388695127152
2025-11-26,ILI incidence,2025-11-30,2,ES,ItaLuxColab,EpiNetEKF,WIS,21.4959524990279,0.38579176046263697,13,8,0.28253083495961034
2025-11-26,ILI incidence,2025-11-30,2,ES,QMUL,ARIMA,WIS,28.6660509903532,-0.029486374968045518,13,13,0.0
2025-11-26,ILI incidence,2025-11-30,2,ES,QMUL,SEIR,WIS,16.1532869890369,0.798029033979097,13,3,0.49305343088683373
2025-11-26,ILI incidence,2025-11-30,2,ES,QMUL,SEIR_agumented,WIS,22.6102941840178,0.3128770357037939,13,10,0.23862127261937224
2025-11-26,ILI incidence,2025-11-30,2,ES,RIVM,KFdlm,WIS,17.8750624942137,0.6519085131115233,13,5,0.42520852308268836
2025-11-26,ILI incidence,2025-11-30,2,ES,respicast,hubEnsemble,WIS,21.3362867914588,0.3965476768140114,13,7,0.28882230860233526
2025-11-26,ILI incidence,2025-11-30,2,ES,respicast,quantileBaseline,WIS,28.0861095652174,0.0,13,12,0.022852034078683654
2025-11-26,ILI incidence,2025-11-30,2,ES,safinea,PRFM,WIS,3.28794140330472,3.094600305827445,13,1,1.0
2025-11-26,ILI incidence,2025-11-30,2,FI,ECDC,soca_simplex,WIS,24.5030700382606,-0.9383703417107944,7,6,0.02908795990256131
2025-11-26,ILI incidence,2025-11-30,2,FI,ItaLuxColab,EpiEKF,WIS,10.1132526012298,0.33834510880642216,7,1,1.0
2025-11-26,ILI incidence,2025-11-30,2,FI,ItaLuxColab,EpiNetEKF,WIS,10.6093013990061,0.26926251612990987,7,2,0.9665305169892241
2025-11-26,ILI incidence,2025-11-30,2,FI,RIVM,KFdlm,WIS,11.9255649399988,0.10053456550826631,7,3,0.8777193749797115
2025-11-26,ILI incidence,2025-11-30,2,FI,respicast,hubEnsemble,WIS,11.9476551760364,0.0978646715497441,7,4,0.8762288990767785
2025-11-26,ILI incidence,2025-11-30,2,FI,respicast,quantileBaseline,WIS,12.7862408695652,0.0,7,5,0.8196477124103427
2025-11-26,ILI incidence,2025-11-30,2,FI,safinea,PRFM,WIS,24.9341805975359,-0.9635326160794855,7,7,0.0
2025-11-26,ILI incidence,2025-11-30,2,FR,ECDC,SARIMA,WIS,28.5813840438507,0.17464395196914073,11,6,0.7397017891764004
2025-11-26,ILI incidence,2025-11-30,2,FR,ECDC,soca_simplex,WIS,63.3667528683966,-0.9740063566280726,11,11,0.0
2025-11-26,ILI incidence,2025-11-30,2,FR,ISI,FluABCaster,WIS,51.3640264568956,-0.6710385685106668,11,10,0.2552348444647555
2025-11-26,ILI incidence,2025-11-30,2,FR,ItaLuxColab,EpiEKF,WIS,29.1974715536965,0.14387629228516638,11,7,0.726600849076533
2025-11-26,ILI incidence,2025-11-30,2,FR,ItaLuxColab,EpiNetEKF,WIS,31.9174801511006,0.015372975196568483,11,8,0.6687605761668705
2025-11-26,ILI incidence,2025-11-30,2,FR,QMUL,ARIMA,WIS,21.7384526886187,0.5694704770244001,11,2,0.885214938460724
2025-11-26,ILI incidence,2025-11-30,2,FR,QMUL,SEIR,WIS,16.3405467221648,0.9812634781183435,11,1,1.0
2025-11-26,ILI incidence,2025-11-30,2,FR,RIVM,KFdlm,WIS,28.1391512025159,0.19714092075273146,11,5,0.7491057551259316
2025-11-26,ILI incidence,2025-11-30,2,FR,respicast,hubEnsemble,WIS,27.1656517560546,0.24793607166987544,11,4,0.7698069667744777
2025-11-26,ILI incidence,2025-11-30,2,FR,respicast,quantileBaseline,WIS,32.259402826087,0.0,11,9,0.6614896797240836
2025-11-26,ILI incidence,2025-11-30,2,FR,safinea,PRFM,WIS,24.5471722720686,0.3941628902224315,11,3,0.8254882495861003
2025-11-26,ILI incidence,2025-11-30,2,GB-ENG,ECDC,SARIMA,WIS,4.28980741719548,-0.22110416764276083,10,7,0.5336122947970559
2025-11-26,ILI incidence,2025-11-30,2,GB-ENG,ECDC,soca_simplex,WIS,4.43858372279716,-0.27029069588278415,10,8,0.5067151397098174
2025-11-26,ILI incidence,2025-11-30,2,GB-ENG,ISI,FluABCaster,WIS,1.92635921947894,0.9339319584091887,10,2,0.9608982961367607
2025-11-26,ILI incidence,2025-11-30,2,GB-ENG,ISI,FluBcast,WIS,1.71007586071347,1.1057483885081665,10,1,1.0
2025-11-26,ILI incidence,2025-11-30,2,GB-ENG,ItaLuxColab,EpiEKF,WIS,2.96281469297544,0.31284031762517434,10,4,0.7735182997125343
2025-11-26,ILI incidence,2025-11-30,2,GB-ENG,QMUL,ARIMA,WIS,5.63409914782314,-0.6143762377478901,10,9,0.2905788156757947
2025-11-26,ILI incidence,2025-11-30,2,GB-ENG,RIVM,KFdlm,WIS,2.13660235733343,0.7844902811912448,10,3,0.9228885992160707
2025-11-26,ILI incidence,2025-11-30,2,GB-ENG,respicast,hubEnsemble,WIS,3.56826113982541,0.04458751306838735,10,5,0.6640600972650258
2025-11-26,ILI incidence,2025-11-30,2,GB-ENG,respicast,quantileBaseline,WIS,3.68026260770445,0.0,10,6,0.643811437108036
2025-11-26,ILI incidence,2025-11-30,2,GB-ENG,safinea,PRFM,WIS,7.24137852521974,-0.9764556516527397,10,10,0.0
2025-11-26,ILI incidence,2025-11-30,2,GB-SCT,ECDC,SARIMA,WIS,9.75645831054856,-0.30065045690537145,10,9,0.011825475834812455
2025-11-26,ILI incidence,2025-11-30,2,GB-SCT,ECDC,soca_simplex,WIS,4.10693142907697,0.9476462138350007,10,3,0.6838647016014701
2025-11-26,ILI incidence,2025-11-30,2,GB-SCT,ISI,FluABCaster,WIS,1.44932633995875,2.4503245952720336,10,1,1.0
2025-11-26,ILI incidence,2025-11-30,2,GB-SCT,ISI,FluBcast,WIS,4.60832246472543,0.7814654014843333,10,6,0.6242217526478819
2025-11-26,ILI incidence,2025-11-30,2,GB-SCT,ItaLuxColab,EpiEKF,WIS,4.45471692309762,0.8303733155728776,10,5,0.6424938932066915
2025-11-26,ILI incidence,2025-11-30,2,GB-SCT,QMUL,ARIMA,WIS,9.85586968573838,-0.3152761072959777,10,10,0.0
2025-11-26,ILI incidence,2025-11-30,2,GB-SCT,RIVM,KFdlm,WIS,5.66974346458268,0.4824236136525886,10,7,0.4979604635307421
2025-11-26,ILI incidence,2025-11-30,2,GB-SCT,respicast,hubEnsemble,WIS,4.38489165542811,0.8531658774328179,10,4,0.6507999549014265
2025-11-26,ILI incidence,2025-11-30,2,GB-SCT,respicast,quantileBaseline,WIS,7.9211344960078,0.0,10,8,0.2301463407908178
2025-11-26,ILI incidence,2025-11-30,2,GB-SCT,safinea,PRFM,WIS,2.31466896201783,1.7749011958395242,10,2,0.8970632058307876
2025-11-26,ILI incidence,2025-11-30,2,GR,ECDC,SARIMA,WIS,57.433716494687,-0.3024943714589054,17,6,0.8320772021863505
2025-11-26,ILI incidence,2025-11-30,2,GR,ECDC,soca_simplex,WIS,60.4727165038455,-0.37688083891334545,17,9,0.8149176527208389
2025-11-26,ILI incidence,2025-11-30,2,GR,ISI,FluABCaster,WIS,56.5416484793739,-0.2799103967012485,17,5,0.8371142160689548
2025-11-26,ILI incidence,2025-11-30,2,GR,ISI,FluBcast,WIS,99.8895794525926,-1.1009306339114484,17,16,0.5923524643345448
2025-11-26,ILI incidence,2025-11-30,2,GR,ItaLuxColab,EpiEKF,WIS,57.7982066439159,-0.3116211805960368,17,7,0.8300191282388228
2025-11-26,ILI incidence,2025-11-30,2,GR,ItaLuxColab,EpiNetEKF,WIS,44.4044048550781,0.06870075203752848,17,3,0.9056465068614569
2025-11-26,ILI incidence,2025-11-30,2,GR,MRC_GIDA,NBEATS,WIS,84.6381996845912,-0.8619053915675233,17,14,0.6784685567194169
2025-11-26,ILI incidence,2025-11-30,2,GR,MRC_GIDA,NHiTS,WIS,83.1310882436049,-0.8359845484936744,17,13,0.6869783800967467
2025-11-26,ILI incidence,2025-11-30,2,GR,MRC_GIDA,Prophet,WIS,204.796712833678,-2.1367171048450007,17,17,0.0
2025-11-26,ILI incidence,2025-11-30,2,GR,MRC_GIDA,TiDE,WIS,74.116039386377,-0.6703822396244125,17,12,0.737881366715177
2025-11-26,ILI incidence,2025-11-30,2,GR,QMUL,ARIMA,WIS,65.176997111021,-0.4849593355091079,17,10,0.7883551862729279
2025-11-26,ILI incidence,2025-11-30,2,GR,QMUL,SEIR,WIS,43.6011333359665,0.09503791319999091,17,2,0.9101821361226916
2025-11-26,ILI incidence,2025-11-30,2,GR,QMUL,SEIR_agumented,WIS,93.5169040971298,-1.0058236207942202,17,15,0.6283354316462131
2025-11-26,ILI incidence,2025-11-30,2,GR,RIVM,KFdlm,WIS,66.7997282408938,-0.5204386843939875,17,11,0.7791925225650104
2025-11-26,ILI incidence,2025-11-30,2,GR,respicast,hubEnsemble,WIS,58.8284995379535,-0.33711169072475183,17,8,0.8242016350417438
2025-11-26,ILI incidence,2025-11-30,2,GR,respicast,quantileBaseline,WIS,46.5700860869565,0.0,17,4,0.8934181047183329
2025-11-26,ILI incidence,2025-11-30,2,GR,safinea,PRFM,WIS,27.6941603880843,0.7498217484901105,17,1,1.0
2025-11-26,ILI incidence,2025-11-30,2,HR,ECDC,SARIMA,WIS,7.53739740585977,0.5908081292765746,13,9,0.6327259893730214
2025-11-26,ILI incidence,2025-11-30,2,HR,ECDC,soca_simplex,WIS,2.74816908631252,2.046403817964443,13,3,0.956141511064062
2025-11-26,ILI incidence,2025-11-30,2,HR,ISI,FluABCaster,WIS,2.09870020440399,2.4353784944740062,13,1,1.0
2025-11-26,ILI incidence,2025-11-30,2,HR,ISI,FluBcast,WIS,4.27779484204739,1.4080072951746445,13,4,0.8528462244802284
2025-11-26,ILI incidence,2025-11-30,2,HR,ItaLuxColab,EpiEKF,WIS,6.38767777497195,0.8295830512540491,13,7,0.7103662999642624
2025-11-26,ILI incidence,2025-11-30,2,HR,ItaLuxColab,EpiNetEKF,WIS,7.12149816141511,0.6726938141224549,13,8,0.6608115727151194
2025-11-26,ILI incidence,2025-11-30,2,HR,QMUL,ARIMA,WIS,8.38868640592048,0.4364296743276083,13,10,0.5752386328106378
2025-11-26,ILI incidence,2025-11-30,2,HR,QMUL,SEIR,WIS,2.68246464202653,2.0813154346735807,13,2,0.9605785175520262
2025-11-26,ILI incidence,2025-11-30,2,HR,QMUL,SEIR_agumented,WIS,16.906982424459,-0.5746726945242733,13,13,0.0
2025-11-26,ILI incidence,2025-11-30,2,HR,RIVM,KFdlm,WIS,5.29774660537256,1.0994957490723956,13,6,0.7839691090816686
2025-11-26,ILI incidence,2025-11-30,2,HR,respicast,hubEnsemble,WIS,4.99500890837464,1.1843873383964956,13,5,0.8044129183297067
2025-11-26,ILI incidence,2025-11-30,2,HR,respicast,quantileBaseline,WIS,11.352,0.0,13,12,0.37512672583561574
2025-11-26,ILI incidence,2025-11-30,2,HR,safinea,PRFM,WIS,10.9221938247833,0.05568383035478214,13,11,0.4041514411151915
2025-11-26,ILI incidence,2025-11-30,2,HU,ECDC,SARIMA,WIS,25.7226333785973,0.600883634030959,13,4,0.8674768968245048
2025-11-26,ILI incidence,2025-11-30,2,HU,ECDC,soca_simplex,WIS,82.782353306322,-1.0854012800468351,13,12,0.45720873870465384
2025-11-26,ILI incidence,2025-11-30,2,HU,ISI,FluABCaster,WIS,50.7984007242352,-0.3808610961276969,13,11,0.6871782746902233
2025-11-26,ILI incidence,2025-11-30,2,HU,ISI,FluBcast,WIS,17.4479992630076,1.1608603673560558,13,2,0.9269727881821691
2025-11-26,ILI incidence,2025-11-30,2,HU,ItaLuxColab,EpiEKF,WIS,35.6108200363727,0.13160632343250211,13,8,0.7963793146357138
2025-11-26,ILI incidence,2025-11-30,2,HU,ItaLuxColab,EpiNetEKF,WIS,32.3290514331628,0.27109080354524806,13,7,0.8199757354018851
2025-11-26,ILI incidence,2025-11-30,2,HU,QMUL,ARIMA,WIS,30.9309136802948,0.3348725311220332,13,6,0.8300285607819177
2025-11-26,ILI incidence,2025-11-30,2,HU,QMUL,SEIR,WIS,17.847287642771,1.1282171454425325,13,3,0.9241018433487265
2025-11-26,ILI incidence,2025-11-30,2,HU,QMUL,SEIR_agumented,WIS,7.29144148254541,2.4196460198493517,13,1,1.0
2025-11-26,ILI incidence,2025-11-30,2,HU,RIVM,KFdlm,WIS,48.5671948388766,-0.31606017957148985,13,10,0.7032209880111392
2025-11-26,ILI incidence,2025-11-30,2,HU,respicast,hubEnsemble,WIS,28.9519464463321,0.43026163729871186,13,5,0.8442576394224337
2025-11-26,ILI incidence,2025-11-30,2,HU,respicast,quantileBaseline,WIS,39.0121086956522,0.0,13,9,0.7719235262924817
2025-11-26,ILI incidence,2025-11-30,2,HU,safinea,PRFM,WIS,146.370526218768,-1.9076311891391167,13,13,0.0
2025-11-26,ILI incidence,2025-11-30,2,IE,ECDC,SARIMA,WIS,25.8251472984296,0.16501132023701248,15,9,0.5773630165345365
2025-11-26,ILI incidence,2025-11-30,2,IE,ECDC,soca_simplex,WIS,27.2219879186711,0.08901547278128168,15,10,0.5264914963508388
2025-11-26,ILI incidence,2025-11-30,2,IE,ISI,FluABCaster,WIS,14.2202944458097,1.0258365602746706,15,1,1.0
2025-11-26,ILI incidence,2025-11-30,2,IE,ISI,FluBcast,WIS,22.2988273793992,0.3768200523815892,15,3,0.7057880153036269
2025-11-26,ILI incidence,2025-11-30,2,IE,ItaLuxColab,EpiEKF,WIS,17.7912066734886,0.7026235345347893,15,2,0.8699509945285145
2025-11-26,ILI incidence,2025-11-30,2,IE,ItaLuxColab,EpiNetEKF,WIS,24.8814455112203,0.2187175953820874,15,6,0.6117316795156499
2025-11-26,ILI incidence,2025-11-30,2,IE,MRC_GIDA,NBEATS,WIS,41.6784992566251,-0.5255154325187262,15,15,0.0
2025-11-26,ILI incidence,2025-11-30,2,IE,MRC_GIDA,NHiTS,WIS,38.7612698166647,-0.42082793609772495,15,14,0.10624254061982033
2025-11-26,ILI incidence,2025-11-30,2,IE,MRC_GIDA,Prophet,WIS,24.649779177228,0.23221317561396174,15,5,0.6201687326874962
2025-11-26,ILI incidence,2025-11-30,2,IE,MRC_GIDA,TiDE,WIS,38.0934399958056,-0.39575467711207085,15,13,0.13056422608543564
2025-11-26,ILI incidence,2025-11-30,2,IE,QMUL,SEIR,WIS,23.5565389817604,0.29766030964755325,15,4,0.6599834329929215
2025-11-26,ILI incidence,2025-11-30,2,IE,RIVM,KFdlm,WIS,25.3933321954954,0.18933817548959964,15,7,0.5930892850910342
2025-11-26,ILI incidence,2025-11-30,2,IE,respicast,hubEnsemble,WIS,25.7649332987567,0.1683790404328943,15,8,0.579555949396964
2025-11-26,ILI incidence,2025-11-30,2,IE,respicast,quantileBaseline,WIS,28.9545063043478,0.0,15,11,0.46339493204105975
2025-11-26,ILI incidence,2025-11-30,2,IE,safinea,PRFM,WIS,35.0009577137429,-0.27360650031764044,15,12,0.2431892976576536
2025-11-26,ILI incidence,2025-11-30,2,IS,ECDC,SARIMA,WIS,13.9230535476418,0.1087282867783504,15,9,0.5502588595463185
2025-11-26,ILI incidence,2025-11-30,2,IS,ECDC,soca_simplex,WIS,11.8112266947248,0.346045130223831,15,6,0.6508610786846774
2025-11-26,ILI incidence,2025-11-30,2,IS,ISI,FluABCaster,WIS,5.58850144233795,1.4256705575857676,15,2,0.9472963515924536
2025-11-26,ILI incidence,2025-11-30,2,IS,ISI,FluBcast,WIS,10.3837576981882,0.5318753146976202,15,5,0.7188621785875547
2025-11-26,ILI incidence,2025-11-30,2,IS,ItaLuxColab,EpiEKF,WIS,6.93097546489863,1.1150736221499848,15,3,0.8833442024763197
2025-11-26,ILI incidence,2025-11-30,2,IS,ItaLuxColab,EpiNetEKF,WIS,12.1089270039717,0.3101329080640948,15,7,0.6366793706970902
2025-11-26,ILI incidence,2025-11-30,2,IS,MRC_GIDA,NBEATS,WIS,25.4740058586164,-0.7628219065867194,15,15,0.0
2025-11-26,ILI incidence,2025-11-30,2,IS,MRC_GIDA,NHiTS,WIS,24.906982567803,-0.7303463137917408,15,14,0.027011590121685632
2025-11-26,ILI incidence,2025-11-30,2,IS,MRC_GIDA,Prophet,WIS,20.0554502364006,-0.41779041571896686,15,12,0.2581266164726455
2025-11-26,ILI incidence,2025-11-30,2,IS,MRC_GIDA,TiDE,WIS,23.9205980532738,-0.6720495209819419,15,13,0.07400051392871246
2025-11-26,ILI incidence,2025-11-30,2,IS,QMUL,ARIMA,WIS,18.2472267824801,-0.28147328085228346,15,11,0.34426591899697967
2025-11-26,ILI incidence,2025-11-30,2,IS,RIVM,KFdlm,WIS,4.48215427716578,1.7439397258577767,15,1,1.0
2025-11-26,ILI incidence,2025-11-30,2,IS,respicast,hubEnsemble,WIS,13.1719971619076,0.18872983249534825,15,8,0.5860373321036354
2025-11-26,ILI incidence,2025-11-30,2,IS,respicast,quantileBaseline,WIS,15.0129130434783,0.0,15,10,0.4983406430132162
2025-11-26,ILI incidence,2025-11-30,2,IS,safinea,PRFM,WIS,8.46380958605189,0.8268248626906716,15,4,0.8103237680851134
2025-11-26,ILI incidence,2025-11-30,2,LT,ECDC,soca_simplex,WIS,44.6720055009061,-0.5895816243288495,9,9,0.0
2025-11-26,ILI incidence,2025-11-30,2,LT,ISI,FluABCaster,WIS,32.4792854748755,-0.12973049444750367,9,8,0.5591968286205651
2025-11-26,ILI incidence,2025-11-30,2,LT,ISI,FluBcast,WIS,23.163580530254,0.3579311236013535,9,2,0.98644461666751
2025-11-26,ILI incidence,2025-11-30,2,LT,ItaLuxColab,EpiEKF,WIS,22.8680191369137,0.37645799729239454,9,1,1.0
2025-11-26,ILI incidence,2025-11-30,2,LT,ItaLuxColab,EpiNetEKF,WIS,24.8821267749395,0.25467959632785564,9,3,0.9076266328366475
2025-11-26,ILI incidence,2025-11-30,2,LT,RIVM,KFdlm,WIS,25.0924454909881,0.24253631840488915,9,4,0.8979807491648467
2025-11-26,ILI incidence,2025-11-30,2,LT,respicast,hubEnsemble,WIS,25.1297261556596,0.24039445005638194,9,5,0.8962709395892424
2025-11-26,ILI incidence,2025-11-30,2,LT,respicast,quantileBaseline,WIS,29.6861376086956,0.0,9,7,0.6872994525881059
2025-11-26,ILI incidence,2025-11-30,2,LT,safinea,PRFM,WIS,27.7521903198806,0.09718776045247451,9,6,0.7759964117830888
2025-11-26,ILI incidence,2025-11-30,2,LU,ECDC,SARIMA,WIS,612.227232489588,0.25966040281059566,16,9,0.9861753296296439
2025-11-26,ILI incidence,2025-11-30,2,LU,ECDC,soca_simplex,WIS,625.254299836099,0.2292845478774721,16,10,0.98571167130686
2025-11-26,ILI incidence,2025-11-30,2,LU,ISI,FluABCaster,WIS,316.998921010548,1.2092496918647064,16,2,0.9966830717098608
2025-11-26,ILI incidence,2025-11-30,2,LU,ItaLuxColab,EpiEKF,WIS,721.169851409985,0.02338853564867595,16,12,0.982297852786641
2025-11-26,ILI incidence,2025-11-30,2,LU,ItaLuxColab,EpiNetEKF,WIS,700.38317323128,0.06558319833485601,16,11,0.9830376905478369
2025-11-26,ILI incidence,2025-11-30,2,LU,MRC_GIDA,NBEATS,WIS,791.571028403775,-0.11099118889257432,16,14,0.9797921398138966
2025-11-26,ILI incidence,2025-11-30,2,LU,MRC_GIDA,NHiTS,WIS,329.256071965251,1.1545175755033272,16,4,0.9962468161887523
2025-11-26,ILI incidence,2025-11-30,2,LU,MRC_GIDA,Prophet,WIS,848.60937366965,-0.21137299296335282,16,15,0.9777620356625245
2025-11-26,ILI incidence,2025-11-30,2,LU,MRC_GIDA,TiDE,WIS,430.119567178894,0.7689898571840904,16,6,0.9926568908604376
2025-11-26,ILI incidence,2025-11-30,2,LU,QMUL,ARIMA,WIS,359.182627550478,1.0290100481603912,16,5,0.9951816726533527
2025-11-26,ILI incidence,2025-11-30,2,LU,QMUL,SEIR,WIS,463.537517548811,0.6610415099973864,16,7,0.991467481885474
2025-11-26,ILI incidence,2025-11-30,2,LU,QMUL,SEIR_agumented,WIS,223.805623067072,1.7114813374792224,16,1,1.0
2025-11-26,ILI incidence,2025-11-30,2,LU,RIVM,KFdlm,WIS,28320.0711409344,-5.271953457652186,16,16,0.0
2025-11-26,ILI incidence,2025-11-30,2,LU,respicast,hubEnsemble,WIS,321.64331104893,1.1882659351887963,16,3,0.9965177689568873
2025-11-26,ILI incidence,2025-11-30,2,LU,respicast,quantileBaseline,WIS,732.95652173913,0.0,16,13,0.9818783425737393
2025-11-26,ILI incidence,2025-11-30,2,LU,safinea,PRFM,WIS,499.017817432677,0.5546362937316381,16,8,0.9902046699341382
2025-11-26,ILI incidence,2025-11-30,2,LV,ECDC,soca_simplex,WIS,58.5888931656298,-0.3049600784583182,9,7,0.5025195115385542
2025-11-26,ILI incidence,2025-11-30,2,LV,ISI,FluABCaster,WIS,74.9750299060693,-0.6607430755417881,9,9,0.0
2025-11-26,ILI incidence,2025-11-30,2,LV,ISI,FluBcast,WIS,42.6183561225775,0.15419217052854986,9,2,0.9922936786292514
2025-11-26,ILI incidence,2025-11-30,2,LV,ItaLuxColab,EpiEKF,WIS,42.3670686942342,0.16272380248810175,9,1,1.0
2025-11-26,ILI incidence,2025-11-30,2,LV,ItaLuxColab,EpiNetEKF,WIS,42.7663109813153,0.14919235119666813,9,3,0.9877562940998532
2025-11-26,ILI incidence,2025-11-30,2,LV,RIVM,KFdlm,WIS,43.3665410640118,0.12908473926951006,9,4,0.9693488236420362
2025-11-26,ILI incidence,2025-11-30,2,LV,respicast,hubEnsemble,WIS,45.3365240964507,0.06499333160563779,9,5,0.9089346499486531
2025-11-26,ILI incidence,2025-11-30,2,LV,respicast,quantileBaseline,WIS,47.4256358695652,0.0,9,6,0.8448671125904373
2025-11-26,ILI incidence,2025-11-30,2,LV,safinea,PRFM,WIS,60.4632870828539,-0.3503922961090281,9,8,0.44503680340334617
2025-11-26,ILI incidence,2025-11-30,2,MT,ECDC,SARIMA,WIS,358.475995468151,1.098167638633659,10,1,1.0
2025-11-26,ILI incidence,2025-11-30,2,MT,ECDC,soca_simplex,WIS,1844.76682073763,-1.2653224114736403,10,9,0.31736437621929925
2025-11-26,ILI incidence,2025-11-30,2,MT,ISI,FluABCaster,WIS,1280.9646078187,-0.7391145564398524,10,6,0.5763119985563155
2025-11-26,ILI incidence,2025-11-30,2,MT,ItaLuxColab,EpiEKF,WIS,1397.71370439215,-0.8649528226703892,10,7,0.5226905329519641
2025-11-26,ILI incidence,2025-11-30,2,MT,ItaLuxColab,EpiNetEKF,WIS,1448.94236083838,-0.9168841462869561,10,8,0.4991618229215575
2025-11-26,ILI incidence,2025-11-30,2,MT,QMUL,ARIMA,WIS,1152.00571031749,-0.5860318089111999,10,5,0.6355412798928594
2025-11-26,ILI incidence,2025-11-30,2,MT,RIVM,KFdlm,WIS,801.390600431653,-0.062461434398906654,10,3,0.7965746121146755
2025-11-26,ILI incidence,2025-11-30,2,MT,respicast,hubEnsemble,WIS,1066.65574441867,-0.4749785725777528,10,4,0.6747414998097379
2025-11-26,ILI incidence,2025-11-30,2,MT,respicast,quantileBaseline,WIS,767.434782608696,0.0,10,2,0.8121701136722898
2025-11-26,ILI incidence,2025-11-30,2,MT,safinea,PRFM,WIS,2535.75882907977,-1.7243014810721335,10,10,0.0
2025-11-26,ILI incidence,2025-11-30,2,NL,ECDC,SARIMA,WIS,2.58370120384962,-0.06624883618337024,17,6,0.8701482422404988
2025-11-26,ILI incidence,2025-11-30,2,NL,ECDC,soca_simplex,WIS,8.31707910570093,-1.7528865531167535,17,15,0.25959198861496413
2025-11-26,ILI incidence,2025-11-30,2,NL,ISI,FluABCaster,WIS,9.96316602184526,-2.0134138634220555,17,16,0.08429765465198455
2025-11-26,ILI incidence,2025-11-30,2,NL,ISI,FluBcast,WIS,7.05833876322977,-1.5161382727925092,17,14,0.3936371886598373
2025-11-26,ILI incidence,2025-11-30,2,NL,ItaLuxColab,EpiEKF,WIS,3.87794130467238,-0.6521005666414502,17,11,0.7323226181882065
2025-11-26,ILI incidence,2025-11-30,2,NL,ItaLuxColab,EpiNetEKF,WIS,2.20351370054051,0.16338453405309156,17,2,0.9106349957162643
2025-11-26,ILI incidence,2025-11-30,2,NL,MRC_GIDA,NBEATS,WIS,5.88527056758831,-1.2539183420191524,17,13,0.5185590296825346
2025-11-26,ILI incidence,2025-11-30,2,NL,MRC_GIDA,NHiTS,WIS,3.82468400326649,-0.6321501559790418,17,10,0.7379940703375731
2025-11-26,ILI incidence,2025-11-30,2,NL,MRC_GIDA,Prophet,WIS,5.66616424102881,-1.1991820199061258,17,12,0.5418920002593782
2025-11-26,ILI incidence,2025-11-30,2,NL,MRC_GIDA,TiDE,WIS,2.36286210805896,0.0626549618295234,17,3,0.8936657380846952
2025-11-26,ILI incidence,2025-11-30,2,NL,QMUL,ARIMA,WIS,1.36433903364166,0.8549882070219177,17,1,1.0
2025-11-26,ILI incidence,2025-11-30,2,NL,QMUL,SEIR,WIS,10.7547561619669,-2.1237125096254736,17,17,0.0
2025-11-26,ILI incidence,2025-11-30,2,NL,QMUL,SEIR_agumented,WIS,3.32038019681001,-0.42815804460202256,17,8,0.7916981603225962
2025-11-26,ILI incidence,2025-11-30,2,NL,RIVM,KFdlm,WIS,3.80842147161163,-0.6260027473399218,17,9,0.739725892410291
2025-11-26,ILI incidence,2025-11-30,2,NL,respicast,hubEnsemble,WIS,2.49879744717544,-0.018043560349102112,17,5,0.8791897742101572
2025-11-26,ILI incidence,2025-11-30,2,NL,respicast,quantileBaseline,WIS,2.46774,0.0,17,4,0.8824971296503917
2025-11-26,ILI incidence,2025-11-30,2,NL,safinea,PRFM,WIS,2.94831846092311,-0.2567019639450352,17,7,0.8313195882956533
2025-11-26,ILI incidence,2025-11-30,2,NO,ECDC,SARIMA,WIS,18.7636896597487,0.1623442233169864,15,8,0.6728425380981438
2025-11-26,ILI incidence,2025-11-30,2,NO,ECDC,soca_simplex,WIS,29.1284259985057,-0.47213997708618977,15,11,0.36557570824915864
2025-11-26,ILI incidence,2025-11-30,2,NO,ISI,FluABCaster,WIS,7.72800176744926,1.4421204389031037,15,1,1.0
2025-11-26,ILI incidence,2025-11-30,2,NO,ISI,FluBcast,WIS,12.1649596349617,0.7875562349238726,15,2,0.8684645770460997
2025-11-26,ILI incidence,2025-11-30,2,NO,ItaLuxColab,EpiEKF,WIS,13.1196946835535,0.6785536216369621,15,3,0.8401610677103571
2025-11-26,ILI incidence,2025-11-30,2,NO,ItaLuxColab,EpiNetEKF,WIS,14.363018949309,0.5479287484098027,15,5,0.803302213502511
2025-11-26,ILI incidence,2025-11-30,2,NO,MRC_GIDA,NBEATS,WIS,41.4600396312533,-0.9814337273621705,15,15,0.0
2025-11-26,ILI incidence,2025-11-30,2,NO,MRC_GIDA,NHiTS,WIS,40.1209307027956,-0.934067305022652,15,14,0.039698429542397363
2025-11-26,ILI incidence,2025-11-30,2,NO,MRC_GIDA,Prophet,WIS,15.6421151613324,0.4248521579005248,15,6,0.7653828853792634
2025-11-26,ILI incidence,2025-11-30,2,NO,MRC_GIDA,TiDE,WIS,32.4130475391258,-0.626286903942824,15,13,0.2682017650002499
2025-11-26,ILI incidence,2025-11-30,2,NO,QMUL,ARIMA,WIS,22.7190328224036,-0.11361365067635071,15,10,0.5555847792095485
2025-11-26,ILI incidence,2025-11-30,2,NO,RIVM,KFdlm,WIS,14.1707487420376,0.5673717799738413,15,4,0.8090021420999975
2025-11-26,ILI incidence,2025-11-30,2,NO,respicast,hubEnsemble,WIS,18.593843456293,0.1754627535505934,15,7,0.6778776979702353
2025-11-26,ILI incidence,2025-11-30,2,NO,respicast,quantileBaseline,WIS,20.9985217391304,0.0,15,9,0.6065900309592326
2025-11-26,ILI incidence,2025-11-30,2,NO,safinea,PRFM,WIS,31.8617779776381,-0.601539007443211,15,12,0.28454437565761653
2025-11-26,ILI incidence,2025-11-30,2,PL,ECDC,SARIMA,WIS,30.4543970416624,0.06613913552276862,17,8,0.8528666461452694
2025-11-26,ILI incidence,2025-11-30,2,PL,ECDC,soca_simplex,WIS,53.9679740028335,-0.7593138518016914,17,16,0.6907365158881648
2025-11-26,ILI incidence,2025-11-30,2,PL,ISI,FluABCaster,WIS,50.968306273597,-0.6768107351803493,17,15,0.7114197373509076
2025-11-26,ILI incidence,2025-11-30,2,PL,ISI,FluBcast,WIS,9.11578814810159,1.8063503749824392,17,1,1.0
2025-11-26,ILI incidence,2025-11-30,2,PL,ItaLuxColab,EpiEKF,WIS,44.7060666665808,-0.4876809434317111,17,14,0.754598949295706
2025-11-26,ILI incidence,2025-11-30,2,PL,ItaLuxColab,EpiNetEKF,WIS,40.3331675978437,-0.3391770367119476,17,12,0.7847508354500874
2025-11-26,ILI incidence,2025-11-30,2,PL,MRC_GIDA,NBEATS,WIS,12.953333863068,1.2994662174977258,17,2,0.9735394666807806
2025-11-26,ILI incidence,2025-11-30,2,PL,MRC_GIDA,NHiTS,WIS,28.8340722361032,0.14501507365293978,17,6,0.864039062499359
2025-11-26,ILI incidence,2025-11-30,2,PL,MRC_GIDA,Prophet,WIS,154.144827006477,-2.273424892599765,17,17,0.0
2025-11-26,ILI incidence,2025-11-30,2,PL,MRC_GIDA,TiDE,WIS,19.0327855320503,0.7443029548573505,17,5,0.9316206087966086
2025-11-26,ILI incidence,2025-11-30,2,PL,QMUL,ARIMA,WIS,15.7959256964028,1.0132371901704154,17,3,0.9539393103554623
2025-11-26,ILI incidence,2025-11-30,2,PL,QMUL,SEIR,WIS,43.611975036355,-0.4519346498957633,17,13,0.7621428980030693
2025-11-26,ILI incidence,2025-11-30,2,PL,QMUL,SEIR_agumented,WIS,30.9535652915037,0.04268408528495768,17,9,0.8494247957836412
2025-11-26,ILI incidence,2025-11-30,2,PL,RIVM,KFdlm,WIS,29.3707856762521,0.11840781804848867,17,7,0.8603383316362592
2025-11-26,ILI incidence,2025-11-30,2,PL,respicast,hubEnsemble,WIS,17.7148485996226,0.8478305412185111,17,4,0.9407080091048647
2025-11-26,ILI incidence,2025-11-30,2,PL,respicast,quantileBaseline,WIS,31.8830506521739,0.0,17,10,0.8430158354265512
2025-11-26,ILI incidence,2025-11-30,2,PL,safinea,PRFM,WIS,39.1396281909455,-0.2958403743690401,17,11,0.7929804935674781
2025-11-26,ILI incidence,2025-11-30,2,RO,ECDC,SARIMA,WIS,3.09550447931247,0.2746236697302099,12,4,0.9205514563297161
2025-11-26,ILI incidence,2025-11-30,2,RO,ECDC,soca_simplex,WIS,6.3852925115218,-0.7699544949417544,12,12,0.0
2025-11-26,ILI incidence,2025-11-30,2,RO,ISI,FluABCaster,WIS,4.6940427190062,-0.3260327547872949,12,9,0.4732470433579901
2025-11-26,ILI incidence,2025-11-30,2,RO,ItaLuxColab,EpiEKF,WIS,2.93644549049556,0.3507273594424962,12,2,0.9650594861371581
2025-11-26,ILI incidence,2025-11-30,2,RO,ItaLuxColab,EpiNetEKF,WIS,4.0003622707474,-0.09533243898890618,12,8,0.6673533324623505
2025-11-26,ILI incidence,2025-11-30,2,RO,QMUL,ARIMA,WIS,2.81157807156439,0.41341810862860995,12,1,1.0
2025-11-26,ILI incidence,2025-11-30,2,RO,QMUL,SEIR,WIS,5.45306426725713,-0.5422689418370109,12,11,0.26085694868104237
2025-11-26,ILI incidence,2025-11-30,2,RO,QMUL,SEIR_agumented,WIS,4.92895267777573,-0.3964829133036378,12,10,0.407514326680065
2025-11-26,ILI incidence,2025-11-30,2,RO,RIVM,KFdlm,WIS,3.8316438336931,-0.03316524650258686,12,7,0.7145642777935926
2025-11-26,ILI incidence,2025-11-30,2,RO,respicast,hubEnsemble,WIS,3.82785363077894,-0.0317374485511158,12,6,0.715624855793833
2025-11-26,ILI incidence,2025-11-30,2,RO,respicast,quantileBaseline,WIS,3.7445652173913,0.0,12,5,0.7389306947988745
2025-11-26,ILI incidence,2025-11-30,2,RO,safinea,PRFM,WIS,3.06451010425198,0.28914175501693473,12,3,0.9292243303327268
2025-11-26,ILI incidence,2025-11-30,2,SI,ECDC,SARIMA,WIS,93.038541332652,-0.06282840612257462,16,7,0.5238535501875753
2025-11-26,ILI incidence,2025-11-30,2,SI,ISI,FluABCaster,WIS,107.8522815166,-0.27598471845370925,16,13,0.2379517257299202
2025-11-26,ILI incidence,2025-11-30,2,SI,ISI,FluBcast,WIS,98.7259845662339,-0.14842977819374134,16,10,0.41408718620460355
2025-11-26,ILI incidence,2025-11-30,2,SI,ItaLuxColab,EpiEKF,WIS,78.452046030224,0.18318899896538704,16,2,0.8053695999915322
2025-11-26,ILI incidence,2025-11-30,2,SI,ItaLuxColab,EpiNetEKF,WIS,88.129677866612,0.015372140395987435,16,5,0.6185935013091112
2025-11-26,ILI incidence,2025-11-30,2,SI,MRC_GIDA,NBEATS,WIS,120.181531418981,-0.4321432334483398,16,16,0.0
2025-11-26,ILI incidence,2025-11-30,2,SI,MRC_GIDA,NHiTS,WIS,117.713711069937,-0.402210395282866,16,14,0.04762837281228508
2025-11-26,ILI incidence,2025-11-30,2,SI,MRC_GIDA,Prophet,WIS,82.2341612762241,0.11526223705679385,16,3,0.7323756338686322
2025-11-26,ILI incidence,2025-11-30,2,SI,MRC_GIDA,TiDE,WIS,103.731212412418,-0.21977808484445507,16,11,0.31748742441042055
2025-11-26,ILI incidence,2025-11-30,2,SI,QMUL,ARIMA,WIS,95.5007966978013,-0.10051269646421225,16,8,0.47633258030181735
2025-11-26,ILI incidence,2025-11-30,2,SI,QMUL,SEIR,WIS,119.305152159169,-0.42158436949013445,16,15,0.016913920872501986
2025-11-26,ILI incidence,2025-11-30,2,SI,QMUL,SEIR_agumented,WIS,105.569938165037,-0.24512709763432725,16,12,0.2820004345737361
2025-11-26,ILI incidence,2025-11-30,2,SI,RIVM,KFdlm,WIS,82.4645357497733,0.11122625701205692,16,4,0.727929458798844
2025-11-26,ILI incidence,2025-11-30,2,SI,respicast,hubEnsemble,WIS,98.4534093157397,-0.14444109352538098,16,9,0.4193478266944872
2025-11-26,ILI incidence,2025-11-30,2,SI,respicast,quantileBaseline,WIS,89.0737339130434,0.0,16,6,0.6003734338100547
2025-11-26,ILI incidence,2025-11-30,2,SI,safinea,PRFM,WIS,68.3674507916569,0.38169043940911856,16,1,1.0
2025-11-26,ILI incidence,2025-12-07,3,AT,ECDC,SARIMA,WIS,351.403747837941,0.21858688125794457,12,3,0.9342239734241601
2025-11-26,ILI incidence,2025-12-07,3,AT,ECDC,soca_simplex,WIS,590.390023002821,-0.5299518820010221,12,11,0.6700745319410502
2025-11-26,ILI incidence,2025-12-07,3,AT,ISI,FluABCaster,WIS,355.437774866948,0.20211944466703405,12,4,0.9297651986016109
2025-11-26,ILI incidence,2025-12-07,3,AT,ISI,FluBcast,WIS,291.893617896927,0.4862737921054297,12,1,1.0
2025-11-26,ILI incidence,2025-12-07,3,AT,ItaLuxColab,EpiEKF,WIS,483.578174191764,-0.24203267197641773,12,8,0.7881327350230206
2025-11-26,ILI incidence,2025-12-07,3,AT,ItaLuxColab,EpiNetEKF,WIS,518.327554890546,-0.3421476315842379,12,9,0.749724548205035
2025-11-26,ILI incidence,2025-12-07,3,AT,QMUL,ARIMA,WIS,461.758267818364,-0.1754213334988442,12,7,0.8122500868574342
2025-11-26,ILI incidence,2025-12-07,3,AT,QMUL,SEIR,WIS,1196.63251805531,-1.5491918087316978,12,12,0.0
2025-11-26,ILI incidence,2025-12-07,3,AT,RIVM,KFdlm,WIS,349.104041608868,0.22805940031161206,12,2,0.9367658186224492
2025-11-26,ILI incidence,2025-12-07,3,AT,respicast,hubEnsemble,WIS,403.682850117007,0.018494162204455804,12,5,0.8764403385324647
2025-11-26,ILI incidence,2025-12-07,3,AT,respicast,quantileBaseline,WIS,408.891042826087,0.0,12,6,0.8706837686445466
2025-11-26,ILI incidence,2025-12-07,3,AT,safinea,PRFM,WIS,535.985641834554,-0.39047789428673246,12,10,0.7302072190165622
2025-11-26,ILI incidence,2025-12-07,3,BE,ECDC,SARIMA,WIS,40.941465968709,0.48931968106285934,17,6,0.7592861605154273
2025-11-26,ILI incidence,2025-12-07,3,BE,ECDC,soca_simplex,WIS,70.6043339054221,-0.2968743010135603,17,13,0.4529014729627418
2025-11-26,ILI incidence,2025-12-07,3,BE,ISI,FluABCaster,WIS,98.8974685193095,-0.7830511506177689,17,16,0.16066461889129036
2025-11-26,ILI incidence,2025-12-07,3,BE,ISI,FluBcast,WIS,33.7382346405907,0.7684979558285752,17,4,0.8336875900920913
2025-11-26,ILI incidence,2025-12-07,3,BE,ItaLuxColab,EpiEKF,WIS,47.4694857268205,0.27588202210714546,17,9,0.691858921241261
2025-11-26,ILI incidence,2025-12-07,3,BE,ItaLuxColab,EpiNetEKF,WIS,43.5342936538756,0.4007301264117903,17,7,0.7325051121726772
2025-11-26,ILI incidence,2025-12-07,3,BE,MRC_GIDA,NBEATS,WIS,114.452336519869,-0.9937925682486576,17,17,0.0
2025-11-26,ILI incidence,2025-12-07,3,BE,MRC_GIDA,NHiTS,WIS,83.3739080524518,-0.5367135193107487,17,15,0.321005865512855
2025-11-26,ILI incidence,2025-12-07,3,BE,MRC_GIDA,Prophet,WIS,39.828634352577,0.5290764288359777,17,5,0.7707804829030936
2025-11-26,ILI incidence,2025-12-07,3,BE,MRC_GIDA,TiDE,WIS,75.4391817321832,-0.3924315854437807,17,14,0.40296283102402425
2025-11-26,ILI incidence,2025-12-07,3,BE,QMUL,ARIMA,WIS,28.3972171728215,1.0171328845138135,17,3,0.888854405774487
2025-11-26,ILI incidence,2025-12-07,3,BE,QMUL,SEIR,WIS,17.6365714316992,1.7043123154444444,17,1,1.0
2025-11-26,ILI incidence,2025-12-07,3,BE,QMUL,SEIR_agumented,WIS,24.8002168578489,1.21252970627313,17,2,0.926007449100611
2025-11-26,ILI incidence,2025-12-07,3,BE,RIVM,KFdlm,WIS,55.1103938669066,0.060558004178928745,17,11,0.6129367732509254
2025-11-26,ILI incidence,2025-12-07,3,BE,respicast,hubEnsemble,WIS,44.2756725758498,0.3763682195361783,17,8,0.7248474861517599
2025-11-26,ILI incidence,2025-12-07,3,BE,respicast,quantileBaseline,WIS,57.4729236956522,0.0,17,12,0.5885344475904914
2025-11-26,ILI incidence,2025-12-07,3,BE,safinea,PRFM,WIS,48.4392349663091,0.24670636239144084,17,10,0.6818424818875519
2025-11-26,ILI incidence,2025-12-07,3,CZ,ECDC,SARIMA,WIS,6.98522622968487,0.47737863833660227,12,3,0.7131336572793883
2025-11-26,ILI incidence,2025-12-07,3,CZ,ECDC,soca_simplex,WIS,14.8754444497567,-0.6131753897939783,12,12,0.0
2025-11-26,ILI incidence,2025-12-07,3,CZ,ISI,FluABCaster,WIS,14.8360484973947,-0.6093495047390808,12,11,0.0035606847372672153
2025-11-26,ILI incidence,2025-12-07,3,CZ,ItaLuxColab,EpiEKF,WIS,7.47467352930667,0.37967491090376987,12,5,0.6688964342914496
2025-11-26,ILI incidence,2025-12-07,3,CZ,ItaLuxColab,EpiNetEKF,WIS,7.5612702537632,0.36305685910908747,12,6,0.6610696496452401
2025-11-26,ILI incidence,2025-12-07,3,CZ,QMUL,ARIMA,WIS,4.5225916971596,1.1045357248198622,12,2,0.9357114772761431
2025-11-26,ILI incidence,2025-12-07,3,CZ,QMUL,SEIR,WIS,10.3431664274768,-0.08892053158527331,12,9,0.4096363258513316
2025-11-26,ILI incidence,2025-12-07,3,CZ,QMUL,SEIR_agumented,WIS,3.8112937964653,1.3514046554441628,12,1,1.0
2025-11-26,ILI incidence,2025-12-07,3,CZ,RIVM,KFdlm,WIS,10.5144452924374,-0.11261535599845067,12,10,0.39415580047456916
2025-11-26,ILI incidence,2025-12-07,3,CZ,respicast,hubEnsemble,WIS,7.19105245150854,0.4354825463608166,12,4,0.694530672895545
2025-11-26,ILI incidence,2025-12-07,3,CZ,respicast,quantileBaseline,WIS,9.72491391304348,0.0,12,8,0.4655152210152727
2025-11-26,ILI incidence,2025-12-07,3,CZ,safinea,PRFM,WIS,7.90770295747546,0.2984267999877599,12,7,0.6297583710330673
2025-11-26,ILI incidence,2025-12-07,3,EE,ECDC,SARIMA,WIS,103.918406882827,0.15624501483214406,13,8,0.3779370672361089
2025-11-26,ILI incidence,2025-12-07,3,EE,ECDC,soca_simplex,WIS,92.4842346801515,0.32441687094724997,13,5,0.5021673967110846
2025-11-26,ILI incidence,2025-12-07,3,EE,ISI,FluABCaster,WIS,138.703773120001,-0.26031079970676346,13,13,0.0
2025-11-26,ILI incidence,2025-12-07,3,EE,ISI,FluBcast,WIS,46.6636710692474,1.3113245188180729,13,1,1.0
2025-11-26,ILI incidence,2025-12-07,3,EE,ItaLuxColab,EpiEKF,WIS,95.8207878109953,0.27328565366286206,13,6,0.46591631640476416
2025-11-26,ILI incidence,2025-12-07,3,EE,ItaLuxColab,EpiNetEKF,WIS,109.101901916992,0.08601998208207505,13,9,0.3216192783737425
2025-11-26,ILI incidence,2025-12-07,3,EE,QMUL,ARIMA,WIS,117.074660114119,-0.015732615956973093,13,11,0.23499662129834523
2025-11-26,ILI incidence,2025-12-07,3,EE,QMUL,SEIR,WIS,100.178160109904,0.20912821356349054,13,7,0.4185742100639224
2025-11-26,ILI incidence,2025-12-07,3,EE,QMUL,SEIR_agumented,WIS,119.469705342094,-0.044948597929473366,13,12,0.2089748636665001
2025-11-26,ILI incidence,2025-12-07,3,EE,RIVM,KFdlm,WIS,63.9029818237967,0.857741077214239,13,2,0.8126978309406585
2025-11-26,ILI incidence,2025-12-07,3,EE,respicast,hubEnsemble,WIS,91.8704664346728,0.3340231752102654,13,4,0.5088358839444022
2025-11-26,ILI incidence,2025-12-07,3,EE,respicast,quantileBaseline,WIS,115.804894782609,0.0,13,10,0.24879240491025187
2025-11-26,ILI incidence,2025-12-07,3,EE,safinea,PRFM,WIS,73.9057926953587,0.647936882159691,13,3,0.7040189980331704
2025-11-26,ILI incidence,2025-12-07,3,ES,ECDC,SARIMA,WIS,99.6494983192869,0.0676183146844838,13,11,0.10836125318607462
2025-11-26,ILI incidence,2025-12-07,3,ES,ECDC,soca_simplex,WIS,88.600476344233,0.23716640139997464,13,8,0.24193251272929733
2025-11-26,ILI incidence,2025-12-07,3,ES,ISI,FluABCaster,WIS,78.8615710701109,0.40515840466905034,13,4,0.3596658150047033
2025-11-26,ILI incidence,2025-12-07,3,ES,ISI,FluBcast,WIS,86.5327681862971,0.27123430131951,13,6,0.2669289679492126
2025-11-26,ILI incidence,2025-12-07,3,ES,ItaLuxColab,EpiEKF,WIS,62.7539293091943,0.7347750609909139,13,2,0.5543905610622518
2025-11-26,ILI incidence,2025-12-07,3,ES,ItaLuxColab,EpiNetEKF,WIS,93.1054760447086,0.1656148334835599,13,10,0.18747172103271548
2025-11-26,ILI incidence,2025-12-07,3,ES,QMUL,ARIMA,WIS,108.613147174525,-0.056645984311032745,13,13,0.0
2025-11-26,ILI incidence,2025-12-07,3,ES,QMUL,SEIR,WIS,84.2715699992563,0.30943485340150684,13,5,0.29426451770210543
2025-11-26,ILI incidence,2025-12-07,3,ES,QMUL,SEIR_agumented,WIS,92.3115316668383,0.1779699742695515,13,9,0.1970696882373085
2025-11-26,ILI incidence,2025-12-07,3,ES,RIVM,KFdlm,WIS,70.498792885831,0.5668823013807874,13,3,0.4607631626140063
2025-11-26,ILI incidence,2025-12-07,3,ES,respicast,hubEnsemble,WIS,88.5335040053403,0.23825733455250178,13,7,0.24274213910895792
2025-11-26,ILI incidence,2025-12-07,3,ES,respicast,quantileBaseline,WIS,104.431197391304,0.0,13,12,0.05055545198050085
2025-11-26,ILI incidence,2025-12-07,3,ES,safinea,PRFM,WIS,25.8930918809046,2.011913609582958,13,1,1.0
2025-11-26,ILI incidence,2025-12-07,3,FI,ECDC,soca_simplex,WIS,48.5387856154759,-0.6641281413698861,7,6,0.01256575646641057
2025-11-26,ILI incidence,2025-12-07,3,FI,ItaLuxColab,EpiEKF,WIS,23.9712450734092,0.35370502807073445,7,1,1.0
2025-11-26,ILI incidence,2025-12-07,3,FI,ItaLuxColab,EpiNetEKF,WIS,27.7558813917736,0.14221636619863307,7,3,0.8478854855790329
2025-11-26,ILI incidence,2025-12-07,3,FI,RIVM,KFdlm,WIS,26.6466113783059,0.20105779437210441,7,2,0.8924699727704736
2025-11-26,ILI incidence,2025-12-07,3,FI,respicast,hubEnsemble,WIS,29.1725135306531,0.07040017747612914,7,4,0.7909473039965237
2025-11-26,ILI incidence,2025-12-07,3,FI,respicast,quantileBaseline,WIS,30.6313695652174,0.0,7,5,0.7323120326942205
2025-11-26,ILI incidence,2025-12-07,3,FI,safinea,PRFM,WIS,48.851423883241,-0.6733907403554803,7,7,0.0
2025-11-26,ILI incidence,2025-12-07,3,FR,ECDC,SARIMA,WIS,85.200570718377,0.009161302334740884,11,6,0.3970029640431303
2025-11-26,ILI incidence,2025-12-07,3,FR,ECDC,soca_simplex,WIS,124.393578841485,-0.5368157140500898,11,10,0.014524461554743413
2025-11-26,ILI incidence,2025-12-07,3,FR,ISI,FluABCaster,WIS,125.881916972897,-0.5539747519064487,11,11,0.0
2025-11-26,ILI incidence,2025-12-07,3,FR,ItaLuxColab,EpiEKF,WIS,72.8678478660985,0.23474201506860634,11,3,0.5173560982890997
2025-11-26,ILI incidence,2025-12-07,3,FR,ItaLuxColab,EpiNetEKF,WIS,85.8927469039313,-0.0025119133378806234,11,8,0.3902481237390291
2025-11-26,ILI incidence,2025-12-07,3,FR,QMUL,ARIMA,WIS,86.6486566239733,-0.015152985676115109,11,9,0.3828713177324594
2025-11-26,ILI incidence,2025-12-07,3,FR,QMUL,SEIR,WIS,23.4107771098193,1.8728515719175223,11,1,1.0
2025-11-26,ILI incidence,2025-12-07,3,FR,RIVM,KFdlm,WIS,79.142106667047,0.11557892813403087,11,4,0.4561265773788005
2025-11-26,ILI incidence,2025-12-07,3,FR,respicast,hubEnsemble,WIS,81.6234843641065,0.07104009870660964,11,5,0.43191119634200204
2025-11-26,ILI incidence,2025-12-07,3,FR,respicast,quantileBaseline,WIS,85.7433269565217,0.0,11,7,0.39170628988814443
2025-11-26,ILI incidence,2025-12-07,3,FR,safinea,PRFM,WIS,54.3927212310358,0.6566107920854132,11,2,0.6976520007231825
2025-11-26,ILI incidence,2025-12-07,3,GB-NIR,ECDC,SARIMA,WIS,29.9033221465503,-0.07693391475569515,9,7,0.2614901586041428
2025-11-26,ILI incidence,2025-12-07,3,GB-NIR,ECDC,soca_simplex,WIS,30.1831381946441,-0.09037095667531739,9,8,0.24243709754850645
2025-11-26,ILI incidence,2025-12-07,3,GB-NIR,ISI,FluABCaster,WIS,19.497525615519,0.5400808099567054,9,3,0.970035211644863
2025-11-26,ILI incidence,2025-12-07,3,GB-NIR,ItaLuxColab,EpiEKF,WIS,19.0574583405012,0.5730161341685217,9,1,1.0
2025-11-26,ILI incidence,2025-12-07,3,GB-NIR,QMUL,ARIMA,WIS,33.7436049537262,-0.25124225372840486,9,9,0.0
2025-11-26,ILI incidence,2025-12-07,3,GB-NIR,RIVM,KFdlm,WIS,19.3413935358699,0.5516801126841229,9,2,0.9806664605191251
2025-11-26,ILI incidence,2025-12-07,3,GB-NIR,respicast,hubEnsemble,WIS,25.2858070760712,0.16504402921055997,9,5,0.5759031351381634
2025-11-26,ILI incidence,2025-12-07,3,GB-NIR,respicast,quantileBaseline,WIS,28.3504543557297,0.0,9,6,0.3672270705196366
2025-11-26,ILI incidence,2025-12-07,3,GB-NIR,safinea,PRFM,WIS,24.3459393632025,0.21969068996550534,9,4,0.639900025379089
2025-11-26,ILI incidence,2025-12-07,3,GB-SCT,ECDC,SARIMA,WIS,13.6856091870154,-0.2510303748789215,10,9,0.16271289067570704
2025-11-26,ILI incidence,2025-12-07,3,GB-SCT,ECDC,soca_simplex,WIS,12.4576529408199,-0.11540300600618977,10,8,0.26160168658750926
2025-11-26,ILI incidence,2025-12-07,3,GB-SCT,ISI,FluABCaster,WIS,5.02925797901933,1.1932118154877553,10,3,0.8598192823737397
2025-11-26,ILI incidence,2025-12-07,3,GB-SCT,ISI,FluBcast,WIS,3.288557364575,1.8061025383548126,10,1,1.0
2025-11-26,ILI incidence,2025-12-07,3,GB-SCT,ItaLuxColab,EpiEKF,WIS,6.34973794370164,0.8568603222763305,10,4,0.7534794399423317
2025-11-26,ILI incidence,2025-12-07,3,GB-SCT,QMUL,ARIMA,WIS,15.7061041136597,-0.4496960857933708,10,10,0.0
2025-11-26,ILI incidence,2025-12-07,3,GB-SCT,RIVM,KFdlm,WIS,7.05722473643305,0.7044564216071125,10,6,0.6965046761643285
2025-11-26,ILI incidence,2025-12-07,3,GB-SCT,respicast,hubEnsemble,WIS,6.60434324946207,0.8001422709608108,10,5,0.7329757679284374
2025-11-26,ILI incidence,2025-12-07,3,GB-SCT,respicast,quantileBaseline,WIS,11.4999634817498,0.0,10,7,0.33872557252260277
2025-11-26,ILI incidence,2025-12-07,3,GB-SCT,safinea,PRFM,WIS,4.94319236468926,1.2181143246193875,10,2,0.8667502499850687
2025-11-26,ILI incidence,2025-12-07,3,GB-WLS,ItaLuxColab,EpiEKF,WIS,5.36290507769903,0.6295444128008753,3,1,1.0
2025-11-26,ILI incidence,2025-12-07,3,GB-WLS,respicast,hubEnsemble,WIS,5.36290507769903,0.6295444128008753,3,1,1.0
2025-11-26,ILI incidence,2025-12-07,3,GB-WLS,respicast,quantileBaseline,WIS,8.29682370268779,0.0,3,3,0.0
2025-11-26,ILI incidence,2025-12-07,3,GR,ECDC,SARIMA,WIS,80.2359705970678,-0.09589977216663742,17,11,0.7337777507432829
2025-11-26,ILI incidence,2025-12-07,3,GR,ECDC,soca_simplex,WIS,34.3296392578055,1.128894687043277,17,3,0.936888529221784
2025-11-26,ILI incidence,2025-12-07,3,GR,ISI,FluABCaster,WIS,104.384474397139,-0.47548585949560446,17,16,0.6269336344126765
2025-11-26,ILI incidence,2025-12-07,3,GR,ISI,FluBcast,WIS,82.8069813809778,-0.14140302084166262,17,12,0.7224024134736291
2025-11-26,ILI incidence,2025-12-07,3,GR,ItaLuxColab,EpiEKF,WIS,90.5168785133171,-0.26983744961889916,17,14,0.6882902733209859
2025-11-26,ILI incidence,2025-12-07,3,GR,ItaLuxColab,EpiNetEKF,WIS,77.7735215875424,-0.05092968122921112,17,10,0.7446727606623298
2025-11-26,ILI incidence,2025-12-07,3,GR,MRC_GIDA,NBEATS,WIS,64.072546924673,0.2286430446203998,17,7,0.8052921904556569
2025-11-26,ILI incidence,2025-12-07,3,GR,MRC_GIDA,NHiTS,WIS,20.065422899836,1.903637821562263,17,1,1.0
2025-11-26,ILI incidence,2025-12-07,3,GR,MRC_GIDA,Prophet,WIS,97.1267178033551,-0.37151882523893054,17,15,0.6590452963286908
2025-11-26,ILI incidence,2025-12-07,3,GR,MRC_GIDA,TiDE,WIS,62.3263838260932,0.2685063742345114,17,6,0.8130180212061452
2025-11-26,ILI incidence,2025-12-07,3,GR,QMUL,ARIMA,WIS,33.7562064691629,1.1531966015831485,17,2,0.93942566030389
2025-11-26,ILI incidence,2025-12-07,3,GR,QMUL,SEIR,WIS,87.2779376051082,-0.21726762658378657,17,13,0.7026208414609304
2025-11-26,ILI incidence,2025-12-07,3,GR,QMUL,SEIR_agumented,WIS,48.0446938097095,0.6439722797881462,17,5,0.8762068035067554
2025-11-26,ILI incidence,2025-12-07,3,GR,RIVM,KFdlm,WIS,67.8122446839199,0.1468035836674536,17,8,0.7887460430943821
2025-11-26,ILI incidence,2025-12-07,3,GR,respicast,hubEnsemble,WIS,44.3210727411384,0.7603565837102557,17,4,0.8926818201750898
2025-11-26,ILI incidence,2025-12-07,3,GR,respicast,quantileBaseline,WIS,75.075875,0.0,17,9,0.7566083931223995
2025-11-26,ILI incidence,2025-12-07,3,GR,safinea,PRFM,WIS,246.081647558841,-1.7127157781108853,17,17,0.0
2025-11-26,ILI incidence,2025-12-07,3,HR,ECDC,SARIMA,WIS,53.7054589829034,0.04112170018306326,13,10,0.23473165238893723
2025-11-26,ILI incidence,2025-12-07,3,HR,ECDC,soca_simplex,WIS,38.4957051788292,0.5214929423223035,13,6,0.5832678688553738
2025-11-26,ILI incidence,2025-12-07,3,HR,ISI,FluABCaster,WIS,22.4815472540055,1.2974491110510107,13,3,0.9502372547450354
2025-11-26,ILI incidence,2025-12-07,3,HR,ISI,FluBcast,WIS,34.9428398380093,0.661193578818312,13,4,0.6646828778986105
2025-11-26,ILI incidence,2025-12-07,3,HR,ItaLuxColab,EpiEKF,WIS,35.6084040029033,0.6339726666368466,13,5,0.6494312690405065
2025-11-26,ILI incidence,2025-12-07,3,HR,ItaLuxColab,EpiNetEKF,WIS,47.9865347678449,0.2035608049791553,13,9,0.36578257101990463
2025-11-26,ILI incidence,2025-12-07,3,HR,QMUL,ARIMA,WIS,60.5962410866817,-0.133037861998142,13,12,0.0768272474996098
2025-11-26,ILI incidence,2025-12-07,3,HR,QMUL,SEIR,WIS,21.1919718111817,1.382672611244275,13,2,0.9797882751941265
2025-11-26,ILI incidence,2025-12-07,3,HR,QMUL,SEIR_agumented,WIS,63.948901340358,-0.21072913238050134,13,13,0.0
2025-11-26,ILI incidence,2025-12-07,3,HR,RIVM,KFdlm,WIS,20.3099534046881,1.4440035112518357,13,1,1.0
2025-11-26,ILI incidence,2025-12-07,3,HR,respicast,hubEnsemble,WIS,41.639631749018,0.40823313120078797,13,7,0.5112238183245635
2025-11-26,ILI incidence,2025-12-07,3,HR,respicast,quantileBaseline,WIS,55.2582717391304,0.0,13,11,0.1991484674204071
2025-11-26,ILI incidence,2025-12-07,3,HR,safinea,PRFM,WIS,43.6201842762896,0.34119457629329175,13,8,0.4658388440994466
2025-11-26,ILI incidence,2025-12-07,3,HU,ECDC,SARIMA,WIS,38.0226785117689,0.5879094881370981,13,4,0.7780411432640855
2025-11-26,ILI incidence,2025-12-07,3,HU,ECDC,soca_simplex,WIS,97.4168951993298,-0.7694023488662547,13,12,0.2877775963915295
2025-11-26,ILI incidence,2025-12-07,3,HU,ISI,FluABCaster,WIS,70.8497152286608,-0.3099923999131232,13,11,0.5070736930357261
2025-11-26,ILI incidence,2025-12-07,3,HU,ISI,FluBcast,WIS,27.1828088452015,1.0720751146094476,13,3,0.8675177496872926
2025-11-26,ILI incidence,2025-12-07,3,HU,ItaLuxColab,EpiEKF,WIS,52.9438919215465,0.11030540283288656,13,7,0.6548754982249114
2025-11-26,ILI incidence,2025-12-07,3,HU,ItaLuxColab,EpiNetEKF,WIS,46.9494860918908,0.28366028825899864,13,6,0.7043557141001385
2025-11-26,ILI incidence,2025-12-07,3,HU,QMUL,ARIMA,WIS,53.0037579029928,0.10867500586069144,13,8,0.6543813405436129
2025-11-26,ILI incidence,2025-12-07,3,HU,QMUL,SEIR,WIS,11.2908009399573,2.3396218237515014,13,2,0.9986967195782022
2025-11-26,ILI incidence,2025-12-07,3,HU,QMUL,SEIR_agumented,WIS,11.1329117387905,2.359938685219234,13,1,1.0
2025-11-26,ILI incidence,2025-12-07,3,HU,RIVM,KFdlm,WIS,69.996212593333,-0.29250720724850876,13,10,0.51411884410594
2025-11-26,ILI incidence,2025-12-07,3,HU,respicast,hubEnsemble,WIS,42.790627898869,0.41747480565476086,13,5,0.7386845878922881
2025-11-26,ILI incidence,2025-12-07,3,HU,respicast,quantileBaseline,WIS,57.15064,0.0,13,9,0.6201513222232122
2025-11-26,ILI incidence,2025-12-07,3,HU,safinea,PRFM,WIS,132.280439566309,-1.2107581850810265,13,13,0.0
2025-11-26,ILI incidence,2025-12-07,3,IE,ECDC,SARIMA,WIS,48.7083369972242,0.05887567162173806,15,9,0.3282223890954055
2025-11-26,ILI incidence,2025-12-07,3,IE,ECDC,soca_simplex,WIS,49.9392474862898,0.022870317006346463,15,10,0.29927450180947585
2025-11-26,ILI incidence,2025-12-07,3,IE,ISI,FluABCaster,WIS,20.1432780202323,1.3327459193602087,15,1,1.0
2025-11-26,ILI incidence,2025-12-07,3,IE,ISI,FluBcast,WIS,34.2068847397603,0.5687576768702175,15,3,0.6692597018491708
2025-11-26,ILI incidence,2025-12-07,3,IE,ItaLuxColab,EpiEKF,WIS,32.7598384949525,0.6311161545138596,15,2,0.70329055296656
2025-11-26,ILI incidence,2025-12-07,3,IE,ItaLuxColab,EpiNetEKF,WIS,46.4168055205781,0.12839716156668163,15,6,0.38211338725276706
2025-11-26,ILI incidence,2025-12-07,3,IE,MRC_GIDA,NBEATS,WIS,62.664878194622,-0.3046126826962866,15,15,0.0
2025-11-26,ILI incidence,2025-12-07,3,IE,MRC_GIDA,NHiTS,WIS,56.4302154112914,-0.15342345773256347,15,13,0.14662342804036027
2025-11-26,ILI incidence,2025-12-07,3,IE,MRC_GIDA,Prophet,WIS,47.7573502071921,0.08732160745887817,15,8,0.3505871821919003
2025-11-26,ILI incidence,2025-12-07,3,IE,MRC_GIDA,TiDE,WIS,51.360703702087,-0.017620570149719916,15,12,0.26584546315694346
2025-11-26,ILI incidence,2025-12-07,3,IE,QMUL,SEIR,WIS,41.3000553173788,0.29690068507116324,15,4,0.5024463517276333
2025-11-26,ILI incidence,2025-12-07,3,IE,RIVM,KFdlm,WIS,45.8799941608334,0.14517919132454377,15,5,0.39473782653875655
2025-11-26,ILI incidence,2025-12-07,3,IE,respicast,hubEnsemble,WIS,47.7027109333634,0.08897314249996331,15,7,0.3518721590884567
2025-11-26,ILI incidence,2025-12-07,3,IE,respicast,quantileBaseline,WIS,50.7372173913043,0.0,15,11,0.28050827707329795
2025-11-26,ILI incidence,2025-12-07,3,IE,safinea,PRFM,WIS,58.8329085982773,-0.21357896332136103,15,14,0.09011818888821246
2025-11-26,ILI incidence,2025-12-07,3,IS,ECDC,SARIMA,WIS,23.3060325369979,0.06147590635250476,15,8,0.2754184944776489
2025-11-26,ILI incidence,2025-12-07,3,IS,ECDC,soca_simplex,WIS,26.2338749150863,-0.10925158187288421,15,10,0.1497101391331387
2025-11-26,ILI incidence,2025-12-07,3,IS,ISI,FluABCaster,WIS,6.42998295036969,1.9192925197266768,15,1,1.0
2025-11-26,ILI incidence,2025-12-07,3,IS,ISI,FluBcast,WIS,16.7360573850476,0.5392196335148075,15,5,0.5575036153116484
2025-11-26,ILI incidence,2025-12-07,3,IS,ItaLuxColab,EpiEKF,WIS,11.325059056405,1.1026607635081873,15,3,0.7898274950929314
2025-11-26,ILI incidence,2025-12-07,3,IS,ItaLuxColab,EpiNetEKF,WIS,21.9132441660339,0.15037625174179844,15,6,0.3352185495513643
2025-11-26,ILI incidence,2025-12-07,3,IS,MRC_GIDA,NBEATS,WIS,29.7207369345778,-0.2892905514031572,15,15,0.0
2025-11-26,ILI incidence,2025-12-07,3,IS,MRC_GIDA,NHiTS,WIS,29.4493759210006,-0.27605772441014076,15,14,0.011651018844696649
2025-11-26,ILI incidence,2025-12-07,3,IS,MRC_GIDA,Prophet,WIS,28.7199292249985,-0.2398728569351722,15,13,0.04297017220901832
2025-11-26,ILI incidence,2025-12-07,3,IS,MRC_GIDA,TiDE,WIS,26.5639458420501,-0.12729012537256862,15,11,0.13553838122493195
2025-11-26,ILI incidence,2025-12-07,3,IS,QMUL,ARIMA,WIS,28.3062639360375,-0.21894200758567822,15,12,0.06073109524489245
2025-11-26,ILI incidence,2025-12-07,3,IS,RIVM,KFdlm,WIS,6.80234987709928,1.8380742192611261,15,2,0.9840122424983723
2025-11-26,ILI incidence,2025-12-07,3,IS,respicast,hubEnsemble,WIS,22.7514370462,0.0962216640152042,15,7,0.29923032517982084
2025-11-26,ILI incidence,2025-12-07,3,IS,respicast,quantileBaseline,WIS,24.3206086956522,0.0,15,9,0.23185716712250118
2025-11-26,ILI incidence,2025-12-07,3,IS,safinea,PRFM,WIS,15.4478404315867,0.6547741698078497,15,4,0.6128138450420536
2025-11-26,ILI incidence,2025-12-07,3,LT,ECDC,soca_simplex,WIS,178.041622221599,-0.21642175729239013,9,9,0.0
2025-11-26,ILI incidence,2025-12-07,3,LT,ISI,FluABCaster,WIS,159.494648079657,-0.05771522072132221,9,8,0.2937524341657454
2025-11-26,ILI incidence,2025-12-07,3,LT,ISI,FluBcast,WIS,142.303791747144,0.10681869012787816,9,5,0.5660262754091858
2025-11-26,ILI incidence,2025-12-07,3,LT,ItaLuxColab,EpiEKF,WIS,114.903510040111,0.4153699240490044,9,1,1.0
2025-11-26,ILI incidence,2025-12-07,3,LT,ItaLuxColab,EpiNetEKF,WIS,142.573510716733,0.10408683095366177,9,6,0.5617543870002687
2025-11-26,ILI incidence,2025-12-07,3,LT,RIVM,KFdlm,WIS,123.942271483943,0.3061244798827191,9,2,0.8568414364710424
2025-11-26,ILI incidence,2025-12-07,3,LT,respicast,hubEnsemble,WIS,139.805338679337,0.13237334048053523,9,4,0.6055975103017541
2025-11-26,ILI incidence,2025-12-07,3,LT,respicast,quantileBaseline,WIS,153.239985434783,0.0,9,7,0.392815621656927
2025-11-26,ILI incidence,2025-12-07,3,LT,safinea,PRFM,WIS,128.70250729876,0.2517526342672466,9,3,0.7814474208702293
2025-11-26,ILI incidence,2025-12-07,3,LU,ECDC,SARIMA,WIS,1228.78002192726,0.2186788168609849,16,4,0.9981422427840241
2025-11-26,ILI incidence,2025-12-07,3,LU,ECDC,soca_simplex,WIS,487.377513037579,1.5527938885785455,16,1,1.0
2025-11-26,ILI incidence,2025-12-07,3,LU,ISI,FluABCaster,WIS,1619.59902282507,-0.1797311954647326,16,8,0.9971629544617525
2025-11-26,ILI incidence,2025-12-07,3,LU,ItaLuxColab,EpiEKF,WIS,1260.40435621222,0.18201883649913853,16,5,0.9980630006253937
2025-11-26,ILI incidence,2025-12-07,3,LU,ItaLuxColab,EpiNetEKF,WIS,955.589171506423,0.5814430714754734,16,3,0.9988267862912588
2025-11-26,ILI incidence,2025-12-07,3,LU,MRC_GIDA,NBEATS,WIS,2852.49043737002,-0.9963165678395118,16,15,0.9940736569554414
2025-11-26,ILI incidence,2025-12-07,3,LU,MRC_GIDA,NHiTS,WIS,2420.33626152131,-0.7593020153313254,16,14,0.995156520216586
2025-11-26,ILI incidence,2025-12-07,3,LU,MRC_GIDA,Prophet,WIS,662.504654152391,1.1099029874528679,16,2,0.9995611780291835
2025-11-26,ILI incidence,2025-12-07,3,LU,MRC_GIDA,TiDE,WIS,1798.1641797638,-0.33061926861833607,16,9,0.9967155177389909
2025-11-26,ILI incidence,2025-12-07,3,LU,QMUL,ARIMA,WIS,1334.21428472641,0.09991508954826515,16,6,0.9978780526036866
2025-11-26,ILI incidence,2025-12-07,3,LU,QMUL,SEIR,WIS,2054.42834721738,-0.5228315319458595,16,12,0.996073387990879
2025-11-26,ILI incidence,2025-12-07,3,LU,QMUL,SEIR_agumented,WIS,2014.40993095434,-0.49445181839009683,16,11,0.9961736634831968
2025-11-26,ILI incidence,2025-12-07,3,LU,RIVM,KFdlm,WIS,399572.092412223,-8.126406531062706,16,16,0.0
2025-11-26,ILI incidence,2025-12-07,3,LU,respicast,hubEnsemble,WIS,1813.12694823966,-0.3425744584060625,16,10,0.9966780250264986
2025-11-26,ILI incidence,2025-12-07,3,LU,respicast,quantileBaseline,WIS,1429.89130434783,0.0,16,7,0.9976383114759273
2025-11-26,ILI incidence,2025-12-07,3,LU,safinea,PRFM,WIS,2382.66249406149,-0.7366691249389395,16,13,0.9952509206434962
2025-11-26,ILI incidence,2025-12-07,3,LV,ECDC,soca_simplex,WIS,211.11374876517,-0.026740864079064695,9,6,0.4449602661831507
2025-11-26,ILI incidence,2025-12-07,3,LV,ISI,FluABCaster,WIS,257.882176823874,-0.31543239360684006,9,9,0.0
2025-11-26,ILI incidence,2025-12-07,3,LV,ISI,FluBcast,WIS,222.443477695744,-0.10215912456030507,9,8,0.3371679068931759
2025-11-26,ILI incidence,2025-12-07,3,LV,ItaLuxColab,EpiEKF,WIS,177.508662106417,0.2233902457765857,9,2,0.7646829706969217
2025-11-26,ILI incidence,2025-12-07,3,LV,ItaLuxColab,EpiNetEKF,WIS,196.930883875483,0.07359029203767432,9,3,0.5798976929581839
2025-11-26,ILI incidence,2025-12-07,3,LV,RIVM,KFdlm,WIS,152.775200733893,0.4398692964516503,9,1,1.0
2025-11-26,ILI incidence,2025-12-07,3,LV,respicast,hubEnsemble,WIS,201.190291769071,0.04271898200371531,9,4,0.5393731906650008
2025-11-26,ILI incidence,2025-12-07,3,LV,respicast,quantileBaseline,WIS,207.236722608696,0.0,9,5,0.4818467441382857
2025-11-26,ILI incidence,2025-12-07,3,LV,safinea,PRFM,WIS,217.078443189212,-0.06693679426601157,9,7,0.3882114694245444
2025-11-26,ILI incidence,2025-12-07,3,MT,ECDC,SARIMA,WIS,1311.84410936227,0.3051330093336903,10,1,1.0
2025-11-26,ILI incidence,2025-12-07,3,MT,ECDC,soca_simplex,WIS,3215.05598755582,-0.9881145617173875,10,9,0.10224837341498216
2025-11-26,ILI incidence,2025-12-07,3,MT,ISI,FluABCaster,WIS,3086.24503769122,-0.9291233122885814,10,8,0.1630089440523758
2025-11-26,ILI incidence,2025-12-07,3,MT,ItaLuxColab,EpiEKF,WIS,2498.90988765146,-0.6245695784200417,10,4,0.44005696605149425
2025-11-26,ILI incidence,2025-12-07,3,MT,ItaLuxColab,EpiNetEKF,WIS,2910.97552661733,-0.8447734109701233,10,6,0.24568417872288142
2025-11-26,ILI incidence,2025-12-07,3,MT,QMUL,ARIMA,WIS,3007.43947748505,-0.8918064051111301,10,7,0.20018179940791503
2025-11-26,ILI incidence,2025-12-07,3,MT,RIVM,KFdlm,WIS,1397.89269200295,0.21347568164811848,10,2,0.9594105859068468
2025-11-26,ILI incidence,2025-12-07,3,MT,respicast,hubEnsemble,WIS,2544.89813724963,-0.650878612369964,10,5,0.41836414963226193
2025-11-26,ILI incidence,2025-12-07,3,MT,respicast,quantileBaseline,WIS,1620.82608695652,0.0,10,3,0.8542521323301221
2025-11-26,ILI incidence,2025-12-07,3,MT,safinea,PRFM,WIS,3431.82008248663,-1.0822446203034999,10,10,0.0
2025-11-26,ILI incidence,2025-12-07,3,NL,ECDC,SARIMA,WIS,3.00872442593888,0.023682966672041603,17,6,0.8600968600825047
2025-11-26,ILI incidence,2025-12-07,3,NL,ECDC,soca_simplex,WIS,9.61552073297383,-1.6525300489358614,17,14,0.45460323424710214
2025-11-26,ILI incidence,2025-12-07,3,NL,ISI,FluABCaster,WIS,17.0224706276907,-2.476533598143266,17,17,0.0
2025-11-26,ILI incidence,2025-12-07,3,NL,ISI,FluBcast,WIS,12.8352990966164,-2.069210069262692,17,15,0.25698860494945047
2025-11-26,ILI incidence,2025-12-07,3,NL,ItaLuxColab,EpiEKF,WIS,5.4566136944319,-0.8351709699514056,17,10,0.7098570995395805
2025-11-26,ILI incidence,2025-12-07,3,NL,ItaLuxColab,EpiNetEKF,WIS,2.95882820538235,0.04780900693623685,17,5,0.8631592519663602
2025-11-26,ILI incidence,2025-12-07,3,NL,MRC_GIDA,NBEATS,WIS,0.729251977401067,2.068345642385441,17,1,1.0
2025-11-26,ILI incidence,2025-12-07,3,NL,MRC_GIDA,NHiTS,WIS,0.980241266477739,1.6416261524343354,17,2,0.9845954753039411
2025-11-26,ILI incidence,2025-12-07,3,NL,MRC_GIDA,Prophet,WIS,7.299154808284,-1.2548944789794876,17,11,0.5967707196535937
2025-11-26,ILI incidence,2025-12-07,3,NL,MRC_GIDA,TiDE,WIS,1.69289749242377,0.853340322112728,17,4,0.9408560373670813
2025-11-26,ILI incidence,2025-12-07,3,NL,QMUL,ARIMA,WIS,1.58192004887928,0.9511582535203797,17,3,0.9476673032026698
2025-11-26,ILI incidence,2025-12-07,3,NL,QMUL,SEIR,WIS,16.6449138583556,-2.4441745585103165,17,16,0.023172632580388843
2025-11-26,ILI incidence,2025-12-07,3,NL,QMUL,SEIR_agumented,WIS,8.1100525608377,-1.4068763239435926,17,13,0.5470016856794941
2025-11-26,ILI incidence,2025-12-07,3,NL,RIVM,KFdlm,WIS,5.18041148603166,-0.7602317568242889,17,9,0.7268090728929445
2025-11-26,ILI incidence,2025-12-07,3,NL,respicast,hubEnsemble,WIS,3.47812267312031,-0.1854738767231026,17,8,0.8312874359130767
2025-11-26,ILI incidence,2025-12-07,3,NL,respicast,quantileBaseline,WIS,3.05852260869565,0.0,17,7,0.8570404852909049
2025-11-26,ILI incidence,2025-12-07,3,NL,safinea,PRFM,WIS,7.3492610256521,-1.2647642524853377,17,12,0.5936954391676714
2025-11-26,ILI incidence,2025-12-07,3,NO,ECDC,SARIMA,WIS,44.3092336005596,0.05743899061775505,15,9,0.43146079969300516
2025-11-26,ILI incidence,2025-12-07,3,NO,ECDC,soca_simplex,WIS,60.9845291375134,-0.4033969350200387,15,14,0.08939519425265405
2025-11-26,ILI incidence,2025-12-07,3,NO,ISI,FluABCaster,WIS,16.5936169507713,1.4744179756324365,15,1,1.0
2025-11-26,ILI incidence,2025-12-07,3,NO,ISI,FluBcast,WIS,25.3620088271907,0.8623773435975784,15,2,0.8201312073121089
2025-11-26,ILI incidence,2025-12-07,3,NO,ItaLuxColab,EpiEKF,WIS,26.6927199208449,0.7886000439703468,15,3,0.7928339102472216
2025-11-26,ILI incidence,2025-12-07,3,NO,ItaLuxColab,EpiNetEKF,WIS,31.4724544719584,0.5509566680856993,15,5,0.6947857053774759
2025-11-26,ILI incidence,2025-12-07,3,NO,MRC_GIDA,NBEATS,WIS,65.342439608598,-0.5029739559472935,15,15,0.0
2025-11-26,ILI incidence,2025-12-07,3,NO,MRC_GIDA,NHiTS,WIS,60.6880552564448,-0.3963662263915572,15,13,0.09547685663760194
2025-11-26,ILI incidence,2025-12-07,3,NO,MRC_GIDA,Prophet,WIS,36.5872631247884,0.3337048636359312,15,6,0.5898640196019772
2025-11-26,ILI incidence,2025-12-07,3,NO,MRC_GIDA,TiDE,WIS,48.7619512680891,-0.08070949436238406,15,11,0.3401207954680086
2025-11-26,ILI incidence,2025-12-07,3,NO,QMUL,ARIMA,WIS,50.8513093133073,-0.14123855696991575,15,12,0.2972611338125133
2025-11-26,ILI incidence,2025-12-07,3,NO,RIVM,KFdlm,WIS,28.1693673176453,0.7109192026971095,15,4,0.7625429756914244
2025-11-26,ILI incidence,2025-12-07,3,NO,respicast,hubEnsemble,WIS,39.3926042435744,0.22712156730769237,15,7,0.5323171709636626
2025-11-26,ILI incidence,2025-12-07,3,NO,respicast,quantileBaseline,WIS,46.1089356521739,0.0,15,10,0.3945429429429745
2025-11-26,ILI incidence,2025-12-07,3,NO,safinea,PRFM,WIS,43.9808319529705,0.06817146907758814,15,8,0.43819740643926836
2025-11-26,ILI incidence,2025-12-07,3,PL,ECDC,SARIMA,WIS,40.2196444534049,0.16246021786053652,17,9,0.8126381473983799
2025-11-26,ILI incidence,2025-12-07,3,PL,ECDC,soca_simplex,WIS,89.1572603157967,-0.9859917392172858,17,15,0.5513050958678711
2025-11-26,ILI incidence,2025-12-07,3,PL,ISI,FluABCaster,WIS,78.8158177273391,-0.8081246505593498,17,14,0.6065297058380125
2025-11-26,ILI incidence,2025-12-07,3,PL,ISI,FluBcast,WIS,14.3355790135624,1.6507603697986366,17,3,0.9508623270647983
2025-11-26,ILI incidence,2025-12-07,3,PL,ItaLuxColab,EpiEKF,WIS,61.2380219905503,-0.4440671380788454,17,13,0.7003973558680414
2025-11-26,ILI incidence,2025-12-07,3,PL,ItaLuxColab,EpiNetEKF,WIS,56.2898812851669,-0.3225150596197138,17,12,0.7268210523876325
2025-11-26,ILI incidence,2025-12-07,3,PL,MRC_GIDA,NBEATS,WIS,6.5302256610021,2.7851557938856377,17,2,0.9925439001033011
2025-11-26,ILI incidence,2025-12-07,3,PL,MRC_GIDA,NHiTS,WIS,35.5185479070497,0.34178794428552245,17,8,0.8377425968969643
2025-11-26,ILI incidence,2025-12-07,3,PL,MRC_GIDA,Prophet,WIS,192.395472423121,-2.0956423979867163,17,17,0.0
2025-11-26,ILI incidence,2025-12-07,3,PL,MRC_GIDA,TiDE,WIS,22.4884862381842,1.0011739933431545,17,5,0.9073247724391977
2025-11-26,ILI incidence,2025-12-07,3,PL,QMUL,ARIMA,WIS,23.862558125905,0.9156118341189684,17,6,0.8999870549572082
2025-11-26,ILI incidence,2025-12-07,3,PL,QMUL,SEIR,WIS,15.7923437252219,1.5111352500085906,17,4,0.9430830194554854
2025-11-26,ILI incidence,2025-12-07,3,PL,QMUL,SEIR_agumented,WIS,5.13398530625436,3.1322094739988042,17,1,1.0
2025-11-26,ILI incidence,2025-12-07,3,PL,RIVM,KFdlm,WIS,44.171547602778,0.027243166156324126,17,10,0.7915344852934925
2025-11-26,ILI incidence,2025-12-07,3,PL,respicast,hubEnsemble,WIS,24.8754867860225,0.855635788065039,17,7,0.8945778879378021
2025-11-26,ILI incidence,2025-12-07,3,PL,respicast,quantileBaseline,WIS,45.0135873913044,0.0,17,11,0.7870378864386466
2025-11-26,ILI incidence,2025-12-07,3,PL,safinea,PRFM,WIS,100.490783173665,-1.1586307351145908,17,16,0.4907826519187038
2025-11-26,ILI incidence,2025-12-07,3,RO,ECDC,SARIMA,WIS,2.17594565032008,0.34778006879085843,12,3,0.8582782307679104
2025-11-26,ILI incidence,2025-12-07,3,RO,ECDC,soca_simplex,WIS,5.28162470368707,-0.9315592006755946,12,12,0.0
2025-11-26,ILI incidence,2025-12-07,3,RO,ISI,FluABCaster,WIS,3.04259930778403,-0.13588176109813155,12,9,0.6187718442305502
2025-11-26,ILI incidence,2025-12-07,3,RO,ItaLuxColab,EpiEKF,WIS,2.04503580719663,0.4372964869108949,12,2,0.8944561701542385
2025-11-26,ILI incidence,2025-12-07,3,RO,ItaLuxColab,EpiNetEKF,WIS,2.53167608055815,0.12932976232097435,12,4,0.7599693974826316
2025-11-26,ILI incidence,2025-12-07,3,RO,QMUL,ARIMA,WIS,1.66312554801315,0.7355255102883371,12,1,1.0
2025-11-26,ILI incidence,2025-12-07,3,RO,QMUL,SEIR,WIS,4.08652952763498,-0.5614535679758575,12,11,0.3302737197487372
2025-11-26,ILI incidence,2025-12-07,3,RO,QMUL,SEIR_agumented,WIS,3.35837601521331,-0.27834117745172743,12,10,0.5315045287375695
2025-11-26,ILI incidence,2025-12-07,3,RO,RIVM,KFdlm,WIS,2.87678263145153,-0.05503362481790776,12,7,0.6645965547524509
2025-11-26,ILI incidence,2025-12-07,3,RO,respicast,hubEnsemble,WIS,2.54593245299215,0.12122844780578333,12,5,0.7560295395966222
2025-11-26,ILI incidence,2025-12-07,3,RO,respicast,quantileBaseline,WIS,2.7691104347826,0.0,12,6,0.6943525922798044
2025-11-26,ILI incidence,2025-12-07,3,RO,safinea,PRFM,WIS,2.98653125732625,-0.10904823032958075,12,8,0.6342666800853171
2025-11-26,ILI incidence,2025-12-07,3,SI,ECDC,SARIMA,WIS,416.259674903527,-0.007227636953019048,16,6,0.486149321863234
2025-11-26,ILI incidence,2025-12-07,3,SI,ISI,FluABCaster,WIS,428.172355972658,-0.047935486808874876,16,11,0.3237396076209724
2025-11-26,ILI incidence,2025-12-07,3,SI,ISI,FluBcast,WIS,416.885041806415,-0.009393440518421088,16,7,0.4776234778987051
2025-11-26,ILI incidence,2025-12-07,3,SI,ItaLuxColab,EpiEKF,WIS,385.091235648925,0.10505587842992412,16,2,0.9110794684306905
2025-11-26,ILI incidence,2025-12-07,3,SI,ItaLuxColab,EpiNetEKF,WIS,406.075910695563,0.02850672141922386,16,3,0.6249881126717804
2025-11-26,ILI incidence,2025-12-07,3,SI,MRC_GIDA,NBEATS,WIS,451.918513725768,-0.12580649362494511,16,16,0.0
2025-11-26,ILI incidence,2025-12-07,3,SI,MRC_GIDA,NHiTS,WIS,450.499779546325,-0.12127023263243926,16,15,0.01934209531271152
2025-11-26,ILI incidence,2025-12-07,3,SI,MRC_GIDA,Prophet,WIS,410.525253349713,0.012785195691274927,16,4,0.5643286805227147
2025-11-26,ILI incidence,2025-12-07,3,SI,MRC_GIDA,TiDE,WIS,433.209633135708,-0.06480915660474695,16,13,0.2550646603221698
2025-11-26,ILI incidence,2025-12-07,3,SI,QMUL,ARIMA,WIS,420.799645609563,-0.022877322198466908,16,8,0.4242543260384753
2025-11-26,ILI incidence,2025-12-07,3,SI,QMUL,SEIR,WIS,445.578908254631,-0.10542477603893699,16,14,0.08643004097910768
2025-11-26,ILI incidence,2025-12-07,3,SI,QMUL,SEIR_agumented,WIS,429.667874713119,-0.05296574670826664,16,12,0.30335068174671237
2025-11-26,ILI incidence,2025-12-07,3,SI,RIVM,KFdlm,WIS,378.56895378897,0.1297000660738723,16,1,1.0
2025-11-26,ILI incidence,2025-12-07,3,SI,respicast,hubEnsemble,WIS,423.826962853274,-0.03321920400397161,16,9,0.38298185969621673
2025-11-26,ILI incidence,2025-12-07,3,SI,respicast,quantileBaseline,WIS,414.179505434783,0.0,16,5,0.5145089939667398
2025-11-26,ILI incidence,2025-12-07,3,SI,safinea,PRFM,WIS,425.135406870117,-0.03766624961249597,16,10,0.3651433884365333
2025-11-26,ILI incidence,2025-12-14,4,AT,ECDC,SARIMA,WIS,421.197919883492,0.21431439987570353,12,3,0.9471710759776251
2025-11-26,ILI incidence,2025-12-14,4,AT,ECDC,soca_simplex,WIS,500.233324518514,-0.03378845870345648,12,8,0.8811442214321316
2025-11-26,ILI incidence,2025-12-14,4,AT,ISI,FluABCaster,WIS,374.558941671936,0.38361994821458884,12,2,0.9861336781778078
2025-11-26,ILI incidence,2025-12-14,4,AT,ISI,FluBcast,WIS,357.960689891499,0.4490115474117115,12,1,1.0
2025-11-26,ILI incidence,2025-12-14,4,AT,ItaLuxColab,EpiEKF,WIS,589.132787412412,-0.26978013513201027,12,9,0.8068768480597316
2025-11-26,ILI incidence,2025-12-14,4,AT,ItaLuxColab,EpiNetEKF,WIS,656.832889293925,-0.4267136569329601,12,11,0.7503196026038768
2025-11-26,ILI incidence,2025-12-14,4,AT,QMUL,ARIMA,WIS,602.560492584512,-0.30229337304492704,12,10,0.7956592280529485
2025-11-26,ILI incidence,2025-12-14,4,AT,QMUL,SEIR,WIS,1554.9797691597,-1.6700111939866027,12,12,0.0
2025-11-26,ILI incidence,2025-12-14,4,AT,RIVM,KFdlm,WIS,425.440033618522,0.19985691509188708,12,4,0.9436271777988062
2025-11-26,ILI incidence,2025-12-14,4,AT,respicast,hubEnsemble,WIS,442.711199035123,0.14244684239866204,12,6,0.9291986981565605
2025-11-26,ILI incidence,2025-12-14,4,AT,respicast,quantileBaseline,WIS,488.653800217391,0.0,12,7,0.8908178552961816
2025-11-26,ILI incidence,2025-12-14,4,AT,safinea,PRFM,WIS,426.363050517545,0.19673029475233433,12,5,0.9428560815690057
2025-11-26,ILI incidence,2025-12-14,4,BE,ECDC,SARIMA,WIS,36.1093390045637,-0.1329002893648031,17,12,0.7670024076278822
2025-11-26,ILI incidence,2025-12-14,4,BE,ECDC,soca_simplex,WIS,27.8922191708725,0.239608998912386,17,9,0.8492002228946313
2025-11-26,ILI incidence,2025-12-14,4,BE,ISI,FluABCaster,WIS,36.7475344926451,-0.15817573618845315,17,13,0.7606183855015038
2025-11-26,ILI incidence,2025-12-14,4,BE,ISI,FluBcast,WIS,12.8171245914427,1.3613990796904014,17,1,1.0
2025-11-26,ILI incidence,2025-12-14,4,BE,ItaLuxColab,EpiEKF,WIS,32.7439666327736,0.008242620333358167,17,10,0.8006670324744156
2025-11-26,ILI incidence,2025-12-14,4,BE,ItaLuxColab,EpiNetEKF,WIS,19.5308418669196,0.7537175848772969,17,2,0.932841080143414
2025-11-26,ILI incidence,2025-12-14,4,BE,MRC_GIDA,NBEATS,WIS,52.5009331948096,-0.6728713445841131,17,15,0.6030333700031622
2025-11-26,ILI incidence,2025-12-14,4,BE,MRC_GIDA,NHiTS,WIS,22.0545885976443,0.5783928731663822,17,5,0.9075954379049238
2025-11-26,ILI incidence,2025-12-14,4,BE,MRC_GIDA,Prophet,WIS,109.431822729406,-1.7324887070873576,17,16,0.03354006387544444
2025-11-26,ILI incidence,2025-12-14,4,BE,MRC_GIDA,TiDE,WIS,22.7928101022065,0.5308929181096727,17,6,0.9002108316090354
2025-11-26,ILI incidence,2025-12-14,4,BE,QMUL,ARIMA,WIS,20.1714878580896,0.7071542203560275,17,4,0.9264325450484695
2025-11-26,ILI incidence,2025-12-14,4,BE,QMUL,SEIR,WIS,112.784743037565,-1.7760282930986009,17,17,0.0
2025-11-26,ILI incidence,2025-12-14,4,BE,QMUL,SEIR_agumented,WIS,45.8757184855936,-0.47825903092445704,17,14,0.6693069775192465
2025-11-26,ILI incidence,2025-12-14,4,BE,RIVM,KFdlm,WIS,24.0474153426428,0.45358988307610704,17,8,0.8876607152819922
2025-11-26,ILI incidence,2025-12-14,4,BE,respicast,hubEnsemble,WIS,19.8917541127391,0.7273012192453682,17,3,0.929230788616723
2025-11-26,ILI incidence,2025-12-14,4,BE,respicast,quantileBaseline,WIS,32.9315797826087,0.0,17,11,0.7987902932587444
2025-11-26,ILI incidence,2025-12-14,4,BE,safinea,PRFM,WIS,23.1356834058407,0.5093520067150957,17,7,0.8967809879360166
2025-11-26,ILI incidence,2025-12-14,4,CZ,ECDC,SARIMA,WIS,21.9466562717555,0.370195892243118,12,2,0.5197539127022203
2025-11-26,ILI incidence,2025-12-14,4,CZ,ECDC,soca_simplex,WIS,40.3198969112332,-0.5072949062436423,12,10,0.08546724990120703
2025-11-26,ILI incidence,2025-12-14,4,CZ,ISI,FluABCaster,WIS,43.9357352128316,-0.6311977919871721,12,12,0.0
2025-11-26,ILI incidence,2025-12-14,4,CZ,ItaLuxColab,EpiEKF,WIS,24.2218456889107,0.22788824231120744,12,3,0.46597546182331195
2025-11-26,ILI incidence,2025-12-14,4,CZ,ItaLuxColab,EpiNetEKF,WIS,28.5154628211694,-0.00754740465036295,12,8,0.3644876136912094
2025-11-26,ILI incidence,2025-12-14,4,CZ,QMUL,ARIMA,WIS,24.6353941340608,0.20346449089017435,12,4,0.45620045382799457
2025-11-26,ILI incidence,2025-12-14,4,CZ,QMUL,SEIR,WIS,1.62902351006818,4.122117713855288,12,1,1.0
2025-11-26,ILI incidence,2025-12-14,4,CZ,QMUL,SEIR_agumented,WIS,24.8798695205614,0.18921812450689043,12,5,0.4504218107555142
2025-11-26,ILI incidence,2025-12-14,4,CZ,RIVM,KFdlm,WIS,32.854976237197,-0.21191485471873867,12,9,0.26191491916188847
2025-11-26,ILI incidence,2025-12-14,4,CZ,respicast,hubEnsemble,WIS,28.305303981719,0.0031246265487641814,12,6,0.36945511957838223
2025-11-26,ILI incidence,2025-12-14,4,CZ,respicast,quantileBaseline,WIS,28.3666747826087,0.0,12,7,0.3680045033896111
2025-11-26,ILI incidence,2025-12-14,4,CZ,safinea,PRFM,WIS,40.5367631218312,-0.5150338496201428,12,11,0.0803412024758801
2025-11-26,ILI incidence,2025-12-14,4,EE,ECDC,SARIMA,WIS,141.255938599621,0.11189025401368315,13,8,0.32161583640404495
2025-11-26,ILI incidence,2025-12-14,4,EE,ECDC,soca_simplex,WIS,108.450277236637,0.49316803471299436,13,3,0.5876754496062161
2025-11-26,ILI incidence,2025-12-14,4,EE,ISI,FluABCaster,WIS,177.624809151706,-0.21863132361242862,13,12,0.026657977617947616
2025-11-26,ILI incidence,2025-12-14,4,EE,ISI,FluBcast,WIS,57.6098681679196,1.4058139142294401,13,1,1.0
2025-11-26,ILI incidence,2025-12-14,4,EE,ItaLuxColab,EpiEKF,WIS,122.074514174872,0.32243973932623116,13,6,0.47718052100673924
2025-11-26,ILI incidence,2025-12-14,4,EE,ItaLuxColab,EpiNetEKF,WIS,141.001841596108,0.11448777026742317,13,7,0.32367660724851827
2025-11-26,ILI incidence,2025-12-14,4,EE,QMUL,ARIMA,WIS,154.230363052245,-0.014885038215441024,13,11,0.2163909999591704
2025-11-26,ILI incidence,2025-12-14,4,EE,QMUL,SEIR,WIS,153.254700757347,-0.005729550394636557,13,10,0.2243037906791711
2025-11-26,ILI incidence,2025-12-14,4,EE,QMUL,SEIR_agumented,WIS,180.911788997429,-0.24508464753506126,13,13,0.0
2025-11-26,ILI incidence,2025-12-14,4,EE,RIVM,KFdlm,WIS,86.7625040498995,0.8150581794584448,13,2,0.7635670581134782
2025-11-26,ILI incidence,2025-12-14,4,EE,respicast,hubEnsemble,WIS,119.830572755909,0.34920574128556264,13,4,0.49537927576957624
2025-11-26,ILI incidence,2025-12-14,4,EE,respicast,quantileBaseline,WIS,152.647268695652,0.0,13,9,0.22923017023277834
2025-11-26,ILI incidence,2025-12-14,4,EE,safinea,PRFM,WIS,121.294108078706,0.33169230322306154,13,5,0.4835097500318496
2025-11-26,ILI incidence,2025-12-14,4,ES,ECDC,SARIMA,WIS,129.202904143783,0.07083468554978777,13,11,0.14280342307698288
2025-11-26,ILI incidence,2025-12-14,4,ES,ECDC,soca_simplex,WIS,117.67203894747,0.2057016338840551,13,9,0.2589753142633941
2025-11-26,ILI incidence,2025-12-14,4,ES,ISI,FluABCaster,WIS,87.5146955798928,0.6328759823608058,13,4,0.5628064277595125
2025-11-26,ILI incidence,2025-12-14,4,ES,ISI,FluBcast,WIS,100.365423406721,0.43521084765412565,13,5,0.4333371009268802
2025-11-26,ILI incidence,2025-12-14,4,ES,ItaLuxColab,EpiEKF,WIS,77.4349855444974,0.8094157477802267,13,2,0.6643581289967235
2025-11-26,ILI incidence,2025-12-14,4,ES,ItaLuxColab,EpiNetEKF,WIS,120.998611701003,0.16548268938419325,13,10,0.22546054834013232
2025-11-26,ILI incidence,2025-12-14,4,ES,QMUL,ARIMA,WIS,143.377133419525,-0.07934176941680449,13,13,0.0
2025-11-26,ILI incidence,2025-12-14,4,ES,QMUL,SEIR,WIS,106.115737555518,0.3548345521238763,13,6,0.37540347164507004
2025-11-26,ILI incidence,2025-12-14,4,ES,QMUL,SEIR_agumented,WIS,115.463296591206,0.2330388625467176,13,8,0.2812280916831461
2025-11-26,ILI incidence,2025-12-14,4,ES,RIVM,KFdlm,WIS,83.5559465454467,0.6996587725696074,13,3,0.6026902833275262
2025-11-26,ILI incidence,2025-12-14,4,ES,respicast,hubEnsemble,WIS,111.548430082912,0.28280297452639624,13,7,0.3206698367966244
2025-11-26,ILI incidence,2025-12-14,4,ES,respicast,quantileBaseline,WIS,135.704934782609,0.0,13,12,0.07729635287847512
2025-11-26,ILI incidence,2025-12-14,4,ES,safinea,PRFM,WIS,44.1202040663616,1.620961815099427,13,1,1.0
2025-11-26,ILI incidence,2025-12-14,4,FI,ItaLuxColab,EpiEKF,WIS,40.4853725695372,0.4359567063768437,6,1,1.0
2025-11-26,ILI incidence,2025-12-14,4,FI,ItaLuxColab,EpiNetEKF,WIS,48.5174994752843,0.17485226259771133,6,4,0.7760519152430179
2025-11-26,ILI incidence,2025-12-14,4,FI,RIVM,KFdlm,WIS,42.9410906521392,0.35099862608447613,6,2,0.9315307928080285
2025-11-26,ILI incidence,2025-12-14,4,FI,respicast,hubEnsemble,WIS,44.4139840148631,0.3023434709985938,6,3,0.8904642544547471
2025-11-26,ILI incidence,2025-12-14,4,FI,respicast,quantileBaseline,WIS,54.7689210869565,0.0,6,5,0.601752640172964
2025-11-26,ILI incidence,2025-12-14,4,FI,safinea,PRFM,WIS,76.351394440022,-0.479297045386093,6,6,0.0
2025-11-26,ILI incidence,2025-12-14,4,FR,ECDC,SARIMA,WIS,138.409221664035,0.025956258201489925,11,7,0.4919614692549232
2025-11-26,ILI incidence,2025-12-14,4,FR,ECDC,soca_simplex,WIS,205.16556214276,-0.5418922636592988,11,11,0.0
2025-11-26,ILI incidence,2025-12-14,4,FR,ISI,FluABCaster,WIS,190.504628351477,-0.43492972323968965,11,10,0.10804388732044654
2025-11-26,ILI incidence,2025-12-14,4,FR,ItaLuxColab,EpiEKF,WIS,110.350178713403,0.35280735941434643,11,3,0.6987428460782854
2025-11-26,ILI incidence,2025-12-14,4,FR,ItaLuxColab,EpiNetEKF,WIS,131.941943298254,0.09499306667283292,11,5,0.5396221370520768
2025-11-26,ILI incidence,2025-12-14,4,FR,QMUL,ARIMA,WIS,145.950881827365,-0.05058660205699609,11,9,0.4363831348530308
2025-11-26,ILI incidence,2025-12-14,4,FR,QMUL,SEIR,WIS,69.4713164535038,1.0204069843018093,11,1,1.0
2025-11-26,ILI incidence,2025-12-14,4,FR,RIVM,KFdlm,WIS,125.779711584328,0.1639970929218522,11,4,0.5850347607239582
2025-11-26,ILI incidence,2025-12-14,4,FR,respicast,hubEnsemble,WIS,134.453539488793,0.0677885908443898,11,6,0.5211129056710303
2025-11-26,ILI incidence,2025-12-14,4,FR,respicast,quantileBaseline,WIS,140.92194826087,0.0,11,8,0.4734439073342118
2025-11-26,ILI incidence,2025-12-14,4,FR,safinea,PRFM,WIS,94.2826128196069,0.579832680359874,11,2,0.8171529217022091
2025-11-26,ILI incidence,2025-12-14,4,GB-WLS,ItaLuxColab,EpiEKF,WIS,7.62338589870551,0.6178949600847987,3,1,1.0
2025-11-26,ILI incidence,2025-12-14,4,GB-WLS,respicast,hubEnsemble,WIS,7.62338589870551,0.6178949600847987,3,1,1.0
2025-11-26,ILI incidence,2025-12-14,4,GB-WLS,respicast,quantileBaseline,WIS,11.6991099251253,0.0,3,3,0.0
2025-11-26,ILI incidence,2025-12-14,4,GR,ECDC,SARIMA,WIS,121.749673067424,0.046468585224188154,17,7,0.7278721230981902
2025-11-26,ILI incidence,2025-12-14,4,GR,ECDC,soca_simplex,WIS,99.6969424204216,0.33476531871372944,17,3,0.8451635562962649
2025-11-26,ILI incidence,2025-12-14,4,GR,ISI,FluABCaster,WIS,208.357601076386,-0.7286752483491867,17,16,0.2672322066591955
2025-11-26,ILI incidence,2025-12-14,4,GR,ISI,FluBcast,WIS,113.936842336605,0.14215215468942366,17,6,0.7694260752331964
2025-11-26,ILI incidence,2025-12-14,4,GR,ItaLuxColab,EpiEKF,WIS,136.420184131137,-0.11767063148532031,17,11,0.649844358829233
2025-11-26,ILI incidence,2025-12-14,4,GR,ItaLuxColab,EpiNetEKF,WIS,128.773210873843,-0.0344460124530701,17,9,0.6905161680184175
2025-11-26,ILI incidence,2025-12-14,4,GR,MRC_GIDA,NBEATS,WIS,198.911921595332,-0.6617432618175342,17,15,0.31747075995205354
2025-11-26,ILI incidence,2025-12-14,4,GR,MRC_GIDA,NHiTS,WIS,148.517104874607,-0.24024261384399642,17,12,0.5855046997640195
2025-11-26,ILI incidence,2025-12-14,4,GR,MRC_GIDA,Prophet,WIS,84.6890974309474,0.5701383242234291,17,2,0.9249854920105729
2025-11-26,ILI incidence,2025-12-14,4,GR,MRC_GIDA,TiDE,WIS,135.574355679659,-0.1086978304374208,17,10,0.6543430503020302
2025-11-26,ILI incidence,2025-12-14,4,GR,QMUL,ARIMA,WIS,70.5851284180136,0.8329503243085028,17,1,1.0
2025-11-26,ILI incidence,2025-12-14,4,GR,QMUL,SEIR,WIS,197.170831250838,-0.6490596568554756,17,14,0.32673106358981585
2025-11-26,ILI incidence,2025-12-14,4,GR,QMUL,SEIR_agumented,WIS,172.669714806196,-0.4576285818302371,17,13,0.4570446791118741
2025-11-26,ILI incidence,2025-12-14,4,GR,RIVM,KFdlm,WIS,101.903575476238,0.30318181146239553,17,4,0.8334271796179358
2025-11-26,ILI incidence,2025-12-14,4,GR,respicast,hubEnsemble,WIS,106.435082116818,0.2404127268818156,17,5,0.8093255426402736
2025-11-26,ILI incidence,2025-12-14,4,GR,respicast,quantileBaseline,WIS,125.735016086957,0.0,17,8,0.7066753560388461
2025-11-26,ILI incidence,2025-12-14,4,GR,safinea,PRFM,WIS,258.601678695484,-1.0403451568472413,17,17,0.0
2025-11-26,ILI incidence,2025-12-14,4,HR,ECDC,SARIMA,WIS,147.669233693128,0.01882476174504653,13,9,0.09853273901035112
2025-11-26,ILI incidence,2025-12-14,4,HR,ECDC,soca_simplex,WIS,113.850043877321,0.3940591918074127,13,6,0.4401426760850297
2025-11-26,ILI incidence,2025-12-14,4,HR,ISI,FluABCaster,WIS,86.7015971049909,0.787063565018845,13,3,0.714370983861824
2025-11-26,ILI incidence,2025-12-14,4,HR,ISI,FluBcast,WIS,100.604700588178,0.5724963250335713,13,4,0.5739347897394438
2025-11-26,ILI incidence,2025-12-14,4,HR,ItaLuxColab,EpiEKF,WIS,106.343008065696,0.492468858465431,13,5,0.5159717555276113
2025-11-26,ILI incidence,2025-12-14,4,HR,ItaLuxColab,EpiNetEKF,WIS,138.841871786144,0.1077513192967003,13,8,0.1876985221649428
2025-11-26,ILI incidence,2025-12-14,4,HR,QMUL,ARIMA,WIS,157.423918911591,-0.07346072057301586,13,13,0.0
2025-11-26,ILI incidence,2025-12-14,4,HR,QMUL,SEIR,WIS,86.2893467513165,0.7939396783398094,13,2,0.7185351527299941
2025-11-26,ILI incidence,2025-12-14,4,HR,QMUL,SEIR_agumented,WIS,151.513374656033,-0.01825111215196266,13,12,0.05970280962421361
2025-11-26,ILI incidence,2025-12-14,4,HR,RIVM,KFdlm,WIS,58.4244866778212,1.3565489807473219,13,1,1.0
2025-11-26,ILI incidence,2025-12-14,4,HR,respicast,hubEnsemble,WIS,121.42523811415,0.30112572380999764,13,7,0.363625123752593
2025-11-26,ILI incidence,2025-12-14,4,HR,respicast,quantileBaseline,WIS,149.608696521739,0.0,13,11,0.07894209303541969
2025-11-26,ILI incidence,2025-12-14,4,HR,safinea,PRFM,WIS,148.318052673008,0.012499831809935072,13,10,0.09197897435493453
2025-11-26,ILI incidence,2025-12-14,4,HU,ECDC,SARIMA,WIS,83.0870672512299,0.3950902130968212,13,4,0.7965277674266521
2025-11-26,ILI incidence,2025-12-14,4,HU,ECDC,soca_simplex,WIS,242.650236713448,-1.1510922145878948,13,12,0.1769633873320458
2025-11-26,ILI incidence,2025-12-14,4,HU,ISI,FluABCaster,WIS,139.231254739701,-0.3496970519277249,13,11,0.578526715965673
2025-11-26,ILI incidence,2025-12-14,4,HU,ISI,FluBcast,WIS,64.24395011184,0.7661535464830623,13,2,0.8696932994780852
2025-11-26,ILI incidence,2025-12-14,4,HU,ItaLuxColab,EpiEKF,WIS,89.6436817938224,0.2855122441922551,13,5,0.7710692306083391
2025-11-26,ILI incidence,2025-12-14,4,HU,ItaLuxColab,EpiNetEKF,WIS,91.9315093898036,0.24915471991852112,13,6,0.7621858743109885
2025-11-26,ILI incidence,2025-12-14,4,HU,QMUL,ARIMA,WIS,134.585571477751,-0.3007376982449336,13,10,0.5965653390389473
2025-11-26,ILI incidence,2025-12-14,4,HU,QMUL,SEIR,WIS,30.6846448879569,1.8321972604737844,13,1,1.0
2025-11-26,ILI incidence,2025-12-14,4,HU,QMUL,SEIR_agumented,WIS,83.0272466153154,0.3961292919877194,13,3,0.796760043680202
2025-11-26,ILI incidence,2025-12-14,4,HU,RIVM,KFdlm,WIS,122.616914273397,-0.1663719510364993,13,9,0.6430381792712682
2025-11-26,ILI incidence,2025-12-14,4,HU,respicast,hubEnsemble,WIS,92.1938645841941,0.2450434039615713,13,7,0.7611671810002137
2025-11-26,ILI incidence,2025-12-14,4,HU,respicast,quantileBaseline,WIS,109.261569565217,0.0,13,8,0.6948953584245852
2025-11-26,ILI incidence,2025-12-14,4,HU,safinea,PRFM,WIS,288.225547155213,-1.399412162963518,13,13,0.0
2025-11-26,ILI incidence,2025-12-14,4,IE,ECDC,SARIMA,WIS,82.1113189339567,0.043490959828142634,15,9,0.20816795764799992
2025-11-26,ILI incidence,2025-12-14,4,IE,ECDC,soca_simplex,WIS,89.5254865929694,-0.08122638587384674,15,12,0.09315317707838727
2025-11-26,ILI incidence,2025-12-14,4,IE,ISI,FluABCaster,WIS,31.0676574958262,1.4456586028700382,15,1,1.0
2025-11-26,ILI incidence,2025-12-14,4,IE,ISI,FluBcast,WIS,52.2933209027729,0.694445377226279,15,2,0.6707297256453574
2025-11-26,ILI incidence,2025-12-14,4,IE,ItaLuxColab,EpiEKF,WIS,61.0953264446483,0.47001004540094565,15,3,0.5341856410587779
2025-11-26,ILI incidence,2025-12-14,4,IE,ItaLuxColab,EpiNetEKF,WIS,79.8823364064074,0.08319553960954647,15,6,0.24274580213307065
2025-11-26,ILI incidence,2025-12-14,4,IE,MRC_GIDA,NBEATS,WIS,95.5303954351929,-0.17488776736973158,15,15,0.0
2025-11-26,ILI incidence,2025-12-14,4,IE,MRC_GIDA,NHiTS,WIS,89.6423378493759,-0.08310820536421527,15,13,0.09134048248703412
2025-11-26,ILI incidence,2025-12-14,4,IE,MRC_GIDA,Prophet,WIS,82.1017155937461,0.04365970028596834,15,8,0.20831693270735313
2025-11-26,ILI incidence,2025-12-14,4,IE,MRC_GIDA,TiDE,WIS,87.5711355700119,-0.04938335059290811,15,11,0.12347070756857136
2025-11-26,ILI incidence,2025-12-14,4,IE,QMUL,SEIR,WIS,71.2742656059762,0.24769080006037333,15,4,0.37628140852521474
2025-11-26,ILI incidence,2025-12-14,4,IE,RIVM,KFdlm,WIS,78.4105086444589,0.1100250505541448,15,5,0.2655780275240073
2025-11-26,ILI incidence,2025-12-14,4,IE,respicast,hubEnsemble,WIS,80.8465163427006,0.06588645944494138,15,7,0.2277886351383939
2025-11-26,ILI incidence,2025-12-14,4,IE,respicast,quantileBaseline,WIS,84.6243043478261,0.0,15,10,0.16918442244300905
2025-11-26,ILI incidence,2025-12-14,4,IE,safinea,PRFM,WIS,90.0817171139002,-0.09016225885755848,15,14,0.08452446320877187
2025-11-26,ILI incidence,2025-12-14,4,IS,ECDC,SARIMA,WIS,29.6695899632094,-0.015324244611653772,15,10,0.1767310751926647
2025-11-26,ILI incidence,2025-12-14,4,IS,ECDC,soca_simplex,WIS,22.9559050464334,0.35479543210590836,15,5,0.411437426126437
2025-11-26,ILI incidence,2025-12-14,4,IS,ISI,FluABCaster,WIS,6.12029894087564,2.2619867171676673,15,1,1.0
2025-11-26,ILI incidence,2025-12-14,4,IS,ISI,FluBcast,WIS,18.070001326967,0.7000641320036275,15,4,0.5822456554706867
2025-11-26,ILI incidence,2025-12-14,4,IS,ItaLuxColab,EpiEKF,WIS,13.883102260346,1.0803307615705797,15,3,0.7286171062963137
2025-11-26,ILI incidence,2025-12-14,4,IS,ItaLuxColab,EpiNetEKF,WIS,28.2112649309628,0.05738938950942239,15,8,0.22771323343168173
2025-11-26,ILI incidence,2025-12-14,4,IS,MRC_GIDA,NBEATS,WIS,34.4687039516471,-0.23162630919139068,15,14,0.008956962182556656
2025-11-26,ILI incidence,2025-12-14,4,IS,MRC_GIDA,NHiTS,WIS,34.3262664553203,-0.22565220492153282,15,13,0.013936490625345074
2025-11-26,ILI incidence,2025-12-14,4,IS,MRC_GIDA,Prophet,WIS,32.896901130067,-0.16429094513411588,15,11,0.06390623508016367
2025-11-26,ILI incidence,2025-12-14,4,IS,MRC_GIDA,TiDE,WIS,34.7249144106565,-0.24231039413213143,15,15,0.0
2025-11-26,ILI incidence,2025-12-14,4,IS,QMUL,ARIMA,WIS,34.0479451120166,-0.21390698606480696,15,12,0.02366643590629921
2025-11-26,ILI incidence,2025-12-14,4,IS,RIVM,KFdlm,WIS,10.4318568574656,1.4926647655231202,15,2,0.849270551420456
2025-11-26,ILI incidence,2025-12-14,4,IS,respicast,hubEnsemble,WIS,27.9200706780765,0.07235815049725469,15,7,0.23789320782056766
2025-11-26,ILI incidence,2025-12-14,4,IS,respicast,quantileBaseline,WIS,29.3561086956522,0.0,15,9,0.18769019009104101
2025-11-26,ILI incidence,2025-12-14,4,IS,safinea,PRFM,WIS,23.9267950814217,0.29503357877362896,15,6,0.3774956996238035
2025-11-26,ILI incidence,2025-12-14,4,LT,ECDC,soca_simplex,WIS,379.460470525277,-0.02103420870005745,9,9,0.0
2025-11-26,ILI incidence,2025-12-14,4,LT,ISI,FluABCaster,WIS,367.468562086021,0.025294566303048386,9,7,0.12764255376400582
2025-11-26,ILI incidence,2025-12-14,4,LT,ISI,FluBcast,WIS,347.281069642901,0.10681162384665142,9,4,0.3425193686249498
2025-11-26,ILI incidence,2025-12-14,4,LT,ItaLuxColab,EpiEKF,WIS,303.637094966626,0.30056734134800506,9,2,0.8070683111314653
2025-11-26,ILI incidence,2025-12-14,4,LT,ItaLuxColab,EpiNetEKF,WIS,354.892290106113,0.07553416236593924,9,6,0.26150510620738954
2025-11-26,ILI incidence,2025-12-14,4,LT,RIVM,KFdlm,WIS,285.511328286808,0.38936740632221195,9,1,1.0
2025-11-26,ILI incidence,2025-12-14,4,LT,respicast,hubEnsemble,WIS,351.781225116945,0.0882369082074835,9,5,0.29461945845204635
2025-11-26,ILI incidence,2025-12-14,4,LT,respicast,quantileBaseline,WIS,373.968147608696,0.0,9,8,0.05846059671987203
2025-11-26,ILI incidence,2025-12-14,4,LT,safinea,PRFM,WIS,333.923663473025,0.1633970616396944,9,3,0.4846963577024148
2025-11-26,ILI incidence,2025-12-14,4,LU,ECDC,SARIMA,WIS,952.148120788425,0.4034198712484798,16,5,0.9991838852986229
2025-11-26,ILI incidence,2025-12-14,4,LU,ECDC,soca_simplex,WIS,1260.87437026209,-0.0017467370189511962,16,10,0.9986941464902668
2025-11-26,ILI incidence,2025-12-14,4,LU,ISI,FluABCaster,WIS,860.70853492022,0.5490811200035006,16,3,0.9993289377970612
2025-11-26,ILI incidence,2025-12-14,4,LU,ItaLuxColab,EpiEKF,WIS,1089.49032708717,0.20902441229310115,16,7,0.9989660165279421
2025-11-26,ILI incidence,2025-12-14,4,LU,ItaLuxColab,EpiNetEKF,WIS,1169.722548368,0.10651142879513169,16,8,0.9988387425027859
2025-11-26,ILI incidence,2025-12-14,4,LU,MRC_GIDA,NBEATS,WIS,2782.60746293202,-1.1437596048121543,16,15,0.99628018994232
2025-11-26,ILI incidence,2025-12-14,4,LU,MRC_GIDA,NHiTS,WIS,1721.37916735609,-0.4508871141164157,16,14,0.9979636382456473
2025-11-26,ILI incidence,2025-12-14,4,LU,MRC_GIDA,Prophet,WIS,1513.23979179534,-0.2649628187619084,16,11,0.9982938140241333
2025-11-26,ILI incidence,2025-12-14,4,LU,MRC_GIDA,TiDE,WIS,934.645912878156,0.4301859860274028,16,4,0.999211649411523
2025-11-26,ILI incidence,2025-12-14,4,LU,QMUL,ARIMA,WIS,830.772747081351,0.6001520045339609,16,2,0.9993764255538956
2025-11-26,ILI incidence,2025-12-14,4,LU,QMUL,SEIR,WIS,1616.58756018819,-0.36027385112101773,16,13,0.9981298713304841
2025-11-26,ILI incidence,2025-12-14,4,LU,QMUL,SEIR_agumented,WIS,1552.47471254763,-0.30189196932460366,16,12,0.9982315748612247
2025-11-26,ILI incidence,2025-12-14,4,LU,RIVM,KFdlm,WIS,630827.273758264,-8.968423426032837,16,16,0.0
2025-11-26,ILI incidence,2025-12-14,4,LU,respicast,hubEnsemble,WIS,999.278521140286,0.33371904964208465,16,6,0.9991091213738026
2025-11-26,ILI incidence,2025-12-14,4,LU,respicast,quantileBaseline,WIS,1259.34869565217,0.0,16,9,0.9986965666993247
2025-11-26,ILI incidence,2025-12-14,4,LU,safinea,PRFM,WIS,437.677904016608,1.524736342923437,16,1,1.0
2025-11-26,ILI incidence,2025-12-14,4,LV,ECDC,soca_simplex,WIS,469.765927908151,0.37459236806658214,9,2,0.7256640409874812
2025-11-26,ILI incidence,2025-12-14,4,LV,ISI,FluABCaster,WIS,643.612236337524,-0.07965730816435353,9,9,0.0
2025-11-26,ILI incidence,2025-12-14,4,LV,ISI,FluBcast,WIS,602.370408455083,0.015883547514249537,9,7,0.1721503996792708
2025-11-26,ILI incidence,2025-12-14,4,LV,ItaLuxColab,EpiEKF,WIS,491.889015496074,0.3082016084190351,9,5,0.6333185130138786
2025-11-26,ILI incidence,2025-12-14,4,LV,ItaLuxColab,EpiNetEKF,WIS,579.834081738706,0.07089431138946277,9,6,0.26622085801554396
2025-11-26,ILI incidence,2025-12-14,4,LV,RIVM,KFdlm,WIS,404.043650035792,0.592023286607167,9,1,1.0
2025-11-26,ILI incidence,2025-12-14,4,LV,respicast,hubEnsemble,WIS,491.419631994357,0.30957895276226904,9,4,0.635277799533714
2025-11-26,ILI incidence,2025-12-14,4,LV,respicast,quantileBaseline,WIS,609.038929130435,0.0,9,8,0.14431486089559578
2025-11-26,ILI incidence,2025-12-14,4,LV,safinea,PRFM,WIS,479.725348434622,0.34432577383559093,9,3,0.684091726853076
2025-11-26,ILI incidence,2025-12-14,4,MT,ECDC,SARIMA,WIS,3406.00423121084,-0.2501993152579823,10,3,0.7698608532831546
2025-11-26,ILI incidence,2025-12-14,4,MT,ECDC,soca_simplex,WIS,5260.37475505376,-0.8772846704163108,10,9,0.3273470875546124
2025-11-26,ILI incidence,2025-12-14,4,MT,ISI,FluABCaster,WIS,5188.70023355067,-0.8574922775644315,10,8,0.34445098454246714
2025-11-26,ILI incidence,2025-12-14,4,MT,ItaLuxColab,EpiEKF,WIS,3932.3183768211,-0.45749922099654716,10,4,0.6442649966107018
2025-11-26,ILI incidence,2025-12-14,4,MT,ItaLuxColab,EpiNetEKF,WIS,4811.62122509285,-0.7486421648149441,10,6,0.4344344316822845
2025-11-26,ILI incidence,2025-12-14,4,MT,QMUL,ARIMA,WIS,5161.3231291231,-0.8498600426363484,10,7,0.35098406162669593
2025-11-26,ILI incidence,2025-12-14,4,MT,RIVM,KFdlm,WIS,2441.59750964486,0.2300555162099366,10,1,1.0
2025-11-26,ILI incidence,2025-12-14,4,MT,respicast,hubEnsemble,WIS,4602.18402917161,-0.684437762285062,10,5,0.48441303145999814
2025-11-26,ILI incidence,2025-12-14,4,MT,respicast,quantileBaseline,WIS,2863.70108695652,0.0,10,2,0.8992722106385823
2025-11-26,ILI incidence,2025-12-14,4,MT,safinea,PRFM,WIS,6632.13499674413,-1.211592461120233,10,10,0.0
2025-11-26,ILI incidence,2025-12-14,4,NL,ECDC,SARIMA,WIS,7.95402152794499,0.09872808500621222,17,10,0.7366030365666061
2025-11-26,ILI incidence,2025-12-14,4,NL,ECDC,soca_simplex,WIS,5.46583462404355,0.6399707419776351,17,5,0.8357649527929608
2025-11-26,ILI incidence,2025-12-14,4,NL,ISI,FluABCaster,WIS,8.15495748545294,0.06273519617835027,17,11,0.7285951194145533
2025-11-26,ILI incidence,2025-12-14,4,NL,ISI,FluBcast,WIS,5.59087519967399,0.6073384105997781,17,6,0.8307817005034647
2025-11-26,ILI incidence,2025-12-14,4,NL,ItaLuxColab,EpiEKF,WIS,6.80071564865061,0.3247259807460857,17,8,0.782565830119868
2025-11-26,ILI incidence,2025-12-14,4,NL,ItaLuxColab,EpiNetEKF,WIS,7.14069864346929,0.2543473179381809,17,9,0.7690164600151813
2025-11-26,ILI incidence,2025-12-14,4,NL,MRC_GIDA,NBEATS,WIS,17.9483885434781,-1.0753698636756426,17,16,0.3382967103112243
2025-11-26,ILI incidence,2025-12-14,4,NL,MRC_GIDA,NHiTS,WIS,15.173569573687,-0.8330760617158325,17,15,0.44888179770730513
2025-11-26,ILI incidence,2025-12-14,4,NL,MRC_GIDA,Prophet,WIS,2.87044680359266,1.5691372326932198,17,2,0.9391991559160902
2025-11-26,ILI incidence,2025-12-14,4,NL,MRC_GIDA,TiDE,WIS,11.7921819069936,-0.4693462278369525,17,14,0.5836405170011518
2025-11-26,ILI incidence,2025-12-14,4,NL,QMUL,ARIMA,WIS,11.3866664562612,-0.4188609905874442,17,13,0.5998015574322252
2025-11-26,ILI incidence,2025-12-14,4,NL,QMUL,SEIR,WIS,5.0347632511269,0.7584886116715788,17,4,0.8529444754814355
2025-11-26,ILI incidence,2025-12-14,4,NL,QMUL,SEIR_agumented,WIS,1.34482215097496,2.6629971589271686,17,1,1.0
2025-11-26,ILI incidence,2025-12-14,4,NL,RIVM,KFdlm,WIS,6.30949072928053,0.4328889891419204,17,7,0.802142657015989
2025-11-26,ILI incidence,2025-12-14,4,NL,respicast,hubEnsemble,WIS,4.72275485645442,0.8507839002683284,17,3,0.8653789715580443
2025-11-26,ILI incidence,2025-12-14,4,NL,respicast,quantileBaseline,WIS,8.51739673913043,0.0,17,12,0.7141507981885409
2025-11-26,ILI incidence,2025-12-14,4,NL,safinea,PRFM,WIS,26.4369845313561,-1.634073171830128,17,17,0.0
2025-11-26,ILI incidence,2025-12-14,4,NO,ECDC,SARIMA,WIS,86.4382071875603,0.034634365289068096,15,9,0.26954348854470744
2025-11-26,ILI incidence,2025-12-14,4,NO,ECDC,soca_simplex,WIS,104.017047082194,-0.2324445672537915,15,14,0.029566945348113903
2025-11-26,ILI incidence,2025-12-14,4,NO,ISI,FluABCaster,WIS,32.9305689249906,1.4268760780291043,15,1,1.0
2025-11-26,ILI incidence,2025-12-14,4,NO,ISI,FluBcast,WIS,50.827425792094,0.800696349055335,15,2,0.7556820660069398
2025-11-26,ILI incidence,2025-12-14,4,NO,ItaLuxColab,EpiEKF,WIS,51.1406840140312,0.79183205793623,15,3,0.751405639025467
2025-11-26,ILI incidence,2025-12-14,4,NO,ItaLuxColab,EpiNetEKF,WIS,62.4750491981256,0.5030233824870317,15,5,0.5966751907984981
2025-11-26,ILI incidence,2025-12-14,4,NO,MRC_GIDA,NBEATS,WIS,106.182894591807,-0.26217595559161255,15,15,0.0
2025-11-26,ILI incidence,2025-12-14,4,NO,MRC_GIDA,NHiTS,WIS,102.056717782947,-0.2049957294646764,15,13,0.05632827041734689
2025-11-26,ILI incidence,2025-12-14,4,NO,MRC_GIDA,Prophet,WIS,81.0452246772314,0.1275763327028916,15,7,0.34316548567908556
2025-11-26,ILI incidence,2025-12-14,4,NO,MRC_GIDA,TiDE,WIS,94.8271401584266,-0.09899651224356117,15,11,0.15502244235945944
2025-11-26,ILI incidence,2025-12-14,4,NO,QMUL,ARIMA,WIS,95.0563655627406,-0.10247972700135338,15,12,0.15189318465702675
2025-11-26,ILI incidence,2025-12-14,4,NO,RIVM,KFdlm,WIS,51.4294523594873,0.7837087234966411,15,4,0.7474635342140847
2025-11-26,ILI incidence,2025-12-14,4,NO,respicast,hubEnsemble,WIS,81.0556078965802,0.12739151170172058,15,8,0.3430237397446831
2025-11-26,ILI incidence,2025-12-14,4,NO,respicast,quantileBaseline,WIS,88.5384130434783,0.0,15,10,0.24087264653662346
2025-11-26,ILI incidence,2025-12-14,4,NO,safinea,PRFM,WIS,68.4777160572416,0.37066893068124646,15,6,0.5147301220996728
2025-11-26,ILI incidence,2025-12-14,4,PL,ECDC,SARIMA,WIS,75.9957172116004,0.16527911276951393,17,6,0.6508930117993754
2025-11-26,ILI incidence,2025-12-14,4,PL,ECDC,soca_simplex,WIS,161.512412577451,-0.9223759087014496,17,16,0.021918565603962204
2025-11-26,ILI incidence,2025-12-14,4,PL,ISI,FluABCaster,WIS,150.384173472044,-0.8193836101368366,17,15,0.10376665384578822
2025-11-26,ILI incidence,2025-12-14,4,PL,ISI,FluBcast,WIS,28.5303930785957,1.578697605749661,17,1,1.0
2025-11-26,ILI incidence,2025-12-14,4,PL,ItaLuxColab,EpiEKF,WIS,100.43642568248,-0.23701345749989217,17,12,0.47113184341781766
2025-11-26,ILI incidence,2025-12-14,4,PL,ItaLuxColab,EpiNetEKF,WIS,103.29611804519,-0.2775169028256008,17,13,0.450098834454716
2025-11-26,ILI incidence,2025-12-14,4,PL,MRC_GIDA,NBEATS,WIS,98.2719932874932,-0.20558308928955474,17,11,0.48705122221443886
2025-11-26,ILI incidence,2025-12-14,4,PL,MRC_GIDA,NHiTS,WIS,95.7358719819249,-0.1678623704943135,17,10,0.5057043692616902
2025-11-26,ILI incidence,2025-12-14,4,PL,MRC_GIDA,Prophet,WIS,130.035178430542,-0.6096328337921598,17,14,0.2534333105390374
2025-11-26,ILI incidence,2025-12-14,4,PL,MRC_GIDA,TiDE,WIS,42.435855673112,1.005913461459979,17,3,0.8977254605424154
2025-11-26,ILI incidence,2025-12-14,4,PL,QMUL,ARIMA,WIS,74.5779305612169,0.19244846480236596,17,5,0.6613208185502465
2025-11-26,ILI incidence,2025-12-14,4,PL,QMUL,SEIR,WIS,28.8405241058988,1.5630998473266806,17,2,0.997718989370304
2025-11-26,ILI incidence,2025-12-14,4,PL,QMUL,SEIR_agumented,WIS,82.785537707133,0.041818472744992966,17,7,0.6009539494013998
2025-11-26,ILI incidence,2025-12-14,4,PL,RIVM,KFdlm,WIS,86.1871003369302,-0.016274727046461948,17,9,0.5759354899985581
2025-11-26,ILI incidence,2025-12-14,4,PL,respicast,hubEnsemble,WIS,73.5580307805365,0.21231437166457384,17,4,0.6688221713209997
2025-11-26,ILI incidence,2025-12-14,4,PL,respicast,quantileBaseline,WIS,85.2203058695652,0.0,17,8,0.583046253716616
2025-11-26,ILI incidence,2025-12-14,4,PL,safinea,PRFM,WIS,164.492507093132,-0.948752733596598,17,17,0.0
2025-11-26,ILI incidence,2025-12-14,4,RO,ECDC,SARIMA,WIS,10.2150322738805,0.053565768028850186,12,3,0.6421081981320651
2025-11-26,ILI incidence,2025-12-14,4,RO,ECDC,soca_simplex,WIS,16.5359847900866,-0.6413494366461288,12,12,0.0
2025-11-26,ILI incidence,2025-12-14,4,RO,ISI,FluABCaster,WIS,12.8945780973503,-0.2825050395770224,12,9,0.3699089787724503
2025-11-26,ILI incidence,2025-12-14,4,RO,ItaLuxColab,EpiEKF,WIS,9.14528465633501,0.21315954908592705,12,2,0.7507775345014015
2025-11-26,ILI incidence,2025-12-14,4,RO,ItaLuxColab,EpiNetEKF,WIS,12.6386682398756,-0.25358492181784453,12,8,0.3959053483142264
2025-11-26,ILI incidence,2025-12-14,4,RO,QMUL,ARIMA,WIS,11.5291716595049,-0.12102933266003617,12,5,0.5086125468304268
2025-11-26,ILI incidence,2025-12-14,4,RO,QMUL,SEIR,WIS,15.2796711593593,-0.5273539645925982,12,11,0.12762147471394758
2025-11-26,ILI incidence,2025-12-14,4,RO,QMUL,SEIR_agumented,WIS,14.3088244709723,-0.4326456233471844,12,10,0.22624405036917847
2025-11-26,ILI incidence,2025-12-14,4,RO,RIVM,KFdlm,WIS,12.4238956566008,-0.22885808803255037,12,6,0.4177228253639549
2025-11-26,ILI incidence,2025-12-14,4,RO,respicast,hubEnsemble,WIS,12.5361053635542,-0.24182968031881336,12,7,0.4063241045920387
2025-11-26,ILI incidence,2025-12-14,4,RO,respicast,quantileBaseline,WIS,10.6014347826087,0.0,12,4,0.6028558515914058
2025-11-26,ILI incidence,2025-12-14,4,RO,safinea,PRFM,WIS,6.69192340822889,0.6637666918746763,12,1,1.0
2025-11-26,ILI incidence,2025-12-14,4,SI,ECDC,SARIMA,WIS,477.089555223709,-0.0045058451836674195,17,7,0.2633935789613718
2025-11-26,ILI incidence,2025-12-14,4,SI,ECDC,soca_simplex,WIS,497.437204928496,-0.06476015839134276,17,12,0.10603714331513311
2025-11-26,ILI incidence,2025-12-14,4,SI,ISI,FluABCaster,WIS,481.322602969108,-0.01724991703031355,17,8,0.23065774387474614
2025-11-26,ILI incidence,2025-12-14,4,SI,ISI,FluBcast,WIS,466.101954640043,0.029108694041618026,17,4,0.3483650468819865
2025-11-26,ILI incidence,2025-12-14,4,SI,ItaLuxColab,EpiEKF,WIS,435.561505478732,0.12687780136004012,17,2,0.5845464384816493
2025-11-26,ILI incidence,2025-12-14,4,SI,ItaLuxColab,EpiNetEKF,WIS,460.456837236888,0.04668833113588941,17,3,0.39202097600661845
2025-11-26,ILI incidence,2025-12-14,4,SI,MRC_GIDA,NBEATS,WIS,511.148793139119,-0.10398905740460218,17,17,0.0
2025-11-26,ILI incidence,2025-12-14,4,SI,MRC_GIDA,NHiTS,WIS,508.189191155383,-0.09561143355655878,17,15,0.022887774551311812
2025-11-26,ILI incidence,2025-12-14,4,SI,MRC_GIDA,Prophet,WIS,470.962181276119,0.014143042335136349,17,5,0.3107789889843069
2025-11-26,ILI incidence,2025-12-14,4,SI,MRC_GIDA,TiDE,WIS,498.65017987904,-0.0682738135938065,17,13,0.09665672751699411
2025-11-26,ILI incidence,2025-12-14,4,SI,QMUL,ARIMA,WIS,483.246680718022,-0.023005566013434415,17,9,0.21577808844190688
2025-11-26,ILI incidence,2025-12-14,4,SI,QMUL,SEIR,WIS,505.989118026066,-0.08935210116211169,17,14,0.039901811593090745
2025-11-26,ILI incidence,2025-12-14,4,SI,QMUL,SEIR_agumented,WIS,488.642922525933,-0.039026338891082896,17,11,0.1740468128844
2025-11-26,ILI incidence,2025-12-14,4,SI,RIVM,KFdlm,WIS,381.839498471746,0.3167879104094586,17,1,1.0
2025-11-26,ILI incidence,2025-12-14,4,SI,respicast,hubEnsemble,WIS,486.228292058514,-0.03187958458626693,17,10,0.1927201068160561
2025-11-26,ILI incidence,2025-12-14,4,SI,respicast,quantileBaseline,WIS,475.601826956522,0.0,17,6,0.27489877099736515
2025-11-26,ILI incidence,2025-12-14,4,SI,safinea,PRFM,WIS,508.681861447556,-0.09700939456863943,17,16,0.019077760016468805
2025-12-03,ILI incidence,2025-11-30,1,AT,ECDC,soca_simplex,WIS,187.614468722236,1.3442346376198586,11,1,1.0
2025-12-03,ILI incidence,2025-11-30,1,AT,ISI,FluABCaster,WIS,561.135249219642,-0.23634281283007194,11,10,0.7671374352360896
2025-12-03,ILI incidence,2025-11-30,1,AT,ISI,FluBcast,WIS,420.635467940352,0.17943522649370122,11,6,0.8547286513764486
2025-12-03,ILI incidence,2025-11-30,1,AT,ISI,GLEAM,WIS,1791.65409130435,-1.9112144932417947,11,11,0.0
2025-12-03,ILI incidence,2025-11-30,1,AT,ItaLuxColab,EpiEKF,WIS,524.488379710498,-0.13890507996873525,11,9,0.7899840463753777
2025-12-03,ILI incidence,2025-11-30,1,AT,ItaLuxColab,EpiNetEKF,WIS,406.577173327379,0.22847651011097347,11,4,0.8634929577034598
2025-12-03,ILI incidence,2025-11-30,1,AT,NotreDame,Rt_cocirc,WIS,478.213684782609,-0.005649685871570476,11,8,0.8188328941696721
2025-12-03,ILI incidence,2025-11-30,1,AT,RIVM,KFdlm,WIS,415.225200120481,0.19811172572005553,11,5,0.8581015529829326
2025-12-03,ILI incidence,2025-11-30,1,AT,respicast,hubEnsemble,WIS,390.001865717257,0.2885247039397648,11,3,0.8738264353662122
2025-12-03,ILI incidence,2025-11-30,1,AT,respicast,quantileBaseline,WIS,476.344631521739,0.0,11,7,0.8199981105611858
2025-12-03,ILI incidence,2025-11-30,1,AT,safinea,PRFM,WIS,215.420292795331,1.1448515700720856,11,2,0.9826651264210454
2025-12-03,ILI incidence,2025-11-30,1,BE,ECDC,SARIMA,WIS,18.5684092277451,-0.781377574433906,19,14,0.7520586254873491
2025-12-03,ILI incidence,2025-11-30,1,BE,ECDC,soca_simplex,WIS,5.5951012582321,0.9492365032039174,19,4,0.9507603325445754
2025-12-03,ILI incidence,2025-11-30,1,BE,ISI,FluABCaster,WIS,2.38022515235318,2.1823026953765083,19,1,1.0
2025-12-03,ILI incidence,2025-11-30,1,BE,ISI,FluBcast,WIS,10.8281774690721,-0.0033177888405318797,19,9,0.870609519914672
2025-12-03,ILI incidence,2025-11-30,1,BE,ISI,GLEAM,WIS,4.95219130434782,1.125333696757057,19,2,0.9606072663891347
2025-12-03,ILI incidence,2025-11-30,1,BE,ItaLuxColab,EpiEKF,WIS,9.92362751194274,0.12253316003889252,19,7,0.8844637829154826
2025-12-03,ILI incidence,2025-11-30,1,BE,ItaLuxColab,EpiNetEKF,WIS,8.9200982546454,0.27634114256341896,19,6,0.899834032120654
2025-12-03,ILI incidence,2025-11-30,1,BE,MRC_GIDA,NBEATS,WIS,5.23930587011167,1.04402505519761,19,3,0.9562097638807276
2025-12-03,ILI incidence,2025-11-30,1,BE,MRC_GIDA,NHiTS,WIS,21.1388710323977,-0.9684256793399367,19,15,0.7126889327528412
2025-12-03,ILI incidence,2025-11-30,1,BE,MRC_GIDA,Prophet,WIS,56.7328934299864,-2.3927127955086074,19,17,0.1675239657255831
2025-12-03,ILI incidence,2025-11-30,1,BE,MRC_GIDA,TiDE,WIS,21.3755051792998,-0.9844858672655893,19,16,0.7090645981538343
2025-12-03,ILI incidence,2025-11-30,1,BE,NotreDame,Rt_cocirc,WIS,57.6178152173913,-2.415042307509174,19,18,0.1539703315882685
2025-12-03,ILI incidence,2025-11-30,1,BE,QMUL,ARIMA,WIS,15.8259093027398,-0.5508157452119365,19,12,0.7940632875198441
2025-12-03,ILI incidence,2025-11-30,1,BE,QMUL,SEIR,WIS,67.6705951328017,-2.6470564273080948,19,19,0.0
2025-12-03,ILI incidence,2025-11-30,1,BE,QMUL,SEIR_agumented,WIS,16.1001088676788,-0.5755977946073495,19,13,0.789863593674931
2025-12-03,ILI incidence,2025-11-30,1,BE,RIVM,KFdlm,WIS,11.29035598036,-0.06361832526274729,19,10,0.8635307039816899
2025-12-03,ILI incidence,2025-11-30,1,BE,respicast,hubEnsemble,WIS,8.2418851137218,0.3904263904740845,19,5,0.9102216764413508
2025-12-03,ILI incidence,2025-11-30,1,BE,respicast,quantileBaseline,WIS,10.8033043478261,0.0,19,8,0.8709904814753654
2025-12-03,ILI incidence,2025-11-30,1,BE,safinea,PRFM,WIS,14.9988745860371,-0.4733816055607829,19,11,0.8067303120282112
2025-12-03,ILI incidence,2025-11-30,1,CZ,ECDC,SARIMA,WIS,2.98028462724568,0.0586986459453555,14,7,0.7752904236293998
2025-12-03,ILI incidence,2025-11-30,1,CZ,ECDC,soca_simplex,WIS,3.25102228133727,-0.06674467831438037,14,10,0.7346527645560675
2025-12-03,ILI incidence,2025-11-30,1,CZ,ISI,FluABCaster,WIS,3.58812542577827,-0.2090815562306745,14,12,0.6840536607767783
2025-12-03,ILI incidence,2025-11-30,1,CZ,ISI,GLEAM,WIS,3.30000869565217,-0.08832106057341987,14,11,0.7272999151312864
2025-12-03,ILI incidence,2025-11-30,1,CZ,ItaLuxColab,EpiEKF,WIS,2.3213828830721,0.4191642686496263,14,5,0.8741914225775981
2025-12-03,ILI incidence,2025-11-30,1,CZ,ItaLuxColab,EpiNetEKF,WIS,1.48321651491402,1.065419552568526,14,1,1.0
2025-12-03,ILI incidence,2025-11-30,1,CZ,NotreDame,Rt_cocirc,WIS,2.14691956521739,0.5318806241175652,14,4,0.9003783261155289
2025-12-03,ILI incidence,2025-11-30,1,CZ,QMUL,ARIMA,WIS,2.1459508158243,0.5325317548738867,14,3,0.900523735174701
2025-12-03,ILI incidence,2025-11-30,1,CZ,QMUL,SEIR,WIS,8.14545199464558,-1.3918459912816958,14,14,0.0
2025-12-03,ILI incidence,2025-11-30,1,CZ,QMUL,SEIR_agumented,WIS,3.11472698508679,-0.004956946898409472,14,9,0.7551106569054343
2025-12-03,ILI incidence,2025-11-30,1,CZ,RIVM,KFdlm,WIS,2.75297326541078,0.17315816571478468,14,6,0.8094098063090495
2025-12-03,ILI incidence,2025-11-30,1,CZ,respicast,hubEnsemble,WIS,1.95747289246597,0.665156436578125,14,2,0.9288142277476119
2025-12-03,ILI incidence,2025-11-30,1,CZ,respicast,quantileBaseline,WIS,3.10404347826087,0.0,14,8,0.7567142488016413
2025-12-03,ILI incidence,2025-11-30,1,CZ,safinea,PRFM,WIS,6.52353371083729,-1.0715048993138572,14,13,0.24344955814645586
2025-12-03,ILI incidence,2025-11-30,1,EE,ECDC,SARIMA,WIS,25.1061247678515,0.4812677036048427,15,2,0.8994670609585442
2025-12-03,ILI incidence,2025-11-30,1,EE,ECDC,soca_simplex,WIS,33.1719099489036,0.0793449825719576,15,5,0.743305377580393
2025-12-03,ILI incidence,2025-11-30,1,EE,ISI,FluABCaster,WIS,71.0420125259811,-1.0193653883338891,15,14,0.010102244172830004
2025-12-03,ILI incidence,2025-11-30,1,EE,ISI,FluBcast,WIS,38.7139114121827,-0.1435450123342764,15,9,0.6360066759210767
2025-12-03,ILI incidence,2025-11-30,1,EE,ISI,GLEAM,WIS,71.5637956521739,-1.029922844548655,15,15,0.0
2025-12-03,ILI incidence,2025-11-30,1,EE,ItaLuxColab,EpiEKF,WIS,33.475198984724,0.06621443226461213,15,6,0.737433397937901
2025-12-03,ILI incidence,2025-11-30,1,EE,ItaLuxColab,EpiNetEKF,WIS,32.3501819560448,0.11553323678191535,15,4,0.7592148549298803
2025-12-03,ILI incidence,2025-11-30,1,EE,NotreDame,Rt_cocirc,WIS,67.6140282608696,-0.9480155380077906,15,13,0.07647145453702149
2025-12-03,ILI incidence,2025-11-30,1,EE,QMUL,ARIMA,WIS,44.7423344003071,-0.3523334664053396,15,10,0.5192903661249046
2025-12-03,ILI incidence,2025-11-30,1,EE,QMUL,SEIR,WIS,19.9135764270103,0.815554714929828,15,1,1.0
2025-12-03,ILI incidence,2025-11-30,1,EE,QMUL,SEIR_agumented,WIS,52.0038800923538,-0.5693122054754274,15,12,0.3786995651373857
2025-12-03,ILI incidence,2025-11-30,1,EE,RIVM,KFdlm,WIS,27.6792954615386,0.3404998419492928,15,3,0.8496478978980809
2025-12-03,ILI incidence,2025-11-30,1,EE,respicast,hubEnsemble,WIS,37.3019060272079,-0.0899422866357133,15,8,0.6633445150659469
2025-12-03,ILI incidence,2025-11-30,1,EE,respicast,quantileBaseline,WIS,35.0473913043478,0.0,15,7,0.7069941792238431
2025-12-03,ILI incidence,2025-11-30,1,EE,safinea,PRFM,WIS,50.1794447189716,-0.5177894425375444,15,11,0.4140224621308867
2025-12-03,ILI incidence,2025-11-30,1,ES,ECDC,SARIMA,WIS,22.0248526075146,0.06110994774010958,14,13,0.07611930450597804
2025-12-03,ILI incidence,2025-11-30,1,ES,ECDC,soca_simplex,WIS,11.5853252425116,0.9879437657556055,14,3,0.9099825541533154
2025-12-03,ILI incidence,2025-11-30,1,ES,ISI,FluABCaster,WIS,16.5516565811933,0.4732666951152014,14,8,0.5132939834828228
2025-12-03,ILI incidence,2025-11-30,1,ES,ISI,FluBcast,WIS,17.4058243792673,0.4006721672759888,14,10,0.44506683957649595
2025-12-03,ILI incidence,2025-11-30,1,ES,ISI,GLEAM,WIS,12.3331652173913,0.8976992077825465,14,4,0.8502484062492746
2025-12-03,ILI incidence,2025-11-30,1,ES,ItaLuxColab,EpiEKF,WIS,12.6728900614027,0.8584967426523687,14,5,0.8231126890363527
2025-12-03,ILI incidence,2025-11-30,1,ES,ItaLuxColab,EpiNetEKF,WIS,11.3457882681553,1.0180854660487875,14,2,0.9291157076825679
2025-12-03,ILI incidence,2025-11-30,1,ES,QMUL,ARIMA,WIS,19.9774016242255,0.20187336214431914,14,12,0.23966062881367997
2025-12-03,ILI incidence,2025-11-30,1,ES,QMUL,SEIR,WIS,17.0164756289592,0.4333100483939094,14,9,0.47616629483214584
2025-12-03,ILI incidence,2025-11-30,1,ES,QMUL,SEIR_agumented,WIS,19.8753031299516,0.20926544830424623,14,11,0.24781580473713613
2025-12-03,ILI incidence,2025-11-30,1,ES,RIVM,KFdlm,WIS,14.4757050168555,0.6666086981012486,14,6,0.6791118080859095
2025-12-03,ILI incidence,2025-11-30,1,ES,respicast,hubEnsemble,WIS,15.3039468601288,0.5863385429230502,14,7,0.6129555147233339
2025-12-03,ILI incidence,2025-11-30,1,ES,respicast,quantileBaseline,WIS,22.9778260869565,0.0,14,14,0.0
2025-12-03,ILI incidence,2025-11-30,1,ES,safinea,PRFM,WIS,10.4583543757159,1.1355864511890954,14,1,1.0
2025-12-03,ILI incidence,2025-11-30,1,FI,ECDC,SARIMA,WIS,8.17457377503997,0.34372058056705435,14,6,0.770169489470312
2025-12-03,ILI incidence,2025-11-30,1,FI,ECDC,soca_simplex,WIS,7.89095309183134,0.39466452695901794,14,5,0.8034921325111073
2025-12-03,ILI incidence,2025-11-30,1,FI,ISI,FluABCaster,WIS,9.34963819501911,0.149953552748804,14,9,0.6321109678775804
2025-12-03,ILI incidence,2025-11-30,1,FI,ISI,FluBcast,WIS,12.5108184825765,-0.2702401809058892,14,12,0.26070335007565
2025-12-03,ILI incidence,2025-11-30,1,FI,ISI,GLEAM,WIS,7.21712173913043,0.5234405000528196,14,4,0.8826606944852411
2025-12-03,ILI incidence,2025-11-30,1,FI,ItaLuxColab,EpiEKF,WIS,6.78154290117944,0.6132505454076924,14,3,0.9338369273641681
2025-12-03,ILI incidence,2025-11-30,1,FI,ItaLuxColab,EpiNetEKF,WIS,6.21840582225135,0.7383193184077071,14,1,1.0
2025-12-03,ILI incidence,2025-11-30,1,FI,QMUL,ARIMA,WIS,8.24404338066884,0.33151199409761106,14,7,0.7620074935101909
2025-12-03,ILI incidence,2025-11-30,1,FI,QMUL,SEIR,WIS,10.3808439521742,-0.0009877424614529809,14,11,0.5109544254190211
2025-12-03,ILI incidence,2025-11-30,1,FI,QMUL,SEIR_agumented,WIS,12.6485393059384,-0.28603479181018365,14,13,0.2445225067596596
2025-12-03,ILI incidence,2025-11-30,1,FI,RIVM,KFdlm,WIS,6.73798799592489,0.6225462323198455,14,2,0.9389542007028174
2025-12-03,ILI incidence,2025-11-30,1,FI,respicast,hubEnsemble,WIS,8.85458322163717,0.2284396885067924,14,8,0.690275062177579
2025-12-03,ILI incidence,2025-11-30,1,FI,respicast,quantileBaseline,WIS,10.3737391304348,0.0,14,10,0.5117891721519184
2025-12-03,ILI incidence,2025-11-30,1,FI,safinea,PRFM,WIS,14.7297559832037,-0.5057975348689369,14,14,0.0
2025-12-03,ILI incidence,2025-11-30,1,FR,ECDC,soca_simplex,WIS,63.3838904128971,-0.9577509529659786,10,10,0.0
2025-12-03,ILI incidence,2025-11-30,1,FR,ISI,FluABCaster,WIS,51.1690505911042,-0.6489062052774713,10,7,0.28341172516557717
2025-12-03,ILI incidence,2025-11-30,1,FR,ISI,GLEAM,WIS,55.2383043478261,-0.7593037737770186,10,8,0.18899589621041848
2025-12-03,ILI incidence,2025-11-30,1,FR,ItaLuxColab,EpiEKF,WIS,29.5867365720693,0.14141468452482608,10,3,0.7841698962458831
2025-12-03,ILI incidence,2025-11-30,1,FR,ItaLuxColab,EpiNetEKF,WIS,20.2846156222841,0.6859792951858196,10,1,1.0
2025-12-03,ILI incidence,2025-11-30,1,FR,NotreDame,Rt_cocirc,WIS,56.9501608695652,-0.803334657143598,10,9,0.14927697912757368
2025-12-03,ILI incidence,2025-11-30,1,FR,RIVM,KFdlm,WIS,42.0173891212427,-0.36462125849678967,10,6,0.49575083097008427
2025-12-03,ILI incidence,2025-11-30,1,FR,respicast,hubEnsemble,WIS,30.8019273641041,0.08334463276611971,10,4,0.7559747398786704
2025-12-03,ILI incidence,2025-11-30,1,FR,respicast,quantileBaseline,WIS,32.6337608695652,0.0,10,5,0.7134720872386758
2025-12-03,ILI incidence,2025-11-30,1,FR,safinea,PRFM,WIS,24.5471722720686,0.41080841814700636,10,2,0.9010991096603583
2025-12-03,ILI incidence,2025-11-30,1,GB-ENG,ECDC,soca_simplex,WIS,2.47934700000174,0.5652545923859,8,3,0.8148373839978839
2025-12-03,ILI incidence,2025-11-30,1,GB-ENG,ISI,FluABCaster,WIS,1.39722898233332,1.3926463184881241,8,1,1.0
2025-12-03,ILI incidence,2025-11-30,1,GB-ENG,ISI,FluBcast,WIS,3.43609863382558,0.09444334217723693,8,6,0.6511263723608851
2025-12-03,ILI incidence,2025-11-30,1,GB-ENG,ItaLuxColab,EpiEKF,WIS,2.98157908407994,0.2991381884269784,8,5,0.7288998013962333
2025-12-03,ILI incidence,2025-11-30,1,GB-ENG,RIVM,KFdlm,WIS,2.07996785960591,0.818653556559082,8,2,0.883175666149127
2025-12-03,ILI incidence,2025-11-30,1,GB-ENG,respicast,hubEnsemble,WIS,2.62877799625638,0.48082248245185005,8,4,0.789268052625019
2025-12-03,ILI incidence,2025-11-30,1,GB-ENG,respicast,quantileBaseline,WIS,3.66856231694877,0.0,8,7,0.6113492103602741
2025-12-03,ILI incidence,2025-11-30,1,GB-ENG,safinea,PRFM,WIS,7.24137852521974,-0.981049574051533,8,8,0.0
2025-12-03,ILI incidence,2025-11-30,1,GB-SCT,ECDC,soca_simplex,WIS,3.38127000601871,1.215685569199317,7,3,0.6930368351760501
2025-12-03,ILI incidence,2025-11-30,1,GB-SCT,ISI,FluABCaster,WIS,1.40061350149127,2.4871918943807323,7,1,1.0
2025-12-03,ILI incidence,2025-11-30,1,GB-SCT,ItaLuxColab,EpiEKF,WIS,4.35123046951237,0.8518273607524917,7,5,0.5427118631541311
2025-12-03,ILI incidence,2025-11-30,1,GB-SCT,RIVM,KFdlm,WIS,5.36644654582541,0.5492836869112095,7,6,0.3853731529573545
2025-12-03,ILI incidence,2025-11-30,1,GB-SCT,respicast,hubEnsemble,WIS,3.38127000601871,1.215685569199317,7,3,0.6930368351760501
2025-12-03,ILI incidence,2025-11-30,1,GB-SCT,respicast,quantileBaseline,WIS,7.85303754286897,0.0,7,7,0.0
2025-12-03,ILI incidence,2025-11-30,1,GB-SCT,safinea,PRFM,WIS,2.31466896201783,1.7624449164661962,7,2,0.8583392141209315
2025-12-03,ILI incidence,2025-11-30,1,GR,ECDC,SARIMA,WIS,57.8648846944583,0.06006061756669589,19,5,0.8787636958219736
2025-12-03,ILI incidence,2025-11-30,1,GR,ECDC,soca_simplex,WIS,126.564806256249,-1.0690556548832804,19,16,0.51595485861612
2025-12-03,ILI incidence,2025-11-30,1,GR,ISI,FluABCaster,WIS,105.961764736203,-0.8127231393875574,19,14,0.6247608858554468
2025-12-03,ILI incidence,2025-11-30,1,GR,ISI,FluBcast,WIS,50.9670425421014,0.24318409123407386,19,4,0.9151916572174638
2025-12-03,ILI incidence,2025-11-30,1,GR,ISI,GLEAM,WIS,97.7137652173913,-0.6958130812541271,19,13,0.6683191177524513
2025-12-03,ILI incidence,2025-11-30,1,GR,ItaLuxColab,EpiEKF,WIS,64.6626348871168,-0.10018356408316935,19,7,0.8428643266968422
2025-12-03,ILI incidence,2025-11-30,1,GR,ItaLuxColab,EpiNetEKF,WIS,108.196018704409,-0.8428267762601015,19,15,0.6129616426278064
2025-12-03,ILI incidence,2025-11-30,1,GR,MRC_GIDA,NBEATS,WIS,38.0882978080036,0.6634009175130853,19,2,0.9832051613878642
2025-12-03,ILI incidence,2025-11-30,1,GR,MRC_GIDA,NHiTS,WIS,87.7386035986032,-0.5404630135355063,19,12,0.7209986071256359
2025-12-03,ILI incidence,2025-11-30,1,GR,MRC_GIDA,Prophet,WIS,183.606159200903,-1.6057938188654353,19,18,0.21471569466911572
2025-12-03,ILI incidence,2025-11-30,1,GR,MRC_GIDA,TiDE,WIS,34.9080993757311,0.7891869225146574,19,1,1.0
2025-12-03,ILI incidence,2025-11-30,1,GR,NotreDame,Rt_cocirc,WIS,224.2638,-1.894376126703514,19,19,0.0
2025-12-03,ILI incidence,2025-11-30,1,GR,QMUL,ARIMA,WIS,76.9819889195898,-0.3517722135114949,19,10,0.7778050018819117
2025-12-03,ILI incidence,2025-11-30,1,GR,QMUL,SEIR,WIS,40.4728395836785,0.5757946594578346,19,3,0.9706122382922641
2025-12-03,ILI incidence,2025-11-30,1,GR,QMUL,SEIR_agumented,WIS,128.652723637547,-1.0926613629723079,19,17,0.5049284285988849
2025-12-03,ILI incidence,2025-11-30,1,GR,RIVM,KFdlm,WIS,66.1404179674266,-0.13278343068761042,19,8,0.8350600563451291
2025-12-03,ILI incidence,2025-11-30,1,GR,respicast,hubEnsemble,WIS,76.8774595806726,-0.3498119311426852,19,9,0.7783570282459059
2025-12-03,ILI incidence,2025-11-30,1,GR,respicast,quantileBaseline,WIS,60.3246956521739,0.0,19,6,0.8657732711893583
2025-12-03,ILI incidence,2025-11-30,1,GR,safinea,PRFM,WIS,78.7091491549916,-0.3837826125857234,19,11,0.7686837542526739
2025-12-03,ILI incidence,2025-11-30,1,HR,ECDC,SARIMA,WIS,4.71157192425135,0.8328174223341305,15,11,0.7372703570757659
2025-12-03,ILI incidence,2025-11-30,1,HR,ECDC,soca_simplex,WIS,3.07237822320704,1.4496700605319481,15,7,0.8414539453542169
2025-12-03,ILI incidence,2025-11-30,1,HR,ISI,FluABCaster,WIS,1.76848526576785,2.246511690401993,15,2,0.9243265472623815
2025-12-03,ILI incidence,2025-11-30,1,HR,ISI,FluBcast,WIS,3.04153515191202,1.4642262116427642,15,6,0.8434142639175423
2025-12-03,ILI incidence,2025-11-30,1,HR,ISI,GLEAM,WIS,2.91422608695652,1.525913082930457,15,5,0.8515057513354041
2025-12-03,ILI incidence,2025-11-30,1,HR,ItaLuxColab,EpiEKF,WIS,4.42899059663135,0.922047955415478,15,10,0.7552306119700983
2025-12-03,ILI incidence,2025-11-30,1,HR,ItaLuxColab,EpiNetEKF,WIS,2.76409778251901,1.6022172362957607,15,3,0.8610475800091569
2025-12-03,ILI incidence,2025-11-30,1,HR,NotreDame,Rt_cocirc,WIS,16.3115652173913,-0.9587974314240222,15,15,0.0
2025-12-03,ILI incidence,2025-11-30,1,HR,QMUL,ARIMA,WIS,3.45855607396274,1.2788560424072923,15,8,0.8169093206525988
2025-12-03,ILI incidence,2025-11-30,1,HR,QMUL,SEIR,WIS,0.577861587763517,3.860230011759701,15,1,1.0
2025-12-03,ILI incidence,2025-11-30,1,HR,QMUL,SEIR_agumented,WIS,11.6253664776385,-0.47017840169403946,15,14,0.29784460480927866
2025-12-03,ILI incidence,2025-11-30,1,HR,RIVM,KFdlm,WIS,3.64541372034593,1.20294333336657,15,9,0.8050330548488295
2025-12-03,ILI incidence,2025-11-30,1,HR,respicast,hubEnsemble,WIS,2.82063428629068,1.5730062664101887,15,4,0.8574542427312634
2025-12-03,ILI incidence,2025-11-30,1,HR,respicast,quantileBaseline,WIS,8.3920652173913,0.0,15,13,0.5033462042012135
2025-12-03,ILI incidence,2025-11-30,1,HR,safinea,PRFM,WIS,7.02889427796763,0.25572813417760143,15,12,0.5899863857829177
2025-12-03,ILI incidence,2025-11-30,1,HU,ECDC,soca_simplex,WIS,82.8760316285883,-1.109042712522115,11,9,0.475415490888761
2025-12-03,ILI incidence,2025-11-30,1,HU,ISI,FluABCaster,WIS,52.1576622877877,-0.44096699799672856,11,8,0.7054195051536085
2025-12-03,ILI incidence,2025-11-30,1,HU,ISI,FluBcast,WIS,12.8147296428497,1.584109169396446,11,1,1.0
2025-12-03,ILI incidence,2025-11-30,1,HU,ISI,GLEAM,WIS,16.485347826087,1.2207278843656695,11,2,0.9725162196075048
2025-12-03,ILI incidence,2025-11-30,1,HU,ItaLuxColab,EpiEKF,WIS,37.0447552334963,0.052642909878328745,11,5,0.8185775068409455
2025-12-03,ILI incidence,2025-11-30,1,HU,ItaLuxColab,EpiNetEKF,WIS,22.8828957074345,0.7476425822992708,11,3,0.9246145332309731
2025-12-03,ILI incidence,2025-11-30,1,HU,NotreDame,Rt_cocirc,WIS,127.583806521739,-1.7314611113622564,11,10,0.1406657006186166
2025-12-03,ILI incidence,2025-11-30,1,HU,RIVM,KFdlm,WIS,48.5665347611178,-0.3380503419792201,11,7,0.7323080986758566
2025-12-03,ILI incidence,2025-11-30,1,HU,respicast,hubEnsemble,WIS,26.277028904405,0.5481100492773405,11,4,0.8992009361877243
2025-12-03,ILI incidence,2025-11-30,1,HU,respicast,quantileBaseline,WIS,38.4214565217391,0.0,11,6,0.8082694459140637
2025-12-03,ILI incidence,2025-11-30,1,HU,safinea,PRFM,WIS,146.370526218768,-1.9296409593785067,11,11,0.0
2025-12-03,ILI incidence,2025-11-30,1,IE,ECDC,SARIMA,WIS,18.9196201666056,0.1296324890004592,19,8,0.69039793838135
2025-12-03,ILI incidence,2025-11-30,1,IE,ECDC,soca_simplex,WIS,16.2679079654299,0.34748688019864793,19,6,0.7662132698842027
2025-12-03,ILI incidence,2025-11-30,1,IE,ISI,FluABCaster,WIS,14.2062974514071,0.5429850162928258,19,5,0.825156953320552
2025-12-03,ILI incidence,2025-11-30,1,IE,ISI,FluBcast,WIS,18.1692346553046,0.18801796413848132,19,7,0.7118522750431487
2025-12-03,ILI incidence,2025-11-30,1,IE,ISI,GLEAM,WIS,9.52791304347826,1.1192834625715598,19,2,0.9589170441130747
2025-12-03,ILI incidence,2025-11-30,1,IE,ItaLuxColab,EpiEKF,WIS,12.4177737776177,0.737109059619323,19,4,0.8762927874314042
2025-12-03,ILI incidence,2025-11-30,1,IE,ItaLuxColab,EpiNetEKF,WIS,8.09099819754603,1.3551260081722858,19,1,1.0
2025-12-03,ILI incidence,2025-11-30,1,IE,MRC_GIDA,NBEATS,WIS,43.0669344443713,-1.0570650202986878,19,19,0.0
2025-12-03,ILI incidence,2025-11-30,1,IE,MRC_GIDA,NHiTS,WIS,41.1100646602949,-0.9899760268716193,19,18,0.055949032222233054
2025-12-03,ILI incidence,2025-11-30,1,IE,MRC_GIDA,Prophet,WIS,22.9602080657196,-0.14962010160855435,19,13,0.5748731424016352
2025-12-03,ILI incidence,2025-11-30,1,IE,MRC_GIDA,TiDE,WIS,37.8079139153201,-0.8691726353753957,19,17,0.1503611080469234
2025-12-03,ILI incidence,2025-11-30,1,IE,NotreDame,Rt_cocirc,WIS,25.4920913043478,-0.30053411894805865,19,15,0.5024838510682827
2025-12-03,ILI incidence,2025-11-30,1,IE,QMUL,ARIMA,WIS,25.2931905886046,-0.28923342186652573,19,14,0.5081706385309415
2025-12-03,ILI incidence,2025-11-30,1,IE,QMUL,SEIR,WIS,19.2419208227346,0.10526279100817389,19,9,0.6811830126148309
2025-12-03,ILI incidence,2025-11-30,1,IE,QMUL,SEIR_agumented,WIS,26.9524527767303,-0.3809009555559314,19,16,0.4607305306688879
2025-12-03,ILI incidence,2025-11-30,1,IE,RIVM,KFdlm,WIS,19.7304687866353,0.0690903799638619,19,10,0.667214895780073
2025-12-03,ILI incidence,2025-11-30,1,IE,respicast,hubEnsemble,WIS,20.4996039776118,0.013919574946209524,19,11,0.6452244854148231
2025-12-03,ILI incidence,2025-11-30,1,IE,respicast,quantileBaseline,WIS,20.698347826087,0.0,19,12,0.6395421829577091
2025-12-03,ILI incidence,2025-11-30,1,IE,safinea,PRFM,WIS,10.9078443224688,0.924149598920131,19,3,0.9194633102872705
2025-12-03,ILI incidence,2025-11-30,1,IS,ECDC,SARIMA,WIS,23.9248409161087,-0.5905353247388713,14,12,0.0508831070078627
2025-12-03,ILI incidence,2025-11-30,1,IS,ECDC,soca_simplex,WIS,8.03015978095215,0.9844734077475227,14,4,0.7694739209029009
2025-12-03,ILI incidence,2025-11-30,1,IS,ISI,FluABCaster,WIS,4.21518510493577,1.914306115124716,14,2,0.9419470730294957
2025-12-03,ILI incidence,2025-11-30,1,IS,ItaLuxColab,EpiEKF,WIS,10.7788486974551,0.5597709168388966,14,5,0.6452070300569229
2025-12-03,ILI incidence,2025-11-30,1,IS,ItaLuxColab,EpiNetEKF,WIS,16.1934183614678,-0.027433557486615964,14,10,0.4004169654642904
2025-12-03,ILI incidence,2025-11-30,1,IS,MRC_GIDA,NBEATS,WIS,25.0503364629724,-0.6568559740079932,14,14,0.0
2025-12-03,ILI incidence,2025-11-30,1,IS,MRC_GIDA,NHiTS,WIS,21.9560831081334,-0.4666466982573277,14,11,0.13988969125861678
2025-12-03,ILI incidence,2025-11-30,1,IS,MRC_GIDA,Prophet,WIS,15.9714078230619,-0.0075174797497544205,14,9,0.41045395407260565
2025-12-03,ILI incidence,2025-11-30,1,IS,MRC_GIDA,TiDE,WIS,24.2659639331582,-0.6109601633177371,14,13,0.03546110109434064
2025-12-03,ILI incidence,2025-11-30,1,IS,QMUL,ARIMA,WIS,12.6994720286095,0.32320548782688546,14,6,0.5583765821237849
2025-12-03,ILI incidence,2025-11-30,1,IS,RIVM,KFdlm,WIS,14.3417767152228,0.14775024526663644,14,7,0.48412878492785444
2025-12-03,ILI incidence,2025-11-30,1,IS,respicast,hubEnsemble,WIS,2.93109860491898,2.4384605994881925,14,1,1.0
2025-12-03,ILI incidence,2025-11-30,1,IS,respicast,quantileBaseline,WIS,15.8884017391304,0.0,14,8,0.4142066188101603
2025-12-03,ILI incidence,2025-11-30,1,IS,safinea,PRFM,WIS,4.6056931345472,1.7864838106688148,14,3,0.9242923946849049
2025-12-03,ILI incidence,2025-11-30,1,LT,ECDC,SARIMA,WIS,21.0433223208842,0.5591464864326036,19,4,0.7566156855131768
2025-12-03,ILI incidence,2025-11-30,1,LT,ECDC,soca_simplex,WIS,26.06878683638,0.250185536107852,19,8,0.6299534267497582
2025-12-03,ILI incidence,2025-11-30,1,LT,ISI,FluABCaster,WIS,37.6565248894804,-0.28039088600404616,19,17,0.33789503667679327
2025-12-03,ILI incidence,2025-11-30,1,LT,ISI,FluBcast,WIS,36.9976349606273,-0.25492406893423014,19,15,0.354501757589391
2025-12-03,ILI incidence,2025-11-30,1,LT,ISI,GLEAM,WIS,37.5754695652174,-0.2772821512045283,19,16,0.33993796234551443
2025-12-03,ILI incidence,2025-11-30,1,LT,ItaLuxColab,EpiEKF,WIS,24.5618414514641,0.3360902552581299,19,7,0.6679346135033425
2025-12-03,ILI incidence,2025-11-30,1,LT,ItaLuxColab,EpiNetEKF,WIS,23.2368917677562,0.41609187913102136,19,5,0.70132876426669
2025-12-03,ILI incidence,2025-11-30,1,LT,MRC_GIDA,NBEATS,WIS,51.0628823424378,-0.7197659939177429,19,19,0.0
2025-12-03,ILI incidence,2025-11-30,1,LT,MRC_GIDA,NHiTS,WIS,46.1492165844191,-0.5737971754931361,19,18,0.12384447284426052
2025-12-03,ILI incidence,2025-11-30,1,LT,MRC_GIDA,Prophet,WIS,11.3867817852669,1.4451489220830311,19,1,1.0
2025-12-03,ILI incidence,2025-11-30,1,LT,MRC_GIDA,TiDE,WIS,23.9015348500071,0.3754057171931831,19,6,0.6845770403594178
2025-12-03,ILI incidence,2025-11-30,1,LT,NotreDame,Rt_cocirc,WIS,16.8345282608696,0.881085687455517,19,2,0.8626945088075673
2025-12-03,ILI incidence,2025-11-30,1,LT,QMUL,ARIMA,WIS,16.8830030946336,0.8769374329629447,19,3,0.861472744745997
2025-12-03,ILI incidence,2025-11-30,1,LT,QMUL,SEIR,WIS,36.4652724567931,-0.23401419166420054,19,14,0.36791946992397634
2025-12-03,ILI incidence,2025-11-30,1,LT,QMUL,SEIR_agumented,WIS,36.3207656353188,-0.2282856328883699,19,13,0.37156163282418564
2025-12-03,ILI incidence,2025-11-30,1,LT,RIVM,KFdlm,WIS,32.5225486970013,-0.06893133981578839,19,12,0.467292233487537
2025-12-03,ILI incidence,2025-11-30,1,LT,respicast,hubEnsemble,WIS,29.0683330516442,0.09306064054899837,19,10,0.5543525946835618
2025-12-03,ILI incidence,2025-11-30,1,LT,respicast,quantileBaseline,WIS,31.0051739130435,0.0,19,11,0.5055362837507767
2025-12-03,ILI incidence,2025-11-30,1,LT,safinea,PRFM,WIS,28.8340894403157,0.10473351796870274,19,9,0.5602564916905514
2025-12-03,ILI incidence,2025-11-30,1,LU,ECDC,SARIMA,WIS,1035.52932718258,0.7952219962051874,16,11,0.7648133448905516
2025-12-03,ILI incidence,2025-11-30,1,LU,ISI,FluABCaster,WIS,349.9686773828,2.3602926988395443,16,1,1.0
2025-12-03,ILI incidence,2025-11-30,1,LU,ItaLuxColab,EpiEKF,WIS,809.949471163201,1.1496865957084392,16,8,0.842200184133386
2025-12-03,ILI incidence,2025-11-30,1,LU,ItaLuxColab,EpiNetEKF,WIS,832.37606239849,1.110283027315935,16,9,0.8345065760191005
2025-12-03,ILI incidence,2025-11-30,1,LU,MRC_GIDA,NBEATS,WIS,559.883365903856,1.6823921854176596,16,5,0.9279872124136248
2025-12-03,ILI incidence,2025-11-30,1,LU,MRC_GIDA,NHiTS,WIS,475.154518996632,1.9191217533671685,16,3,0.957054070467993
2025-12-03,ILI incidence,2025-11-30,1,LU,MRC_GIDA,Prophet,WIS,699.438546352406,1.3613211979782986,16,7,0.880111774839319
2025-12-03,ILI incidence,2025-11-30,1,LU,MRC_GIDA,TiDE,WIS,560.489107829863,1.680832166801801,16,6,0.9277794081624929
2025-12-03,ILI incidence,2025-11-30,1,LU,NotreDame,Rt_cocirc,WIS,376.46115,2.255017514254463,16,2,0.9909115611839191
2025-12-03,ILI incidence,2025-11-30,1,LU,QMUL,ARIMA,WIS,1354.7100106715,0.4076063476308405,16,13,0.655316048995243
2025-12-03,ILI incidence,2025-11-30,1,LU,QMUL,SEIR,WIS,1255.08436810693,0.5178060619161126,16,12,0.6894933630588983
2025-12-03,ILI incidence,2025-11-30,1,LU,QMUL,SEIR_agumented,WIS,923.832805697428,0.959886725921668,16,10,0.8031316633108485
2025-12-03,ILI incidence,2025-11-30,1,LU,RIVM,KFdlm,WIS,3264.93274913569,-0.8614628666948589,16,16,0.0
2025-12-03,ILI incidence,2025-11-30,1,LU,respicast,hubEnsemble,WIS,489.093219238568,1.8774090403653898,16,4,0.952272296182331
2025-12-03,ILI incidence,2025-11-30,1,LU,respicast,quantileBaseline,WIS,1797.0,0.0,16,14,0.5035851945348199
2025-12-03,ILI incidence,2025-11-30,1,LU,safinea,PRFM,WIS,1808.73120394236,-0.0093876157211464,16,15,0.499560718193571
2025-12-03,ILI incidence,2025-11-30,1,LV,ECDC,soca_simplex,WIS,58.9285486958357,-0.2990235554289487,8,6,0.5605886506902465
2025-12-03,ILI incidence,2025-11-30,1,LV,ItaLuxColab,EpiEKF,WIS,40.2193771942764,0.25205243884148887,8,2,0.8918446215297486
2025-12-03,ILI incidence,2025-11-30,1,LV,ItaLuxColab,EpiNetEKF,WIS,34.110815529749,0.48971393254335355,8,1,1.0
2025-12-03,ILI incidence,2025-11-30,1,LV,NotreDame,Rt_cocirc,WIS,90.5903152173913,-0.9194136434053056,8,8,0.0
2025-12-03,ILI incidence,2025-11-30,1,LV,RIVM,KFdlm,WIS,43.365880272795,0.14338278548700775,8,3,0.8361340876914494
2025-12-03,ILI incidence,2025-11-30,1,LV,respicast,hubEnsemble,WIS,47.2041589995704,0.02102920402274092,8,4,0.7681752929428618
2025-12-03,ILI incidence,2025-11-30,1,LV,respicast,quantileBaseline,WIS,47.8972617391304,0.0,8,5,0.7559035351653819
2025-12-03,ILI incidence,2025-11-30,1,LV,safinea,PRFM,WIS,60.4632870828539,-0.33611623291003395,8,7,0.5334152799007387
2025-12-03,ILI incidence,2025-11-30,1,MT,ECDC,SARIMA,WIS,363.092613349396,0.19684895503873873,11,2,0.7744397621889771
2025-12-03,ILI incidence,2025-11-30,1,MT,ECDC,soca_simplex,WIS,904.089164328828,-1.1192785274110377,11,8,0.30500389887413437
2025-12-03,ILI incidence,2025-11-30,1,MT,ISI,FluABCaster,WIS,103.148028306003,2.012470291606343,11,1,1.0
2025-12-03,ILI incidence,2025-11-30,1,MT,ItaLuxColab,EpiEKF,WIS,946.432209958557,-1.1853126380942771,11,9,0.2682618084770972
2025-12-03,ILI incidence,2025-11-30,1,MT,ItaLuxColab,EpiNetEKF,WIS,699.36056460316,-0.7488499122369774,11,5,0.48265188347489335
2025-12-03,ILI incidence,2025-11-30,1,MT,NotreDame,Rt_cocirc,WIS,1255.5877826087,-1.5931044552588278,11,11,0.0
2025-12-03,ILI incidence,2025-11-30,1,MT,QMUL,ARIMA,WIS,754.05675434252,-0.8574865768151523,11,7,0.43519066952843866
2025-12-03,ILI incidence,2025-11-30,1,MT,RIVM,KFdlm,WIS,716.702433459588,-0.7841877172795767,11,6,0.46760392214617214
2025-12-03,ILI incidence,2025-11-30,1,MT,respicast,hubEnsemble,WIS,507.122219869043,-0.2851469526448984,11,4,0.6494617700797112
2025-12-03,ILI incidence,2025-11-30,1,MT,respicast,quantileBaseline,WIS,416.173913043478,0.0,11,3,0.7283798276059328
2025-12-03,ILI incidence,2025-11-30,1,MT,safinea,PRFM,WIS,1160.97641975524,-1.4800802295342521,11,10,0.08209658032033643
2025-12-03,ILI incidence,2025-11-30,1,NL,ECDC,SARIMA,WIS,3.24664245560108,0.3018040010944358,19,10,0.7472555796659827
2025-12-03,ILI incidence,2025-11-30,1,NL,ECDC,soca_simplex,WIS,2.08483881661821,0.9408166640464595,19,4,0.9288535772361707
2025-12-03,ILI incidence,2025-11-30,1,NL,ISI,FluABCaster,WIS,5.73824659150802,-0.5198574526695003,19,17,0.3578005059889668
2025-12-03,ILI incidence,2025-11-30,1,NL,ISI,FluBcast,WIS,2.83968037747503,0.4950239590061335,19,9,0.8108665858592441
2025-12-03,ILI incidence,2025-11-30,1,NL,ISI,GLEAM,WIS,3.47874782608696,0.20218441216615582,19,12,0.7109758942774745
2025-12-03,ILI incidence,2025-11-30,1,NL,ItaLuxColab,EpiEKF,WIS,3.87021087160779,0.048340339233504934,19,13,0.6497874947889458
2025-12-03,ILI incidence,2025-11-30,1,NL,ItaLuxColab,EpiNetEKF,WIS,2.54862557171907,0.6510330770555153,19,7,0.8563604784026826
2025-12-03,ILI incidence,2025-11-30,1,NL,MRC_GIDA,NBEATS,WIS,5.46314037990864,-0.44897798058886884,19,16,0.40080152222722326
2025-12-03,ILI incidence,2025-11-30,1,NL,MRC_GIDA,NHiTS,WIS,1.62966764747752,1.2961747412580638,19,1,1.0
2025-12-03,ILI incidence,2025-11-30,1,NL,MRC_GIDA,Prophet,WIS,4.63468616865944,-0.21171913790088542,19,15,0.5302946833720408
2025-12-03,ILI incidence,2025-11-30,1,NL,MRC_GIDA,TiDE,WIS,2.04522846277584,0.968490505372735,19,3,0.9350449513199344
2025-12-03,ILI incidence,2025-11-30,1,NL,NotreDame,Rt_cocirc,WIS,1.76248913043478,1.183138153967861,19,2,0.9792390774740061
2025-12-03,ILI incidence,2025-11-30,1,NL,QMUL,ARIMA,WIS,3.31436166207688,0.27202147659787645,19,11,0.736670596214034
2025-12-03,ILI incidence,2025-11-30,1,NL,QMUL,SEIR,WIS,8.0273353229365,-1.0041686498693998,19,19,0.0
2025-12-03,ILI incidence,2025-11-30,1,NL,QMUL,SEIR_agumented,WIS,2.61101424383417,0.6161421861762499,19,8,0.8466086945839608
2025-12-03,ILI incidence,2025-11-30,1,NL,RIVM,KFdlm,WIS,2.43963029873659,0.7140899756353432,19,6,0.8733971984249772
2025-12-03,ILI incidence,2025-11-30,1,NL,respicast,hubEnsemble,WIS,2.40374796663091,0.7354668769984036,19,5,0.8790058567557816
2025-12-03,ILI incidence,2025-11-30,1,NL,respicast,quantileBaseline,WIS,4.00208695652174,0.0,19,14,0.629174344559243
2025-12-03,ILI incidence,2025-11-30,1,NL,safinea,PRFM,WIS,5.87859097185426,-0.5547178855363681,19,18,0.33586370222459
2025-12-03,ILI incidence,2025-11-30,1,NO,ECDC,SARIMA,WIS,19.7023699749455,0.07727315313933453,17,10,0.7709390702419764
2025-12-03,ILI incidence,2025-11-30,1,NO,ECDC,soca_simplex,WIS,28.4537750059254,-0.45297773644001,17,14,0.4878188596390219
2025-12-03,ILI incidence,2025-11-30,1,NO,ISI,FluABCaster,WIS,16.9864300903068,0.29125964929144127,17,8,0.8588035296518473
2025-12-03,ILI incidence,2025-11-30,1,NO,ISI,FluBcast,WIS,15.8858805877532,0.3878972694647787,17,7,0.8944078475686771
2025-12-03,ILI incidence,2025-11-30,1,NO,ISI,GLEAM,WIS,12.8904217391304,0.6893428678676492,17,2,0.9913151369779083
2025-12-03,ILI incidence,2025-11-30,1,NO,ItaLuxColab,EpiEKF,WIS,13.9571721849883,0.5746356617143634,17,4,0.9568042658865873
2025-12-03,ILI incidence,2025-11-30,1,NO,ItaLuxColab,EpiNetEKF,WIS,12.6219677358537,0.719705492645721,17,1,1.0
2025-12-03,ILI incidence,2025-11-30,1,NO,MRC_GIDA,NBEATS,WIS,43.5325304694086,-1.0664515505363963,17,17,0.0
2025-12-03,ILI incidence,2025-11-30,1,NO,MRC_GIDA,NHiTS,WIS,35.003949685223,-0.7518753849859786,17,16,0.27591153411540503
2025-12-03,ILI incidence,2025-11-30,1,NO,MRC_GIDA,Prophet,WIS,15.4804158396676,0.42519810723290735,17,6,0.907525200092494
2025-12-03,ILI incidence,2025-11-30,1,NO,MRC_GIDA,TiDE,WIS,33.8074590668201,-0.7016992555076896,17,15,0.3146196815120246
2025-12-03,ILI incidence,2025-11-30,1,NO,NotreDame,Rt_cocirc,WIS,15.0138304347826,0.469350238853181,17,5,0.9226198914737836
2025-12-03,ILI incidence,2025-11-30,1,NO,QMUL,ARIMA,WIS,22.6794331032634,-0.12574224567067685,17,12,0.674626908150985
2025-12-03,ILI incidence,2025-11-30,1,NO,RIVM,KFdlm,WIS,13.6056176461139,0.6114398821104472,17,3,0.9681775476318845
2025-12-03,ILI incidence,2025-11-30,1,NO,respicast,hubEnsemble,WIS,18.6508118883741,0.15640389955528505,17,9,0.804958447230862
2025-12-03,ILI incidence,2025-11-30,1,NO,respicast,quantileBaseline,WIS,20.7864347826087,0.0,17,11,0.7358680552945068
2025-12-03,ILI incidence,2025-11-30,1,NO,safinea,PRFM,WIS,23.1061669683422,-0.15263562076782272,17,13,0.6608214699013746
2025-12-03,ILI incidence,2025-11-30,1,PL,ECDC,soca_simplex,WIS,54.413021144181,-0.7971840776818466,10,9,0.5114998655027648
2025-12-03,ILI incidence,2025-11-30,1,PL,ISI,FluABCaster,WIS,50.324790089965,-0.6845013946239102,10,8,0.5570126629708794
2025-12-03,ILI incidence,2025-11-30,1,PL,ISI,FluBcast,WIS,10.5330240677669,1.5718481563133333,10,1,1.0
2025-12-03,ILI incidence,2025-11-30,1,PL,ItaLuxColab,EpiEKF,WIS,46.9368300690162,-0.5839525562368282,10,7,0.5947295963385512
2025-12-03,ILI incidence,2025-11-30,1,PL,ItaLuxColab,EpiNetEKF,WIS,20.0001123567227,0.6467597500997152,10,2,0.8946063306613594
2025-12-03,ILI incidence,2025-11-30,1,PL,NotreDame,Rt_cocirc,WIS,100.358991304348,-1.6803301155715098,10,10,0.0
2025-12-03,ILI incidence,2025-11-30,1,PL,RIVM,KFdlm,WIS,29.3706251021408,0.09239388368313614,10,4,0.7902878019141174
2025-12-03,ILI incidence,2025-11-30,1,PL,respicast,hubEnsemble,WIS,28.5243310747976,0.13457480068839126,10,3,0.7997092871859014
2025-12-03,ILI incidence,2025-11-30,1,PL,respicast,quantileBaseline,WIS,31.313132826087,0.0,10,5,0.7686625660975068
2025-12-03,ILI incidence,2025-11-30,1,PL,safinea,PRFM,WIS,39.1396281909455,-0.3218621961674999,10,6,0.6815330243220723
2025-12-03,ILI incidence,2025-11-30,1,RO,ECDC,soca_simplex,WIS,6.3873077049501,-0.7757019986834153,9,9,0.0
2025-12-03,ILI incidence,2025-11-30,1,RO,ISI,FluABCaster,WIS,4.66755555288855,-0.3231612388766213,9,8,0.48347278380179515
2025-12-03,ILI incidence,2025-11-30,1,RO,ItaLuxColab,EpiEKF,WIS,3.0132599825602,0.3081808012157255,9,2,0.9485438021219983
2025-12-03,ILI incidence,2025-11-30,1,RO,ItaLuxColab,EpiNetEKF,WIS,3.11167045330533,0.26181667715414947,9,4,0.92087773164239
2025-12-03,ILI incidence,2025-11-30,1,RO,NotreDame,Rt_cocirc,WIS,2.83022608695652,0.3985886500513222,9,1,1.0
2025-12-03,ILI incidence,2025-11-30,1,RO,RIVM,KFdlm,WIS,3.83165708481853,-0.038462497947688176,9,7,0.7184683666530878
2025-12-03,ILI incidence,2025-11-30,1,RO,respicast,hubEnsemble,WIS,3.30336493711998,0.1755695952869092,9,5,0.8669867883351127
2025-12-03,ILI incidence,2025-11-30,1,RO,respicast,quantileBaseline,WIS,3.73085413043478,0.0,9,6,0.7468070344738753
2025-12-03,ILI incidence,2025-11-30,1,RO,safinea,PRFM,WIS,3.06451010425198,0.28384949289253136,9,3,0.934135889345263
2025-12-03,ILI incidence,2025-11-30,1,SI,ECDC,SARIMA,WIS,36.100634194594,-0.24704526916457453,17,8,0.7788312691429146
2025-12-03,ILI incidence,2025-11-30,1,SI,ECDC,soca_simplex,WIS,36.5794970647613,-0.2660563268777656,17,9,0.7741336813973183
2025-12-03,ILI incidence,2025-11-30,1,SI,ISI,FluABCaster,WIS,103.846537710186,-1.7714022991927392,17,14,0.11425202110473898
2025-12-03,ILI incidence,2025-11-30,1,SI,ISI,FluBcast,WIS,19.4971311525322,0.6417170540705567,17,5,0.9417096572649857
2025-12-03,ILI incidence,2025-11-30,1,SI,ItaLuxColab,EpiEKF,WIS,16.3375153861219,0.8967903178808942,17,3,0.9727051117672235
2025-12-03,ILI incidence,2025-11-30,1,SI,ItaLuxColab,EpiNetEKF,WIS,13.5551280784455,1.166140167739828,17,1,1.0
2025-12-03,ILI incidence,2025-11-30,1,SI,MRC_GIDA,NBEATS,WIS,115.493164385743,-1.9247566486753738,17,17,0.0
2025-12-03,ILI incidence,2025-11-30,1,SI,MRC_GIDA,NHiTS,WIS,109.361676061193,-1.8460564410645974,17,16,0.060149170483001224
2025-12-03,ILI incidence,2025-11-30,1,SI,MRC_GIDA,Prophet,WIS,79.1357627626129,-1.3793509072753989,17,12,0.35666178141325805
2025-12-03,ILI incidence,2025-11-30,1,SI,MRC_GIDA,TiDE,WIS,105.800850507583,-1.7983004072804012,17,15,0.09508044523186639
2025-12-03,ILI incidence,2025-11-30,1,SI,NotreDame,Rt_cocirc,WIS,89.4588,-1.5562444935827067,17,13,0.25539401511778254
2025-12-03,ILI incidence,2025-11-30,1,SI,QMUL,ARIMA,WIS,15.2871278259448,0.9926615366570134,17,2,0.983009288679271
2025-12-03,ILI incidence,2025-11-30,1,SI,QMUL,SEIR_agumented,WIS,40.9540323814901,-0.4290265957017346,17,11,0.731220010748008
2025-12-03,ILI incidence,2025-11-30,1,SI,RIVM,KFdlm,WIS,19.6732032038056,0.6287470352923895,17,6,0.9399824114041511
2025-12-03,ILI incidence,2025-11-30,1,SI,respicast,hubEnsemble,WIS,38.3195952256946,-0.33310340921655973,17,10,0.7570635256049536
2025-12-03,ILI incidence,2025-11-30,1,SI,respicast,quantileBaseline,WIS,30.4191304347826,0.0,17,7,0.8345661446184849
2025-12-03,ILI incidence,2025-11-30,1,SI,safinea,PRFM,WIS,16.5171206618028,0.8810167009469348,17,4,0.9709432053955972
2025-12-03,ILI incidence,2025-12-07,2,AT,ECDC,soca_simplex,WIS,598.203200705029,-0.5487494484032874,11,10,0.7756531368016557
2025-12-03,ILI incidence,2025-12-07,2,AT,ISI,FluABCaster,WIS,209.186666960175,0.9670952805517768,11,1,1.0
2025-12-03,ILI incidence,2025-12-07,2,AT,ISI,FluBcast,WIS,308.365991825444,0.4072425150021922,11,4,0.9428030212149126
2025-12-03,ILI incidence,2025-12-07,2,AT,ISI,GLEAM,WIS,1943.18253478261,-2.2484633419088427,11,11,0.0
2025-12-03,ILI incidence,2025-12-07,2,AT,ItaLuxColab,EpiEKF,WIS,473.060857946813,-0.2101396128973653,11,8,0.8478230566269958
2025-12-03,ILI incidence,2025-12-07,2,AT,ItaLuxColab,EpiNetEKF,WIS,296.552504783987,0.46359862392379975,11,3,0.949615890415283
2025-12-03,ILI incidence,2025-12-07,2,AT,NotreDame,Rt_cocirc,WIS,285.7226,0.5172710266151781,11,2,0.9558615251281195
2025-12-03,ILI incidence,2025-12-07,2,AT,RIVM,KFdlm,WIS,348.368418428523,0.23127233987681595,11,5,0.9197335160647565
2025-12-03,ILI incidence,2025-12-07,2,AT,respicast,hubEnsemble,WIS,350.39731228091,0.222894472456192,11,6,0.9185634476176299
2025-12-03,ILI incidence,2025-12-07,2,AT,respicast,quantileBaseline,WIS,408.939148478261,0.0,11,7,0.8848022159539879
2025-12-03,ILI incidence,2025-12-07,2,AT,safinea,PRFM,WIS,535.985641834554,-0.39030817253606065,11,9,0.8115341674459837
2025-12-03,ILI incidence,2025-12-07,2,BE,ECDC,SARIMA,WIS,42.189611861632,0.4286501225371854,19,5,0.6248669239439438
2025-12-03,ILI incidence,2025-12-07,2,BE,ECDC,soca_simplex,WIS,48.3370882697559,0.23240736693289316,19,10,0.5599643770367446
2025-12-03,ILI incidence,2025-12-07,2,BE,ISI,FluABCaster,WIS,92.0024665903123,-0.6961346028394001,19,17,0.09896313416489219
2025-12-03,ILI incidence,2025-12-07,2,BE,ISI,FluBcast,WIS,65.1170124241873,-0.19749657254432318,19,14,0.38280878631450393
2025-12-03,ILI incidence,2025-12-07,2,BE,ISI,GLEAM,WIS,80.5483130434783,-0.5043164367229395,19,15,0.21989141245372723
2025-12-03,ILI incidence,2025-12-07,2,BE,ItaLuxColab,EpiEKF,WIS,47.3700260968723,0.2615634708460878,19,9,0.570174224764637
2025-12-03,ILI incidence,2025-12-07,2,BE,ItaLuxColab,EpiNetEKF,WIS,35.7364199214779,0.6681428252996288,19,4,0.6929970906646372
2025-12-03,ILI incidence,2025-12-07,2,BE,MRC_GIDA,NBEATS,WIS,88.7004785786756,-0.6434039509626777,19,16,0.1338241759297784
2025-12-03,ILI incidence,2025-12-07,2,BE,MRC_GIDA,NHiTS,WIS,93.2121921972135,-0.7149807348223465,19,18,0.08619134494045719
2025-12-03,ILI incidence,2025-12-07,2,BE,MRC_GIDA,Prophet,WIS,43.2634719019411,0.39238849106819496,19,7,0.6135295479198855
2025-12-03,ILI incidence,2025-12-07,2,BE,MRC_GIDA,TiDE,WIS,63.3033127643819,-0.15674306261743548,19,13,0.40195708708561906
2025-12-03,ILI incidence,2025-12-07,2,BE,NotreDame,Rt_cocirc,WIS,6.65754347826087,3.092476087214902,19,1,1.0
2025-12-03,ILI incidence,2025-12-07,2,BE,QMUL,ARIMA,WIS,31.1832859380047,0.8647649775671804,19,3,0.7410672209617809
2025-12-03,ILI incidence,2025-12-07,2,BE,QMUL,SEIR,WIS,10.3236137839841,2.459589862580751,19,2,0.9612951259694371
2025-12-03,ILI incidence,2025-12-07,2,BE,QMUL,SEIR_agumented,WIS,42.5461236432095,0.41651024291851657,19,6,0.6211030180595349
2025-12-03,ILI incidence,2025-12-07,2,BE,RIVM,KFdlm,WIS,51.2576160627552,0.1477715555916216,19,11,0.5291306365723769
2025-12-03,ILI incidence,2025-12-07,2,BE,respicast,hubEnsemble,WIS,43.4995174427658,0.3845385409010511,19,8,0.6110374754386695
2025-12-03,ILI incidence,2025-12-07,2,BE,respicast,quantileBaseline,WIS,56.7861041304348,0.0,19,12,0.4707631159318269
2025-12-03,ILI incidence,2025-12-07,2,BE,safinea,PRFM,WIS,101.376113104101,-0.8361079125600449,19,19,0.0
2025-12-03,ILI incidence,2025-12-07,2,CZ,ECDC,SARIMA,WIS,8.06472244863534,0.3985927939166302,14,5,0.7335637559195575
2025-12-03,ILI incidence,2025-12-07,2,CZ,ECDC,soca_simplex,WIS,15.7480213009697,-0.5668809868085803,14,12,0.16956753363766994
2025-12-03,ILI incidence,2025-12-07,2,CZ,ISI,FluABCaster,WIS,15.9006760190714,-0.5807985209496642,14,13,0.15836184113792987
2025-12-03,ILI incidence,2025-12-07,2,CZ,ISI,GLEAM,WIS,14.6808347826087,-0.4656444229257831,14,11,0.24790486977329307
2025-12-03,ILI incidence,2025-12-07,2,CZ,ItaLuxColab,EpiEKF,WIS,8.52210144881433,0.3190084513458939,14,6,0.6999896319384704
2025-12-03,ILI incidence,2025-12-07,2,CZ,ItaLuxColab,EpiNetEKF,WIS,6.54370186762955,0.7001106567956498,14,3,0.8452149982032846
2025-12-03,ILI incidence,2025-12-07,2,CZ,NotreDame,Rt_cocirc,WIS,4.43507173913043,1.261260236189425,14,1,1.0
2025-12-03,ILI incidence,2025-12-07,2,CZ,QMUL,ARIMA,WIS,6.57406215226888,0.6934325811371844,14,4,0.8429863870073552
2025-12-03,ILI incidence,2025-12-07,2,CZ,QMUL,SEIR,WIS,4.73107166113001,1.168050663705876,14,2,0.9782719843374601
2025-12-03,ILI incidence,2025-12-07,2,CZ,QMUL,SEIR_agumented,WIS,11.8030714631846,-0.15087275264026215,14,10,0.45914846083619426
2025-12-03,ILI incidence,2025-12-07,2,CZ,RIVM,KFdlm,WIS,11.7605802264705,-0.14566965731855447,14,9,0.46226755036367717
2025-12-03,ILI incidence,2025-12-07,2,CZ,respicast,hubEnsemble,WIS,8.94863735313844,0.24854966327189496,14,7,0.6686795601412114
2025-12-03,ILI incidence,2025-12-07,2,CZ,respicast,quantileBaseline,WIS,10.6310904347826,0.0,14,8,0.5451782880378193
2025-12-03,ILI incidence,2025-12-07,2,CZ,safinea,PRFM,WIS,18.0580332923981,-0.7643511946729792,14,14,0.0
2025-12-03,ILI incidence,2025-12-07,2,EE,ECDC,SARIMA,WIS,59.1045082217631,-0.22829593293155187,15,12,0.4732578052049588
2025-12-03,ILI incidence,2025-12-07,2,EE,ECDC,soca_simplex,WIS,53.3727418590448,-0.08113088335987892,15,9,0.5486670300747044
2025-12-03,ILI incidence,2025-12-07,2,EE,ISI,FluABCaster,WIS,19.0674544108318,1.403859993489973,15,1,1.0
2025-12-03,ILI incidence,2025-12-07,2,EE,ISI,FluBcast,WIS,27.9267599778828,0.8533240399082784,15,2,0.8834437198904417
2025-12-03,ILI incidence,2025-12-07,2,EE,ISI,GLEAM,WIS,29.9696782608696,0.7514686479535406,15,4,0.8565663361236675
2025-12-03,ILI incidence,2025-12-07,2,EE,ItaLuxColab,EpiEKF,WIS,54.320840317753,-0.10653355371397905,15,11,0.5361934982963646
2025-12-03,ILI incidence,2025-12-07,2,EE,ItaLuxColab,EpiNetEKF,WIS,44.8561553365415,0.16966627288442038,15,7,0.6607143724743202
2025-12-03,ILI incidence,2025-12-07,2,EE,NotreDame,Rt_cocirc,WIS,42.3846608695652,0.2514300000857822,15,6,0.6932302620326936
2025-12-03,ILI incidence,2025-12-07,2,EE,QMUL,ARIMA,WIS,78.3898442037154,-0.635694514238098,15,14,0.2195328370675732
2025-12-03,ILI incidence,2025-12-07,2,EE,QMUL,SEIR,WIS,95.076276575743,-0.9141131609961234,15,15,0.0
2025-12-03,ILI incidence,2025-12-07,2,EE,QMUL,SEIR_agumented,WIS,74.1930159499507,-0.556311143416907,15,13,0.2747478520385869
2025-12-03,ILI incidence,2025-12-07,2,EE,RIVM,KFdlm,WIS,54.0061007649526,-0.09815014576059779,15,10,0.5403343275295494
2025-12-03,ILI incidence,2025-12-07,2,EE,respicast,hubEnsemble,WIS,42.2787898039213,0.25503816251662637,15,5,0.6946231406832034
2025-12-03,ILI incidence,2025-12-07,2,EE,respicast,quantileBaseline,WIS,50.4541256521739,0.0,15,8,0.5870654175742315
2025-12-03,ILI incidence,2025-12-07,2,EE,safinea,PRFM,WIS,28.7476401179359,0.811528713182818,15,3,0.8726439190690042
2025-12-03,ILI incidence,2025-12-07,2,ES,ECDC,SARIMA,WIS,96.4529229995774,0.020382092633924178,14,11,0.18213481428141048
2025-12-03,ILI incidence,2025-12-07,2,ES,ECDC,soca_simplex,WIS,109.293488991739,-0.15992849954742078,14,14,0.0
2025-12-03,ILI incidence,2025-12-07,2,ES,ISI,FluABCaster,WIS,77.4276720325106,0.3373577861194357,14,6,0.4519952358281873
2025-12-03,ILI incidence,2025-12-07,2,ES,ISI,FluBcast,WIS,84.8181372705441,0.2058342527461947,14,8,0.3471664444490424
2025-12-03,ILI incidence,2025-12-07,2,ES,ISI,GLEAM,WIS,65.061552173913,0.5884018111749986,14,3,0.6274003499954468
2025-12-03,ILI incidence,2025-12-07,2,ES,ItaLuxColab,EpiEKF,WIS,63.7158661447204,0.6185543838233147,14,2,0.6464880035426269
2025-12-03,ILI incidence,2025-12-07,2,ES,ItaLuxColab,EpiNetEKF,WIS,70.2670596443012,0.47735852272764145,14,5,0.5535637187333662
2025-12-03,ILI incidence,2025-12-07,2,ES,QMUL,ARIMA,WIS,99.4924191011566,-0.0243795502723585,14,13,0.13902160117942278
2025-12-03,ILI incidence,2025-12-07,2,ES,QMUL,SEIR,WIS,85.2062771408018,0.19924733473596762,14,9,0.34166094077983095
2025-12-03,ILI incidence,2025-12-07,2,ES,QMUL,SEIR_agumented,WIS,89.9148948383403,0.12164692738431425,14,10,0.27487235759846235
2025-12-03,ILI incidence,2025-12-07,2,ES,RIVM,KFdlm,WIS,65.7748014404176,0.572672064130065,14,4,0.6172833876457756
2025-12-03,ILI incidence,2025-12-07,2,ES,respicast,hubEnsemble,WIS,81.8608866988849,0.2570327585336012,14,7,0.3891130598849615
2025-12-03,ILI incidence,2025-12-07,2,ES,respicast,quantileBaseline,WIS,97.8252608695652,0.0,14,12,0.1626691222524022
2025-12-03,ILI incidence,2025-12-07,2,ES,safinea,PRFM,WIS,38.793150861314,1.3344050929962128,14,1,1.0
2025-12-03,ILI incidence,2025-12-07,2,FI,ECDC,SARIMA,WIS,26.2606078734739,0.16690110740957478,14,5,0.6730445116827021
2025-12-03,ILI incidence,2025-12-07,2,FI,ECDC,soca_simplex,WIS,27.0435616325183,0.12451625231581329,14,7,0.6353156960307531
2025-12-03,ILI incidence,2025-12-07,2,FI,ISI,FluABCaster,WIS,26.7991428687298,0.13761456020640708,14,6,0.6470936974444109
2025-12-03,ILI incidence,2025-12-07,2,FI,ISI,FluBcast,WIS,33.8635452899937,-0.19993160265951912,14,12,0.30667571801181853
2025-12-03,ILI incidence,2025-12-07,2,FI,ISI,GLEAM,WIS,21.472452173913,0.45731446142876914,14,4,0.9037751795091751
2025-12-03,ILI incidence,2025-12-07,2,FI,ItaLuxColab,EpiEKF,WIS,20.3158229470259,0.5371976131490244,14,3,0.9595105922009033
2025-12-03,ILI incidence,2025-12-07,2,FI,ItaLuxColab,EpiNetEKF,WIS,19.4755809863391,0.5981350524165195,14,1,1.0
2025-12-03,ILI incidence,2025-12-07,2,FI,QMUL,ARIMA,WIS,30.8507788987549,-0.06550549484072993,14,11,0.4518542888589256
2025-12-03,ILI incidence,2025-12-07,2,FI,QMUL,SEIR,WIS,29.6097178041107,-0.006269321809920316,14,10,0.5116582871305293
2025-12-03,ILI incidence,2025-12-07,2,FI,QMUL,SEIR_agumented,WIS,34.4588396454666,-0.22507270244561334,14,13,0.2779897953288559
2025-12-03,ILI incidence,2025-12-07,2,FI,RIVM,KFdlm,WIS,20.1110887650255,0.5518102314139135,14,2,0.9693762811015778
2025-12-03,ILI incidence,2025-12-07,2,FI,respicast,hubEnsemble,WIS,28.1121720602938,0.06860649265505069,14,8,0.5838217152335988
2025-12-03,ILI incidence,2025-12-07,2,FI,respicast,quantileBaseline,WIS,29.4813260869565,0.0,14,9,0.5178452009447758
2025-12-03,ILI incidence,2025-12-07,2,FI,safinea,PRFM,WIS,40.227723493732,-0.44838867832271484,14,14,0.0
2025-12-03,ILI incidence,2025-12-07,2,FR,ECDC,soca_simplex,WIS,123.770067876184,-0.5182000730686394,10,8,0.03923044637806828
2025-12-03,ILI incidence,2025-12-07,2,FR,ISI,FluABCaster,WIS,125.625205170537,-0.5396635651955597,10,9,0.023225957812246564
2025-12-03,ILI incidence,2025-12-07,2,FR,ISI,GLEAM,WIS,128.317408695652,-0.5702545254110255,10,10,0.0
2025-12-03,ILI incidence,2025-12-07,2,FR,ItaLuxColab,EpiEKF,WIS,74.3829212373857,0.2164190742234268,10,4,0.46529919400403535
2025-12-03,ILI incidence,2025-12-07,2,FR,ItaLuxColab,EpiNetEKF,WIS,59.1509506592588,0.5469891268039172,10,3,0.5967072033705798
2025-12-03,ILI incidence,2025-12-07,2,FR,NotreDame,Rt_cocirc,WIS,12.4038456521739,2.800603003256028,10,1,1.0
2025-12-03,ILI incidence,2025-12-07,2,FR,RIVM,KFdlm,WIS,101.508674906973,-0.2321406377494711,10,7,0.23128211302264343
2025-12-03,ILI incidence,2025-12-07,2,FR,respicast,hubEnsemble,WIS,81.7140323102125,0.08080663630191072,10,5,0.40205283283336746
2025-12-03,ILI incidence,2025-12-07,2,FR,respicast,quantileBaseline,WIS,86.4215126086956,0.0,10,6,0.3614408442542798
2025-12-03,ILI incidence,2025-12-07,2,FR,safinea,PRFM,WIS,54.3927212310358,0.667976877523139,10,2,0.637757010686383
2025-12-03,ILI incidence,2025-12-07,2,GB-NIR,ECDC,SARIMA,WIS,22.1182991336764,0.004043128555923598,11,7,0.2703479519850592
2025-12-03,ILI incidence,2025-12-07,2,GB-NIR,ECDC,soca_simplex,WIS,24.016821989165,-0.11476168280143158,11,9,0.18081902950927603
2025-12-03,ILI incidence,2025-12-07,2,GB-NIR,ISI,FluABCaster,WIS,11.8104235069199,0.9092228782687412,11,2,0.7564379641278905
2025-12-03,ILI incidence,2025-12-07,2,GB-NIR,ISI,FluBcast,WIS,16.9552781248342,0.38754912744501213,11,5,0.5138212956454448
2025-12-03,ILI incidence,2025-12-07,2,GB-NIR,ISI,GLEAM,WIS,6.64552171825365,1.73882920681306,11,1,1.0
2025-12-03,ILI incidence,2025-12-07,2,GB-NIR,ItaLuxColab,EpiEKF,WIS,12.8084181654107,0.7921912627469823,11,3,0.7093753827357515
2025-12-03,ILI incidence,2025-12-07,2,GB-NIR,QMUL,ARIMA,WIS,27.1294423410995,-0.29057581546587824,11,10,0.03403673221996006
2025-12-03,ILI incidence,2025-12-07,2,GB-NIR,RIVM,KFdlm,WIS,15.4836861343058,0.5185346086086698,11,4,0.5832173763168537
2025-12-03,ILI incidence,2025-12-07,2,GB-NIR,respicast,hubEnsemble,WIS,18.9849420243946,0.22442798385145762,11,6,0.41810813560088317
2025-12-03,ILI incidence,2025-12-07,2,GB-NIR,respicast,quantileBaseline,WIS,22.18037223329,0.0,11,8,0.26742076166597945
2025-12-03,ILI incidence,2025-12-07,2,GB-NIR,safinea,PRFM,WIS,27.8512148394027,-0.3284566805515134,11,11,0.0
2025-12-03,ILI incidence,2025-12-07,2,GB-SCT,ECDC,soca_simplex,WIS,6.14952024884673,0.8903413958980242,7,4,0.7993668915858727
2025-12-03,ILI incidence,2025-12-07,2,GB-SCT,ISI,FluABCaster,WIS,4.83199310930217,1.238196862448075,7,1,1.0
2025-12-03,ILI incidence,2025-12-07,2,GB-SCT,ItaLuxColab,EpiEKF,WIS,6.29043642952823,0.8576551452063553,7,5,0.7779081675054342
2025-12-03,ILI incidence,2025-12-07,2,GB-SCT,RIVM,KFdlm,WIS,6.53718130937766,0.8021465487259292,7,6,0.7403338430428851
2025-12-03,ILI incidence,2025-12-07,2,GB-SCT,respicast,hubEnsemble,WIS,5.71264079880344,0.9966574411987656,7,3,0.8658949193081246
2025-12-03,ILI incidence,2025-12-07,2,GB-SCT,respicast,quantileBaseline,WIS,11.3988411732072,0.0,7,7,0.0
2025-12-03,ILI incidence,2025-12-07,2,GB-SCT,safinea,PRFM,WIS,4.94319236468926,1.2053722095948782,7,2,0.9830665710086546
2025-12-03,ILI incidence,2025-12-07,2,GB-WLS,ECDC,soca_simplex,WIS,6.75459201369989,-0.13619432255520514,9,9,0.0
2025-12-03,ILI incidence,2025-12-07,2,GB-WLS,ISI,FluABCaster,WIS,1.34034262450993,2.1970724728075512,9,1,1.0
2025-12-03,ILI incidence,2025-12-07,2,GB-WLS,ISI,FluBcast,WIS,2.85934191114857,1.1039911656991646,9,2,0.71944415976267
2025-12-03,ILI incidence,2025-12-07,2,GB-WLS,ISI,GLEAM,WIS,3.4984804477417,0.8129458801754301,9,6,0.6013966723548627
2025-12-03,ILI incidence,2025-12-07,2,GB-WLS,ItaLuxColab,EpiEKF,WIS,4.13056783533735,0.5733341842138537,9,7,0.48465151671839174
2025-12-03,ILI incidence,2025-12-07,2,GB-WLS,RIVM,KFdlm,WIS,3.44227879147245,0.836310362405168,9,5,0.6117769951345007
2025-12-03,ILI incidence,2025-12-07,2,GB-WLS,respicast,hubEnsemble,WIS,3.30974470015336,0.8929543710668227,9,3,0.6362557514296404
2025-12-03,ILI incidence,2025-12-07,2,GB-WLS,respicast,quantileBaseline,WIS,6.14611307217734,0.0,9,8,0.11238472737096908
2025-12-03,ILI incidence,2025-12-07,2,GB-WLS,safinea,PRFM,WIS,3.39358249355623,0.8568652253546346,9,4,0.6207710946699685
2025-12-03,ILI incidence,2025-12-07,2,GR,ECDC,SARIMA,WIS,60.3941773554961,-0.20555905521588874,19,10,0.603758873718604
2025-12-03,ILI incidence,2025-12-07,2,GR,ECDC,soca_simplex,WIS,35.6080066671606,0.556648733780292,19,3,0.8663562881905932
2025-12-03,ILI incidence,2025-12-07,2,GR,ISI,FluABCaster,WIS,50.1436822071105,0.06278246814785986,19,6,0.712357880675757
2025-12-03,ILI incidence,2025-12-07,2,GR,ISI,FluBcast,WIS,48.1291085662913,0.12194070744844436,19,5,0.7337013078632211
2025-12-03,ILI incidence,2025-12-07,2,GR,ISI,GLEAM,WIS,66.9945608695652,-0.3551935615061242,19,13,0.5338310229379362
2025-12-03,ILI incidence,2025-12-07,2,GR,ItaLuxColab,EpiEKF,WIS,67.4650724915021,-0.36529038443124845,19,14,0.5288461813118032
2025-12-03,ILI incidence,2025-12-07,2,GR,ItaLuxColab,EpiNetEKF,WIS,60.6983310434294,-0.21280643898610502,19,11,0.6005365134331974
2025-12-03,ILI incidence,2025-12-07,2,GR,MRC_GIDA,NBEATS,WIS,117.382059466509,-1.1642896105905673,19,19,0.0
2025-12-03,ILI incidence,2025-12-07,2,GR,MRC_GIDA,NHiTS,WIS,55.5197290276822,-0.08415011683503316,19,9,0.65540128125127
2025-12-03,ILI incidence,2025-12-07,2,GR,MRC_GIDA,Prophet,WIS,90.0173460003431,-0.7813526202701818,19,16,0.2899158201699837
2025-12-03,ILI incidence,2025-12-07,2,GR,MRC_GIDA,TiDE,WIS,78.1124159411326,-0.5767014726550456,19,15,0.41604275975770105
2025-12-03,ILI incidence,2025-12-07,2,GR,NotreDame,Rt_cocirc,WIS,97.6526239130435,-0.8988083998471359,19,17,0.2090237669415365
2025-12-03,ILI incidence,2025-12-07,2,GR,QMUL,ARIMA,WIS,29.553257240984,0.8255332626071585,19,2,0.9305034113820745
2025-12-03,ILI incidence,2025-12-07,2,GR,QMUL,SEIR,WIS,102.783520614262,-0.9726866593961815,19,18,0.15466441371167622
2025-12-03,ILI incidence,2025-12-07,2,GR,QMUL,SEIR_agumented,WIS,22.9935799067478,1.1876193107987285,19,1,1.0
2025-12-03,ILI incidence,2025-12-07,2,GR,RIVM,KFdlm,WIS,63.7589545514542,-0.2837775640008407,19,12,0.5681106970380195
2025-12-03,ILI incidence,2025-12-07,2,GR,respicast,hubEnsemble,WIS,40.979217074419,0.35395798850729016,19,4,0.8094509282111727
2025-12-03,ILI incidence,2025-12-07,2,GR,respicast,quantileBaseline,WIS,52.3739860869565,0.0,19,8,0.6887288966064258
2025-12-03,ILI incidence,2025-12-07,2,GR,safinea,PRFM,WIS,52.1936200273353,0.004976942429720427,19,7,0.6906397872200096
2025-12-03,ILI incidence,2025-12-07,2,HR,ECDC,SARIMA,WIS,50.992540558479,0.04066815521612209,15,11,0.20162724092746137
2025-12-03,ILI incidence,2025-12-07,2,HR,ECDC,soca_simplex,WIS,33.1845031753736,0.6604446981950975,15,6,0.561568544083063
2025-12-03,ILI incidence,2025-12-07,2,HR,ISI,FluABCaster,WIS,37.1912964648132,0.49598933290227626,15,10,0.48058205651850733
2025-12-03,ILI incidence,2025-12-07,2,HR,ISI,FluBcast,WIS,36.4802524802242,0.5238386587100932,15,9,0.4949538872210148
2025-12-03,ILI incidence,2025-12-07,2,HR,ISI,GLEAM,WIS,11.4931782608696,2.190176564975939,15,1,1.0
2025-12-03,ILI incidence,2025-12-07,2,HR,ItaLuxColab,EpiEKF,WIS,32.9030396195437,0.6727335052593288,15,4,0.5672575684767527
2025-12-03,ILI incidence,2025-12-07,2,HR,ItaLuxColab,EpiNetEKF,WIS,33.0197662045721,0.6676244678254146,15,5,0.5648982563176326
2025-12-03,ILI incidence,2025-12-07,2,HR,NotreDame,Rt_cocirc,WIS,19.9786934782609,1.3924921330713407,15,2,0.828488264058108
2025-12-03,ILI incidence,2025-12-07,2,HR,QMUL,ARIMA,WIS,54.2173891570441,-0.04780126859134891,15,13,0.1364456500493865
2025-12-03,ILI incidence,2025-12-07,2,HR,QMUL,SEIR,WIS,33.3803609073158,0.651954820001296,15,7,0.5576098098468436
2025-12-03,ILI incidence,2025-12-07,2,HR,QMUL,SEIR_agumented,WIS,57.4325928319993,-0.13091532145083867,15,14,0.07145900521159113
2025-12-03,ILI incidence,2025-12-07,2,HR,RIVM,KFdlm,WIS,21.8430186851577,1.263782123987269,15,3,0.7908059731891044
2025-12-03,ILI incidence,2025-12-07,2,HR,respicast,hubEnsemble,WIS,35.7418851724885,0.5533386431611285,15,8,0.5098779849885777
2025-12-03,ILI incidence,2025-12-07,2,HR,respicast,quantileBaseline,WIS,52.4504217391304,0.0,15,12,0.17216011657677202
2025-12-03,ILI incidence,2025-12-07,2,HR,safinea,PRFM,WIS,60.9680154828903,-0.21709821368551588,15,15,0.0
2025-12-03,ILI incidence,2025-12-07,2,HU,ECDC,soca_simplex,WIS,97.3596935959985,-0.8066809749212647,11,9,0.593634636600218
2025-12-03,ILI incidence,2025-12-07,2,HU,ISI,FluABCaster,WIS,73.7575993159943,-0.4061480464865895,11,8,0.7058313186240645
2025-12-03,ILI incidence,2025-12-07,2,HU,ISI,FluBcast,WIS,19.8019961167199,1.4909977859860502,11,2,0.9623187126551314
2025-12-03,ILI incidence,2025-12-07,2,HU,ISI,GLEAM,WIS,11.8752260869565,2.228688672271876,11,1,1.0
2025-12-03,ILI incidence,2025-12-07,2,HU,ItaLuxColab,EpiEKF,WIS,52.9931379966145,0.07083809346898194,11,5,0.8045388162049317
2025-12-03,ILI incidence,2025-12-07,2,HU,ItaLuxColab,EpiNetEKF,WIS,31.7764624270206,0.8086851298293195,11,3,0.905395993294575
2025-12-03,ILI incidence,2025-12-07,2,HU,NotreDame,Rt_cocirc,WIS,222.238793478261,-1.9973951142485304,11,11,0.0
2025-12-03,ILI incidence,2025-12-07,2,HU,RIVM,KFdlm,WIS,69.9960202729089,-0.3306292450495912,11,7,0.7237126423234689
2025-12-03,ILI incidence,2025-12-07,2,HU,respicast,hubEnsemble,WIS,35.7592550514813,0.6383269706444613,11,4,0.8864630921565554
2025-12-03,ILI incidence,2025-12-07,2,HU,respicast,quantileBaseline,WIS,55.6601058695652,0.0,11,6,0.7918609180972723
2025-12-03,ILI incidence,2025-12-07,2,HU,safinea,PRFM,WIS,132.280439566309,-1.2488841868123417,11,10,0.4276327646821912
2025-12-03,ILI incidence,2025-12-07,2,IE,ECDC,SARIMA,WIS,40.7283137578892,0.0019669641433354584,19,11,0.3795971315844512
2025-12-03,ILI incidence,2025-12-07,2,IE,ECDC,soca_simplex,WIS,21.9538291321244,0.8935264559826154,19,5,0.7098404991378402
2025-12-03,ILI incidence,2025-12-07,2,IE,ISI,FluABCaster,WIS,21.3481025371394,0.933891203092541,19,4,0.7204952358473623
2025-12-03,ILI incidence,2025-12-07,2,IE,ISI,FluBcast,WIS,32.8971408589669,0.3100368463938102,19,7,0.5173475392033013
2025-12-03,ILI incidence,2025-12-07,2,IE,ISI,GLEAM,WIS,5.45813043478261,2.901520272254917,19,1,1.0
2025-12-03,ILI incidence,2025-12-07,2,IE,ItaLuxColab,EpiEKF,WIS,24.3817769992297,0.7421957722831795,19,6,0.6671328724913772
2025-12-03,ILI incidence,2025-12-07,2,IE,ItaLuxColab,EpiNetEKF,WIS,17.825049308428,1.1940929814406416,19,2,0.7824657764779602
2025-12-03,ILI incidence,2025-12-07,2,IE,MRC_GIDA,NBEATS,WIS,62.3085821633237,-0.6114318396771583,19,19,0.0
2025-12-03,ILI incidence,2025-12-07,2,IE,MRC_GIDA,NHiTS,WIS,58.3161792899836,-0.515897152528775,19,18,0.07022640545414979
2025-12-03,ILI incidence,2025-12-07,2,IE,MRC_GIDA,Prophet,WIS,45.4572452634552,-0.15651120965187182,19,14,0.29641518031084507
2025-12-03,ILI incidence,2025-12-07,2,IE,MRC_GIDA,TiDE,WIS,52.3832057865139,-0.3611053045566617,19,17,0.17458746720612045
2025-12-03,ILI incidence,2025-12-07,2,IE,NotreDame,Rt_cocirc,WIS,43.0644282608696,-0.07849762868415988,19,13,0.33850485470800235
2025-12-03,ILI incidence,2025-12-07,2,IE,QMUL,ARIMA,WIS,48.5832924232274,-0.25246121379375713,19,16,0.24142798030232157
2025-12-03,ILI incidence,2025-12-07,2,IE,QMUL,SEIR,WIS,34.3289107993807,0.24857496531183745,19,8,0.4921626919966256
2025-12-03,ILI incidence,2025-12-07,2,IE,QMUL,SEIR_agumented,WIS,48.4490722824608,-0.24846999178117157,19,15,0.2437889138865875
2025-12-03,ILI incidence,2025-12-07,2,IE,RIVM,KFdlm,WIS,38.5890721454894,0.07980669352966618,19,9,0.4172264123967585
2025-12-03,ILI incidence,2025-12-07,2,IE,respicast,hubEnsemble,WIS,39.5405333131502,0.04466671904106659,19,10,0.4004902011841548
2025-12-03,ILI incidence,2025-12-07,2,IE,respicast,quantileBaseline,WIS,40.7838804347826,0.0,19,12,0.3786197131963136
2025-12-03,ILI incidence,2025-12-07,2,IE,safinea,PRFM,WIS,20.4631743859859,0.9949690859069638,19,3,0.7360611306511362
2025-12-03,ILI incidence,2025-12-07,2,IS,ECDC,SARIMA,WIS,16.4126429700093,-1.5639816522883647,14,9,0.5608847134585319
2025-12-03,ILI incidence,2025-12-07,2,IS,ECDC,soca_simplex,WIS,14.2803855621517,-1.3632090056696329,14,8,0.6236045808943288
2025-12-03,ILI incidence,2025-12-07,2,IS,ISI,FluABCaster,WIS,4.61063042006349,0.2677899945271594,14,2,0.9080382324850901
2025-12-03,ILI incidence,2025-12-07,2,IS,ItaLuxColab,EpiEKF,WIS,6.72062955675091,-0.27584236313138033,14,5,0.8459730870411123
2025-12-03,ILI incidence,2025-12-07,2,IS,ItaLuxColab,EpiNetEKF,WIS,12.6079389074253,-1.1835065230977222,14,7,0.6727992194456267
2025-12-03,ILI incidence,2025-12-07,2,IS,MRC_GIDA,NBEATS,WIS,28.4250510741497,-2.356337015200202,14,13,0.20754245698426355
2025-12-03,ILI incidence,2025-12-07,2,IS,MRC_GIDA,NHiTS,WIS,22.6585224642976,-2.029227861617288,14,10,0.3771635865166732
2025-12-03,ILI incidence,2025-12-07,2,IS,MRC_GIDA,Prophet,WIS,26.5486502755536,-2.25781259060839,14,12,0.26273636036135073
2025-12-03,ILI incidence,2025-12-07,2,IS,MRC_GIDA,TiDE,WIS,24.4226197669267,-2.137392037562406,14,11,0.325273064970349
2025-12-03,ILI incidence,2025-12-07,2,IS,QMUL,ARIMA,WIS,1.48425008732334,1.9030198230572688,14,1,1.0
2025-12-03,ILI incidence,2025-12-07,2,IS,RIVM,KFdlm,WIS,35.4807729600842,-2.6762115134031697,14,14,0.0
2025-12-03,ILI incidence,2025-12-07,2,IS,respicast,hubEnsemble,WIS,4.80971886515736,0.20680145213993878,14,3,0.9021820910838356
2025-12-03,ILI incidence,2025-12-07,2,IS,respicast,quantileBaseline,WIS,5.55102434782608,0.0,14,4,0.8803767586548925
2025-12-03,ILI incidence,2025-12-07,2,IS,safinea,PRFM,WIS,7.2089344963383,-0.3770320192219921,14,6,0.8316097081327759
2025-12-03,ILI incidence,2025-12-07,2,LT,ECDC,SARIMA,WIS,137.207911545965,0.2016955801734732,19,5,0.5117613609377764
2025-12-03,ILI incidence,2025-12-07,2,LT,ECDC,soca_simplex,WIS,136.056415516126,0.21385426522806084,19,4,0.5230020149875042
2025-12-03,ILI incidence,2025-12-07,2,LT,ISI,FluABCaster,WIS,167.810408515125,-0.0887729510262606,19,14,0.21302643474244023
2025-12-03,ILI incidence,2025-12-07,2,LT,ISI,FluBcast,WIS,170.998062716401,-0.11592072919148841,19,17,0.1819092470334082
2025-12-03,ILI incidence,2025-12-07,2,LT,ISI,GLEAM,WIS,166.69827826087,-0.07917995223304543,19,12,0.2238828086441933
2025-12-03,ILI incidence,2025-12-07,2,LT,ItaLuxColab,EpiEKF,WIS,130.04512552064,0.2790469275482343,19,2,0.5816829218086044
2025-12-03,ILI incidence,2025-12-07,2,LT,ItaLuxColab,EpiNetEKF,WIS,135.367573233733,0.22117706291417813,19,3,0.5297263436786657
2025-12-03,ILI incidence,2025-12-07,2,LT,MRC_GIDA,NBEATS,WIS,189.632901474297,-0.26515004347730886,19,19,0.0
2025-12-03,ILI incidence,2025-12-07,2,LT,MRC_GIDA,NHiTS,WIS,183.950844130976,-0.22126104537365118,19,18,0.055467009205335975
2025-12-03,ILI incidence,2025-12-07,2,LT,MRC_GIDA,Prophet,WIS,87.1925964222198,0.8557817061484435,19,1,1.0
2025-12-03,ILI incidence,2025-12-07,2,LT,MRC_GIDA,TiDE,WIS,169.79798922565,-0.1057601230443104,19,16,0.19362410370179572
2025-12-03,ILI incidence,2025-12-07,2,LT,NotreDame,Rt_cocirc,WIS,138.686808695652,0.18622868020819688,19,6,0.49732468829281334
2025-12-03,ILI incidence,2025-12-07,2,LT,QMUL,ARIMA,WIS,151.331938127176,0.06034275541093161,19,8,0.3738856822775966
2025-12-03,ILI incidence,2025-12-07,2,LT,QMUL,SEIR,WIS,167.656144638861,-0.08744610790065392,19,13,0.21453232518454282
2025-12-03,ILI incidence,2025-12-07,2,LT,QMUL,SEIR_agumented,WIS,169.037957505848,-0.09928798900654098,19,15,0.20104336821311908
2025-12-03,ILI incidence,2025-12-07,2,LT,RIVM,KFdlm,WIS,156.708466974978,0.009976120446049879,19,9,0.3214011758612133
2025-12-03,ILI incidence,2025-12-07,2,LT,respicast,hubEnsemble,WIS,158.184812251089,-0.003551838104730955,19,11,0.3069894140516357
2025-12-03,ILI incidence,2025-12-07,2,LT,respicast,quantileBaseline,WIS,157.795848695652,0.0,19,10,0.3107863917669915
2025-12-03,ILI incidence,2025-12-07,2,LT,safinea,PRFM,WIS,146.723236096489,0.1049618871559516,19,7,0.41887483013638216
2025-12-03,ILI incidence,2025-12-07,2,LU,ECDC,SARIMA,WIS,2215.24891732658,0.32266622978966175,17,10,0.5841858574838956
2025-12-03,ILI incidence,2025-12-07,2,LU,ECDC,soca_simplex,WIS,2981.28125859182,-0.1057974411051261,17,16,0.38393924930847007
2025-12-03,ILI incidence,2025-12-07,2,LU,ISI,FluABCaster,WIS,1669.19623762592,0.7309814728030166,17,6,0.7269281297155824
2025-12-03,ILI incidence,2025-12-07,2,LU,ItaLuxColab,EpiEKF,WIS,1304.59125774269,1.0865371807257937,17,4,0.822238610242939
2025-12-03,ILI incidence,2025-12-07,2,LU,ItaLuxColab,EpiNetEKF,WIS,1093.43837059798,1.341263138538553,17,3,0.8774355610496624
2025-12-03,ILI incidence,2025-12-07,2,LU,MRC_GIDA,NBEATS,WIS,2949.86135599898,-0.09051210246695802,17,15,0.3921526478616259
2025-12-03,ILI incidence,2025-12-07,2,LU,MRC_GIDA,NHiTS,WIS,1738.49971765773,0.6722922139173699,17,7,0.7088116794516136
2025-12-03,ILI incidence,2025-12-07,2,LU,MRC_GIDA,Prophet,WIS,624.574877825423,2.149188600332829,17,1,1.0
2025-12-03,ILI incidence,2025-12-07,2,LU,MRC_GIDA,TiDE,WIS,1359.48122964641,1.0270788144672947,17,5,0.8078899592729162
2025-12-03,ILI incidence,2025-12-07,2,LU,NotreDame,Rt_cocirc,WIS,944.012045652174,1.5532578729857407,17,2,0.9164967248291118
2025-12-03,ILI incidence,2025-12-07,2,LU,QMUL,ARIMA,WIS,2569.07206083917,0.10888768919540397,17,11,0.49169382997323163
2025-12-03,ILI incidence,2025-12-07,2,LU,QMUL,SEIR,WIS,1897.22097147753,0.5462473258183465,17,9,0.6673207514442271
2025-12-03,ILI incidence,2025-12-07,2,LU,QMUL,SEIR_agumented,WIS,2947.77070761865,-0.08948926206445426,17,14,0.39269915905246816
2025-12-03,ILI incidence,2025-12-07,2,LU,RIVM,KFdlm,WIS,4450.01965436895,-0.6836766613526151,17,17,0.0
2025-12-03,ILI incidence,2025-12-07,2,LU,respicast,hubEnsemble,WIS,1859.89925854338,0.5749105668186639,17,8,0.6770769275529493
2025-12-03,ILI incidence,2025-12-07,2,LU,respicast,quantileBaseline,WIS,2770.47826086957,0.0,17,13,0.4390447363919147
2025-12-03,ILI incidence,2025-12-07,2,LU,safinea,PRFM,WIS,2732.08321441206,0.02013362045006191,17,12,0.44908148994615155
2025-12-03,ILI incidence,2025-12-07,2,LV,ECDC,soca_simplex,WIS,212.592641181609,-0.028511174615958916,8,6,0.5620256473699942
2025-12-03,ILI incidence,2025-12-07,2,LV,ItaLuxColab,EpiEKF,WIS,175.108711030186,0.2513296302840681,8,3,0.836466687282588
2025-12-03,ILI incidence,2025-12-07,2,LV,ItaLuxColab,EpiNetEKF,WIS,156.646421091098,0.4120686759863396,8,2,0.9716395474811542
2025-12-03,ILI incidence,2025-12-07,2,LV,NotreDame,Rt_cocirc,WIS,289.355686956522,-0.4732635141715091,8,8,0.0
2025-12-03,ILI incidence,2025-12-07,2,LV,RIVM,KFdlm,WIS,152.772870613306,0.44819211222468996,8,1,1.0
2025-12-03,ILI incidence,2025-12-07,2,LV,respicast,hubEnsemble,WIS,190.320217053087,0.1311516625271167,8,4,0.7250946535951559
2025-12-03,ILI incidence,2025-12-07,2,LV,respicast,quantileBaseline,WIS,208.432534130435,0.0,8,5,0.5924841425347166
2025-12-03,ILI incidence,2025-12-07,2,LV,safinea,PRFM,WIS,217.078443189212,-0.058635982581564564,8,7,0.5291825553346774
2025-12-03,ILI incidence,2025-12-07,2,MT,ECDC,SARIMA,WIS,910.59611545877,0.46060957936672264,11,2,0.6701376926441526
2025-12-03,ILI incidence,2025-12-07,2,MT,ECDC,soca_simplex,WIS,1362.29162635602,-0.12054278535046452,11,6,0.49463725945305503
2025-12-03,ILI incidence,2025-12-07,2,MT,ISI,FluABCaster,WIS,1297.59829918175,-0.05035104425576891,11,5,0.5197730127863232
2025-12-03,ILI incidence,2025-12-07,2,MT,ItaLuxColab,EpiEKF,WIS,1950.74182758968,-0.6385300665979837,11,9,0.2660025647607095
2025-12-03,ILI incidence,2025-12-07,2,MT,ItaLuxColab,EpiNetEKF,WIS,1460.88444445707,-0.2213492764777149,11,8,0.45633029852733226
2025-12-03,ILI incidence,2025-12-07,2,MT,NotreDame,Rt_cocirc,WIS,61.6106130434782,4.346170088226872,11,1,1.0
2025-12-03,ILI incidence,2025-12-07,2,MT,QMUL,ARIMA,WIS,2635.36785502938,-1.0725115635663123,11,11,0.0
2025-12-03,ILI incidence,2025-12-07,2,MT,RIVM,KFdlm,WIS,1376.17392727739,-0.13517002667854588,11,7,0.4892434714551402
2025-12-03,ILI incidence,2025-12-07,2,MT,respicast,hubEnsemble,WIS,1140.35493116836,0.1360098617395629,11,3,0.5808678843026677
2025-12-03,ILI incidence,2025-12-07,2,MT,respicast,quantileBaseline,WIS,1253.09239130435,0.0,11,4,0.5370652061413808
2025-12-03,ILI incidence,2025-12-07,2,MT,safinea,PRFM,WIS,2402.48287588513,-0.9390333585651907,11,10,0.09048443860406846
2025-12-03,ILI incidence,2025-12-07,2,NL,ECDC,SARIMA,WIS,3.27116860373481,0.23576933931310717,19,10,0.7883197020603608
2025-12-03,ILI incidence,2025-12-07,2,NL,ECDC,soca_simplex,WIS,3.90427090841106,-0.019477701125948946,19,14,0.7397157774460702
2025-12-03,ILI incidence,2025-12-07,2,NL,ISI,FluABCaster,WIS,4.50223979781624,-0.22506743895721354,19,16,0.6938090817861912
2025-12-03,ILI incidence,2025-12-07,2,NL,ISI,FluBcast,WIS,1.24574105842577,1.6285712417459333,19,4,0.9438138883818747
2025-12-03,ILI incidence,2025-12-07,2,NL,ISI,GLEAM,WIS,1.07894782608696,1.835950357416672,19,3,0.9566187788883387
2025-12-03,ILI incidence,2025-12-07,2,NL,ItaLuxColab,EpiEKF,WIS,3.70015326208328,0.05799043146642355,19,12,0.7553861021649719
2025-12-03,ILI incidence,2025-12-07,2,NL,ItaLuxColab,EpiNetEKF,WIS,1.86714922055846,1.0447382297424104,19,6,0.8961077352942673
2025-12-03,ILI incidence,2025-12-07,2,NL,MRC_GIDA,NBEATS,WIS,1.03032740574543,1.9024726070365803,19,2,0.9603514192965952
2025-12-03,ILI incidence,2025-12-07,2,NL,MRC_GIDA,NHiTS,WIS,2.47595108264486,0.6375926490368848,19,7,0.8493693810167248
2025-12-03,ILI incidence,2025-12-07,2,NL,MRC_GIDA,Prophet,WIS,7.26487940504424,-0.9153633891740203,19,18,0.481718356141419
2025-12-03,ILI incidence,2025-12-07,2,NL,MRC_GIDA,TiDE,WIS,3.28304108376097,0.23054265673571359,19,11,0.7874082393790314
2025-12-03,ILI incidence,2025-12-07,2,NL,NotreDame,Rt_cocirc,WIS,4.19909347826087,-0.12450244458388746,19,15,0.7170819410917714
2025-12-03,ILI incidence,2025-12-07,2,NL,QMUL,ARIMA,WIS,2.53156895414075,0.60554368005888,19,8,0.8450995389810432
2025-12-03,ILI incidence,2025-12-07,2,NL,QMUL,SEIR,WIS,13.53961964255,-1.8135398453680842,19,19,0.0
2025-12-03,ILI incidence,2025-12-07,2,NL,QMUL,SEIR_agumented,WIS,0.513875122937646,2.9060857435036733,19,1,1.0
2025-12-03,ILI incidence,2025-12-07,2,NL,RIVM,KFdlm,WIS,2.68780385587504,0.5191476001429121,19,9,0.8331052225334074
2025-12-03,ILI incidence,2025-12-07,2,NL,respicast,hubEnsemble,WIS,1.62869007348804,1.2418633637356467,19,5,0.914414492862818
2025-12-03,ILI incidence,2025-12-07,2,NL,respicast,quantileBaseline,WIS,3.85191391304348,0.0,19,13,0.7437352786184406
2025-12-03,ILI incidence,2025-12-07,2,NL,safinea,PRFM,WIS,4.77710445607806,-0.31056096254650445,19,17,0.6727074351319084
2025-12-03,ILI incidence,2025-12-07,2,NO,ECDC,SARIMA,WIS,45.9812596872458,-0.000845281344978449,17,13,0.47683233814773035
2025-12-03,ILI incidence,2025-12-07,2,NO,ECDC,soca_simplex,WIS,42.4791974471802,0.11344419905616462,17,11,0.561560570323706
2025-12-03,ILI incidence,2025-12-07,2,NO,ISI,FluABCaster,WIS,31.9412923211171,0.5247780245376595,17,6,0.8165126559704621
2025-12-03,ILI incidence,2025-12-07,2,NO,ISI,FluBcast,WIS,31.0234591213219,0.5668411527428654,17,5,0.8387185389960048
2025-12-03,ILI incidence,2025-12-07,2,NO,ISI,GLEAM,WIS,25.1123217391304,0.871805290880774,17,2,0.9817314800033089
2025-12-03,ILI incidence,2025-12-07,2,NO,ItaLuxColab,EpiEKF,WIS,28.4480004665929,0.691873455901568,17,4,0.9010286990956768
2025-12-03,ILI incidence,2025-12-07,2,NO,ItaLuxColab,EpiNetEKF,WIS,24.3572311109037,0.9158505694266232,17,1,1.0
2025-12-03,ILI incidence,2025-12-07,2,NO,MRC_GIDA,NBEATS,WIS,65.69011567755,-0.5154755972317286,17,17,0.0
2025-12-03,ILI incidence,2025-12-07,2,NO,MRC_GIDA,NHiTS,WIS,54.3394726768547,-0.24179985652818106,17,16,0.27461531223143176
2025-12-03,ILI incidence,2025-12-07,2,NO,MRC_GIDA,Prophet,WIS,36.5130641729797,0.3317879641563494,17,8,0.7059040715516576
2025-12-03,ILI incidence,2025-12-07,2,NO,MRC_GIDA,TiDE,WIS,52.1441926996495,-0.18230587985581437,17,15,0.3277275012359389
2025-12-03,ILI incidence,2025-12-07,2,NO,NotreDame,Rt_cocirc,WIS,37.0911304347826,0.3091264709899363,17,9,0.6919184456302244
2025-12-03,ILI incidence,2025-12-07,2,NO,QMUL,ARIMA,WIS,50.5229318591528,-0.13673765268664964,17,14,0.36695197969890553
2025-12-03,ILI incidence,2025-12-07,2,NO,RIVM,KFdlm,WIS,28.108189781511,0.7092101643161479,17,3,0.9092500146086065
2025-12-03,ILI incidence,2025-12-07,2,NO,respicast,hubEnsemble,WIS,38.5798969696264,0.25235141827251356,17,10,0.6558995093654866
2025-12-03,ILI incidence,2025-12-07,2,NO,respicast,quantileBaseline,WIS,45.9543269565217,0.0,17,12,0.47748394354634893
2025-12-03,ILI incidence,2025-12-07,2,NO,safinea,PRFM,WIS,32.1384724676976,0.5158993490799589,17,7,0.8117421167582143
2025-12-03,ILI incidence,2025-12-07,2,PL,ECDC,soca_simplex,WIS,89.5410748404918,-1.0200426809344478,10,8,0.12909959356445286
2025-12-03,ILI incidence,2025-12-07,2,PL,ISI,FluABCaster,WIS,77.9964611381725,-0.8209017120302766,10,7,0.26521325901366943
2025-12-03,ILI incidence,2025-12-07,2,PL,ISI,FluBcast,WIS,15.6748048204368,1.4940594763654882,10,1,1.0
2025-12-03,ILI incidence,2025-12-07,2,PL,ItaLuxColab,EpiEKF,WIS,60.9251414568193,-0.46453074026949875,10,6,0.46648806610552745
2025-12-03,ILI incidence,2025-12-07,2,PL,ItaLuxColab,EpiNetEKF,WIS,25.1377938947149,0.8126489116718367,10,2,0.8884291703284004
2025-12-03,ILI incidence,2025-12-07,2,PL,NotreDame,Rt_cocirc,WIS,89.6995673913044,-1.0225940718893418,10,9,0.1272309297361288
2025-12-03,ILI incidence,2025-12-07,2,PL,RIVM,KFdlm,WIS,44.1711529234749,-0.0005975336997424616,10,5,0.664021465573845
2025-12-03,ILI incidence,2025-12-07,2,PL,respicast,hubEnsemble,WIS,42.3497782783567,0.06015253898339729,10,3,0.685495893865326
2025-12-03,ILI incidence,2025-12-07,2,PL,respicast,quantileBaseline,WIS,44.1528619565217,0.0,10,4,0.6642371203043372
2025-12-03,ILI incidence,2025-12-07,2,PL,safinea,PRFM,WIS,100.490783173665,-1.1864843257215612,10,10,0.0
2025-12-03,ILI incidence,2025-12-07,2,RO,ECDC,soca_simplex,WIS,5.273516154905,-0.934960818663281,9,9,0.0
2025-12-03,ILI incidence,2025-12-07,2,RO,ISI,FluABCaster,WIS,3.00586495511388,-0.12397580321782563,9,8,0.58459265139834
2025-12-03,ILI incidence,2025-12-07,2,RO,ItaLuxColab,EpiEKF,WIS,2.05868306941642,0.42208264460631023,9,3,0.8287728718693551
2025-12-03,ILI incidence,2025-12-07,2,RO,ItaLuxColab,EpiNetEKF,WIS,1.39448826365984,0.9840685989868877,9,1,1.0
2025-12-03,ILI incidence,2025-12-07,2,RO,NotreDame,Rt_cocirc,WIS,1.58108695652174,0.8028876762144294,9,2,0.9518955011169041
2025-12-03,ILI incidence,2025-12-07,2,RO,RIVM,KFdlm,WIS,2.87679329108323,-0.060657170141818914,9,6,0.6178668808314308
2025-12-03,ILI incidence,2025-12-07,2,RO,respicast,hubEnsemble,WIS,2.06417179126258,0.4182413468968444,9,4,0.8273578983244245
2025-12-03,ILI incidence,2025-12-07,2,RO,respicast,quantileBaseline,WIS,2.75834782608696,0.0,9,5,0.6484017128349846
2025-12-03,ILI incidence,2025-12-07,2,RO,safinea,PRFM,WIS,2.98653125732625,-0.1146664299005206,9,7,0.589576811948272
2025-12-03,ILI incidence,2025-12-07,2,SI,ECDC,SARIMA,WIS,341.580131750228,0.02723145199923386,17,8,0.3889069531530465
2025-12-03,ILI incidence,2025-12-07,2,SI,ECDC,soca_simplex,WIS,277.400254482723,0.32748640285303227,17,4,0.6163095418809019
2025-12-03,ILI incidence,2025-12-07,2,SI,ISI,FluABCaster,WIS,421.801739348293,-0.277109530242478,17,14,0.10466519364213198
2025-12-03,ILI incidence,2025-12-07,2,SI,ISI,FluBcast,WIS,298.322109153931,0.22258461182681652,17,6,0.5421790804998307
2025-12-03,ILI incidence,2025-12-07,2,SI,ItaLuxColab,EpiEKF,WIS,254.527307945512,0.45163506430563227,17,2,0.6973531255686061
2025-12-03,ILI incidence,2025-12-07,2,SI,ItaLuxColab,EpiNetEKF,WIS,287.552361082356,0.27563083032711905,17,5,0.5803385269757898
2025-12-03,ILI incidence,2025-12-07,2,SI,MRC_GIDA,NBEATS,WIS,451.341417501081,-0.3747636600125441,17,17,0.0
2025-12-03,ILI incidence,2025-12-07,2,SI,MRC_GIDA,NHiTS,WIS,444.932590857197,-0.35413126429897623,17,16,0.02270779926008321
2025-12-03,ILI incidence,2025-12-07,2,SI,MRC_GIDA,Prophet,WIS,406.148134504627,-0.22255050387353342,17,12,0.160129155493222
2025-12-03,ILI incidence,2025-12-07,2,SI,MRC_GIDA,TiDE,WIS,429.964215503832,-0.30476108006443425,17,15,0.07574385120231453
2025-12-03,ILI incidence,2025-12-07,2,SI,NotreDame,Rt_cocirc,WIS,407.719854347826,-0.2281226980705201,17,13,0.15456022678354756
2025-12-03,ILI incidence,2025-12-07,2,SI,QMUL,ARIMA,WIS,333.990568919868,0.059648148940723345,17,7,0.41579834510356395
2025-12-03,ILI incidence,2025-12-07,2,SI,QMUL,SEIR_agumented,WIS,349.999294920757,-0.007896501706651292,17,11,0.3590761154915688
2025-12-03,ILI incidence,2025-12-07,2,SI,RIVM,KFdlm,WIS,169.111221149568,1.041483122991793,17,1,1.0
2025-12-03,ILI incidence,2025-12-07,2,SI,respicast,hubEnsemble,WIS,345.065623985814,0.012584756780643643,17,9,0.3765571327559234
2025-12-03,ILI incidence,2025-12-07,2,SI,respicast,quantileBaseline,WIS,348.088828695652,0.0,17,10,0.36584529274404654
2025-12-03,ILI incidence,2025-12-07,2,SI,safinea,PRFM,WIS,265.131541244465,0.3927472040947346,17,3,0.6597801321893095
2025-12-03,ILI incidence,2025-12-14,3,AT,ECDC,soca_simplex,WIS,497.809626660527,-0.022569272696160277,11,9,0.8442282955530738
2025-12-03,ILI incidence,2025-12-14,3,AT,ISI,FluABCaster,WIS,169.327893518038,1.5332052076739917,11,1,1.0
2025-12-03,ILI incidence,2025-12-14,3,AT,ISI,FluBcast,WIS,376.812302473469,0.3791787887846436,11,4,0.901607313989875
2025-12-03,ILI incidence,2025-12-14,3,AT,ISI,GLEAM,WIS,2278.06602608696,-2.2167127999579526,11,11,0.0
2025-12-03,ILI incidence,2025-12-14,3,AT,ItaLuxColab,EpiEKF,WIS,575.942296436463,-0.23289941874885617,11,10,0.8071764356899657
2025-12-03,ILI incidence,2025-12-14,3,AT,ItaLuxColab,EpiNetEKF,WIS,356.565926597043,0.4588560110201517,11,2,0.9112084946977713
2025-12-03,ILI incidence,2025-12-14,3,AT,NotreDame,Rt_cocirc,WIS,384.861684782609,0.348684807159224,11,5,0.8977901580401536
2025-12-03,ILI incidence,2025-12-14,3,AT,RIVM,KFdlm,WIS,424.49828446957,0.20726613337342628,11,6,0.8789937987033617
2025-12-03,ILI incidence,2025-12-14,3,AT,respicast,hubEnsemble,WIS,370.985761404284,0.4016610401390874,11,3,0.9043703602776979
2025-12-03,ILI incidence,2025-12-14,3,AT,respicast,quantileBaseline,WIS,490.082576521739,0.0,11,8,0.8478925960271089
2025-12-03,ILI incidence,2025-12-14,3,AT,safinea,PRFM,WIS,426.363050517545,0.20094244013092893,11,7,0.8781094944746032
2025-12-03,ILI incidence,2025-12-14,3,BE,ECDC,SARIMA,WIS,31.7901569907643,-0.193855288571115,19,12,0.7737040017579745
2025-12-03,ILI incidence,2025-12-14,3,BE,ECDC,soca_simplex,WIS,40.4023355823088,-0.5397138424005646,19,15,0.6896033946321045
2025-12-03,ILI incidence,2025-12-14,3,BE,ISI,FluABCaster,WIS,30.7214422009963,-0.1445210917158384,19,11,0.7841403346450015
2025-12-03,ILI incidence,2025-12-14,3,BE,ISI,FluBcast,WIS,8.61670298114794,1.6895169924808668,19,1,1.0
2025-12-03,ILI incidence,2025-12-14,3,BE,ISI,GLEAM,WIS,14.4191826086957,0.9467354687159308,19,3,0.9433369786372785
2025-12-03,ILI incidence,2025-12-14,3,BE,ItaLuxColab,EpiEKF,WIS,26.2964551064891,0.0798565223216868,19,7,0.8273517122559546
2025-12-03,ILI incidence,2025-12-14,3,BE,ItaLuxColab,EpiNetEKF,WIS,20.470054587863,0.44120990282098904,19,5,0.8842483285727629
2025-12-03,ILI incidence,2025-12-14,3,BE,MRC_GIDA,NBEATS,WIS,33.7942343030341,-0.28205227417852063,19,13,0.7541335624205285
2025-12-03,ILI incidence,2025-12-14,3,BE,MRC_GIDA,NHiTS,WIS,44.2459887877997,-0.6708218181540124,19,16,0.6520689235656946
2025-12-03,ILI incidence,2025-12-14,3,BE,MRC_GIDA,Prophet,WIS,111.019989780909,-1.998022707855035,19,19,0.0
2025-12-03,ILI incidence,2025-12-14,3,BE,MRC_GIDA,TiDE,WIS,28.341919596427,-0.028212622761018,19,10,0.807377114234139
2025-12-03,ILI incidence,2025-12-14,3,BE,NotreDame,Rt_cocirc,WIS,54.5549260869565,-0.9729846194508209,19,17,0.5513989390239401
2025-12-03,ILI incidence,2025-12-14,3,BE,QMUL,ARIMA,WIS,17.9429567694375,0.6313072049381737,19,4,0.9089262261032102
2025-12-03,ILI incidence,2025-12-14,3,BE,QMUL,SEIR,WIS,99.1908462970759,-1.8354821370031373,19,18,0.1155152715650989
2025-12-03,ILI incidence,2025-12-14,3,BE,QMUL,SEIR_agumented,WIS,27.4128512938428,0.019872457391174006,19,8,0.8164497556660583
2025-12-03,ILI incidence,2025-12-14,3,BE,RIVM,KFdlm,WIS,21.317098106173,0.38271379487546225,19,6,0.8759766847146289
2025-12-03,ILI incidence,2025-12-14,3,BE,respicast,hubEnsemble,WIS,13.4707251356423,1.0448973385866445,19,2,0.9525989613596496
2025-12-03,ILI incidence,2025-12-14,3,BE,respicast,quantileBaseline,WIS,27.7930632608696,0.0,19,9,0.8127368673505663
2025-12-03,ILI incidence,2025-12-14,3,BE,safinea,PRFM,WIS,39.9718362383025,-0.5242589967935398,19,14,0.6938073548511557
2025-12-03,ILI incidence,2025-12-14,3,CZ,ECDC,SARIMA,WIS,26.2044898234061,0.1988570801980508,14,3,0.478070473633677
2025-12-03,ILI incidence,2025-12-14,3,CZ,ECDC,soca_simplex,WIS,41.2721176081155,-0.4564963611395446,14,11,0.11572732363751996
2025-12-03,ILI incidence,2025-12-14,3,CZ,ISI,FluABCaster,WIS,45.2179238877491,-0.5882236529184196,14,13,0.020839402521765485
2025-12-03,ILI incidence,2025-12-14,3,CZ,ISI,GLEAM,WIS,42.6369304347826,-0.5034324761915818,14,12,0.08290659128099308
2025-12-03,ILI incidence,2025-12-14,3,CZ,ItaLuxColab,EpiEKF,WIS,27.5241950852811,0.12797072715975583,14,4,0.446334478526368
2025-12-03,ILI incidence,2025-12-14,3,CZ,ItaLuxColab,EpiNetEKF,WIS,24.9151759833227,0.27164633729847665,14,2,0.5090756222094566
2025-12-03,ILI incidence,2025-12-14,3,CZ,NotreDame,Rt_cocirc,WIS,31.8988565217391,-0.08483360708865044,14,7,0.341133538623838
2025-12-03,ILI incidence,2025-12-14,3,CZ,QMUL,ARIMA,WIS,30.1080411027726,-0.0014777445732613518,14,6,0.3841986918942487
2025-12-03,ILI incidence,2025-12-14,3,CZ,QMUL,SEIR,WIS,4.5006440815428,2.7404677179298074,14,1,1.0
2025-12-03,ILI incidence,2025-12-14,3,CZ,QMUL,SEIR_agumented,WIS,36.0070604100486,-0.25960872223125836,14,9,0.2423403139048724
2025-12-03,ILI incidence,2025-12-14,3,CZ,RIVM,KFdlm,WIS,36.9788257398854,-0.29802831124438184,14,10,0.21897150524426534
2025-12-03,ILI incidence,2025-12-14,3,CZ,respicast,hubEnsemble,WIS,35.0018533729389,-0.21876021426341577,14,8,0.2665133217219524
2025-12-03,ILI incidence,2025-12-14,3,CZ,respicast,quantileBaseline,WIS,30.0772173913044,0.0,14,5,0.38493993403717536
2025-12-03,ILI incidence,2025-12-14,3,CZ,safinea,PRFM,WIS,46.0845067401006,-0.6156107075491923,14,14,0.0
2025-12-03,ILI incidence,2025-12-14,3,EE,ECDC,SARIMA,WIS,95.2574535477677,-0.19497545293315843,15,12,0.43309597861784677
2025-12-03,ILI incidence,2025-12-14,3,EE,ECDC,soca_simplex,WIS,86.0944724761629,-0.049064085532339055,15,11,0.5029044371987019
2025-12-03,ILI incidence,2025-12-14,3,EE,ISI,FluABCaster,WIS,20.8462586447206,1.9970680486284809,15,1,1.0
2025-12-03,ILI incidence,2025-12-14,3,EE,ISI,FluBcast,WIS,38.2543602979595,1.1212323316598727,15,3,0.8673758317588
2025-12-03,ILI incidence,2025-12-14,3,EE,ISI,GLEAM,WIS,31.4389826086957,1.4043019981510867,15,2,0.91929900036691
2025-12-03,ILI incidence,2025-12-14,3,EE,ItaLuxColab,EpiEKF,WIS,81.9477617574837,0.022151984231193193,15,9,0.5344962828207301
2025-12-03,ILI incidence,2025-12-14,3,EE,ItaLuxColab,EpiNetEKF,WIS,68.4107163876955,0.28263419189928024,15,5,0.6376286873972805
2025-12-03,ILI incidence,2025-12-14,3,EE,NotreDame,Rt_cocirc,WIS,76.3954760869565,0.12336932102843885,15,8,0.5767965452823868
2025-12-03,ILI incidence,2025-12-14,3,EE,QMUL,ARIMA,WIS,121.659953987391,-0.5479259288667925,15,13,0.23194770122130137
2025-12-03,ILI incidence,2025-12-14,3,EE,QMUL,SEIR,WIS,152.105152736929,-0.8701405920245198,15,15,0.0
2025-12-03,ILI incidence,2025-12-14,3,EE,QMUL,SEIR_agumented,WIS,130.861367192811,-0.6531108138346006,15,14,0.16184644622401279
2025-12-03,ILI incidence,2025-12-14,3,EE,RIVM,KFdlm,WIS,75.0029115688856,0.14990992843831005,15,7,0.5874058417243684
2025-12-03,ILI incidence,2025-12-14,3,EE,respicast,hubEnsemble,WIS,71.9477290395787,0.20990737929450617,15,6,0.6106818456129937
2025-12-03,ILI incidence,2025-12-14,3,EE,respicast,quantileBaseline,WIS,83.2157454347826,0.0,15,10,0.5248361094201517
2025-12-03,ILI incidence,2025-12-14,3,EE,safinea,PRFM,WIS,65.3690449844634,0.34824890957344584,15,4,0.6608017563482907
2025-12-03,ILI incidence,2025-12-14,3,ES,ECDC,SARIMA,WIS,128.33016806851,0.0032600074149291367,14,12,0.08508079368138165
2025-12-03,ILI incidence,2025-12-14,3,ES,ECDC,soca_simplex,WIS,108.775031744743,0.2417729309406853,14,10,0.3274035704676106
2025-12-03,ILI incidence,2025-12-14,3,ES,ISI,FluABCaster,WIS,84.9920631650006,0.5977203397503764,14,5,0.6221166776044996
2025-12-03,ILI incidence,2025-12-14,3,ES,ISI,FluBcast,WIS,103.134120850329,0.3185986565379159,14,8,0.39730444811461313
2025-12-03,ILI incidence,2025-12-14,3,ES,ISI,GLEAM,WIS,54.4973652173913,1.2388619821021465,14,1,1.0
2025-12-03,ILI incidence,2025-12-14,3,ES,ItaLuxColab,EpiEKF,WIS,73.4329805035033,0.8086203063612409,14,3,0.7653541862191163
2025-12-03,ILI incidence,2025-12-14,3,ES,ItaLuxColab,EpiNetEKF,WIS,89.3365580764298,0.5257977916124678,14,6,0.5682806903098653
2025-12-03,ILI incidence,2025-12-14,3,ES,QMUL,ARIMA,WIS,135.19607865702,-0.07193293820987821,14,14,0.0
2025-12-03,ILI incidence,2025-12-14,3,ES,QMUL,SEIR,WIS,107.098545064705,0.2641814876650124,14,9,0.34817820997028626
2025-12-03,ILI incidence,2025-12-14,3,ES,QMUL,SEIR_agumented,WIS,113.680684519677,0.17813322205417803,14,11,0.26661384327321175
2025-12-03,ILI incidence,2025-12-14,3,ES,RIVM,KFdlm,WIS,76.0720840229259,0.7576813349847619,14,4,0.7326510190069533
2025-12-03,ILI incidence,2025-12-14,3,ES,respicast,hubEnsemble,WIS,96.8956203307103,0.4086170062524972,14,7,0.4746105197199029
2025-12-03,ILI incidence,2025-12-14,3,ES,respicast,quantileBaseline,WIS,128.620479130435,0.0,14,13,0.08148332540027728
2025-12-03,ILI incidence,2025-12-14,3,ES,safinea,PRFM,WIS,63.0243497843817,1.0291391347136183,14,2,0.8943355574885403
2025-12-03,ILI incidence,2025-12-14,3,FI,ECDC,SARIMA,WIS,48.5787877691342,0.15983188657384786,14,6,0.5449010245035258
2025-12-03,ILI incidence,2025-12-14,3,FI,ECDC,soca_simplex,WIS,55.8054923536341,-0.040248742385892565,14,10,0.34626709809718564
2025-12-03,ILI incidence,2025-12-14,3,FI,ISI,FluABCaster,WIS,44.1880237071342,0.29650296756899935,14,5,0.6655860055154162
2025-12-03,ILI incidence,2025-12-14,3,FI,ISI,FluBcast,WIS,56.1291920079415,-0.04859291542744679,14,11,0.33736985696056004
2025-12-03,ILI incidence,2025-12-14,3,FI,ISI,GLEAM,WIS,32.0213652173913,0.761123558250027,14,1,1.0
2025-12-03,ILI incidence,2025-12-14,3,FI,ItaLuxColab,EpiEKF,WIS,35.7791385383965,0.6010397243638611,14,4,0.8967134659278576
2025-12-03,ILI incidence,2025-12-14,3,FI,ItaLuxColab,EpiNetEKF,WIS,35.3116569700879,0.6200138561607283,14,3,0.9095627111612792
2025-12-03,ILI incidence,2025-12-14,3,FI,QMUL,ARIMA,WIS,56.7418384743084,-0.0642545195643151,14,12,0.32053059479195856
2025-12-03,ILI incidence,2025-12-14,3,FI,QMUL,SEIR,WIS,49.727628449662,0.1261107466076959,14,7,0.5133238744318296
2025-12-03,ILI incidence,2025-12-14,3,FI,QMUL,SEIR_agumented,WIS,58.6877413893135,-0.11290081063677329,14,13,0.26704531226885214
2025-12-03,ILI incidence,2025-12-14,3,FI,RIVM,KFdlm,WIS,33.6615329765038,0.6890574963151979,14,2,0.9549181846098459
2025-12-03,ILI incidence,2025-12-14,3,FI,respicast,hubEnsemble,WIS,49.7525741180745,0.1253872058038821,14,8,0.5126382152900082
2025-12-03,ILI incidence,2025-12-14,3,FI,respicast,quantileBaseline,WIS,54.2701304347826,0.0,14,9,0.38846820965920625
2025-12-03,ILI incidence,2025-12-14,3,FI,safinea,PRFM,WIS,68.4033907617911,-0.33390946528774434,14,14,0.0
2025-12-03,ILI incidence,2025-12-14,3,FR,ECDC,soca_simplex,WIS,205.255023450318,-0.5426271237179234,10,10,0.0
2025-12-03,ILI incidence,2025-12-14,3,FR,ISI,FluABCaster,WIS,189.916052669063,-0.43057144704253486,10,8,0.07767529701379604
2025-12-03,ILI incidence,2025-12-14,3,FR,ISI,GLEAM,WIS,190.024965217391,-0.43139856278034766,10,9,0.07712377275180013
2025-12-03,ILI incidence,2025-12-14,3,FR,ItaLuxColab,EpiEKF,WIS,111.30434468734,0.34028049913682323,10,4,0.4757585747852228
2025-12-03,ILI incidence,2025-12-14,3,FR,ItaLuxColab,EpiNetEKF,WIS,89.1458186132533,0.6605513726043052,10,2,0.5879675436096492
2025-12-03,ILI incidence,2025-12-14,3,FR,NotreDame,Rt_cocirc,WIS,7.77948913043479,4.178971178985745,10,1,1.0
2025-12-03,ILI incidence,2025-12-14,3,FR,RIVM,KFdlm,WIS,152.185108190267,-0.11103678581892353,10,7,0.26874172257756773
2025-12-03,ILI incidence,2025-12-14,3,FR,respicast,hubEnsemble,WIS,124.837118452716,0.17474344569950945,10,5,0.40722971214923287
2025-12-03,ILI incidence,2025-12-14,3,FR,respicast,quantileBaseline,WIS,140.911602608696,0.0,10,6,0.3258298353931505
2025-12-03,ILI incidence,2025-12-14,3,FR,safinea,PRFM,WIS,94.2826128196069,0.5797267623735529,10,3,0.5619552366975803
2025-12-03,ILI incidence,2025-12-14,3,GB-WLS,ECDC,soca_simplex,WIS,13.8780338440955,-0.5291809169599391,9,9,0.0
2025-12-03,ILI incidence,2025-12-14,3,GB-WLS,ISI,FluABCaster,WIS,2.69637730022654,1.8345279831096915,9,1,1.0
2025-12-03,ILI incidence,2025-12-14,3,GB-WLS,ISI,FluBcast,WIS,3.74247361752823,1.361558221934538,9,2,0.9064453184376087
2025-12-03,ILI incidence,2025-12-14,3,GB-WLS,ISI,GLEAM,WIS,7.85623185150661,0.2917128612107226,9,7,0.5385429224161529
2025-12-03,ILI incidence,2025-12-14,3,GB-WLS,ItaLuxColab,EpiEKF,WIS,6.31341493991853,0.6071297947841028,9,5,0.6765204130978915
2025-12-03,ILI incidence,2025-12-14,3,GB-WLS,RIVM,KFdlm,WIS,5.00811158863113,0.9412836598610304,9,4,0.7932565466185652
2025-12-03,ILI incidence,2025-12-14,3,GB-WLS,respicast,hubEnsemble,WIS,4.8779417705312,0.9792778316633058,9,3,0.804897918144263
2025-12-03,ILI incidence,2025-12-14,3,GB-WLS,respicast,quantileBaseline,WIS,9.61675635479438,0.0,9,8,0.38109536566275876
2025-12-03,ILI incidence,2025-12-14,3,GB-WLS,safinea,PRFM,WIS,6.74197496456236,0.5123790979386807,9,6,0.6381933527949335
2025-12-03,ILI incidence,2025-12-14,3,GR,ECDC,SARIMA,WIS,102.26546516625,-0.002363280923105511,19,12,0.7242828413916795
2025-12-03,ILI incidence,2025-12-14,3,GR,ECDC,soca_simplex,WIS,76.3939431617076,0.4184255864259245,19,5,0.8631218666271554
2025-12-03,ILI incidence,2025-12-14,3,GR,ISI,FluABCaster,WIS,134.500397569967,-0.3976546859477026,19,16,0.5512946966401749
2025-12-03,ILI incidence,2025-12-14,3,GR,ISI,FluBcast,WIS,78.5291317813739,0.3786558994497741,19,6,0.85166341796703
2025-12-03,ILI incidence,2025-12-14,3,GR,ISI,GLEAM,WIS,75.8258304347826,0.4291944530454625,19,4,0.8661706326493587
2025-12-03,ILI incidence,2025-12-14,3,GR,ItaLuxColab,EpiEKF,WIS,103.636607129042,-0.021577938929397963,19,13,0.7169246344203203
2025-12-03,ILI incidence,2025-12-14,3,GR,ItaLuxColab,EpiNetEKF,WIS,72.0947239066459,0.5019901633179831,19,3,0.886193544070081
2025-12-03,ILI incidence,2025-12-14,3,GR,MRC_GIDA,NBEATS,WIS,237.229675962145,-1.2163287420754545,19,19,0.0
2025-12-03,ILI incidence,2025-12-14,3,GR,MRC_GIDA,NHiTS,WIS,218.942608664513,-1.100596995023014,19,17,0.09813719492703192
2025-12-03,ILI incidence,2025-12-14,3,GR,MRC_GIDA,Prophet,WIS,81.9705803489287,0.31677763402787845,19,8,0.833194950420612
2025-12-03,ILI incidence,2025-12-14,3,GR,MRC_GIDA,TiDE,WIS,115.672997560314,-0.18009637301552464,19,14,0.6523315766737369
2025-12-03,ILI incidence,2025-12-14,3,GR,NotreDame,Rt_cocirc,WIS,50.8878173913043,1.00456353159737,19,1,1.0
2025-12-03,ILI incidence,2025-12-14,3,GR,QMUL,ARIMA,WIS,65.4071209566551,0.6424361338700569,19,2,0.9220824366746828
2025-12-03,ILI incidence,2025-12-14,3,GR,QMUL,SEIR,WIS,231.137893020691,-1.1787980450281579,19,18,0.03269143598853886
2025-12-03,ILI incidence,2025-12-14,3,GR,QMUL,SEIR_agumented,WIS,127.619335519073,-0.3218911761060156,19,15,0.5882217837888633
2025-12-03,ILI incidence,2025-12-14,3,GR,RIVM,KFdlm,WIS,98.1414853791587,0.057020739317571636,19,9,0.7464140996002239
2025-12-03,ILI incidence,2025-12-14,3,GR,respicast,hubEnsemble,WIS,81.897276753395,0.31806836599545246,19,7,0.8335883327561532
2025-12-03,ILI incidence,2025-12-14,3,GR,respicast,quantileBaseline,WIS,102.098081086957,0.0,19,11,0.725181104833811
2025-12-03,ILI incidence,2025-12-14,3,GR,safinea,PRFM,WIS,101.212352269502,0.012570379549110609,19,10,0.7299343514969502
2025-12-03,ILI incidence,2025-12-14,3,HR,ECDC,SARIMA,WIS,144.455567758792,0.01534134885096949,15,12,0.06645873364211859
2025-12-03,ILI incidence,2025-12-14,3,HR,ECDC,soca_simplex,WIS,143.6748384869,0.02315973234017682,15,11,0.07350968223441376
2025-12-03,ILI incidence,2025-12-14,3,HR,ISI,FluABCaster,WIS,120.862107352853,0.2726051574844589,15,10,0.2795367908199724
2025-12-03,ILI incidence,2025-12-14,3,HR,ISI,FluBcast,WIS,109.361902941981,0.41685690793778446,15,7,0.38339782565147007
2025-12-03,ILI incidence,2025-12-14,3,HR,ISI,GLEAM,WIS,41.0874913043478,1.8291960086084893,15,1,1.0
2025-12-03,ILI incidence,2025-12-14,3,HR,ItaLuxColab,EpiEKF,WIS,105.419695981546,0.469822723081322,15,5,0.4190008184159844
2025-12-03,ILI incidence,2025-12-14,3,HR,ItaLuxColab,EpiNetEKF,WIS,113.443366552936,0.3639949078585264,15,9,0.3465371735173099
2025-12-03,ILI incidence,2025-12-14,3,HR,NotreDame,Rt_cocirc,WIS,43.9043152173913,1.7335325098872079,15,2,0.9745606046558416
2025-12-03,ILI incidence,2025-12-14,3,HR,QMUL,ARIMA,WIS,151.814333469263,-0.05634084876774901,15,15,0.0
2025-12-03,ILI incidence,2025-12-14,3,HR,QMUL,SEIR,WIS,106.814587016494,0.4508584791586937,15,6,0.406403231347887
2025-12-03,ILI incidence,2025-12-14,3,HR,QMUL,SEIR_agumented,WIS,145.640159048224,0.00355893828868358,15,13,0.055760412744754864
2025-12-03,ILI incidence,2025-12-14,3,HR,RIVM,KFdlm,WIS,65.3609594367597,1.159466093554831,15,3,0.7807806340556583
2025-12-03,ILI incidence,2025-12-14,3,HR,respicast,hubEnsemble,WIS,113.224738766859,0.366777948905612,15,8,0.34851165216948143
2025-12-03,ILI incidence,2025-12-14,3,HR,respicast,quantileBaseline,WIS,145.999877608696,0.0,15,14,0.052511710321396274
2025-12-03,ILI incidence,2025-12-14,3,HR,safinea,PRFM,WIS,82.0807720170328,0.8308509541975206,15,4,0.6297800974796146
2025-12-03,ILI incidence,2025-12-14,3,HU,ECDC,soca_simplex,WIS,242.646063359675,-1.1712292000284377,11,9,0.32709828429918525
2025-12-03,ILI incidence,2025-12-14,3,HU,ISI,FluABCaster,WIS,143.539633449928,-0.4138248874151168,11,8,0.6450532937490856
2025-12-03,ILI incidence,2025-12-14,3,HU,ISI,FluBcast,WIS,56.4732338484396,0.931985101876453,11,3,0.9243812640257896
2025-12-03,ILI incidence,2025-12-14,3,HU,ISI,GLEAM,WIS,32.9029086956522,1.7113372218775103,11,1,1.0
2025-12-03,ILI incidence,2025-12-14,3,HU,ItaLuxColab,EpiEKF,WIS,88.1259474657645,0.28998548587571304,11,5,0.8228324657643991
2025-12-03,ILI incidence,2025-12-14,3,HU,ItaLuxColab,EpiNetEKF,WIS,53.7808034937164,1.0024610396962619,11,2,0.933019166931371
2025-12-03,ILI incidence,2025-12-14,3,HU,NotreDame,Rt_cocirc,WIS,344.602447826087,-1.677308695270216,11,11,0.0
2025-12-03,ILI incidence,2025-12-14,3,HU,RIVM,KFdlm,WIS,122.618451505562,-0.1865518364409194,11,7,0.7121730014096455
2025-12-03,ILI incidence,2025-12-14,3,HU,respicast,hubEnsemble,WIS,74.9524964618181,0.5235758179771223,11,4,0.865095765353154
2025-12-03,ILI incidence,2025-12-14,3,HU,respicast,quantileBaseline,WIS,107.745248913043,0.0,11,6,0.7598894742475957
2025-12-03,ILI incidence,2025-12-14,3,HU,safinea,PRFM,WIS,288.225547155213,-1.41957396160289,11,10,0.18086937448849516
2025-12-03,ILI incidence,2025-12-14,3,IE,ECDC,SARIMA,WIS,75.6661383135413,-0.03317910192332596,19,13,0.215258527193524
2025-12-03,ILI incidence,2025-12-14,3,IE,ECDC,soca_simplex,WIS,56.3984328321538,0.39081364151834985,19,6,0.42407601950909607
2025-12-03,ILI incidence,2025-12-14,3,IE,ISI,FluABCaster,WIS,34.7104380532042,1.0910991434995942,19,2,0.6591238661490763
2025-12-03,ILI incidence,2025-12-14,3,IE,ISI,FluBcast,WIS,57.7759791016248,0.35599891234676495,19,7,0.409146594839538
2025-12-03,ILI incidence,2025-12-14,3,IE,ISI,GLEAM,WIS,3.25760869565217,4.504583493221353,19,1,1.0
2025-12-03,ILI incidence,2025-12-14,3,IE,ItaLuxColab,EpiEKF,WIS,48.3133664919809,0.6140463321443842,19,4,0.5116994928900255
2025-12-03,ILI incidence,2025-12-14,3,IE,ItaLuxColab,EpiNetEKF,WIS,45.4476687075131,0.7022624243522683,19,3,0.5427570480132816
2025-12-03,ILI incidence,2025-12-14,3,IE,MRC_GIDA,NBEATS,WIS,95.5281616446814,-0.3694573855790571,19,19,0.0
2025-12-03,ILI incidence,2025-12-14,3,IE,MRC_GIDA,NHiTS,WIS,91.7389657240128,-0.31106592649326154,19,18,0.04106614515209177
2025-12-03,ILI incidence,2025-12-14,3,IE,MRC_GIDA,Prophet,WIS,76.7897476726143,-0.05444499127739265,19,14,0.2030811930044281
2025-12-03,ILI incidence,2025-12-14,3,IE,MRC_GIDA,TiDE,WIS,86.0181286490558,-0.2181720294447762,19,17,0.1030668256738312
2025-12-03,ILI incidence,2025-12-14,3,IE,NotreDame,Rt_cocirc,WIS,74.2459413043478,-0.005843446439400477,19,12,0.23065018752071448
2025-12-03,ILI incidence,2025-12-14,3,IE,QMUL,ARIMA,WIS,83.8619305930231,-0.18154732707529925,19,16,0.1264350399861892
2025-12-03,ILI incidence,2025-12-14,3,IE,QMUL,SEIR,WIS,60.8803595391992,0.28049183695844415,19,8,0.3755022702055535
2025-12-03,ILI incidence,2025-12-14,3,IE,QMUL,SEIR_agumented,WIS,82.4855717751894,-0.15767307195485356,19,15,0.14135159541849504
2025-12-03,ILI incidence,2025-12-14,3,IE,RIVM,KFdlm,WIS,70.2658659246545,0.07364469546079704,19,9,0.2737850258032151
2025-12-03,ILI incidence,2025-12-14,3,IE,respicast,hubEnsemble,WIS,70.4074998475603,0.07073960214592455,19,10,0.27225004071448333
2025-12-03,ILI incidence,2025-12-14,3,IE,respicast,quantileBaseline,WIS,73.9458260869565,0.0,19,11,0.23390274435276337
2025-12-03,ILI incidence,2025-12-14,3,IE,safinea,PRFM,WIS,53.0961490166953,0.4778614875665664,19,5,0.45986516035539293
2025-12-03,ILI incidence,2025-12-14,3,IS,ECDC,SARIMA,WIS,3.62017262611131,-1.459899004063167,14,3,0.9721870181693525
2025-12-03,ILI incidence,2025-12-14,3,IS,ECDC,soca_simplex,WIS,21.8708675929944,-4.054779057443195,14,9,0.7518883123526434
2025-12-03,ILI incidence,2025-12-14,3,IS,ISI,FluABCaster,WIS,4.04358147180801,-1.619474190711201,14,4,0.9670761760393632
2025-12-03,ILI incidence,2025-12-14,3,IS,ItaLuxColab,EpiEKF,WIS,5.82637385839033,-2.1464387881587625,14,5,0.9455566198681254
2025-12-03,ILI incidence,2025-12-14,3,IS,ItaLuxColab,EpiNetEKF,WIS,10.0680694496478,-2.9355556791854616,14,7,0.894356375114813
2025-12-03,ILI incidence,2025-12-14,3,IS,MRC_GIDA,NBEATS,WIS,31.6949771785065,-4.59002283501764,14,12,0.6333044101277158
2025-12-03,ILI incidence,2025-12-14,3,IS,MRC_GIDA,NHiTS,WIS,27.8167440346791,-4.401722167321764,14,10,0.6801174078788121
2025-12-03,ILI incidence,2025-12-14,3,IS,MRC_GIDA,Prophet,WIS,31.4065996391035,-4.576836358120872,14,11,0.636785329557489
2025-12-03,ILI incidence,2025-12-14,3,IS,MRC_GIDA,TiDE,WIS,32.9284143423635,-4.645101646885407,14,13,0.6184159573100566
2025-12-03,ILI incidence,2025-12-14,3,IS,QMUL,ARIMA,WIS,2.25192316836041,-0.7749981169789537,14,2,0.9887027500537486
2025-12-03,ILI incidence,2025-12-14,3,IS,RIVM,KFdlm,WIS,84.1612209885784,-5.998924240831652,14,14,0.0
2025-12-03,ILI incidence,2025-12-14,3,IS,respicast,hubEnsemble,WIS,6.86692048655763,-2.3835037693845993,14,6,0.9329964912843565
2025-12-03,ILI incidence,2025-12-14,3,IS,respicast,quantileBaseline,WIS,1.316,0.0,14,1,1.0
2025-12-03,ILI incidence,2025-12-14,3,IS,safinea,PRFM,WIS,10.6974885359527,-3.0230407387010083,14,8,0.8867588446985241
2025-12-03,ILI incidence,2025-12-14,3,LT,ECDC,SARIMA,WIS,347.915967706656,0.1150952170929273,19,6,0.5256676798047671
2025-12-03,ILI incidence,2025-12-14,3,LT,ECDC,soca_simplex,WIS,328.631524169468,0.19736323220334193,19,3,0.6684955187605272
2025-12-03,ILI incidence,2025-12-14,3,LT,ISI,FluABCaster,WIS,380.232614878732,-0.013048175590781695,19,12,0.28631844118232636
2025-12-03,ILI incidence,2025-12-14,3,LT,ISI,FluBcast,WIS,386.408042539805,-0.03629101166633297,19,16,0.24058090222986483
2025-12-03,ILI incidence,2025-12-14,3,LT,ISI,GLEAM,WIS,375.768052173913,0.003991696548982328,19,9,0.31938467105730894
2025-12-03,ILI incidence,2025-12-14,3,LT,ItaLuxColab,EpiEKF,WIS,326.609299376838,0.20626824189702184,19,2,0.6834728758440811
2025-12-03,ILI incidence,2025-12-14,3,LT,ItaLuxColab,EpiNetEKF,WIS,330.792678234504,0.1879068082385426,19,4,0.6524891992541172
2025-12-03,ILI incidence,2025-12-14,3,LT,MRC_GIDA,NBEATS,WIS,418.890987455149,-0.15274073410449687,19,19,0.0
2025-12-03,ILI incidence,2025-12-14,3,LT,MRC_GIDA,NHiTS,WIS,414.068519091774,-0.1360354107987689,19,18,0.035717013739345146
2025-12-03,ILI incidence,2025-12-14,3,LT,MRC_GIDA,Prophet,WIS,283.872186651468,0.40859260748258724,19,1,1.0
2025-12-03,ILI incidence,2025-12-14,3,LT,MRC_GIDA,TiDE,WIS,398.504881705523,-0.08076328692573068,19,17,0.15098716347857088
2025-12-03,ILI incidence,2025-12-14,3,LT,NotreDame,Rt_cocirc,WIS,339.173015217391,0.15181271759316395,19,5,0.590421272913458
2025-12-03,ILI incidence,2025-12-14,3,LT,QMUL,ARIMA,WIS,372.887352164706,0.015094246813121609,19,8,0.34072021834450195
2025-12-03,ILI incidence,2025-12-14,3,LT,QMUL,SEIR,WIS,381.909388223064,-0.01939627471609628,19,13,0.27389962739971807
2025-12-03,ILI incidence,2025-12-14,3,LT,QMUL,SEIR_agumented,WIS,385.905562207064,-0.03441372766661648,19,15,0.2443024604850861
2025-12-03,ILI incidence,2025-12-14,3,LT,RIVM,KFdlm,WIS,351.936369955177,0.09851949710285532,19,7,0.4958910692543096
2025-12-03,ILI incidence,2025-12-14,3,LT,respicast,hubEnsemble,WIS,376.910547058421,-0.000388055902319798,19,11,0.31092292441382346
2025-12-03,ILI incidence,2025-12-14,3,LT,respicast,quantileBaseline,WIS,376.809179347826,0.0,19,10,0.311673691788379
2025-12-03,ILI incidence,2025-12-14,3,LT,safinea,PRFM,WIS,382.678073106075,-0.022297128571142768,19,14,0.26820645816376376
2025-12-03,ILI incidence,2025-12-14,3,LU,ECDC,SARIMA,WIS,1414.44373268163,0.5933253894570012,17,4,0.630155498528848
2025-12-03,ILI incidence,2025-12-14,3,LU,ECDC,soca_simplex,WIS,2555.37505202317,-0.2599748746813517,17,13,0.3250800932872692
2025-12-03,ILI incidence,2025-12-14,3,LU,ISI,FluABCaster,WIS,895.61183968125,1.2526146707996524,17,2,0.7688867677350395
2025-12-03,ILI incidence,2025-12-14,3,LU,ItaLuxColab,EpiEKF,WIS,1204.60405615987,0.8250011542574037,17,3,0.6862648569673416
2025-12-03,ILI incidence,2025-12-14,3,LU,ItaLuxColab,EpiNetEKF,WIS,1612.58688912401,0.40418327849088587,17,8,0.5771736908400285
2025-12-03,ILI incidence,2025-12-14,3,LU,MRC_GIDA,NBEATS,WIS,2698.56289763437,-0.3386311376250267,17,15,0.28679287188754815
2025-12-03,ILI incidence,2025-12-14,3,LU,MRC_GIDA,NHiTS,WIS,1813.40296124997,0.234860630230567,17,9,0.5234771680570389
2025-12-03,ILI incidence,2025-12-14,3,LU,MRC_GIDA,Prophet,WIS,1509.28883457221,0.49969125344539583,17,7,0.6047947187834497
2025-12-03,ILI incidence,2025-12-14,3,LU,MRC_GIDA,TiDE,WIS,1878.47649483807,0.18399711234805816,17,10,0.5060770544013384
2025-12-03,ILI incidence,2025-12-14,3,LU,NotreDame,Rt_cocirc,WIS,31.2867565217391,6.091864262888636,17,1,1.0
2025-12-03,ILI incidence,2025-12-14,3,LU,QMUL,ARIMA,WIS,1888.31224664292,0.17646283125264378,17,11,0.5034470573832428
2025-12-03,ILI incidence,2025-12-14,3,LU,QMUL,SEIR,WIS,1430.38784311726,0.57715379595812,17,5,0.6258921779679105
2025-12-03,ILI incidence,2025-12-14,3,LU,QMUL,SEIR_agumented,WIS,2667.23452928357,-0.321784510128155,17,14,0.2951698131706516
2025-12-03,ILI incidence,2025-12-14,3,LU,RIVM,KFdlm,WIS,3771.12058035318,-0.8214331047591281,17,17,0.0
2025-12-03,ILI incidence,2025-12-14,3,LU,respicast,hubEnsemble,WIS,1472.38901863619,0.5354012811879474,17,6,0.6146614181273837
2025-12-03,ILI incidence,2025-12-14,3,LU,respicast,quantileBaseline,WIS,2134.0,0.0,17,12,0.4377522257595815
2025-12-03,ILI incidence,2025-12-14,3,LU,safinea,PRFM,WIS,2818.70924977752,-0.40147449524112166,17,16,0.25466675136916084
2025-12-03,ILI incidence,2025-12-14,3,LV,ECDC,soca_simplex,WIS,472.354478847358,0.36622826327648617,8,2,0.7635381302299757
2025-12-03,ILI incidence,2025-12-14,3,LV,ItaLuxColab,EpiEKF,WIS,498.487346757938,0.28854131635442526,8,5,0.6730886895932171
2025-12-03,ILI incidence,2025-12-14,3,LV,ItaLuxColab,EpiNetEKF,WIS,501.416370585348,0.28008910207847254,8,6,0.6629509363352322
2025-12-03,ILI incidence,2025-12-14,3,LV,NotreDame,Rt_cocirc,WIS,692.957734782609,-0.1866691603678608,8,8,0.0
2025-12-03,ILI incidence,2025-12-14,3,LV,RIVM,KFdlm,WIS,404.035351994986,0.591616670721621,8,1,1.0
2025-12-03,ILI incidence,2025-12-14,3,LV,respicast,hubEnsemble,WIS,480.705197099621,0.34094579999214686,8,4,0.7346351488420598
2025-12-03,ILI incidence,2025-12-14,3,LV,respicast,quantileBaseline,WIS,608.854794347826,0.0,8,7,0.2910918137367164
2025-12-03,ILI incidence,2025-12-14,3,LV,safinea,PRFM,WIS,479.725348434622,0.34388952831658026,8,3,0.7380265394831901
2025-12-03,ILI incidence,2025-12-14,3,MT,ECDC,SARIMA,WIS,2763.04294908268,-0.15008705456913413,11,5,0.6770069465270665
2025-12-03,ILI incidence,2025-12-14,3,MT,ECDC,soca_simplex,WIS,4132.78857809507,-0.7309446281704701,11,10,0.22493336006849463
2025-12-03,ILI incidence,2025-12-14,3,MT,ISI,FluABCaster,WIS,3107.60154638585,-0.3196306014778867,11,7,0.5632881380645868
2025-12-03,ILI incidence,2025-12-14,3,MT,ItaLuxColab,EpiEKF,WIS,3472.87146794219,-0.47995808392753875,11,9,0.4427337227294733
2025-12-03,ILI incidence,2025-12-14,3,MT,ItaLuxColab,EpiNetEKF,WIS,2855.85913147489,-0.19775388534908642,11,6,0.6463737080872454
2025-12-03,ILI incidence,2025-12-14,3,MT,NotreDame,Rt_cocirc,WIS,1784.40067391304,0.4807313351008142,11,1,1.0
2025-12-03,ILI incidence,2025-12-14,3,MT,QMUL,ARIMA,WIS,4814.31808125954,-0.9511605304157468,11,11,0.0
2025-12-03,ILI incidence,2025-12-14,3,MT,RIVM,KFdlm,WIS,2563.13963523315,-0.04174114301270189,11,4,0.7429834359735557
2025-12-03,ILI incidence,2025-12-14,3,MT,respicast,hubEnsemble,WIS,3121.78512533945,-0.3262003058348344,11,8,0.5586069613040553
2025-12-03,ILI incidence,2025-12-14,3,MT,respicast,quantileBaseline,WIS,2490.04347826087,0.0,11,3,0.7671082377899507
2025-12-03,ILI incidence,2025-12-14,3,MT,safinea,PRFM,WIS,1963.36644837637,0.34284146648742003,11,2,0.9409337779210086
2025-12-03,ILI incidence,2025-12-14,3,NL,ECDC,SARIMA,WIS,14.7405244992374,0.002926557758565501,19,11,0.3686627320336826
2025-12-03,ILI incidence,2025-12-14,3,NL,ECDC,soca_simplex,WIS,21.9432004943791,-0.5710595460613324,19,19,0.0
2025-12-03,ILI incidence,2025-12-14,3,NL,ISI,FluABCaster,WIS,21.2334813024176,-0.5236265081931505,19,18,0.03632636209955128
2025-12-03,ILI incidence,2025-12-14,3,NL,ISI,FluBcast,WIS,10.8996001237869,0.4384392097870665,19,6,0.5652571192785708
2025-12-03,ILI incidence,2025-12-14,3,NL,ISI,GLEAM,WIS,15.2145956521739,-0.042741575584633165,19,14,0.34439781069919334
2025-12-03,ILI incidence,2025-12-14,3,NL,ItaLuxColab,EpiEKF,WIS,14.4633916714052,0.03030851271139757,19,10,0.3828475357807557
2025-12-03,ILI incidence,2025-12-14,3,NL,ItaLuxColab,EpiNetEKF,WIS,8.83628823560277,0.7412020326522103,19,4,0.6708659510861681
2025-12-03,ILI incidence,2025-12-14,3,NL,MRC_GIDA,NBEATS,WIS,19.4658792276799,-0.39823309201109697,19,16,0.12679954324233114
2025-12-03,ILI incidence,2025-12-14,3,NL,MRC_GIDA,NHiTS,WIS,15.1222642727148,-0.03395975473056981,19,13,0.3491237123816778
2025-12-03,ILI incidence,2025-12-14,3,NL,MRC_GIDA,Prophet,WIS,3.07582081260178,2.2636710531638893,19,2,0.9657104865597915
2025-12-03,ILI incidence,2025-12-14,3,NL,MRC_GIDA,TiDE,WIS,11.4732150365527,0.36444469571507393,19,7,0.5358971368195318
2025-12-03,ILI incidence,2025-12-14,3,NL,NotreDame,Rt_cocirc,WIS,4.60992608695652,1.679898892698887,19,3,0.8871886368955302
2025-12-03,ILI incidence,2025-12-14,3,NL,QMUL,ARIMA,WIS,18.0036225746456,-0.28557280843652644,19,15,0.20164388345778295
2025-12-03,ILI incidence,2025-12-14,3,NL,QMUL,SEIR,WIS,2.40589615279561,2.6180681402454797,19,1,1.0
2025-12-03,ILI incidence,2025-12-14,3,NL,QMUL,SEIR_agumented,WIS,11.6635618715621,0.34070598466850316,19,8,0.5261543989432392
2025-12-03,ILI incidence,2025-12-14,3,NL,RIVM,KFdlm,WIS,9.37349440262667,0.6560555328354546,19,5,0.643369518741584
2025-12-03,ILI incidence,2025-12-14,3,NL,respicast,hubEnsemble,WIS,12.6877238063841,0.21928114617825084,19,9,0.47373355741280565
2025-12-03,ILI incidence,2025-12-14,3,NL,respicast,quantileBaseline,WIS,14.7704565217391,0.0,19,12,0.3671306873883018
2025-12-03,ILI incidence,2025-12-14,3,NL,safinea,PRFM,WIS,20.3057976455277,-0.4591772825724736,19,17,0.0838090465410996
2025-12-03,ILI incidence,2025-12-14,3,NO,ECDC,SARIMA,WIS,87.6974782023966,0.006704303373927092,17,11,0.30887465891585897
2025-12-03,ILI incidence,2025-12-14,3,NO,ECDC,soca_simplex,WIS,91.9389152282095,-0.06143598312601796,17,13,0.2445669775216619
2025-12-03,ILI incidence,2025-12-14,3,NO,ISI,FluABCaster,WIS,56.8089921328349,0.6331203531375028,17,6,0.7771986983443984
2025-12-03,ILI incidence,2025-12-14,3,NO,ISI,FluBcast,WIS,57.5284916605113,0.6149630163154866,17,7,0.7662898139008715
2025-12-03,ILI incidence,2025-12-14,3,NO,ISI,GLEAM,WIS,45.8127782608696,0.9434896049975813,17,2,0.9439207347479133
2025-12-03,ILI incidence,2025-12-14,3,NO,ItaLuxColab,EpiEKF,WIS,54.0085936598026,0.7060506788487936,17,5,0.8196576884660405
2025-12-03,ILI incidence,2025-12-14,3,NO,ItaLuxColab,EpiNetEKF,WIS,48.2270425930709,0.869397317990378,17,3,0.9073162206335444
2025-12-03,ILI incidence,2025-12-14,3,NO,MRC_GIDA,NBEATS,WIS,108.0694211221,-0.2946467956484666,17,17,0.0
2025-12-03,ILI incidence,2025-12-14,3,NO,MRC_GIDA,NHiTS,WIS,96.5830075841212,-0.1325297285602007,17,15,0.174154329692249
2025-12-03,ILI incidence,2025-12-14,3,NO,MRC_GIDA,Prophet,WIS,80.7562762766542,0.12566527239744757,17,10,0.41411554760920893
2025-12-03,ILI incidence,2025-12-14,3,NO,MRC_GIDA,TiDE,WIS,98.0455802877265,-0.15421293686284857,17,16,0.15197914263491621
2025-12-03,ILI incidence,2025-12-14,3,NO,NotreDame,Rt_cocirc,WIS,75.5511826086957,0.22178532282553468,17,9,0.49303396681216183
2025-12-03,ILI incidence,2025-12-14,3,NO,QMUL,ARIMA,WIS,94.5096588182268,-0.10122211823673583,17,14,0.2055899613059555
2025-12-03,ILI incidence,2025-12-14,3,NO,RIVM,KFdlm,WIS,52.5871059327108,0.7445305589732247,17,4,0.8412099546680976
2025-12-03,ILI incidence,2025-12-14,3,NO,respicast,hubEnsemble,WIS,74.8007368944169,0.2361871782172316,17,8,0.5044120501371717
2025-12-03,ILI incidence,2025-12-14,3,NO,respicast,quantileBaseline,WIS,88.105962826087,0.0,17,12,0.3026813100874213
2025-12-03,ILI incidence,2025-12-14,3,NO,safinea,PRFM,WIS,42.1140494797376,1.0649380563811772,17,1,1.0
2025-12-03,ILI incidence,2025-12-14,3,PL,ECDC,soca_simplex,WIS,161.571488671976,-0.9335271187889855,10,9,0.021632601376593362
2025-12-03,ILI incidence,2025-12-14,3,PL,ISI,FluABCaster,WIS,149.538857453595,-0.8218748953213152,10,8,0.11074436896201535
2025-12-03,ILI incidence,2025-12-14,3,PL,ISI,FluBcast,WIS,29.4639744490388,1.5216215636470334,10,1,1.0
2025-12-03,ILI incidence,2025-12-14,3,PL,ItaLuxColab,EpiEKF,WIS,98.7845961668771,-0.22371247988098775,10,7,0.48662241705201026
2025-12-03,ILI incidence,2025-12-14,3,PL,ItaLuxColab,EpiNetEKF,WIS,46.6128489775459,0.8598459218031239,10,3,0.8729981420022691
2025-12-03,ILI incidence,2025-12-14,3,PL,NotreDame,Rt_cocirc,WIS,34.7420456521739,1.2838909107862007,10,2,0.9609114377548115
2025-12-03,ILI incidence,2025-12-14,3,PL,RIVM,KFdlm,WIS,86.186420287775,-0.026886958277035182,10,6,0.5799225191297559
2025-12-03,ILI incidence,2025-12-14,3,PL,respicast,hubEnsemble,WIS,79.6453331932499,0.08698378518199493,10,4,0.6283647777134733
2025-12-03,ILI incidence,2025-12-14,3,PL,respicast,quantileBaseline,WIS,84.5950715217391,0.0,10,5,0.5917077969141954
2025-12-03,ILI incidence,2025-12-14,3,PL,safinea,PRFM,WIS,164.492507093132,-0.9593763482872318,10,10,0.0
2025-12-03,ILI incidence,2025-12-14,3,RO,ECDC,soca_simplex,WIS,16.5449748529103,-0.6384455049770905,9,9,0.0
2025-12-03,ILI incidence,2025-12-14,3,RO,ISI,FluABCaster,WIS,12.8449393555813,-0.273252485013418,9,8,0.37552178815896137
2025-12-03,ILI incidence,2025-12-14,3,RO,ItaLuxColab,EpiEKF,WIS,9.33379914547577,0.18741126657269797,9,3,0.7318723288841712
2025-12-03,ILI incidence,2025-12-14,3,RO,ItaLuxColab,EpiNetEKF,WIS,9.28600836042813,0.1948171089768665,9,2,0.7367226826366055
2025-12-03,ILI incidence,2025-12-14,3,RO,NotreDame,Rt_cocirc,WIS,11.2572,-0.08290043704105242,9,6,0.536663680545847
2025-12-03,ILI incidence,2025-12-14,3,RO,RIVM,KFdlm,WIS,12.4239413975692,-0.2251753359229532,9,7,0.4182494609388848
2025-12-03,ILI incidence,2025-12-14,3,RO,respicast,hubEnsemble,WIS,11.075911901221,-0.059477889650179916,9,5,0.5550628637630277
2025-12-03,ILI incidence,2025-12-14,3,RO,respicast,quantileBaseline,WIS,10.6285706521739,0.0,9,4,0.600464154069755
2025-12-03,ILI incidence,2025-12-14,3,RO,safinea,PRFM,WIS,6.69192340822889,0.6674547555345811,9,1,1.0
2025-12-03,ILI incidence,2025-12-14,3,SI,ECDC,SARIMA,WIS,404.691936140623,0.01602979155917437,17,10,0.2702166376714723
2025-12-03,ILI incidence,2025-12-14,3,SI,ECDC,soca_simplex,WIS,337.565812894294,0.2776850918702048,17,5,0.4514783562939213
2025-12-03,ILI incidence,2025-12-14,3,SI,ISI,FluABCaster,WIS,472.258188186831,-0.20672191698366638,17,14,0.08776643237910868
2025-12-03,ILI incidence,2025-12-14,3,SI,ISI,FluBcast,WIS,326.201268288003,0.32709150248981966,17,3,0.4821662135255759
2025-12-03,ILI incidence,2025-12-14,3,SI,ItaLuxColab,EpiEKF,WIS,284.733152609419,0.5232434122646317,17,2,0.5941432137219299
2025-12-03,ILI incidence,2025-12-14,3,SI,ItaLuxColab,EpiNetEKF,WIS,328.905800000155,0.3151794446139355,17,4,0.474863124318195
2025-12-03,ILI incidence,2025-12-14,3,SI,MRC_GIDA,NBEATS,WIS,504.760474944036,-0.3027450512908276,17,17,0.0
2025-12-03,ILI incidence,2025-12-14,3,SI,MRC_GIDA,NHiTS,WIS,497.921244520149,-0.28306367753287226,17,16,0.01846808069251181
2025-12-03,ILI incidence,2025-12-14,3,SI,MRC_GIDA,Prophet,WIS,472.140050818075,-0.20636097561402444,17,13,0.08808544056040439
2025-12-03,ILI incidence,2025-12-14,3,SI,MRC_GIDA,TiDE,WIS,487.892663799069,-0.25370989650838555,17,15,0.045548413786920525
2025-12-03,ILI incidence,2025-12-14,3,SI,NotreDame,Rt_cocirc,WIS,460.223439130435,-0.1694805679108483,17,12,0.12026405315108633
2025-12-03,ILI incidence,2025-12-14,3,SI,QMUL,ARIMA,WIS,398.699701377242,0.03755136905704382,17,7,0.2863975627580261
2025-12-03,ILI incidence,2025-12-14,3,SI,QMUL,SEIR_agumented,WIS,402.03967601134,0.025516010431178047,17,8,0.27737857710753117
2025-12-03,ILI incidence,2025-12-14,3,SI,RIVM,KFdlm,WIS,134.433393437398,1.6059623437862482,17,1,1.0
2025-12-03,ILI incidence,2025-12-14,3,SI,respicast,hubEnsemble,WIS,403.489855691813,0.02032149126999061,17,9,0.2734626342751219
2025-12-03,ILI incidence,2025-12-14,3,SI,respicast,quantileBaseline,WIS,409.213543478261,0.0,17,11,0.2580068707831251
2025-12-03,ILI incidence,2025-12-14,3,SI,safinea,PRFM,WIS,381.857064062611,0.09982118110913346,17,6,0.33187799925785866
2025-12-03,ILI incidence,2025-12-21,4,AT,ECDC,soca_simplex,WIS,1475.28343426922,0.12365043851571389,11,4,0.8968546748045286
2025-12-03,ILI incidence,2025-12-21,4,AT,ISI,FluABCaster,WIS,1361.3130344198,0.23964373971211803,11,2,0.936488701835823
2025-12-03,ILI incidence,2025-12-21,4,AT,ISI,FluBcast,WIS,1564.92355453268,0.038550408751170225,11,5,0.8656816776552295
2025-12-03,ILI incidence,2025-12-21,4,AT,ISI,GLEAM,WIS,4054.25139565217,-1.3347929571374844,11,11,0.0
2025-12-03,ILI incidence,2025-12-21,4,AT,ItaLuxColab,EpiEKF,WIS,1690.16588580434,-0.07252225763587335,11,9,0.8221277553241538
2025-12-03,ILI incidence,2025-12-21,4,AT,ItaLuxColab,EpiNetEKF,WIS,1406.26471717097,0.19277439810521124,11,3,0.9208564305476995
2025-12-03,ILI incidence,2025-12-21,4,AT,NotreDame,Rt_cocirc,WIS,1977.38491304348,-0.29895113704450865,11,10,0.7222452708848747
2025-12-03,ILI incidence,2025-12-21,4,AT,RIVM,KFdlm,WIS,1636.44643171519,-0.025923784285134983,11,8,0.8408090822150727
2025-12-03,ILI incidence,2025-12-21,4,AT,respicast,hubEnsemble,WIS,1600.78586273535,0.005862261624500656,11,6,0.8532103018016118
2025-12-03,ILI incidence,2025-12-21,4,AT,respicast,quantileBaseline,WIS,1607.30374565217,0.0,11,7,0.8509436610944338
2025-12-03,ILI incidence,2025-12-21,4,AT,safinea,PRFM,WIS,1178.68188162244,0.44746819585927666,11,1,1.0
2025-12-03,ILI incidence,2025-12-21,4,BE,ECDC,SARIMA,WIS,34.6282260800603,-0.21205334753600805,19,14,0.7796704884570957
2025-12-03,ILI incidence,2025-12-21,4,BE,ECDC,soca_simplex,WIS,32.5550108102588,-0.12298448144825722,19,11,0.7940979642895931
2025-12-03,ILI incidence,2025-12-21,4,BE,ISI,FluABCaster,WIS,21.3614943650116,0.4848825603770721,19,6,0.871993487415818
2025-12-03,ILI incidence,2025-12-21,4,BE,ISI,FluBcast,WIS,9.72568600510664,1.620023216262727,19,2,0.9529669137403174
2025-12-03,ILI incidence,2025-12-21,4,BE,ISI,GLEAM,WIS,2.96707391304348,3.3327823646446095,19,1,1.0
2025-12-03,ILI incidence,2025-12-21,4,BE,ItaLuxColab,EpiEKF,WIS,32.2621361675664,-0.10994683045969948,19,10,0.7961360747988796
2025-12-03,ILI incidence,2025-12-21,4,BE,ItaLuxColab,EpiNetEKF,WIS,34.1111963857331,-0.1903502195119236,19,13,0.7832684908103696
2025-12-03,ILI incidence,2025-12-21,4,BE,MRC_GIDA,NBEATS,WIS,32.9670263227588,-0.14112862340388865,19,12,0.7912307541470704
2025-12-03,ILI incidence,2025-12-21,4,BE,MRC_GIDA,NHiTS,WIS,29.9249963214898,-0.0014559336982588726,19,9,0.8124001980366297
2025-12-03,ILI incidence,2025-12-21,4,BE,MRC_GIDA,Prophet,WIS,122.733175017789,-2.0375582237709216,19,18,0.16654939098216026
2025-12-03,ILI incidence,2025-12-21,4,BE,MRC_GIDA,TiDE,WIS,19.5875044359298,0.60996153470702,19,4,0.8843386583209945
2025-12-03,ILI incidence,2025-12-21,4,BE,NotreDame,Rt_cocirc,WIS,89.2935956521739,-1.5786615694290325,19,17,0.3992549523262456
2025-12-03,ILI incidence,2025-12-21,4,BE,QMUL,ARIMA,WIS,22.7357321717275,0.39493367136786134,19,7,0.8624301858941211
2025-12-03,ILI incidence,2025-12-21,4,BE,QMUL,SEIR,WIS,146.66617234658,-2.2945691193719857,19,19,0.0
2025-12-03,ILI incidence,2025-12-21,4,BE,QMUL,SEIR_agumented,WIS,65.5794734720992,-1.1333491824639952,19,16,0.5642811942343876
2025-12-03,ILI incidence,2025-12-21,4,BE,RIVM,KFdlm,WIS,20.7117643312286,0.5294446813869533,19,5,0.8765149495604361
2025-12-03,ILI incidence,2025-12-21,4,BE,respicast,hubEnsemble,WIS,14.7519979529615,1.0189847754416792,19,3,0.9179888797606567
2025-12-03,ILI incidence,2025-12-21,4,BE,respicast,quantileBaseline,WIS,29.8948119565217,0.0,19,8,0.8126102506068764
2025-12-03,ILI incidence,2025-12-21,4,BE,safinea,PRFM,WIS,39.5821729704745,-0.40495567907873786,19,15,0.7451960418918969
2025-12-03,ILI incidence,2025-12-21,4,CH,ItaLuxColab,EpiEKF,WIS,81.1759034159655,0.5136711213650487,5,3,0.6121102999913546
2025-12-03,ILI incidence,2025-12-21,4,CH,ItaLuxColab,EpiNetEKF,WIS,53.2059149351506,1.1231360169241782,5,1,1.0
2025-12-03,ILI incidence,2025-12-21,4,CH,respicast,hubEnsemble,WIS,80.7405254862704,0.5214296804952903,5,2,0.6181481506917813
2025-12-03,ILI incidence,2025-12-21,4,CH,respicast,quantileBaseline,WIS,115.893090981515,0.0,5,4,0.13064998479738363
2025-12-03,ILI incidence,2025-12-21,4,CH,safinea,PRFM,WIS,125.314012882045,-0.11275318694068542,5,5,0.0
2025-12-03,ILI incidence,2025-12-21,4,CZ,ECDC,SARIMA,WIS,37.9407636716509,0.21183825622814545,14,3,0.4442982219609101
2025-12-03,ILI incidence,2025-12-21,4,CZ,ECDC,soca_simplex,WIS,46.4721264516756,-0.0807786867472917,14,7,0.3010237529811207
2025-12-03,ILI incidence,2025-12-21,4,CZ,ISI,FluABCaster,WIS,63.5409867650859,-0.5321005208450388,14,13,0.014371788863498079
2025-12-03,ILI incidence,2025-12-21,4,CZ,ISI,GLEAM,WIS,59.0686,-0.42680444484755403,14,12,0.08948040343797574
2025-12-03,ILI incidence,2025-12-21,4,CZ,ItaLuxColab,EpiEKF,WIS,38.6928415506069,0.18352029156531652,14,4,0.4316679351571229
2025-12-03,ILI incidence,2025-12-21,4,CZ,ItaLuxColab,EpiNetEKF,WIS,34.4639081665693,0.35050066307707634,14,2,0.5026880289652937
2025-12-03,ILI incidence,2025-12-21,4,CZ,NotreDame,Rt_cocirc,WIS,47.8829239130435,-0.12392427757127612,14,10,0.2773310250632797
2025-12-03,ILI incidence,2025-12-21,4,CZ,QMUL,ARIMA,WIS,45.4926526146612,-0.05004658483255015,14,6,0.3174728945187905
2025-12-03,ILI incidence,2025-12-21,4,CZ,QMUL,SEIR,WIS,4.85117346263048,3.1791813020514605,14,1,1.0
2025-12-03,ILI incidence,2025-12-21,4,CZ,QMUL,SEIR_agumented,WIS,47.0558893611987,-0.0987883234125067,14,9,0.2912201233584478
2025-12-03,ILI incidence,2025-12-21,4,CZ,RIVM,KFdlm,WIS,51.4255019597379,-0.2268969970025207,14,11,0.21783748322867375
2025-12-03,ILI incidence,2025-12-21,4,CZ,respicast,hubEnsemble,WIS,46.887306830113,-0.09361044034037685,14,8,0.29405127393114716
2025-12-03,ILI incidence,2025-12-21,4,CZ,respicast,quantileBaseline,WIS,43.9415869565217,0.0,14,5,0.34352126618609896
2025-12-03,ILI incidence,2025-12-21,4,CZ,safinea,PRFM,WIS,64.3967634115847,-0.551401206316469,14,14,0.0
2025-12-03,ILI incidence,2025-12-21,4,ES,ECDC,SARIMA,WIS,141.528086650035,-0.026387265073686,14,13,0.06851427485341492
2025-12-03,ILI incidence,2025-12-21,4,ES,ECDC,soca_simplex,WIS,136.369842891975,0.02717648423767125,14,11,0.10766179207943473
2025-12-03,ILI incidence,2025-12-21,4,ES,ISI,FluABCaster,WIS,63.0872161677687,1.1392815274165449,14,3,0.6638264532727255
2025-12-03,ILI incidence,2025-12-21,4,ES,ISI,FluBcast,WIS,96.919615391598,0.5198405384850142,14,8,0.40706184626032627
2025-12-03,ILI incidence,2025-12-21,4,ES,ISI,GLEAM,WIS,18.7915565217391,2.8865446467533857,14,1,1.0
2025-12-03,ILI incidence,2025-12-21,4,ES,ItaLuxColab,EpiEKF,WIS,71.8688711646466,0.9512621921978099,14,5,0.597179740479041
2025-12-03,ILI incidence,2025-12-21,4,ES,ItaLuxColab,EpiNetEKF,WIS,92.8559149637142,0.5816354047913311,14,6,0.43790253351039843
2025-12-03,ILI incidence,2025-12-21,4,ES,QMUL,ARIMA,WIS,150.555819585439,-0.11559735176465645,14,14,0.0
2025-12-03,ILI incidence,2025-12-21,4,ES,QMUL,SEIR,WIS,109.238533241339,0.3472192752078873,14,9,0.31356974481104666
2025-12-03,ILI incidence,2025-12-21,4,ES,QMUL,SEIR_agumented,WIS,117.08467182248,0.24714890600223643,14,10,0.2540229572473513
2025-12-03,ILI incidence,2025-12-21,4,ES,RIVM,KFdlm,WIS,68.9833290870031,1.0103814642767461,14,4,0.6190790173432733
2025-12-03,ILI incidence,2025-12-21,4,ES,respicast,hubEnsemble,WIS,94.418235921723,0.5575636898356037,14,7,0.4260455935353043
2025-12-03,ILI incidence,2025-12-21,4,ES,respicast,quantileBaseline,WIS,138.963030652174,0.0,14,12,0.08798128311665648
2025-12-03,ILI incidence,2025-12-21,4,ES,safinea,PRFM,WIS,54.9797994501982,1.3377275738626855,14,2,0.7253561619286383
2025-12-03,ILI incidence,2025-12-21,4,FI,ECDC,SARIMA,WIS,74.0574290050231,0.14468200205987897,14,8,0.380954737069173
2025-12-03,ILI incidence,2025-12-21,4,FI,ECDC,soca_simplex,WIS,92.4544797402545,-0.17541675740101184,14,13,0.0929596607631289
2025-12-03,ILI incidence,2025-12-21,4,FI,ISI,FluABCaster,WIS,60.5073804215691,0.4362153408464175,14,5,0.5930728277297167
2025-12-03,ILI incidence,2025-12-21,4,FI,ISI,FluBcast,WIS,78.9105512773385,0.05310824891341376,14,9,0.30498194451382016
2025-12-03,ILI incidence,2025-12-21,4,FI,ISI,GLEAM,WIS,34.5129782608696,1.246187492516863,14,1,1.0
2025-12-03,ILI incidence,2025-12-21,4,FI,ItaLuxColab,EpiEKF,WIS,53.0439066900821,0.6261394334751631,14,3,0.709909146645305
2025-12-03,ILI incidence,2025-12-21,4,FI,ItaLuxColab,EpiNetEKF,WIS,54.6349593017864,0.5835020828076884,14,4,0.6850021479687616
2025-12-03,ILI incidence,2025-12-21,4,FI,QMUL,ARIMA,WIS,85.2770718748191,-0.058831434195687995,14,12,0.2053177857492787
2025-12-03,ILI incidence,2025-12-21,4,FI,QMUL,SEIR,WIS,69.7949450507549,0.23020391551180722,14,6,0.447681431979672
2025-12-03,ILI incidence,2025-12-21,4,FI,QMUL,SEIR_agumented,WIS,84.7892445244136,-0.050554803709327856,14,11,0.21295443778802944
2025-12-03,ILI incidence,2025-12-21,4,FI,RIVM,KFdlm,WIS,45.9202628629292,0.8341955669955404,14,2,0.8214256270368657
2025-12-03,ILI incidence,2025-12-21,4,FI,respicast,hubEnsemble,WIS,71.6624650594503,0.19210879699368352,14,7,0.4184464977965909
2025-12-03,ILI incidence,2025-12-21,4,FI,respicast,quantileBaseline,WIS,81.8695217391304,0.0,14,10,0.25866099143305604
2025-12-03,ILI incidence,2025-12-21,4,FI,safinea,PRFM,WIS,98.3927187453263,-0.265225089743305,14,14,0.0
2025-12-03,ILI incidence,2025-12-21,4,FR,ECDC,soca_simplex,WIS,263.218239017432,-0.32791595283080965,10,10,0.0
2025-12-03,ILI incidence,2025-12-21,4,FR,ISI,FluABCaster,WIS,262.783980941834,-0.3255338255670953,10,9,0.0019127451201561814
2025-12-03,ILI incidence,2025-12-21,4,FR,ISI,GLEAM,WIS,257.793513043478,-0.2978724535960096,10,8,0.023893897932874376
2025-12-03,ILI incidence,2025-12-21,4,FR,ItaLuxColab,EpiEKF,WIS,154.897110469728,0.43703327587049967,10,4,0.47711423616963067
2025-12-03,ILI incidence,2025-12-21,4,FR,ItaLuxColab,EpiNetEKF,WIS,122.919369668073,0.7706312335686826,10,2,0.617964276984087
2025-12-03,ILI incidence,2025-12-21,4,FR,NotreDame,Rt_cocirc,WIS,36.1842913043479,2.5349080867087124,10,1,1.0
2025-12-03,ILI incidence,2025-12-21,4,FR,RIVM,KFdlm,WIS,206.48178470736,0.02232899106696324,10,6,0.24990295452102665
2025-12-03,ILI incidence,2025-12-21,4,FR,respicast,hubEnsemble,WIS,172.492931055335,0.28180626755697524,10,5,0.39961119857172994
2025-12-03,ILI incidence,2025-12-21,4,FR,respicast,quantileBaseline,WIS,209.702419565217,0.0,10,7,0.2357172572264215
2025-12-03,ILI incidence,2025-12-21,4,FR,safinea,PRFM,WIS,133.430198710185,0.6522582847390072,10,3,0.5716679889267821
2025-12-03,ILI incidence,2025-12-21,4,GB-NIR,ECDC,SARIMA,WIS,28.2168414974508,-0.08689369433646285,11,8,0.29675327076319213
2025-12-03,ILI incidence,2025-12-21,4,GB-NIR,ECDC,soca_simplex,WIS,32.1993054060523,-0.2773667552920643,11,9,0.1801451010270781
2025-12-03,ILI incidence,2025-12-21,4,GB-NIR,ISI,FluABCaster,WIS,4.19918712241382,2.661480828501496,11,1,1.0
2025-12-03,ILI incidence,2025-12-21,4,GB-NIR,ISI,FluBcast,WIS,8.71481032602302,1.6081216418019617,11,2,0.8677807083565746
2025-12-03,ILI incidence,2025-12-21,4,GB-NIR,ISI,GLEAM,WIS,15.4561023497926,0.7814862591940668,11,5,0.6703929246655271
2025-12-03,ILI incidence,2025-12-21,4,GB-NIR,ItaLuxColab,EpiEKF,WIS,14.8012905896191,0.8439398357262118,11,4,0.6895660804374093
2025-12-03,ILI incidence,2025-12-21,4,GB-NIR,QMUL,ARIMA,WIS,35.5021739011377,-0.4182445557359428,11,10,0.08343576255469727
2025-12-03,ILI incidence,2025-12-21,4,GB-NIR,RIVM,KFdlm,WIS,12.354077671414,1.104675505779069,11,3,0.7612214741573945
2025-12-03,ILI incidence,2025-12-21,4,GB-NIR,respicast,hubEnsemble,WIS,15.4688949173165,0.7802926762410746,11,6,0.6700183530637693
2025-12-03,ILI incidence,2025-12-21,4,GB-NIR,respicast,quantileBaseline,WIS,26.5675061743042,0.0,11,7,0.34504648263583554
2025-12-03,ILI incidence,2025-12-21,4,GB-NIR,safinea,PRFM,WIS,38.3517162086165,-0.5296283266312645,11,11,0.0
2025-12-03,ILI incidence,2025-12-21,4,GB-SCT,ECDC,soca_simplex,WIS,28.8094725338315,-0.07200106353764155,7,7,0.0
2025-12-03,ILI incidence,2025-12-21,4,GB-SCT,ISI,FluABCaster,WIS,16.6251119879256,0.7211781244801511,7,2,0.7435050120798817
2025-12-03,ILI incidence,2025-12-21,4,GB-SCT,ItaLuxColab,EpiEKF,WIS,17.4814325635301,0.6487187679708463,7,4,0.6912512530491703
2025-12-03,ILI incidence,2025-12-21,4,GB-SCT,RIVM,KFdlm,WIS,12.4217409813281,1.1416747931496707,7,1,1.0
2025-12-03,ILI incidence,2025-12-21,4,GB-SCT,respicast,hubEnsemble,WIS,17.4754371211217,0.6492136403775215,7,3,0.69161710248899
2025-12-03,ILI incidence,2025-12-21,4,GB-SCT,respicast,quantileBaseline,WIS,27.406957548822,0.0,7,6,0.08558322916848432
2025-12-03,ILI incidence,2025-12-21,4,GB-SCT,safinea,PRFM,WIS,22.7705595574613,0.26737243892127494,7,5,0.3685020685762753
2025-12-03,ILI incidence,2025-12-21,4,GB-WLS,ECDC,soca_simplex,WIS,5.7782561016158,0.4782646677821732,9,5,0.842092928080452
2025-12-03,ILI incidence,2025-12-21,4,GB-WLS,ISI,FluABCaster,WIS,8.76662094212779,-0.1231220532915646,9,8,0.6995783177238308
2025-12-03,ILI incidence,2025-12-21,4,GB-WLS,ISI,FluBcast,WIS,2.4671293293378,1.7060654705607523,9,1,1.0
2025-12-03,ILI incidence,2025-12-21,4,GB-WLS,ISI,GLEAM,WIS,23.4359607567547,-1.5417532185024105,9,9,0.0
2025-12-03,ILI incidence,2025-12-21,4,GB-WLS,ItaLuxColab,EpiEKF,WIS,5.71565555354686,0.4939798387322462,9,4,0.8450783375576386
2025-12-03,ILI incidence,2025-12-21,4,GB-WLS,RIVM,KFdlm,WIS,4.49526649555205,0.8404921692477839,9,3,0.9032784839138702
2025-12-03,ILI incidence,2025-12-21,4,GB-WLS,respicast,hubEnsemble,WIS,3.74225194704149,1.1049921244045307,9,2,0.9391896195018069
2025-12-03,ILI incidence,2025-12-21,4,GB-WLS,respicast,quantileBaseline,WIS,8.04949801154134,0.0,9,7,0.7337777881649356
2025-12-03,ILI incidence,2025-12-21,4,GB-WLS,safinea,PRFM,WIS,7.26241412399057,0.1484496165153686,9,6,0.7713136847300466
2025-12-03,ILI incidence,2025-12-21,4,GR,ECDC,SARIMA,WIS,192.093561866822,0.06295920403964544,19,10,0.5719297172570688
2025-12-03,ILI incidence,2025-12-21,4,GR,ECDC,soca_simplex,WIS,266.121963353451,-0.40731921151728157,19,14,0.391787662919109
2025-12-03,ILI incidence,2025-12-21,4,GR,ISI,FluABCaster,WIS,277.422100102384,-0.4673143497007695,19,15,0.36428970527888715
2025-12-03,ILI incidence,2025-12-21,4,GR,ISI,FluBcast,WIS,133.583397869889,0.5870276543960457,19,5,0.7143094111366158
2025-12-03,ILI incidence,2025-12-21,4,GR,ISI,GLEAM,WIS,108.477469565217,0.8873729405600864,19,4,0.7754026322523253
2025-12-03,ILI incidence,2025-12-21,4,GR,ItaLuxColab,EpiEKF,WIS,170.596473579337,0.2341805462089467,19,6,0.624241121645444
2025-12-03,ILI incidence,2025-12-21,4,GR,ItaLuxColab,EpiNetEKF,WIS,94.3002356754954,1.0894350894406892,19,3,0.8099017702377035
2025-12-03,ILI incidence,2025-12-21,4,GR,MRC_GIDA,NBEATS,WIS,399.875380126192,-0.994782087737354,19,18,0.06630967354884211
2025-12-03,ILI incidence,2025-12-21,4,GR,MRC_GIDA,NHiTS,WIS,350.728658277147,-0.8055869479529688,19,17,0.18590419754328974
2025-12-03,ILI incidence,2025-12-21,4,GR,MRC_GIDA,Prophet,WIS,82.5087598111378,1.2821491700279717,19,2,0.8385953613895469
2025-12-03,ILI incidence,2025-12-21,4,GR,MRC_GIDA,TiDE,WIS,237.840329657386,-0.24522499695279562,19,13,0.46060870311086594
2025-12-03,ILI incidence,2025-12-21,4,GR,NotreDame,Rt_cocirc,WIS,16.180397826087,3.632449386308136,19,1,1.0
2025-12-03,ILI incidence,2025-12-21,4,GR,QMUL,ARIMA,WIS,201.136453200982,-0.003406202820635975,19,12,0.5499245815337918
2025-12-03,ILI incidence,2025-12-21,4,GR,QMUL,SEIR,WIS,427.124981303226,-1.0898899084557205,19,19,0.0
2025-12-03,ILI incidence,2025-12-21,4,GR,QMUL,SEIR_agumented,WIS,326.630205746376,-0.7028898419759791,19,16,0.24454580884490604
2025-12-03,ILI incidence,2025-12-21,4,GR,RIVM,KFdlm,WIS,181.259075349216,0.14671514069989608,19,9,0.5982945531819805
2025-12-03,ILI incidence,2025-12-21,4,GR,respicast,hubEnsemble,WIS,170.618462668763,0.2339946015333631,19,7,0.6241876129965649
2025-12-03,ILI incidence,2025-12-21,4,GR,respicast,quantileBaseline,WIS,200.662130217391,0.0,19,11,0.551078807681701
2025-12-03,ILI incidence,2025-12-21,4,GR,safinea,PRFM,WIS,181.121950259545,0.14780697323146766,19,8,0.5986282358613111
2025-12-03,ILI incidence,2025-12-21,4,HR,ECDC,SARIMA,WIS,220.694998368629,0.007427138202456225,15,12,0.05687833095208988
2025-12-03,ILI incidence,2025-12-21,4,HR,ECDC,soca_simplex,WIS,205.571221598821,0.1098427598791893,15,10,0.13125582929185584
2025-12-03,ILI incidence,2025-12-21,4,HR,ISI,FluABCaster,WIS,188.34073796013,0.236135984698911,15,9,0.21599393986675655
2025-12-03,ILI incidence,2025-12-21,4,HR,ISI,FluBcast,WIS,159.570049453931,0.47529118234644924,15,5,0.35748583499150244
2025-12-03,ILI incidence,2025-12-21,4,HR,ISI,GLEAM,WIS,28.9224608695652,2.9392188578273855,15,1,1.0
2025-12-03,ILI incidence,2025-12-21,4,HR,ItaLuxColab,EpiEKF,WIS,168.571993829053,0.3961162021707084,15,6,0.31321500813349645
2025-12-03,ILI incidence,2025-12-21,4,HR,ItaLuxColab,EpiNetEKF,WIS,179.431337135797,0.3060491977070617,15,8,0.2598096451040239
2025-12-03,ILI incidence,2025-12-21,4,HR,NotreDame,Rt_cocirc,WIS,232.26052826087,-0.06626292252214137,15,15,0.0
2025-12-03,ILI incidence,2025-12-21,4,HR,QMUL,ARIMA,WIS,230.632501510893,-0.056114764515341704,15,14,0.008006502524901052
2025-12-03,ILI incidence,2025-12-21,4,HR,QMUL,SEIR,WIS,156.204973113371,0.5060406868203966,15,4,0.37403500546278573
2025-12-03,ILI incidence,2025-12-21,4,HR,QMUL,SEIR_agumented,WIS,213.968134910826,0.05208511221613899,15,11,0.08996049576315694
2025-12-03,ILI incidence,2025-12-21,4,HR,RIVM,KFdlm,WIS,88.1579511466499,1.3313184721032507,15,2,0.708684699146414
2025-12-03,ILI incidence,2025-12-21,4,HR,respicast,hubEnsemble,WIS,174.374625139857,0.3472909567323271,15,7,0.28467814149928494
2025-12-03,ILI incidence,2025-12-21,4,HR,respicast,quantileBaseline,WIS,221.834087826087,0.0,15,13,0.051276382079103254
2025-12-03,ILI incidence,2025-12-21,4,HR,safinea,PRFM,WIS,102.989537511352,1.1069832877344519,15,3,0.6357441693431081
2025-12-03,ILI incidence,2025-12-21,4,HU,ECDC,soca_simplex,WIS,326.861300378697,-1.019619391976414,11,9,0.4038831378877767
2025-12-03,ILI incidence,2025-12-21,4,HU,ISI,FluABCaster,WIS,199.300842377901,-0.3058886244918111,11,8,0.6620142350893664
2025-12-03,ILI incidence,2025-12-21,4,HU,ISI,FluBcast,WIS,91.1584915405526,0.8226102267959977,11,3,0.8808508880232231
2025-12-03,ILI incidence,2025-12-21,4,HU,ISI,GLEAM,WIS,32.2786608695652,2.3204065509638454,11,1,1.0
2025-12-03,ILI incidence,2025-12-21,4,HU,ItaLuxColab,EpiEKF,WIS,124.195267602594,0.3764489820406091,11,5,0.8139977315940987
2025-12-03,ILI incidence,2025-12-21,4,HU,ItaLuxColab,EpiNetEKF,WIS,78.236938227856,1.0431373662884416,11,2,0.9069989184272406
2025-12-03,ILI incidence,2025-12-21,4,HU,NotreDame,Rt_cocirc,WIS,526.447939130435,-1.7072316855193146,11,11,0.0
2025-12-03,ILI incidence,2025-12-21,4,HU,RIVM,KFdlm,WIS,171.537867577828,-0.08946790799163937,11,7,0.7181953374391103
2025-12-03,ILI incidence,2025-12-21,4,HU,respicast,hubEnsemble,WIS,110.69034325135,0.5425298181972621,11,4,0.8413262705084803
2025-12-03,ILI incidence,2025-12-21,4,HU,respicast,quantileBaseline,WIS,161.22318,0.0,11,6,0.739068119361387
2025-12-03,ILI incidence,2025-12-21,4,HU,safinea,PRFM,WIS,356.50022863091,-1.1448438184126604,11,10,0.3439058597443007
2025-12-03,ILI incidence,2025-12-21,4,IE,ECDC,SARIMA,WIS,65.6701747408323,-0.08108030885460416,19,14,0.2210726331039892
2025-12-03,ILI incidence,2025-12-21,4,IE,ECDC,soca_simplex,WIS,47.395917395415,0.389395192085324,19,6,0.4875837293258943
2025-12-03,ILI incidence,2025-12-21,4,IE,ISI,FluABCaster,WIS,12.2603191744657,2.3401614478540953,19,1,1.0
2025-12-03,ILI incidence,2025-12-21,4,IE,ISI,FluBcast,WIS,34.2245490400946,0.8591264533056786,19,3,0.6796744804173057
2025-12-03,ILI incidence,2025-12-21,4,IE,ISI,GLEAM,WIS,62.3538086956522,-0.006319700214861052,19,13,0.2694383933900398
2025-12-03,ILI incidence,2025-12-21,4,IE,ItaLuxColab,EpiEKF,WIS,36.13283645683,0.7808474732960712,19,4,0.6518440869995312
2025-12-03,ILI incidence,2025-12-21,4,IE,ItaLuxColab,EpiNetEKF,WIS,33.9362759728747,0.8713297270814431,19,2,0.6838786442147086
2025-12-03,ILI incidence,2025-12-21,4,IE,MRC_GIDA,NBEATS,WIS,80.8287863207702,-0.3807111998949166,19,19,0.0
2025-12-03,ILI incidence,2025-12-21,4,IE,MRC_GIDA,NHiTS,WIS,74.7360083362572,-0.267645525935676,19,17,0.08885684977488048
2025-12-03,ILI incidence,2025-12-21,4,IE,MRC_GIDA,Prophet,WIS,55.8139392834112,0.15353251150471695,19,9,0.3648156080838855
2025-12-03,ILI incidence,2025-12-21,4,IE,MRC_GIDA,TiDE,WIS,75.0841492502867,-0.2743503923877566,19,18,0.08377957550408961
2025-12-03,ILI incidence,2025-12-21,4,IE,NotreDame,Rt_cocirc,WIS,56.5812826086957,0.13383310450459457,19,10,0.35362470128342843
2025-12-03,ILI incidence,2025-12-21,4,IE,QMUL,ARIMA,WIS,74.102797892015,-0.2553700300163287,19,16,0.09809156757732332
2025-12-03,ILI incidence,2025-12-21,4,IE,QMUL,SEIR,WIS,42.8902693163497,0.5335076102723014,19,5,0.5532939350018007
2025-12-03,ILI incidence,2025-12-21,4,IE,QMUL,SEIR_agumented,WIS,72.2246099171314,-0.21833252162275527,19,15,0.1254829918434676
2025-12-03,ILI incidence,2025-12-21,4,IE,RIVM,KFdlm,WIS,56.8555302842626,0.12685729969686843,19,11,0.3496250832814431
2025-12-03,ILI incidence,2025-12-21,4,IE,respicast,hubEnsemble,WIS,52.9416518484969,0.22975477573716335,19,8,0.40670494226989995
2025-12-03,ILI incidence,2025-12-21,4,IE,respicast,quantileBaseline,WIS,62.0812663043478,0.0,19,12,0.2734131415891336
2025-12-03,ILI incidence,2025-12-21,4,IE,safinea,PRFM,WIS,50.2238566437335,0.3057851691495363,19,7,0.4463411674601823
2025-12-03,ILI incidence,2025-12-21,4,IS,ECDC,SARIMA,WIS,4.43138201827287,0.9466667975013736,14,4,0.9883252935592955
2025-12-03,ILI incidence,2025-12-21,4,IS,ECDC,soca_simplex,WIS,16.2396419320728,-0.9270244169836177,14,11,0.9271013388229474
2025-12-03,ILI incidence,2025-12-21,4,IS,ISI,FluABCaster,WIS,9.75513411587997,-0.1917382066926166,14,9,0.9607224833374001
2025-12-03,ILI incidence,2025-12-21,4,IS,ItaLuxColab,EpiEKF,WIS,5.36846146051993,0.6699148131947096,14,5,0.9834666852820974
2025-12-03,ILI incidence,2025-12-21,4,IS,ItaLuxColab,EpiNetEKF,WIS,12.045140976423,-0.49595587308742645,14,10,0.9488491609851404
2025-12-03,ILI incidence,2025-12-21,4,IS,MRC_GIDA,NBEATS,WIS,2.1796821948489,1.9703057003459938,14,1,1.0
2025-12-03,ILI incidence,2025-12-21,4,IS,MRC_GIDA,NHiTS,WIS,17.1535450373744,-1.0060113558794417,14,12,0.9223628961767957
2025-12-03,ILI incidence,2025-12-21,4,IS,MRC_GIDA,Prophet,WIS,22.068462600828,-1.3694907218845058,14,13,0.896879828168943
2025-12-03,ILI incidence,2025-12-21,4,IS,MRC_GIDA,TiDE,WIS,7.51752800244079,0.18416516400808203,14,6,0.972324116127247
2025-12-03,ILI incidence,2025-12-21,4,IS,QMUL,ARIMA,WIS,2.20598467031783,1.9530007353054701,14,2,0.9998636258365484
2025-12-03,ILI incidence,2025-12-21,4,IS,RIVM,KFdlm,WIS,195.049613002985,-4.513273824906598,14,14,0.0
2025-12-03,ILI incidence,2025-12-21,4,IS,respicast,hubEnsemble,WIS,4.03572139834289,1.0815969177972962,14,3,0.9903767311176134
2025-12-03,ILI incidence,2025-12-21,4,IS,respicast,quantileBaseline,WIS,8.54110956521739,0.0,14,7,0.9670170080752674
2025-12-03,ILI incidence,2025-12-21,4,IS,safinea,PRFM,WIS,8.77475795061248,-0.03893582881422631,14,8,0.9658055782561346
2025-12-03,ILI incidence,2025-12-21,4,LT,ECDC,SARIMA,WIS,393.249681523009,0.10107026871748788,19,7,0.45265184807579234
2025-12-03,ILI incidence,2025-12-21,4,LT,ECDC,soca_simplex,WIS,390.170584285504,0.11241085149947068,19,6,0.47528347646484126
2025-12-03,ILI incidence,2025-12-21,4,LT,ISI,FluABCaster,WIS,413.838300810487,0.02744869291150615,19,10,0.301323733106817
2025-12-03,ILI incidence,2025-12-21,4,LT,ISI,FluBcast,WIS,423.253379842045,-0.0050057226665298485,19,15,0.23212209591902674
2025-12-03,ILI incidence,2025-12-21,4,LT,ISI,GLEAM,WIS,401.136282608696,0.07242340276242756,19,8,0.3946846546887568
2025-12-03,ILI incidence,2025-12-21,4,LT,ItaLuxColab,EpiEKF,WIS,354.73611599015,0.2497696462005977,19,3,0.7357298530378029
2025-12-03,ILI incidence,2025-12-21,4,LT,ItaLuxColab,EpiNetEKF,WIS,356.481052345105,0.24269046929323995,19,4,0.7229044213928174
2025-12-03,ILI incidence,2025-12-21,4,LT,MRC_GIDA,NBEATS,WIS,454.834249411907,-0.10882502852483614,19,19,0.0
2025-12-03,ILI incidence,2025-12-21,4,LT,MRC_GIDA,NHiTS,WIS,452.802028982989,-0.1023645568491489,19,18,0.014936994191575044
2025-12-03,ILI incidence,2025-12-21,4,LT,MRC_GIDA,Prophet,WIS,318.781412887121,0.4039483530784931,19,1,1.0
2025-12-03,ILI incidence,2025-12-21,4,LT,MRC_GIDA,TiDE,WIS,413.104276072818,0.030009872264582405,19,9,0.3067188777904436
2025-12-03,ILI incidence,2025-12-21,4,LT,NotreDame,Rt_cocirc,WIS,357.449010869565,0.23877840593952948,19,5,0.7157898433422258
2025-12-03,ILI incidence,2025-12-21,4,LT,QMUL,ARIMA,WIS,420.879038691412,0.0031102059765234055,19,13,0.2495737067143696
2025-12-03,ILI incidence,2025-12-21,4,LT,QMUL,SEIR,WIS,418.246522775033,0.012162319967415848,19,12,0.2689229241479909
2025-12-03,ILI incidence,2025-12-21,4,LT,QMUL,SEIR_agumented,WIS,425.632390291878,-0.013092077001885543,19,16,0.21463616537468563
2025-12-03,ILI incidence,2025-12-21,4,LT,RIVM,KFdlm,WIS,344.89286182595,0.29036759602264217,19,2,0.8080786141193609
2025-12-03,ILI incidence,2025-12-21,4,LT,respicast,hubEnsemble,WIS,414.019848354638,0.026815932948715194,19,11,0.29998934310960507
2025-12-03,ILI incidence,2025-12-21,4,LT,respicast,quantileBaseline,WIS,421.787361304348,0.0,19,14,0.24289745772068902
2025-12-03,ILI incidence,2025-12-21,4,LT,safinea,PRFM,WIS,448.658431653462,-0.0891016580724768,19,17,0.04539278942060068
2025-12-03,ILI incidence,2025-12-21,4,LU,ECDC,SARIMA,WIS,2134.41084077322,0.43914032227665306,17,7,0.715405276165664
2025-12-03,ILI incidence,2025-12-21,4,LU,ECDC,soca_simplex,WIS,4158.56412364553,-0.5231072566107939,17,12,0.23531002128231215
2025-12-03,ILI incidence,2025-12-21,4,LU,ISI,FluABCaster,WIS,1970.86721814242,0.5541476394741888,17,6,0.7541950841588928
2025-12-03,ILI incidence,2025-12-21,4,LU,ItaLuxColab,EpiEKF,WIS,1557.68183652519,0.8935776348644999,17,3,0.8521957359771735
2025-12-03,ILI incidence,2025-12-21,4,LU,ItaLuxColab,EpiNetEKF,WIS,1928.98991980286,0.5851326170373915,17,5,0.7641276778958789
2025-12-03,ILI incidence,2025-12-21,4,LU,MRC_GIDA,NBEATS,WIS,5150.66631008991,-0.8317808555255182,17,17,0.0
2025-12-03,ILI incidence,2025-12-21,4,LU,MRC_GIDA,NHiTS,WIS,4469.42216775737,-0.6271101022222554,17,15,0.16157969997550017
2025-12-03,ILI incidence,2025-12-21,4,LU,MRC_GIDA,Prophet,WIS,1170.81469643035,1.3054654613164973,17,2,0.9439541417270912
2025-12-03,ILI incidence,2025-12-21,4,LU,MRC_GIDA,TiDE,WIS,3499.45108041738,-0.2741504189921174,17,11,0.39164059523792216
2025-12-03,ILI incidence,2025-12-21,4,LU,NotreDame,Rt_cocirc,WIS,934.516989130435,1.6306854245288087,17,1,1.0
2025-12-03,ILI incidence,2025-12-21,4,LU,QMUL,ARIMA,WIS,2983.10922860819,-0.043838582470797936,17,10,0.514108233953262
2025-12-03,ILI incidence,2025-12-21,4,LU,QMUL,SEIR,WIS,1861.1092096928,0.6368155063721262,17,4,0.7802278453573606
2025-12-03,ILI incidence,2025-12-21,4,LU,QMUL,SEIR_agumented,WIS,4271.79793937916,-0.5618651861712273,17,13,0.20845285681455533
2025-12-03,ILI incidence,2025-12-21,4,LU,RIVM,KFdlm,WIS,4663.78178133278,-0.6885220648719018,17,16,0.11548085508658627
2025-12-03,ILI incidence,2025-12-21,4,LU,respicast,hubEnsemble,WIS,2712.99763926031,0.09309042920042981,17,8,0.5781741786780115
2025-12-03,ILI incidence,2025-12-21,4,LU,respicast,quantileBaseline,WIS,2893.82608695652,0.0,17,9,0.5352846996936527
2025-12-03,ILI incidence,2025-12-21,4,LU,safinea,PRFM,WIS,4358.10193039137,-0.5907217181809109,17,14,0.1879829957061804
2025-12-03,ILI incidence,2025-12-21,4,LV,ECDC,soca_simplex,WIS,466.389863676584,0.4735702705911286,8,2,0.7634969041621492
2025-12-03,ILI incidence,2025-12-21,4,LV,ItaLuxColab,EpiEKF,WIS,512.383081412406,0.3378838650105788,8,6,0.6284683088954552
2025-12-03,ILI incidence,2025-12-21,4,LV,ItaLuxColab,EpiNetEKF,WIS,503.342060566544,0.3635675463288488,8,5,0.6550112733735162
2025-12-03,ILI incidence,2025-12-21,4,LV,NotreDame,Rt_cocirc,WIS,726.45092173913,-0.16575862965348861,8,8,0.0
2025-12-03,ILI incidence,2025-12-21,4,LV,RIVM,KFdlm,WIS,385.832568678572,0.7471317760584956,8,1,1.0
2025-12-03,ILI incidence,2025-12-21,4,LV,respicast,hubEnsemble,WIS,482.617245131869,0.4242272369273657,8,4,0.7158559555477334
2025-12-03,ILI incidence,2025-12-21,4,LV,respicast,quantileBaseline,WIS,647.601669347826,0.0,8,7,0.23148856097394568
2025-12-03,ILI incidence,2025-12-21,4,LV,safinea,PRFM,WIS,472.353663043878,0.4552392583776041,8,3,0.7459881606851538
2025-12-03,ILI incidence,2025-12-21,4,MT,ECDC,SARIMA,WIS,6965.58226677965,-0.2587722125332621,11,6,0.7067282239139286
2025-12-03,ILI incidence,2025-12-21,4,MT,ECDC,soca_simplex,WIS,9876.02069050718,-0.762458115903556,11,11,0.0
2025-12-03,ILI incidence,2025-12-21,4,MT,ISI,FluABCaster,WIS,7531.45745568202,-0.3714573330731935,11,8,0.5693193840808787
2025-12-03,ILI incidence,2025-12-21,4,MT,ItaLuxColab,EpiEKF,WIS,6706.10478950716,-0.20400328377994403,11,5,0.7697359327056477
2025-12-03,ILI incidence,2025-12-21,4,MT,ItaLuxColab,EpiNetEKF,WIS,6532.0822666049,-0.16607121759806612,11,4,0.8119930124394359
2025-12-03,ILI incidence,2025-12-21,4,MT,NotreDame,Rt_cocirc,WIS,5809.09620217391,0.0031580210964714983,11,2,0.9875523553426375
2025-12-03,ILI incidence,2025-12-21,4,MT,QMUL,ARIMA,WIS,9289.79783824071,-0.6741754583961576,11,10,0.14234976827629525
2025-12-03,ILI incidence,2025-12-21,4,MT,RIVM,KFdlm,WIS,5757.83448363795,0.015945425690183472,11,1,1.0
2025-12-03,ILI incidence,2025-12-21,4,MT,respicast,hubEnsemble,WIS,7448.79271561074,-0.35553487253387744,11,7,0.5893924783798672
2025-12-03,ILI incidence,2025-12-21,4,MT,respicast,quantileBaseline,WIS,5821.82608695652,0.0,11,3,0.9844612166366274
2025-12-03,ILI incidence,2025-12-21,4,MT,safinea,PRFM,WIS,8379.68524427943,-0.5254243117163652,11,9,0.36334817588671137
2025-12-03,ILI incidence,2025-12-21,4,NL,ECDC,SARIMA,WIS,3.87958245863,0.2064365165542256,19,8,0.926788432130232
2025-12-03,ILI incidence,2025-12-21,4,NL,ECDC,soca_simplex,WIS,4.99355056617682,-0.15772807365055624,19,12,0.8767616751945135
2025-12-03,ILI incidence,2025-12-21,4,NL,ISI,FluABCaster,WIS,2.93361911746461,0.6096563340029155,19,4,0.9692703288900926
2025-12-03,ILI incidence,2025-12-21,4,NL,ISI,FluBcast,WIS,3.3791980411903,0.4056570032549185,19,5,0.9492599997236739
2025-12-03,ILI incidence,2025-12-21,4,NL,ISI,GLEAM,WIS,2.24934782608696,0.992831138431138,19,1,1.0
2025-12-03,ILI incidence,2025-12-21,4,NL,ItaLuxColab,EpiEKF,WIS,4.57981641931096,-0.03295186266354735,19,11,0.8953418997638198
2025-12-03,ILI incidence,2025-12-21,4,NL,ItaLuxColab,EpiNetEKF,WIS,3.42225837654184,0.38738922103829954,19,6,0.9473262200080715
2025-12-03,ILI incidence,2025-12-21,4,NL,MRC_GIDA,NBEATS,WIS,7.97612302830106,-0.8333497560829498,19,15,0.7428184980110628
2025-12-03,ILI incidence,2025-12-21,4,NL,MRC_GIDA,NHiTS,WIS,4.32302753154132,0.05029588260134285,19,9,0.9068739312333163
2025-12-03,ILI incidence,2025-12-21,4,NL,MRC_GIDA,Prophet,WIS,8.99299687783258,-1.0064640610494953,19,18,0.6971521090362208
2025-12-03,ILI incidence,2025-12-21,4,NL,MRC_GIDA,TiDE,WIS,7.99271747986039,-0.8363481881327242,19,16,0.7420732642929554
2025-12-03,ILI incidence,2025-12-21,4,NL,NotreDame,Rt_cocirc,WIS,8.92144782608696,-0.9949399515723928,19,17,0.7003652773454481
2025-12-03,ILI incidence,2025-12-21,4,NL,QMUL,ARIMA,WIS,2.26368981059934,0.9836616250114981,19,2,0.9993559214412729
2025-12-03,ILI incidence,2025-12-21,4,NL,QMUL,SEIR,WIS,24.5167938046101,-2.453360510338927,19,19,0.0
2025-12-03,ILI incidence,2025-12-21,4,NL,QMUL,SEIR_agumented,WIS,5.85719704777936,-0.38787252361824226,19,14,0.8379765140029011
2025-12-03,ILI incidence,2025-12-21,4,NL,RIVM,KFdlm,WIS,3.81114053281512,0.23211509940347488,19,7,0.9298620637393933
2025-12-03,ILI incidence,2025-12-21,4,NL,respicast,hubEnsemble,WIS,2.54312331780222,0.8157364857804643,19,3,0.986806951636995
2025-12-03,ILI incidence,2025-12-21,4,NL,respicast,quantileBaseline,WIS,4.47639673913043,0.0,19,10,0.8999863336284076
2025-12-03,ILI incidence,2025-12-21,4,NL,safinea,PRFM,WIS,5.51417762676374,-0.30080783447378123,19,13,0.8533810386774624
2025-12-03,ILI incidence,2025-12-21,4,NO,ECDC,SARIMA,WIS,104.122445959282,-0.003733550177366895,17,12,0.20818800447500227
2025-12-03,ILI incidence,2025-12-21,4,NO,ECDC,soca_simplex,WIS,104.439596632738,-0.008121233101859021,17,13,0.20467495519352233
2025-12-03,ILI incidence,2025-12-21,4,NO,ISI,FluABCaster,WIS,49.598392549438,1.0661822879805334,17,3,0.8121460051550864
2025-12-03,ILI incidence,2025-12-21,4,NO,ISI,FluBcast,WIS,60.5066033118189,0.7793830548914117,17,6,0.6913167426363335
2025-12-03,ILI incidence,2025-12-21,4,NO,ISI,GLEAM,WIS,32.6393304347826,1.6698641904950529,17,1,1.0
2025-12-03,ILI incidence,2025-12-21,4,NO,ItaLuxColab,EpiEKF,WIS,62.0768623830291,0.7424200128780631,17,7,0.6739231251429822
2025-12-03,ILI incidence,2025-12-21,4,NO,ItaLuxColab,EpiNetEKF,WIS,53.7196588858684,0.9510255087397914,17,4,0.7664951112622407
2025-12-03,ILI incidence,2025-12-21,4,NO,MRC_GIDA,NBEATS,WIS,122.917219540395,-0.24313948011805256,17,17,0.0
2025-12-03,ILI incidence,2025-12-21,4,NO,MRC_GIDA,NHiTS,WIS,112.779128952841,-0.1189525477965589,17,15,0.11229871110182754
2025-12-03,ILI incidence,2025-12-21,4,NO,MRC_GIDA,Prophet,WIS,99.5204820257993,0.061482179418993026,17,10,0.25916354210746795
2025-12-03,ILI incidence,2025-12-21,4,NO,MRC_GIDA,TiDE,WIS,120.599348101701,-0.21567455110220055,17,16,0.025674851967156832
2025-12-03,ILI incidence,2025-12-21,4,NO,NotreDame,Rt_cocirc,WIS,86.3511586956522,0.2662601160095213,17,8,0.40503894372148713
2025-12-03,ILI incidence,2025-12-21,4,NO,QMUL,ARIMA,WIS,112.719034202855,-0.11818359785366395,17,14,0.11296437520387255
2025-12-03,ILI incidence,2025-12-21,4,NO,RIVM,KFdlm,WIS,55.2561006864194,0.9103418949629426,17,5,0.7494760846127188
2025-12-03,ILI incidence,2025-12-21,4,NO,respicast,hubEnsemble,WIS,90.5870675551976,0.19717055048912452,17,9,0.3581181649847359
2025-12-03,ILI incidence,2025-12-21,4,NO,respicast,quantileBaseline,WIS,103.853335869565,0.0,17,11,0.2111689125620554
2025-12-03,ILI incidence,2025-12-21,4,NO,safinea,PRFM,WIS,38.6911766597014,1.4244710484941303,17,2,0.9329642475596767
2025-12-03,ILI incidence,2025-12-21,4,PL,ECDC,soca_simplex,WIS,171.044592087859,-1.1008795731225427,10,10,0.0
2025-12-03,ILI incidence,2025-12-21,4,PL,ISI,FluABCaster,WIS,145.294623984357,-0.8654884050492098,10,8,0.18160581185674218
2025-12-03,ILI incidence,2025-12-21,4,PL,ISI,FluBcast,WIS,29.2541513512234,1.4467796460633549,10,1,1.0
2025-12-03,ILI incidence,2025-12-21,4,PL,ItaLuxColab,EpiEKF,WIS,95.2730334672568,-0.2566469117027835,10,7,0.5343911636563836
2025-12-03,ILI incidence,2025-12-21,4,PL,ItaLuxColab,EpiNetEKF,WIS,42.8081162016024,0.897536662724226,10,2,0.9044084722498716
2025-12-03,ILI incidence,2025-12-21,4,PL,NotreDame,Rt_cocirc,WIS,55.8067326086956,0.5149818314748781,10,3,0.8127336291535231
2025-12-03,ILI incidence,2025-12-21,4,PL,RIVM,KFdlm,WIS,90.117297712537,-0.17638304014293557,10,6,0.5707528233559692
2025-12-03,ILI incidence,2025-12-21,4,PL,respicast,hubEnsemble,WIS,78.5861019595577,0.021146820139347978,10,4,0.6520784451191286
2025-12-03,ILI incidence,2025-12-21,4,PL,respicast,quantileBaseline,WIS,79.7464895652174,0.0,10,5,0.6438946239839998
2025-12-03,ILI incidence,2025-12-21,4,PL,safinea,PRFM,WIS,151.190188377306,-0.9228715995548088,10,9,0.14002639111215529
2025-12-03,ILI incidence,2025-12-21,4,RO,ECDC,soca_simplex,WIS,32.1464631059864,-0.40036090609716013,9,9,0.0
2025-12-03,ILI incidence,2025-12-21,4,RO,ISI,FluABCaster,WIS,26.3662289124736,-0.11439213275581954,9,7,0.2260019563922851
2025-12-03,ILI incidence,2025-12-21,4,RO,ItaLuxColab,EpiEKF,WIS,20.1530252430535,0.2733026854420363,9,2,0.46893262974261524
2025-12-03,ILI incidence,2025-12-21,4,RO,ItaLuxColab,EpiNetEKF,WIS,22.1437995386559,0.13739632073984057,9,3,0.39109514591772737
2025-12-03,ILI incidence,2025-12-21,4,RO,NotreDame,Rt_cocirc,WIS,26.16335,-0.1032481692095088,9,6,0.2339343393364279
2025-12-03,ILI incidence,2025-12-21,4,RO,RIVM,KFdlm,WIS,27.1255414153399,-0.15535282489107102,9,8,0.1963135206964613
2025-12-03,ILI incidence,2025-12-21,4,RO,respicast,hubEnsemble,WIS,25.3241357969415,-0.05621392834424886,9,5,0.26674685962086114
2025-12-03,ILI incidence,2025-12-21,4,RO,respicast,quantileBaseline,WIS,24.3563695652174,0.0,9,4,0.3045856485656939
2025-12-03,ILI incidence,2025-12-21,4,RO,safinea,PRFM,WIS,6.57042701415849,1.8902400686692828,9,1,1.0
2025-12-03,ILI incidence,2025-12-21,4,SI,ECDC,SARIMA,WIS,320.450188972001,0.0042246553969773745,17,10,0.28478496063511466
2025-12-03,ILI incidence,2025-12-21,4,SI,ECDC,soca_simplex,WIS,233.110849346663,0.4633086246903573,17,4,0.6839130580063983
2025-12-03,ILI incidence,2025-12-21,4,SI,ISI,FluABCaster,WIS,372.396381660328,-0.2125142791884809,17,16,0.047398404447332926
2025-12-03,ILI incidence,2025-12-21,4,SI,ISI,FluBcast,WIS,196.643014073923,0.7087458419155112,17,3,0.850565768801975
2025-12-03,ILI incidence,2025-12-21,4,SI,ItaLuxColab,EpiEKF,WIS,188.631762963599,0.7687521497883089,17,2,0.8871760228632455
2025-12-03,ILI incidence,2025-12-21,4,SI,ItaLuxColab,EpiNetEKF,WIS,237.377242526716,0.4371431462982817,17,5,0.6644162608025601
2025-12-03,ILI incidence,2025-12-21,4,SI,MRC_GIDA,NBEATS,WIS,336.077594501207,-0.06446958876099688,17,14,0.2133699870106524
2025-12-03,ILI incidence,2025-12-21,4,SI,MRC_GIDA,NHiTS,WIS,303.013161212011,0.08494431828845746,17,6,0.3644696450340336
2025-12-03,ILI incidence,2025-12-21,4,SI,MRC_GIDA,Prophet,WIS,382.768353393187,-0.25214677927124296,17,17,0.0
2025-12-03,ILI incidence,2025-12-21,4,SI,MRC_GIDA,TiDE,WIS,326.527699055649,-0.022880603483183395,17,13,0.2570116222191519
2025-12-03,ILI incidence,2025-12-21,4,SI,NotreDame,Rt_cocirc,WIS,360.676726086957,-0.1663815552195712,17,15,0.1009555283151359
2025-12-03,ILI incidence,2025-12-21,4,SI,QMUL,ARIMA,WIS,321.181033886325,0.0009380734727054901,17,11,0.2814451055208107
2025-12-03,ILI incidence,2025-12-21,4,SI,QMUL,SEIR_agumented,WIS,315.834024725718,0.025158175252478772,17,8,0.3058801608126733
2025-12-03,ILI incidence,2025-12-21,4,SI,RIVM,KFdlm,WIS,163.943018367746,0.9711303111975459,17,1,1.0
2025-12-03,ILI incidence,2025-12-21,4,SI,respicast,hubEnsemble,WIS,315.980600343484,0.024488789289351443,17,9,0.3052103315273715
2025-12-03,ILI incidence,2025-12-21,4,SI,respicast,quantileBaseline,WIS,321.389941086957,0.0,17,12,0.28049042995453
2025-12-03,ILI incidence,2025-12-21,4,SI,safinea,PRFM,WIS,303.373370031438,0.08323032395704999,17,7,0.3628235430441287
2025-12-10,ILI incidence,2025-12-07,1,AT,ECDC,SARIMA,WIS,93.3405946648267,0.4955085675319751,14,2,0.9755982654065362
2025-12-10,ILI incidence,2025-12-07,1,AT,ECDC,soca_simplex,WIS,104.336209894513,0.3348451990093283,14,4,0.9553755692133947
2025-12-10,ILI incidence,2025-12-07,1,AT,ISI,FluABCaster,WIS,495.441709308595,-1.9126301973147648,14,13,0.23606996157769686
2025-12-10,ILI incidence,2025-12-07,1,AT,ISI,LSTFlu,WIS,623.799196361955,-2.2449965628341015,14,14,0.0
2025-12-10,ILI incidence,2025-12-07,1,AT,ItaLuxColab,EpiEKF,WIS,180.112695018394,-0.45281474012555684,14,9,0.816010485474641
2025-12-10,ILI incidence,2025-12-07,1,AT,ItaLuxColab,EpiNetEKF,WIS,182.183282902325,-0.4693054525750955,14,10,0.8122023429702646
2025-12-10,ILI incidence,2025-12-07,1,AT,NotreDame,Rt_cocirc,WIS,142.689132608696,-0.11679033019217822,14,8,0.8848384061746254
2025-12-10,ILI incidence,2025-12-07,1,AT,QMUL,ARIMA,WIS,140.302647695774,-0.09245710350967262,14,7,0.889227533872841
2025-12-10,ILI incidence,2025-12-07,1,AT,QMUL,SEIR,WIS,94.7886452161756,0.4732989779049146,14,3,0.9729350686903415
2025-12-10,ILI incidence,2025-12-07,1,AT,QMUL,SEIR_agumented,WIS,80.0727256346994,0.7167023105086975,14,1,1.0
2025-12-10,ILI incidence,2025-12-07,1,AT,RIVM,KFdlm,WIS,242.002091415759,-0.8789343842642734,14,11,0.7021859804536044
2025-12-10,ILI incidence,2025-12-07,1,AT,respicast,hubEnsemble,WIS,108.628641555461,0.2766805899777033,14,5,0.9474811004096105
2025-12-10,ILI incidence,2025-12-07,1,AT,respicast,quantileBaseline,WIS,131.593217391304,0.0,14,6,0.9052455700976009
2025-12-10,ILI incidence,2025-12-07,1,AT,safinea,PRFM,WIS,247.035032540833,-0.9086305165777876,14,12,0.6929295962309598
2025-12-10,ILI incidence,2025-12-07,1,BE,ECDC,soca_simplex,WIS,48.8909656465217,0.20816119344188186,10,6,0.6054351416308669
2025-12-10,ILI incidence,2025-12-07,1,BE,ISI,FluABCaster,WIS,91.8157117100232,-0.7010119581976304,10,9,0.11028268476809938
2025-12-10,ILI incidence,2025-12-07,1,BE,ISI,FluBcast,WIS,47.1102912163935,0.2616868435911248,10,4,0.6259758646358747
2025-12-10,ILI incidence,2025-12-07,1,BE,ItaLuxColab,EpiEKF,WIS,47.1837316252465,0.2594395720911163,10,5,0.6251287029817842
2025-12-10,ILI incidence,2025-12-07,1,BE,ItaLuxColab,EpiNetEKF,WIS,19.6768811278165,1.5212275284801413,10,2,0.9424301631747038
2025-12-10,ILI incidence,2025-12-07,1,BE,NotreDame,Rt_cocirc,WIS,14.6861543478261,1.9432724262395216,10,1,1.0
2025-12-10,ILI incidence,2025-12-07,1,BE,RIVM,KFdlm,WIS,51.2575715922341,0.13996396345982662,10,7,0.5781354868650131
2025-12-10,ILI incidence,2025-12-07,1,BE,respicast,hubEnsemble,WIS,45.2902423174902,0.3185288354751386,10,3,0.6469707863663176
2025-12-10,ILI incidence,2025-12-07,1,BE,respicast,quantileBaseline,WIS,56.4795695652174,0.0,10,8,0.5178978532578185
2025-12-10,ILI incidence,2025-12-07,1,BE,safinea,PRFM,WIS,101.376113104101,-0.8439167563580898,10,10,0.0
2025-12-10,ILI incidence,2025-12-07,1,CZ,ECDC,SARIMA,WIS,4.9859795609724,0.7634552477299852,16,5,0.6655218450762134
2025-12-10,ILI incidence,2025-12-07,1,CZ,ECDC,soca_simplex,WIS,7.26917159501016,0.2195412545690487,16,9,0.44331040103952024
2025-12-10,ILI incidence,2025-12-07,1,CZ,ISI,FluABCaster,WIS,11.8241250117765,-0.4823293060749588,16,16,0.0
2025-12-10,ILI incidence,2025-12-07,1,CZ,ISI,FluBcast,WIS,9.83141725152999,-0.21606718725455995,16,14,0.19394009016596728
2025-12-10,ILI incidence,2025-12-07,1,CZ,ISI,GLEAM,WIS,10.2218913043478,-0.2722580338254151,16,15,0.1559372407157355
2025-12-10,ILI incidence,2025-12-07,1,CZ,ISI,LSTFlu,WIS,6.24095665014593,0.43956502580322093,16,7,0.5433813211689703
2025-12-10,ILI incidence,2025-12-07,1,CZ,ItaLuxColab,EpiEKF,WIS,5.86366851248191,0.5295286698324273,16,6,0.5801008527013102
2025-12-10,ILI incidence,2025-12-07,1,CZ,ItaLuxColab,EpiNetEKF,WIS,4.02756889460618,1.0714229490006602,16,3,0.7587990705475969
2025-12-10,ILI incidence,2025-12-07,1,CZ,NotreDame,Rt_cocirc,WIS,4.41959130434782,0.9374192519942321,16,4,0.7206455274094058
2025-12-10,ILI incidence,2025-12-07,1,CZ,QMUL,ARIMA,WIS,2.34176789469031,1.8537341269318879,16,2,0.9228694899276653
2025-12-10,ILI incidence,2025-12-07,1,CZ,QMUL,SEIR,WIS,1.54926250892204,2.449750599690572,16,1,1.0
2025-12-10,ILI incidence,2025-12-07,1,CZ,QMUL,SEIR_agumented,WIS,8.22645598615403,0.041061174995591324,16,11,0.3501427901952948
2025-12-10,ILI incidence,2025-12-07,1,CZ,RIVM,KFdlm,WIS,8.87577633040292,-0.06854109554123644,16,13,0.2869477504496532
2025-12-10,ILI incidence,2025-12-07,1,CZ,respicast,hubEnsemble,WIS,6.2963666989981,0.4268126510003151,16,8,0.5379885435199481
2025-12-10,ILI incidence,2025-12-07,1,CZ,respicast,quantileBaseline,WIS,8.46395652173913,0.0,16,12,0.32702807352447605
2025-12-10,ILI incidence,2025-12-07,1,CZ,safinea,PRFM,WIS,7.58871291798503,0.157476998123485,16,10,0.4122110726654327
2025-12-10,ILI incidence,2025-12-07,1,EE,ECDC,SARIMA,WIS,102.767795336517,0.16696905390615596,16,9,0.42640123163428695
2025-12-10,ILI incidence,2025-12-07,1,EE,ECDC,soca_simplex,WIS,111.989644573452,0.04299195169557062,16,10,0.3154515391210202
2025-12-10,ILI incidence,2025-12-07,1,EE,ISI,FluABCaster,WIS,133.962361200173,-0.21547042267262367,16,15,0.05109391509353232
2025-12-10,ILI incidence,2025-12-07,1,EE,ISI,FluBcast,WIS,65.4868404833628,0.8170803547040314,16,3,0.8749349661689878
2025-12-10,ILI incidence,2025-12-07,1,EE,ISI,GLEAM,WIS,114.9648,0.005165083992670527,16,12,0.2796569201380289
2025-12-10,ILI incidence,2025-12-07,1,EE,ISI,LSTFlu,WIS,71.4874467291323,0.6905954569546878,16,4,0.8027406154746807
2025-12-10,ILI incidence,2025-12-07,1,EE,ItaLuxColab,EpiEKF,WIS,84.1946941173078,0.45455606365741724,16,6,0.6498574838830965
2025-12-10,ILI incidence,2025-12-07,1,EE,ItaLuxColab,EpiNetEKF,WIS,72.6115002942793,0.6680873202748115,16,5,0.7892169290407274
2025-12-10,ILI incidence,2025-12-07,1,EE,NotreDame,Rt_cocirc,WIS,55.0917608695652,1.0664488065609912,16,1,1.0
2025-12-10,ILI incidence,2025-12-07,1,EE,QMUL,ARIMA,WIS,129.745274872051,-0.16932471132255658,16,14,0.10183042350803607
2025-12-10,ILI incidence,2025-12-07,1,EE,QMUL,SEIR,WIS,138.209154239829,-0.26049588791104195,16,16,0.0
2025-12-10,ILI incidence,2025-12-07,1,EE,QMUL,SEIR_agumented,WIS,102.148444879758,0.1756900469567179,16,8,0.43385274607242585
2025-12-10,ILI incidence,2025-12-07,1,EE,RIVM,KFdlm,WIS,62.3167906481542,0.8886644466605319,16,2,0.9130743941114274
2025-12-10,ILI incidence,2025-12-07,1,EE,respicast,hubEnsemble,WIS,101.411632920302,0.18613413416528604,16,7,0.4427174605392731
2025-12-10,ILI incidence,2025-12-07,1,EE,respicast,quantileBaseline,WIS,115.377130434783,0.0,16,13,0.27469610004895095
2025-12-10,ILI incidence,2025-12-07,1,EE,safinea,PRFM,WIS,113.996967187557,0.0173618444599541,16,11,0.2913010871793554
2025-12-10,ILI incidence,2025-12-07,1,ES,ECDC,SARIMA,WIS,59.630365793711,0.2724845329158576,15,10,0.3050663148861636
2025-12-10,ILI incidence,2025-12-07,1,ES,ECDC,soca_simplex,WIS,31.3918262694673,1.1981427572634515,15,1,1.0
2025-12-10,ILI incidence,2025-12-07,1,ES,ISI,FluABCaster,WIS,58.5160657415947,0.2996989448617842,15,9,0.3324885773185002
2025-12-10,ILI incidence,2025-12-07,1,ES,ISI,FluBcast,WIS,70.0244980914274,0.04067198205000889,15,13,0.04927289274365408
2025-12-10,ILI incidence,2025-12-07,1,ES,ISI,GLEAM,WIS,51.0138347826087,0.49764316545372705,15,7,0.5171140251900961
2025-12-10,ILI incidence,2025-12-07,1,ES,ISI,LSTFlu,WIS,64.5703725270155,0.15765936922987428,15,12,0.18349568334853983
2025-12-10,ILI incidence,2025-12-07,1,ES,ItaLuxColab,EpiEKF,WIS,37.7782163534371,0.9309771312349964,15,3,0.8428347332971193
2025-12-10,ILI incidence,2025-12-07,1,ES,ItaLuxColab,EpiNetEKF,WIS,46.2841309971407,0.6380140846656963,15,4,0.6335092260931132
2025-12-10,ILI incidence,2025-12-07,1,ES,QMUL,ARIMA,WIS,48.1060594264608,0.5823130927806657,15,6,0.5886726496011145
2025-12-10,ILI incidence,2025-12-07,1,ES,QMUL,SEIR,WIS,63.205139496514,0.18848984445737435,15,11,0.2170932573346521
2025-12-10,ILI incidence,2025-12-07,1,ES,QMUL,SEIR_agumented,WIS,70.8863327194391,0.023024225084452288,15,14,0.028063654444035666
2025-12-10,ILI incidence,2025-12-07,1,ES,RIVM,KFdlm,WIS,47.1194092743852,0.6122102671726466,15,5,0.6129535238124514
2025-12-10,ILI incidence,2025-12-07,1,ES,respicast,hubEnsemble,WIS,54.4874906008516,0.4026066699927724,15,8,0.4316294187175766
2025-12-10,ILI incidence,2025-12-07,1,ES,respicast,quantileBaseline,WIS,72.0266956521739,0.0,15,15,0.0
2025-12-10,ILI incidence,2025-12-07,1,ES,safinea,PRFM,WIS,37.4872066920374,0.9421333905235977,15,2,0.8499963082159144
2025-12-10,ILI incidence,2025-12-07,1,FI,ECDC,SARIMA,WIS,10.0029367702698,0.8722749679386586,15,4,0.7745545950916803
2025-12-10,ILI incidence,2025-12-07,1,FI,ECDC,soca_simplex,WIS,5.62634508586116,1.7024286454907789,15,1,1.0
2025-12-10,ILI incidence,2025-12-07,1,FI,ISI,FluABCaster,WIS,14.1381128165922,0.3731090329314564,15,10,0.5615449050510377
2025-12-10,ILI incidence,2025-12-07,1,FI,ISI,FluBcast,WIS,13.3513489250448,0.4557130832367007,15,9,0.6020724015339808
2025-12-10,ILI incidence,2025-12-07,1,FI,ISI,GLEAM,WIS,10.6299130434783,0.7845687969761658,15,6,0.742258020502612
2025-12-10,ILI incidence,2025-12-07,1,FI,ISI,LSTFlu,WIS,17.0020669209882,0.10698844838853251,15,12,0.41401793903212714
2025-12-10,ILI incidence,2025-12-07,1,FI,ItaLuxColab,EpiEKF,WIS,10.149795242643,0.8512479686979597,15,5,0.7669896746796755
2025-12-10,ILI incidence,2025-12-07,1,FI,ItaLuxColab,EpiNetEKF,WIS,9.14811492762596,1.001152196596306,15,3,0.818587868089446
2025-12-10,ILI incidence,2025-12-07,1,FI,QMUL,ARIMA,WIS,7.25258634814158,1.3361311199915396,15,2,0.9162296493960084
2025-12-10,ILI incidence,2025-12-07,1,FI,QMUL,SEIR,WIS,16.0218352548627,0.19265917837372357,15,11,0.464511277412511
2025-12-10,ILI incidence,2025-12-07,1,FI,QMUL,SEIR_agumented,WIS,25.0394339717865,-0.45150335770956346,15,15,0.0
2025-12-10,ILI incidence,2025-12-07,1,FI,RIVM,KFdlm,WIS,11.5564159785911,0.664004551696111,15,7,0.694532337044555
2025-12-10,ILI incidence,2025-12-07,1,FI,respicast,hubEnsemble,WIS,12.0242102614248,0.6067564498448349,15,8,0.6704354874611351
2025-12-10,ILI incidence,2025-12-07,1,FI,respicast,quantileBaseline,WIS,18.310847826087,0.0,15,13,0.3466004913096435
2025-12-10,ILI incidence,2025-12-07,1,FI,safinea,PRFM,WIS,19.4805668215908,-0.08933706367032868,15,14,0.2863463502825627
2025-12-10,ILI incidence,2025-12-07,1,FR,ECDC,SARIMA,WIS,37.4280089672444,0.3814408816406585,16,10,0.46667088090281167
2025-12-10,ILI incidence,2025-12-07,1,FR,ECDC,soca_simplex,WIS,62.8399269806496,-0.36612231839948295,16,16,0.0
2025-12-10,ILI incidence,2025-12-07,1,FR,ISI,FluABCaster,WIS,39.6250931408529,0.29914485945062175,16,11,0.4263230722023967
2025-12-10,ILI incidence,2025-12-07,1,FR,ISI,FluBcast,WIS,26.5642814959911,0.876071494150908,16,4,0.6661751161291121
2025-12-10,ILI incidence,2025-12-07,1,FR,ISI,GLEAM,WIS,36.9244956521739,0.4009809703328703,16,9,0.4759175265974142
2025-12-10,ILI incidence,2025-12-07,1,FR,ISI,LSTFlu,WIS,28.0117190882674,0.7995286610457744,16,6,0.6395940065929054
2025-12-10,ILI incidence,2025-12-07,1,FR,ItaLuxColab,EpiEKF,WIS,19.2933280419255,1.3374571603632435,16,3,0.7997007418462343
2025-12-10,ILI incidence,2025-12-07,1,FR,ItaLuxColab,EpiNetEKF,WIS,15.3879537570201,1.6637577865859619,16,2,0.8714200216278934
2025-12-10,ILI incidence,2025-12-07,1,FR,NotreDame,Rt_cocirc,WIS,8.38630869565218,2.539451344709891,16,1,1.0
2025-12-10,ILI incidence,2025-12-07,1,FR,QMUL,ARIMA,WIS,26.6024534890122,0.8739998772080786,16,5,0.6654741160078472
2025-12-10,ILI incidence,2025-12-07,1,FR,QMUL,SEIR,WIS,40.6815521229264,0.261184462459165,16,12,0.40692199261675294
2025-12-10,ILI incidence,2025-12-07,1,FR,QMUL,SEIR_agumented,WIS,48.2772462942357,0.014215797874525605,16,14,0.2674327463456378
2025-12-10,ILI incidence,2025-12-07,1,FR,RIVM,KFdlm,WIS,47.6483185633774,0.03313388131493492,16,13,0.278982534048755
2025-12-10,ILI incidence,2025-12-07,1,FR,respicast,hubEnsemble,WIS,31.9564168782684,0.6094535310674252,16,8,0.5671525800313981
2025-12-10,ILI incidence,2025-12-07,1,FR,respicast,quantileBaseline,WIS,48.7553043478261,0.0,16,15,0.25865356750230817
2025-12-10,ILI incidence,2025-12-07,1,FR,safinea,PRFM,WIS,30.6509218313999,0.6696287219830195,16,7,0.5911270208120979
2025-12-10,ILI incidence,2025-12-07,1,GB-NIR,ECDC,soca_simplex,WIS,24.0017043445404,-0.11223416477013555,9,8,0.15675992131230562
2025-12-10,ILI incidence,2025-12-07,1,GB-NIR,ISI,FluABCaster,WIS,11.1681359349531,0.9915142826986786,9,2,0.7735627735328459
2025-12-10,ILI incidence,2025-12-07,1,GB-NIR,ISI,FluBcast,WIS,20.1180875344475,0.14240952329327897,9,6,0.3434130678843406
2025-12-10,ILI incidence,2025-12-07,1,GB-NIR,ISI,GLEAM,WIS,6.45674780521017,1.7820231065636343,9,1,1.0
2025-12-10,ILI incidence,2025-12-07,1,GB-NIR,ItaLuxColab,EpiEKF,WIS,12.3244180703424,0.8493831618962022,9,3,0.717989912087156
2025-12-10,ILI incidence,2025-12-07,1,GB-NIR,RIVM,KFdlm,WIS,15.5287013945254,0.5159655017439152,9,5,0.5639866738138233
2025-12-10,ILI incidence,2025-12-07,1,GB-NIR,respicast,hubEnsemble,WIS,15.0018894260308,0.5657584758371211,9,4,0.5893061418199813
2025-12-10,ILI incidence,2025-12-07,1,GB-NIR,respicast,quantileBaseline,WIS,22.205278864696,0.0,9,7,0.24309914703707888
2025-12-10,ILI incidence,2025-12-07,1,GB-NIR,safinea,PRFM,WIS,27.2633448619284,-0.29605988365160024,9,9,0.0
2025-12-10,ILI incidence,2025-12-07,1,GB-SCT,ECDC,soca_simplex,WIS,21.7516942213003,-0.5531890031348363,9,9,0.0
2025-12-10,ILI incidence,2025-12-07,1,GB-SCT,ISI,FluABCaster,WIS,10.9328805408275,0.43926520732850566,9,3,0.8486454281826545
2025-12-10,ILI incidence,2025-12-07,1,GB-SCT,ISI,FluBcast,WIS,16.7915243612403,-0.17979443385136376,9,7,0.38908383109943334
2025-12-10,ILI incidence,2025-12-07,1,GB-SCT,ISI,GLEAM,WIS,9.28924217276752,0.674305962741302,9,2,0.9775751082599939
2025-12-10,ILI incidence,2025-12-07,1,GB-SCT,ItaLuxColab,EpiEKF,WIS,12.0714551383629,0.2963391780820368,9,4,0.7593337757796439
2025-12-10,ILI incidence,2025-12-07,1,GB-SCT,RIVM,KFdlm,WIS,9.00336220749222,0.7194030065986255,9,1,1.0
2025-12-10,ILI incidence,2025-12-07,1,GB-SCT,respicast,hubEnsemble,WIS,13.0155711280792,0.18770015339159915,9,5,0.6852757744118021
2025-12-10,ILI incidence,2025-12-07,1,GB-SCT,respicast,quantileBaseline,WIS,14.8240409574415,0.0,9,6,0.5434164450969164
2025-12-10,ILI incidence,2025-12-07,1,GB-SCT,safinea,PRFM,WIS,20.6621395422058,-0.4790508789343775,9,8,0.08546644987864871
2025-12-10,ILI incidence,2025-12-07,1,GB-WLS,ECDC,soca_simplex,WIS,6.75204311951733,-0.14222971780346544,6,6,0.0
2025-12-10,ILI incidence,2025-12-07,1,GB-WLS,ItaLuxColab,EpiEKF,WIS,4.2373361030123,0.5299368325646266,6,4,0.7487677530194028
2025-12-10,ILI incidence,2025-12-07,1,GB-WLS,RIVM,KFdlm,WIS,3.44230193907054,0.829720751629298,6,2,0.9854935189242042
2025-12-10,ILI incidence,2025-12-07,1,GB-WLS,respicast,hubEnsemble,WIS,3.80150490343826,0.6865237475699253,6,3,0.8785388738135663
2025-12-10,ILI incidence,2025-12-07,1,GB-WLS,respicast,quantileBaseline,WIS,6.11814542561978,0.0,6,5,0.18874650159584527
2025-12-10,ILI incidence,2025-12-07,1,GB-WLS,safinea,PRFM,WIS,3.39358249355623,0.8502853159465834,6,1,1.0
2025-12-10,ILI incidence,2025-12-07,1,GR,ECDC,SARIMA,WIS,98.9446037640791,0.16363740603059962,20,12,0.6989294379608536
2025-12-10,ILI incidence,2025-12-07,1,GR,ECDC,soca_simplex,WIS,160.19825094958,-0.5315280575043577,20,18,0.3389064770951953
2025-12-10,ILI incidence,2025-12-07,1,GR,ISI,FluABCaster,WIS,159.780815793657,-0.527763861445413,20,17,0.34135998391005784
2025-12-10,ILI incidence,2025-12-07,1,GR,ISI,FluBcast,WIS,47.7210097445638,1.2156338640022004,20,1,1.0
2025-12-10,ILI incidence,2025-12-07,1,GR,ISI,GLEAM,WIS,217.85917826087,-0.9750655553760914,20,20,0.0
2025-12-10,ILI incidence,2025-12-07,1,GR,ISI,LSTFlu,WIS,73.0820164083243,0.6007419938568906,20,7,0.8509387582755724
2025-12-10,ILI incidence,2025-12-07,1,GR,ItaLuxColab,EpiEKF,WIS,113.586029748765,-0.035455065880624415,20,14,0.6128733453605465
2025-12-10,ILI incidence,2025-12-07,1,GR,ItaLuxColab,EpiNetEKF,WIS,65.4796799319313,0.7592111639566986,20,4,0.8956220679802046
2025-12-10,ILI incidence,2025-12-07,1,GR,MRC_GIDA,NBEATS,WIS,122.23769703291,-0.14135892933246988,20,15,0.5620225141826158
2025-12-10,ILI incidence,2025-12-07,1,GR,MRC_GIDA,NHiTS,WIS,77.2633738242376,0.5204737573712083,20,9,0.8263625126725023
2025-12-10,ILI incidence,2025-12-07,1,GR,MRC_GIDA,Prophet,WIS,88.3452181891645,0.3271063848528298,20,11,0.7612281312367176
2025-12-10,ILI incidence,2025-12-07,1,GR,MRC_GIDA,TiDE,WIS,60.1083866582495,0.8826921359572981,20,3,0.9271922519108432
2025-12-10,ILI incidence,2025-12-07,1,GR,NotreDame,Rt_cocirc,WIS,83.6271913043478,0.40628632426711647,20,10,0.7889586923798187
2025-12-10,ILI incidence,2025-12-07,1,GR,QMUL,ARIMA,WIS,66.0526899377086,0.7466411186626396,20,5,0.8922541581762243
2025-12-10,ILI incidence,2025-12-07,1,GR,QMUL,SEIR,WIS,138.482748730739,-0.3213759270857585,20,16,0.4665409897281426
2025-12-10,ILI incidence,2025-12-07,1,GR,QMUL,SEIR_agumented,WIS,48.0559222745201,1.2055441982488635,20,2,0.9980315261832373
2025-12-10,ILI incidence,2025-12-07,1,GR,RIVM,KFdlm,WIS,69.1948957385034,0.6795928145157917,20,6,0.8737856050690851
2025-12-10,ILI incidence,2025-12-07,1,GR,respicast,hubEnsemble,WIS,76.1142907337637,0.5420910834381232,20,8,0.8331163357593174
2025-12-10,ILI incidence,2025-12-07,1,GR,respicast,quantileBaseline,WIS,110.828608695652,0.0,20,13,0.6290802969056299
2025-12-10,ILI incidence,2025-12-07,1,GR,safinea,PRFM,WIS,163.389315809315,-0.559983308366571,20,19,0.3201507511604285
2025-12-10,ILI incidence,2025-12-07,1,HR,ECDC,SARIMA,WIS,42.8348068598161,0.1018053772918317,16,14,0.08157598936225346
2025-12-10,ILI incidence,2025-12-07,1,HR,ECDC,soca_simplex,WIS,24.8802082095411,0.885590402063062,16,3,0.5492375972942872
2025-12-10,ILI incidence,2025-12-07,1,HR,ISI,FluABCaster,WIS,31.6876013269397,0.5366705053412533,16,7,0.3719261199887598
2025-12-10,ILI incidence,2025-12-07,1,HR,ISI,FluBcast,WIS,44.3027621260534,0.05319231205008842,16,15,0.04334030759888976
2025-12-10,ILI incidence,2025-12-07,1,HR,ISI,GLEAM,WIS,27.2652043478261,0.7535279925088414,16,4,0.4871158450531158
2025-12-10,ILI incidence,2025-12-07,1,HR,ISI,LSTFlu,WIS,40.7777468012838,0.17280690016559933,16,11,0.1351560238327675
2025-12-10,ILI incidence,2025-12-07,1,HR,ItaLuxColab,EpiEKF,WIS,28.5510907683032,0.6870430972624406,16,5,0.45362249202797994
2025-12-10,ILI incidence,2025-12-07,1,HR,ItaLuxColab,EpiNetEKF,WIS,29.147621069635,0.6572108204125473,16,6,0.4380847278409349
2025-12-10,ILI incidence,2025-12-07,1,HR,NotreDame,Rt_cocirc,WIS,7.57440869565217,2.6013837881909794,16,1,1.0
2025-12-10,ILI incidence,2025-12-07,1,HR,QMUL,ARIMA,WIS,42.4672789718395,0.11423728765437524,16,12,0.09114895094156275
2025-12-10,ILI incidence,2025-12-07,1,HR,QMUL,SEIR,WIS,36.0322956759362,0.3512983896162597,16,9,0.2587603074411313
2025-12-10,ILI incidence,2025-12-07,1,HR,QMUL,SEIR_agumented,WIS,42.6170675384727,0.10915763541806105,16,13,0.08724742335601317
2025-12-10,ILI incidence,2025-12-07,1,HR,RIVM,KFdlm,WIS,21.6144522313456,1.0885926858432142,16,2,0.6343004116531683
2025-12-10,ILI incidence,2025-12-07,1,HR,respicast,hubEnsemble,WIS,33.9565248818896,0.43690014002508215,16,8,0.3128276985396964
2025-12-10,ILI incidence,2025-12-07,1,HR,respicast,quantileBaseline,WIS,45.9666956521739,0.0,16,16,0.0
2025-12-10,ILI incidence,2025-12-07,1,HR,safinea,PRFM,WIS,36.0701840180792,0.3497821774532284,16,10,0.25777343364051836
2025-12-10,ILI incidence,2025-12-07,1,HU,ECDC,SARIMA,WIS,10.9695607361334,0.9607009339689222,16,9,0.9091572404582285
2025-12-10,ILI incidence,2025-12-07,1,HU,ECDC,soca_simplex,WIS,5.72934386387105,1.8977648565671992,16,5,0.9734861098325138
2025-12-10,ILI incidence,2025-12-07,1,HU,ISI,FluABCaster,WIS,3.56952765761094,2.580401604247858,16,1,1.0
2025-12-10,ILI incidence,2025-12-07,1,HU,ISI,FluBcast,WIS,18.6542963224727,0.19469874992109296,16,12,0.8148194747206594
2025-12-10,ILI incidence,2025-12-07,1,HU,ISI,GLEAM,WIS,12.2704,0.7990244098899869,16,10,0.8931881458344619
2025-12-10,ILI incidence,2025-12-07,1,HU,ISI,LSTFlu,WIS,6.25002462906456,1.7722729097145355,16,7,0.967094236032952
2025-12-10,ILI incidence,2025-12-07,1,HU,ItaLuxColab,EpiEKF,WIS,20.4912039855241,0.059201935612250546,16,13,0.7922696077992086
2025-12-10,ILI incidence,2025-12-07,1,HU,ItaLuxColab,EpiNetEKF,WIS,18.5073583081932,0.2061077063516189,16,11,0.8166232848600329
2025-12-10,ILI incidence,2025-12-07,1,HU,NotreDame,Rt_cocirc,WIS,85.0293282608695,-1.993753850780682,16,16,0.0
2025-12-10,ILI incidence,2025-12-07,1,HU,QMUL,ARIMA,WIS,8.62840331415373,1.3070411712181513,16,8,0.9378972742496446
2025-12-10,ILI incidence,2025-12-07,1,HU,QMUL,SEIR,WIS,4.60748794598678,2.2121543931222947,16,4,0.9872580060264189
2025-12-10,ILI incidence,2025-12-07,1,HU,QMUL,SEIR_agumented,WIS,4.56777116170176,2.2246444089225528,16,3,0.9877455690205692
2025-12-10,ILI incidence,2025-12-07,1,HU,RIVM,KFdlm,WIS,35.0751610243948,-0.7162430372927319,16,15,0.6132370428915146
2025-12-10,ILI incidence,2025-12-07,1,HU,respicast,hubEnsemble,WIS,6.16699310364261,1.7915675516390968,16,6,0.9681135305169435
2025-12-10,ILI incidence,2025-12-07,1,HU,respicast,quantileBaseline,WIS,21.3495652173913,0.0,16,14,0.7817323707140387
2025-12-10,ILI incidence,2025-12-07,1,HU,safinea,PRFM,WIS,3.6413606692924,2.5516571407955766,16,2,0.9991181784002723
2025-12-10,ILI incidence,2025-12-07,1,IE,ECDC,SARIMA,WIS,18.858272823574,-0.042202672469391536,20,11,0.7347028923264202
2025-12-10,ILI incidence,2025-12-07,1,IE,ECDC,soca_simplex,WIS,6.65227070378386,1.461076094035627,20,3,0.9434902960095279
2025-12-10,ILI incidence,2025-12-07,1,IE,ISI,FluABCaster,WIS,8.00700719238944,1.1936598699609584,20,5,0.9203171135575826
2025-12-10,ILI incidence,2025-12-07,1,IE,ISI,FluBcast,WIS,8.50102783246348,1.1072856885771531,20,6,0.9118667392421717
2025-12-10,ILI incidence,2025-12-07,1,IE,ISI,GLEAM,WIS,3.34863478260869,2.451349934361145,20,1,1.0
2025-12-10,ILI incidence,2025-12-07,1,IE,ISI,LSTFlu,WIS,11.3080509013933,0.6956445948344935,20,7,0.8638517501500247
2025-12-10,ILI incidence,2025-12-07,1,IE,ItaLuxColab,EpiEKF,WIS,6.72823153152524,1.4446956196926242,20,4,0.9421909627921407
2025-12-10,ILI incidence,2025-12-07,1,IE,ItaLuxColab,EpiNetEKF,WIS,5.89645667610955,1.63507470768075,20,2,0.9564187263798238
2025-12-10,ILI incidence,2025-12-07,1,IE,MRC_GIDA,NBEATS,WIS,61.8100261523491,-1.754845998267493,20,20,0.0
2025-12-10,ILI incidence,2025-12-07,1,IE,MRC_GIDA,NHiTS,WIS,61.3482558704019,-1.7440274514889582,20,19,0.007898722064733734
2025-12-10,ILI incidence,2025-12-07,1,IE,MRC_GIDA,Prophet,WIS,42.9521518848771,-1.229735534400396,20,17,0.3225697135431647
2025-12-10,ILI incidence,2025-12-07,1,IE,MRC_GIDA,TiDE,WIS,53.1871957634673,-1.5380840972567864,20,18,0.14749615407451583
2025-12-10,ILI incidence,2025-12-07,1,IE,NotreDame,Rt_cocirc,WIS,34.4575347826087,-0.9118246124101034,20,16,0.46787274009181457
2025-12-10,ILI incidence,2025-12-07,1,IE,QMUL,ARIMA,WIS,20.692369599718,-0.17610398859498894,20,12,0.7033301053781211
2025-12-10,ILI incidence,2025-12-07,1,IE,QMUL,SEIR,WIS,22.5258371229676,-0.2985858444155528,20,13,0.6719680819932551
2025-12-10,ILI incidence,2025-12-07,1,IE,QMUL,SEIR_agumented,WIS,29.4336117151407,-0.6844697049702774,20,15,0.553808482463974
2025-12-10,ILI incidence,2025-12-07,1,IE,RIVM,KFdlm,WIS,23.0503447506889,-0.33179345117898107,20,14,0.6629962184191565
2025-12-10,ILI incidence,2025-12-07,1,IE,respicast,hubEnsemble,WIS,18.5707689431529,-0.02003867569490481,20,10,0.7396207342334453
2025-12-10,ILI incidence,2025-12-07,1,IE,respicast,quantileBaseline,WIS,18.3146086956522,0.0,20,9,0.7440024337020844
2025-12-10,ILI incidence,2025-12-07,1,IE,safinea,PRFM,WIS,15.6442472633645,0.22736263347769384,20,8,0.7896797836542766
2025-12-10,ILI incidence,2025-12-07,1,IS,ECDC,SARIMA,WIS,6.08620858806847,0.39293431606395357,16,8,0.8119654919509003
2025-12-10,ILI incidence,2025-12-07,1,IS,ECDC,soca_simplex,WIS,3.82234156775389,1.064021390615715,16,3,0.8927734239406897
2025-12-10,ILI incidence,2025-12-07,1,IS,ISI,FluABCaster,WIS,2.65480476859306,1.5898723244380293,16,2,0.9344482367347091
2025-12-10,ILI incidence,2025-12-07,1,IS,ISI,FluBcast,WIS,9.10143547761936,-0.1876160098243512,16,10,0.7043380353740758
2025-12-10,ILI incidence,2025-12-07,1,IS,ISI,LSTFlu,WIS,3.87320012645659,1.04495204849366,16,4,0.8909580456892873
2025-12-10,ILI incidence,2025-12-07,1,IS,ItaLuxColab,EpiEKF,WIS,5.20833072478043,0.6176570337920962,16,7,0.8433010315543104
2025-12-10,ILI incidence,2025-12-07,1,IS,ItaLuxColab,EpiNetEKF,WIS,3.90035898279352,1.0348711817437253,16,5,0.8899886199252729
2025-12-10,ILI incidence,2025-12-07,1,IS,MRC_GIDA,NBEATS,WIS,28.8337514789497,-1.8512085537879783,16,16,0.0
2025-12-10,ILI incidence,2025-12-07,1,IS,MRC_GIDA,NHiTS,WIS,22.3629412983474,-1.4845599516490011,16,13,0.23097327904016535
2025-12-10,ILI incidence,2025-12-07,1,IS,MRC_GIDA,Prophet,WIS,23.7023533928797,-1.5684803103036746,16,15,0.18316343841347194
2025-12-10,ILI incidence,2025-12-07,1,IS,MRC_GIDA,TiDE,WIS,22.8288663615462,-1.514309219543203,16,14,0.21434224882440864
2025-12-10,ILI incidence,2025-12-07,1,IS,QMUL,ARIMA,WIS,0.818345508646743,3.287696106829815,16,1,1.0
2025-12-10,ILI incidence,2025-12-07,1,IS,RIVM,KFdlm,WIS,10.6108572266981,-0.408991212684976,16,11,0.6504597603036104
2025-12-10,ILI incidence,2025-12-07,1,IS,respicast,hubEnsemble,WIS,5.14705268861308,0.634731544175982,16,6,0.8454883293658183
2025-12-10,ILI incidence,2025-12-07,1,IS,respicast,quantileBaseline,WIS,7.99156521739131,0.0,16,9,0.7439544614720784
2025-12-10,ILI incidence,2025-12-07,1,IS,safinea,PRFM,WIS,15.5115258703257,-0.9567906111248083,16,12,0.47553212767096426
2025-12-10,ILI incidence,2025-12-07,1,LT,ECDC,SARIMA,WIS,88.582583283938,0.4599695469871414,19,4,0.9096402022884028
2025-12-10,ILI incidence,2025-12-07,1,LT,ECDC,soca_simplex,WIS,102.455318307491,0.25006964793135883,19,7,0.7798574160504598
2025-12-10,ILI incidence,2025-12-07,1,LT,ISI,FluABCaster,WIS,150.757412238424,-0.30716441392702687,19,15,0.3279796629729122
2025-12-10,ILI incidence,2025-12-07,1,LT,ISI,FluBcast,WIS,105.988775711914,0.2011530320102313,19,8,0.7468010687461588
2025-12-10,ILI incidence,2025-12-07,1,LT,ISI,LSTFlu,WIS,118.994726503706,0.03416688348973358,19,9,0.6251272583139286
2025-12-10,ILI incidence,2025-12-07,1,LT,ItaLuxColab,EpiEKF,WIS,78.9238483563598,0.6265313131997303,19,1,1.0
2025-12-10,ILI incidence,2025-12-07,1,LT,ItaLuxColab,EpiNetEKF,WIS,82.5617894281392,0.5615183775347361,19,3,0.9659661827560764
2025-12-10,ILI incidence,2025-12-07,1,LT,MRC_GIDA,NBEATS,WIS,185.815797787302,-0.6088086403181111,19,19,0.0
2025-12-10,ILI incidence,2025-12-07,1,LT,MRC_GIDA,NHiTS,WIS,180.77456247785,-0.5691271621234079,19,18,0.04716197371541899
2025-12-10,ILI incidence,2025-12-07,1,LT,MRC_GIDA,Prophet,WIS,81.9302701722479,0.5725960450804477,19,2,0.9718741978989689
2025-12-10,ILI incidence,2025-12-07,1,LT,MRC_GIDA,TiDE,WIS,162.692120558235,-0.4170798582163446,19,17,0.2163275845577698
2025-12-10,ILI incidence,2025-12-07,1,LT,NotreDame,Rt_cocirc,WIS,126.561047826087,-0.05476892691612225,19,12,0.5543424951707581
2025-12-10,ILI incidence,2025-12-07,1,LT,QMUL,ARIMA,WIS,94.0363256947389,0.373774448023925,19,6,0.8586191250245412
2025-12-10,ILI incidence,2025-12-07,1,LT,QMUL,SEIR,WIS,136.774485894262,-0.16673461051311675,19,14,0.45879331562498304
2025-12-10,ILI incidence,2025-12-07,1,LT,QMUL,SEIR_agumented,WIS,135.127568290697,-0.14925751624312722,19,13,0.47420062751640835
2025-12-10,ILI incidence,2025-12-07,1,LT,RIVM,KFdlm,WIS,91.9588511040354,0.4060041755942405,19,5,0.8780544015047934
2025-12-10,ILI incidence,2025-12-07,1,LT,respicast,hubEnsemble,WIS,124.117121895983,-0.026637625830225234,19,11,0.5772060124245332
2025-12-10,ILI incidence,2025-12-07,1,LT,respicast,quantileBaseline,WIS,121.846475652174,0.0,19,10,0.598448456368134
2025-12-10,ILI incidence,2025-12-07,1,LT,safinea,PRFM,WIS,161.964150016702,-0.4106099924197105,19,16,0.22313792476962355
2025-12-10,ILI incidence,2025-12-07,1,LU,ECDC,SARIMA,WIS,1505.28569384125,-0.5816564509582794,18,8,0.9318650043912052
2025-12-10,ILI incidence,2025-12-07,1,LU,ECDC,soca_simplex,WIS,1054.43723572366,-0.06809234623057579,18,5,0.9645777543250873
2025-12-10,ILI incidence,2025-12-07,1,LU,ISI,FluABCaster,WIS,1135.62823065867,-0.1751097421342897,18,7,0.9586866823554028
2025-12-10,ILI incidence,2025-12-07,1,LU,ISI,LSTFlu,WIS,2855.37076359059,-1.5052972119781898,18,16,0.8339052698485201
2025-12-10,ILI incidence,2025-12-07,1,LU,ItaLuxColab,EpiEKF,WIS,899.382791663127,0.1613736909554935,18,3,0.9758282247733335
2025-12-10,ILI incidence,2025-12-07,1,LU,ItaLuxColab,EpiNetEKF,WIS,805.350512818188,0.32069214715086436,18,2,0.9826510371134509
2025-12-10,ILI incidence,2025-12-07,1,LU,MRC_GIDA,NBEATS,WIS,3076.89493790368,-1.6130943064386052,18,17,0.8178318758108194
2025-12-10,ILI incidence,2025-12-07,1,LU,MRC_GIDA,NHiTS,WIS,2238.6545333443,-1.1542510337475897,18,15,0.878653085787488
2025-12-10,ILI incidence,2025-12-07,1,LU,MRC_GIDA,Prophet,WIS,566.246396436991,0.828879007476101,18,1,1.0
2025-12-10,ILI incidence,2025-12-07,1,LU,MRC_GIDA,TiDE,WIS,1551.23596496931,-0.6250372808840061,18,10,0.9285309356997375
2025-12-10,ILI incidence,2025-12-07,1,LU,NotreDame,Rt_cocirc,WIS,1878.77519565217,-0.901411575252692,18,13,0.9047652806244131
2025-12-10,ILI incidence,2025-12-07,1,LU,QMUL,ARIMA,WIS,1539.522501018,-0.6141020768254787,18,9,0.9293808434907027
2025-12-10,ILI incidence,2025-12-07,1,LU,QMUL,SEIR,WIS,1897.22097147753,-0.9155068443230603,18,14,0.9034268884417473
2025-12-10,ILI incidence,2025-12-07,1,LU,QMUL,SEIR_agumented,WIS,1859.82121862245,-0.8867830676950661,18,12,0.9061405469687066
2025-12-10,ILI incidence,2025-12-07,1,LU,RIVM,KFdlm,WIS,14348.2873140862,-3.834425757970845,18,18,0.0
2025-12-10,ILI incidence,2025-12-07,1,LU,respicast,hubEnsemble,WIS,1619.54464493539,-0.6872073619788571,18,11,0.9235745812400288
2025-12-10,ILI incidence,2025-12-07,1,LU,respicast,quantileBaseline,WIS,1005.82608695652,0.0,18,4,0.9681048914927682
2025-12-10,ILI incidence,2025-12-07,1,LU,safinea,PRFM,WIS,1102.24558654384,-0.13206482378980625,18,6,0.9611088667266652
2025-12-10,ILI incidence,2025-12-07,1,LV,ECDC,SARIMA,WIS,146.747025694262,0.13690896513350562,15,9,0.5126140667272212
2025-12-10,ILI incidence,2025-12-07,1,LV,ECDC,soca_simplex,WIS,85.7847317001173,0.9114474286415988,15,2,0.9140614459766858
2025-12-10,ILI incidence,2025-12-07,1,LV,ISI,FluABCaster,WIS,144.312476041345,0.1610441993739069,15,8,0.5286460024334151
2025-12-10,ILI incidence,2025-12-07,1,LV,ISI,FluBcast,WIS,138.680903146279,0.21847109075898538,15,6,0.5657308959250168
2025-12-10,ILI incidence,2025-12-07,1,LV,ISI,LSTFlu,WIS,158.922279273382,0.02191883794754667,15,12,0.432437890261407
2025-12-10,ILI incidence,2025-12-07,1,LV,ItaLuxColab,EpiEKF,WIS,107.912919320547,0.5803726334313217,15,4,0.7683434562859571
2025-12-10,ILI incidence,2025-12-07,1,LV,ItaLuxColab,EpiNetEKF,WIS,100.613973144074,0.6814095490986762,15,3,0.8164082947598739
2025-12-10,ILI incidence,2025-12-07,1,LV,NotreDame,Rt_cocirc,WIS,224.590676086957,-0.47705780743905707,15,15,0.0
2025-12-10,ILI incidence,2025-12-07,1,LV,QMUL,ARIMA,WIS,148.883480386948,0.11605654167470157,15,10,0.4985451385247097
2025-12-10,ILI incidence,2025-12-07,1,LV,QMUL,SEIR,WIS,151.434903375361,0.09154246557880802,15,11,0.48174357144205354
2025-12-10,ILI incidence,2025-12-07,1,LV,QMUL,SEIR_agumented,WIS,187.901362192234,-0.21973529776551776,15,14,0.2416055555736172
2025-12-10,ILI incidence,2025-12-07,1,LV,RIVM,KFdlm,WIS,72.7344250681605,1.1495299720790586,15,1,1.0
2025-12-10,ILI incidence,2025-12-07,1,LV,respicast,hubEnsemble,WIS,144.184187850391,0.1623272696638474,15,7,0.529490802631585
2025-12-10,ILI incidence,2025-12-07,1,LV,respicast,quantileBaseline,WIS,161.355217391304,0.0,15,13,0.4164165667953032
2025-12-10,ILI incidence,2025-12-07,1,LV,safinea,PRFM,WIS,118.741284449012,0.4424186036240905,15,5,0.6970367760813688
2025-12-10,ILI incidence,2025-12-07,1,MT,ECDC,SARIMA,WIS,1191.82748772993,-0.24804105226648118,12,7,0.5496218574741835
2025-12-10,ILI incidence,2025-12-07,1,MT,ECDC,soca_simplex,WIS,984.38634175226,0.027837828479533252,12,3,0.6425116931924691
2025-12-10,ILI incidence,2025-12-07,1,MT,ISI,FluABCaster,WIS,1277.59402733344,-0.3482950990761362,12,9,0.5112165558820226
2025-12-10,ILI incidence,2025-12-07,1,MT,ISI,LSTFlu,WIS,186.045129666632,2.4314098454397093,12,1,1.0
2025-12-10,ILI incidence,2025-12-07,1,MT,ItaLuxColab,EpiEKF,WIS,1440.42909546702,-0.521364271873713,12,10,0.4383008252210846
2025-12-10,ILI incidence,2025-12-07,1,MT,ItaLuxColab,EpiNetEKF,WIS,1051.63197319184,-0.06749553627704848,12,5,0.6123998480821102
2025-12-10,ILI incidence,2025-12-07,1,MT,NotreDame,Rt_cocirc,WIS,381.280430434783,1.3962099838582136,12,2,0.9125758058783775
2025-12-10,ILI incidence,2025-12-07,1,MT,QMUL,ARIMA,WIS,2177.38447272265,-1.1174618002996966,12,11,0.1083004118394903
2025-12-10,ILI incidence,2025-12-07,1,MT,RIVM,KFdlm,WIS,1229.14662656,-0.29252265271636946,12,8,0.5329107625815326
2025-12-10,ILI incidence,2025-12-07,1,MT,respicast,hubEnsemble,WIS,1075.13680487964,-0.09938587171509254,12,6,0.6018746461325378
2025-12-10,ILI incidence,2025-12-07,1,MT,respicast,quantileBaseline,WIS,1003.5652173913,0.0,12,4,0.6339236062004912
2025-12-10,ILI incidence,2025-12-07,1,MT,safinea,PRFM,WIS,2419.24044510236,-1.269419789693746,12,12,0.0
2025-12-10,ILI incidence,2025-12-07,1,NL,ECDC,SARIMA,WIS,1.74185328052673,-0.07046046764333846,20,7,0.9318460351116858
2025-12-10,ILI incidence,2025-12-07,1,NL,ECDC,soca_simplex,WIS,1.60067756906191,0.05147991134196984,20,5,0.9482088995883954
2025-12-10,ILI incidence,2025-12-07,1,NL,ISI,FluABCaster,WIS,1.43316304333257,0.21095989390711253,20,3,0.9676245444889879
2025-12-10,ILI incidence,2025-12-07,1,NL,ISI,FluBcast,WIS,4.59426748704513,-1.469672215046256,20,18,0.6012391154905843
2025-12-10,ILI incidence,2025-12-07,1,NL,ISI,GLEAM,WIS,2.29446956521739,-0.4679980297990513,20,10,0.8677954609711807
2025-12-10,ILI incidence,2025-12-07,1,NL,ISI,LSTFlu,WIS,3.39881529986819,-1.0348693237685815,20,15,0.7397971006014774
2025-12-10,ILI incidence,2025-12-07,1,NL,ItaLuxColab,EpiEKF,WIS,1.88325683420516,-0.18306712419674853,20,9,0.9154567627548622
2025-12-10,ILI incidence,2025-12-07,1,NL,ItaLuxColab,EpiNetEKF,WIS,3.43781290662239,-1.0513283917181329,20,17,0.7352771123711082
2025-12-10,ILI incidence,2025-12-07,1,NL,MRC_GIDA,NBEATS,WIS,1.23115305451887,0.43015251460807724,20,2,0.991038360049775
2025-12-10,ILI incidence,2025-12-07,1,NL,MRC_GIDA,NHiTS,WIS,2.69984556655722,-0.702714245682419,20,12,0.8208106609428345
2025-12-10,ILI incidence,2025-12-07,1,NL,MRC_GIDA,Prophet,WIS,6.13505480170438,-1.8869135903151173,20,19,0.42265532260150007
2025-12-10,ILI incidence,2025-12-07,1,NL,MRC_GIDA,TiDE,WIS,1.4392202627608,0.20487523705388638,20,4,0.9669224870346182
2025-12-10,ILI incidence,2025-12-07,1,NL,NotreDame,Rt_cocirc,WIS,3.4040847826087,-1.037104328853488,20,16,0.7391863451744235
2025-12-10,ILI incidence,2025-12-07,1,NL,QMUL,ARIMA,WIS,2.82426196455927,-0.76771127148495,20,13,0.8063902720666984
2025-12-10,ILI incidence,2025-12-07,1,NL,QMUL,SEIR,WIS,9.78164528453766,-2.5599145080532297,20,20,0.0
2025-12-10,ILI incidence,2025-12-07,1,NL,QMUL,SEIR_agumented,WIS,3.21781561248545,-0.9559190184280045,20,14,0.7607757330038974
2025-12-10,ILI incidence,2025-12-07,1,NL,RIVM,KFdlm,WIS,2.41323641942346,-0.5408066195319836,20,11,0.8540298782123977
2025-12-10,ILI incidence,2025-12-07,1,NL,respicast,hubEnsemble,WIS,1.82345099441694,-0.1365087869176557,20,8,0.9223885135582878
2025-12-10,ILI incidence,2025-12-07,1,NL,respicast,quantileBaseline,WIS,1.65882608695652,0.0,20,6,0.9414692394304359
2025-12-10,ILI incidence,2025-12-07,1,NL,safinea,PRFM,WIS,1.1538337136623,0.5237273176034916,20,1,1.0
2025-12-10,ILI incidence,2025-12-07,1,NO,ECDC,SARIMA,WIS,25.8739253404943,-0.08410887925907314,18,13,0.675019107489802
2025-12-10,ILI incidence,2025-12-07,1,NO,ECDC,soca_simplex,WIS,10.470613082618,1.2210441446133105,18,3,0.9589746777852172
2025-12-10,ILI incidence,2025-12-07,1,NO,ISI,FluABCaster,WIS,10.9617904559274,1.154906601334818,18,4,0.9499199661219543
2025-12-10,ILI incidence,2025-12-07,1,NO,ISI,FluBcast,WIS,15.1370018753298,0.6893105781850999,18,7,0.8729511609810917
2025-12-10,ILI incidence,2025-12-07,1,NO,ISI,GLEAM,WIS,8.24517391304348,1.5657682335972818,18,1,1.0
2025-12-10,ILI incidence,2025-12-07,1,NO,ISI,LSTFlu,WIS,17.9603749630758,0.4425725931529597,18,11,0.8209031013257604
2025-12-10,ILI incidence,2025-12-07,1,NO,ItaLuxColab,EpiEKF,WIS,12.1954648824468,1.001045309347345,18,5,0.9271775377743071
2025-12-10,ILI incidence,2025-12-07,1,NO,ItaLuxColab,EpiNetEKF,WIS,9.34335222467954,1.3853779023976747,18,2,0.9797554030233191
2025-12-10,ILI incidence,2025-12-07,1,NO,MRC_GIDA,NBEATS,WIS,62.4906752140088,-1.3562508655176697,18,18,0.0
2025-12-10,ILI incidence,2025-12-07,1,NO,MRC_GIDA,NHiTS,WIS,55.5651271317853,-1.1867896634645638,18,17,0.12767045959809864
2025-12-10,ILI incidence,2025-12-07,1,NO,MRC_GIDA,Prophet,WIS,33.522419695704,-0.457736225527511,18,15,0.5340213441402798
2025-12-10,ILI incidence,2025-12-07,1,NO,MRC_GIDA,TiDE,WIS,50.5183194838967,-1.04941658494346,18,16,0.22070688707782396
2025-12-10,ILI incidence,2025-12-07,1,NO,NotreDame,Rt_cocirc,WIS,26.6622891304348,-0.12741058743162886,18,14,0.6604858508872591
2025-12-10,ILI incidence,2025-12-07,1,NO,QMUL,ARIMA,WIS,16.0364236696897,0.6060376250663044,18,8,0.8563705824485105
2025-12-10,ILI incidence,2025-12-07,1,NO,RIVM,KFdlm,WIS,16.2189261261461,0.5897117628280004,18,10,0.85300620287639
2025-12-10,ILI incidence,2025-12-07,1,NO,respicast,hubEnsemble,WIS,16.2099915489972,0.5905067243250465,18,9,0.8531709092010552
2025-12-10,ILI incidence,2025-12-07,1,NO,respicast,quantileBaseline,WIS,24.4086086956522,0.0,18,12,0.7020317925917833
2025-12-10,ILI incidence,2025-12-07,1,NO,safinea,PRFM,WIS,12.6964277644615,0.9429674220596411,18,6,0.9179424331112447
2025-12-10,ILI incidence,2025-12-07,1,PL,ECDC,SARIMA,WIS,14.9125928211155,0.034327331836102384,20,10,0.9408902139900933
2025-12-10,ILI incidence,2025-12-07,1,PL,ECDC,soca_simplex,WIS,17.2631258897746,-0.17683527199044646,20,13,0.9266330793339778
2025-12-10,ILI incidence,2025-12-07,1,PL,ISI,FluABCaster,WIS,25.1793026187252,-0.7213798762356957,20,15,0.8786175891070559
2025-12-10,ILI incidence,2025-12-07,1,PL,ISI,FluBcast,WIS,9.90023590916093,0.6253236414397836,20,6,0.9712926143609228
2025-12-10,ILI incidence,2025-12-07,1,PL,ISI,GLEAM,WIS,25.9119565217391,-0.7627595029014291,20,16,0.8741736842367632
2025-12-10,ILI incidence,2025-12-07,1,PL,ISI,LSTFlu,WIS,7.37293789208631,1.0505469404094052,20,3,0.9866219150314818
2025-12-10,ILI incidence,2025-12-07,1,PL,ItaLuxColab,EpiEKF,WIS,15.2110032537745,0.005743139320229668,20,11,0.9390802085160431
2025-12-10,ILI incidence,2025-12-07,1,PL,ItaLuxColab,EpiNetEKF,WIS,12.5720479098131,0.2806387745044701,20,7,0.955086765578351
2025-12-10,ILI incidence,2025-12-07,1,PL,MRC_GIDA,NBEATS,WIS,19.040911242708,-0.3182440738768471,20,14,0.9158499401795472
2025-12-10,ILI incidence,2025-12-07,1,PL,MRC_GIDA,NHiTS,WIS,8.64369329146552,0.8211386632740195,20,5,0.978914160954118
2025-12-10,ILI incidence,2025-12-07,1,PL,MRC_GIDA,Prophet,WIS,170.034474973837,-3.4768969318189367,20,20,0.0
2025-12-10,ILI incidence,2025-12-07,1,PL,MRC_GIDA,TiDE,WIS,34.1619216032402,-1.1615306790165627,20,17,0.8241336041189744
2025-12-10,ILI incidence,2025-12-07,1,PL,NotreDame,Rt_cocirc,WIS,46.2891369565217,-1.599815214760794,20,19,0.7505761015248585
2025-12-10,ILI incidence,2025-12-07,1,PL,QMUL,ARIMA,WIS,12.7782507473788,0.25716809461451756,20,8,0.9538360443437316
2025-12-10,ILI incidence,2025-12-07,1,PL,QMUL,SEIR,WIS,5.16733123462623,1.5633671785964893,20,1,1.0
2025-12-10,ILI incidence,2025-12-07,1,PL,QMUL,SEIR_agumented,WIS,6.22174175073129,1.2954680311271471,20,2,0.9936044836333615
2025-12-10,ILI incidence,2025-12-07,1,PL,RIVM,KFdlm,WIS,34.5410639730113,-1.1774540734639722,20,18,0.8218339198934091
2025-12-10,ILI incidence,2025-12-07,1,PL,respicast,hubEnsemble,WIS,7.96097784705498,0.9398408965916212,20,4,0.983055164606674
2025-12-10,ILI incidence,2025-12-07,1,PL,respicast,quantileBaseline,WIS,15.2716765217391,0.0,20,12,0.9387121954202344
2025-12-10,ILI incidence,2025-12-07,1,PL,safinea,PRFM,WIS,14.0044503874131,0.12497308447606613,20,9,0.9463985427759606
2025-12-10,ILI incidence,2025-12-07,1,RO,ECDC,soca_simplex,WIS,0.622840414122401,1.229356949701434,10,1,1.0
2025-12-10,ILI incidence,2025-12-07,1,RO,ISI,FluABCaster,WIS,2.00159572436313,-0.45485919872325076,10,10,0.0
2025-12-10,ILI incidence,2025-12-07,1,RO,ISI,GLEAM,WIS,1.76845217391304,-0.276195789132395,10,8,0.16909711876967004
2025-12-10,ILI incidence,2025-12-07,1,RO,ItaLuxColab,EpiEKF,WIS,1.31501810441476,0.1512087522833072,10,5,0.4979691572890438
2025-12-10,ILI incidence,2025-12-07,1,RO,ItaLuxColab,EpiNetEKF,WIS,0.650589255674968,1.1664725122082606,10,2,0.9798739911669155
2025-12-10,ILI incidence,2025-12-07,1,RO,NotreDame,Rt_cocirc,WIS,0.915054347826087,0.6743620770895656,10,3,0.7880596132371988
2025-12-10,ILI incidence,2025-12-07,1,RO,RIVM,KFdlm,WIS,1.80980714191764,-0.3095445537681882,10,9,0.1391026972088353
2025-12-10,ILI incidence,2025-12-07,1,RO,respicast,hubEnsemble,WIS,1.09816447034667,0.41119727346778406,10,4,0.6552513323475229
2025-12-10,ILI incidence,2025-12-07,1,RO,respicast,quantileBaseline,WIS,1.46032695652174,0.0,10,7,0.39257783003344154
2025-12-10,ILI incidence,2025-12-07,1,RO,safinea,PRFM,WIS,1.3835339203287,0.0779333989620827,10,6,0.44827519389681775
2025-12-10,ILI incidence,2025-12-07,1,SI,ECDC,SARIMA,WIS,304.61204189392,0.04469543200188712,18,8,0.4656355918965622
2025-12-10,ILI incidence,2025-12-07,1,SI,ECDC,soca_simplex,WIS,282.085201806158,0.15553742333040924,18,6,0.5383028431674878
2025-12-10,ILI incidence,2025-12-07,1,SI,ISI,FluABCaster,WIS,380.938728508314,-0.277890560923664,18,14,0.21942038846469897
2025-12-10,ILI incidence,2025-12-07,1,SI,ISI,FluBcast,WIS,299.022616216918,0.07141380237688565,18,7,0.48366600355432166
2025-12-10,ILI incidence,2025-12-07,1,SI,ISI,LSTFlu,WIS,260.719015363398,0.269172598747203,18,4,0.6072260491248546
2025-12-10,ILI incidence,2025-12-07,1,SI,ItaLuxColab,EpiEKF,WIS,231.85055762474,0.43847321088746266,18,2,0.7003501386166078
2025-12-10,ILI incidence,2025-12-07,1,SI,ItaLuxColab,EpiNetEKF,WIS,260.113941838456,0.27252467911944017,18,3,0.6091778998816871
2025-12-10,ILI incidence,2025-12-07,1,SI,MRC_GIDA,NBEATS,WIS,448.9590253613,-0.5149153747119914,18,18,0.0
2025-12-10,ILI incidence,2025-12-07,1,SI,MRC_GIDA,NHiTS,WIS,445.930184867075,-0.505149451072476,18,17,0.009770456592932148
2025-12-10,ILI incidence,2025-12-07,1,SI,MRC_GIDA,Prophet,WIS,397.817314978986,-0.34043766333271747,18,15,0.1649733164659638
2025-12-10,ILI incidence,2025-12-07,1,SI,MRC_GIDA,TiDE,WIS,438.433183171465,-0.48068858654046076,18,16,0.03395434141082159
2025-12-10,ILI incidence,2025-12-07,1,SI,NotreDame,Rt_cocirc,WIS,378.855023913044,-0.26997747184327164,18,13,0.22614201852062168
2025-12-10,ILI incidence,2025-12-07,1,SI,QMUL,ARIMA,WIS,280.566690153918,0.16332467004733436,18,5,0.5432012695495839
2025-12-10,ILI incidence,2025-12-07,1,SI,QMUL,SEIR_agumented,WIS,320.290129292865,-0.027710930359285294,18,12,0.41506109889052345
2025-12-10,ILI incidence,2025-12-07,1,SI,RIVM,KFdlm,WIS,138.95913278555,1.1770077518003768,18,1,1.0
2025-12-10,ILI incidence,2025-12-07,1,SI,respicast,hubEnsemble,WIS,308.532076156442,0.026247922254975253,18,10,0.4529903157000096
2025-12-10,ILI incidence,2025-12-07,1,SI,respicast,quantileBaseline,WIS,314.196782608696,0.0,18,11,0.4347170627476078
2025-12-10,ILI incidence,2025-12-07,1,SI,safinea,PRFM,WIS,306.906584203239,0.033868810522141406,18,9,0.4582338399467342
2025-12-10,ILI incidence,2025-12-14,2,AT,ECDC,SARIMA,WIS,125.744286434311,0.466711579578219,14,2,0.97805697175574
2025-12-10,ILI incidence,2025-12-14,2,AT,ECDC,soca_simplex,WIS,102.757513685119,0.7579605395501237,14,1,1.0
2025-12-10,ILI incidence,2025-12-14,2,AT,ISI,FluABCaster,WIS,705.056321673287,-2.0205340802675353,14,13,0.4250493577601953
2025-12-10,ILI incidence,2025-12-14,2,AT,ISI,LSTFlu,WIS,1150.32362412866,-2.7267634630936,14,14,0.0
2025-12-10,ILI incidence,2025-12-14,2,AT,ItaLuxColab,EpiEKF,WIS,236.254081349488,-0.44313482451593167,14,8,0.8725650187291317
2025-12-10,ILI incidence,2025-12-14,2,AT,ItaLuxColab,EpiNetEKF,WIS,200.280408270722,-0.20481687350703048,14,5,0.9069052600944568
2025-12-10,ILI incidence,2025-12-14,2,AT,NotreDame,Rt_cocirc,WIS,222.691436956522,-0.35784165599702766,14,6,0.8855118335007774
2025-12-10,ILI incidence,2025-12-14,2,AT,QMUL,ARIMA,WIS,371.609855993098,-1.0965843380357396,14,12,0.7433552502055011
2025-12-10,ILI incidence,2025-12-14,2,AT,QMUL,SEIR,WIS,244.911649693376,-0.49505697213907635,14,9,0.864300558608116
2025-12-10,ILI incidence,2025-12-14,2,AT,QMUL,SEIR_agumented,WIS,296.44995478057,-0.7705841487064211,14,10,0.8151024177238405
2025-12-10,ILI incidence,2025-12-14,2,AT,RIVM,KFdlm,WIS,297.078995198125,-0.7736421758868778,14,11,0.8145019397098192
2025-12-10,ILI incidence,2025-12-14,2,AT,respicast,hubEnsemble,WIS,142.706113462789,0.28415728744306934,14,3,0.9618653186854662
2025-12-10,ILI incidence,2025-12-14,2,AT,respicast,quantileBaseline,WIS,173.773058695652,0.0,14,4,0.9322090087655995
2025-12-10,ILI incidence,2025-12-14,2,AT,safinea,PRFM,WIS,232.953965933709,-0.4228404639146843,14,7,0.8757152880848115
2025-12-10,ILI incidence,2025-12-14,2,BE,ECDC,soca_simplex,WIS,40.1900463714954,-0.5230676112361966,10,8,0.7191848950308318
2025-12-10,ILI incidence,2025-12-14,2,BE,ISI,FluABCaster,WIS,30.0556986387255,-0.10386792485717515,10,6,0.8125635257098033
2025-12-10,ILI incidence,2025-12-14,2,BE,ISI,FluBcast,WIS,9.71328844862825,1.5257389206884295,10,1,1.0
2025-12-10,ILI incidence,2025-12-14,2,BE,ItaLuxColab,EpiEKF,WIS,26.8662120261696,0.0579777063592224,10,4,0.841951691608861
2025-12-10,ILI incidence,2025-12-14,2,BE,ItaLuxColab,EpiNetEKF,WIS,48.710593869114,-0.8004649415632682,10,9,0.640675939255609
2025-12-10,ILI incidence,2025-12-14,2,BE,NotreDame,Rt_cocirc,WIS,118.242913043478,-2.0799111815411515,10,10,0.0
2025-12-10,ILI incidence,2025-12-14,2,BE,RIVM,KFdlm,WIS,21.3171179895446,0.3917582275151336,10,3,0.893081455093626
2025-12-10,ILI incidence,2025-12-14,2,BE,respicast,hubEnsemble,WIS,16.9426819700047,0.7231083641938719,10,2,0.9333878325999524
2025-12-10,ILI incidence,2025-12-14,2,BE,respicast,quantileBaseline,WIS,27.9678747826087,0.0,10,5,0.831800889368904
2025-12-10,ILI incidence,2025-12-14,2,BE,safinea,PRFM,WIS,39.9718362383025,-0.5152132184909606,10,7,0.7211954993612854
2025-12-10,ILI incidence,2025-12-14,2,CZ,ECDC,SARIMA,WIS,23.1569957530065,0.3330550275239047,16,4,0.7669558521949087
2025-12-10,ILI incidence,2025-12-14,2,CZ,ECDC,soca_simplex,WIS,33.7814544760497,-0.21172831881436274,16,12,0.27169286103171997
2025-12-10,ILI incidence,2025-12-14,2,CZ,ISI,FluABCaster,WIS,39.6098519918776,-0.4413561838470191,16,16,0.0
2025-12-10,ILI incidence,2025-12-14,2,CZ,ISI,FluBcast,WIS,36.3299177491302,-0.3166549729377724,16,14,0.15289532259732394
2025-12-10,ILI incidence,2025-12-14,2,CZ,ISI,GLEAM,WIS,34.4077782608696,-0.23823161249200608,16,13,0.24249655097088132
2025-12-10,ILI incidence,2025-12-14,2,CZ,ISI,LSTFlu,WIS,26.8398180116457,0.12012823723480205,16,6,0.5952797588255538
2025-12-10,ILI incidence,2025-12-14,2,CZ,ItaLuxColab,EpiEKF,WIS,23.4505234598131,0.31488299979201767,16,5,0.75327295183717
2025-12-10,ILI incidence,2025-12-14,2,CZ,ItaLuxColab,EpiNetEKF,WIS,19.3420577798635,0.5927618368707812,16,2,0.944790567443315
2025-12-10,ILI incidence,2025-12-14,2,CZ,NotreDame,Rt_cocirc,WIS,30.4135760869565,-0.060212334648653665,16,8,0.4286877318610918
2025-12-10,ILI incidence,2025-12-14,2,CZ,QMUL,ARIMA,WIS,22.5717397172637,0.3699855079976748,16,3,0.7942377742592889
2025-12-10,ILI incidence,2025-12-14,2,CZ,QMUL,SEIR,WIS,18.1576964450028,0.6839219381477074,16,1,1.0
2025-12-10,ILI incidence,2025-12-14,2,CZ,QMUL,SEIR_agumented,WIS,31.280525346171,-0.10076161587880873,16,10,0.3882745781656442
2025-12-10,ILI incidence,2025-12-14,2,CZ,RIVM,KFdlm,WIS,32.4557805723782,-0.15397232733106722,16,11,0.33348963016174
2025-12-10,ILI incidence,2025-12-14,2,CZ,respicast,hubEnsemble,WIS,30.4663089473608,-0.06271159873827518,16,9,0.4262295704754411
2025-12-10,ILI incidence,2025-12-14,2,CZ,respicast,quantileBaseline,WIS,29.1703586956522,0.0,16,7,0.48664076080439606
2025-12-10,ILI incidence,2025-12-14,2,CZ,safinea,PRFM,WIS,36.7102732479101,-0.3316807264208272,16,15,0.13516491327091432
2025-12-10,ILI incidence,2025-12-14,2,EE,ECDC,SARIMA,WIS,139.081138279287,0.09845591307251599,16,9,0.37610706998744264
2025-12-10,ILI incidence,2025-12-14,2,EE,ECDC,soca_simplex,WIS,155.303649817682,-0.06070904242456926,16,12,0.2885597046489325
2025-12-10,ILI incidence,2025-12-14,2,EE,ISI,FluABCaster,WIS,174.440191689441,-0.22834978816435983,16,15,0.1852863108469061
2025-12-10,ILI incidence,2025-12-14,2,EE,ISI,FluBcast,WIS,71.8258417734298,1.0518077918778925,16,2,0.739060981298431
2025-12-10,ILI incidence,2025-12-14,2,EE,ISI,GLEAM,WIS,153.1826,-0.04086973822602654,16,11,0.30000628755628894
2025-12-10,ILI incidence,2025-12-14,2,EE,ISI,LSTFlu,WIS,23.4738870876886,2.6652540272230536,16,1,1.0
2025-12-10,ILI incidence,2025-12-14,2,EE,ItaLuxColab,EpiEKF,WIS,109.630785818543,0.44172970910411846,16,6,0.5350405840815083
2025-12-10,ILI incidence,2025-12-14,2,EE,ItaLuxColab,EpiNetEKF,WIS,84.6379325396249,0.8150064006027457,16,3,0.6699184944274241
2025-12-10,ILI incidence,2025-12-14,2,EE,NotreDame,Rt_cocirc,WIS,86.684847826087,0.780530949601737,16,5,0.6588719903163468
2025-12-10,ILI incidence,2025-12-14,2,EE,QMUL,ARIMA,WIS,171.879318327833,-0.20701326779507245,16,14,0.1991064715072163
2025-12-10,ILI incidence,2025-12-14,2,EE,QMUL,SEIR,WIS,208.773712795397,-0.4875573773884931,16,16,0.0
2025-12-10,ILI incidence,2025-12-14,2,EE,QMUL,SEIR_agumented,WIS,166.536092471623,-0.1614521859972427,16,13,0.22794204021756365
2025-12-10,ILI incidence,2025-12-14,2,EE,RIVM,KFdlm,WIS,86.0128845194988,0.791757999422163,16,4,0.6624983472436768
2025-12-10,ILI incidence,2025-12-14,2,EE,respicast,hubEnsemble,WIS,126.020912225881,0.24071953470199842,16,8,0.44658865842674944
2025-12-10,ILI incidence,2025-12-14,2,EE,respicast,quantileBaseline,WIS,148.904018913044,0.0,16,10,0.32309633133056115
2025-12-10,ILI incidence,2025-12-14,2,EE,safinea,PRFM,WIS,116.893953025432,0.3491823921587531,16,7,0.4958437463125085
2025-12-10,ILI incidence,2025-12-14,2,ES,ECDC,SARIMA,WIS,76.2445152886829,0.421153384845374,15,10,0.34574703889405123
2025-12-10,ILI incidence,2025-12-14,2,ES,ECDC,soca_simplex,WIS,51.4420580809117,0.9888385818973148,15,4,0.6775253064343434
2025-12-10,ILI incidence,2025-12-14,2,ES,ISI,FluABCaster,WIS,55.5322208105407,0.8784618522386518,15,7,0.622811892637222
2025-12-10,ILI incidence,2025-12-14,2,ES,ISI,FluBcast,WIS,87.1418964129101,0.22842043466111137,15,13,0.19997461804739608
2025-12-10,ILI incidence,2025-12-14,2,ES,ISI,GLEAM,WIS,27.3351,1.9010322913392654,15,1,1.0
2025-12-10,ILI incidence,2025-12-14,2,ES,ISI,LSTFlu,WIS,79.0579473814118,0.3688764464224728,15,11,0.30811223449751823
2025-12-10,ILI incidence,2025-12-14,2,ES,ItaLuxColab,EpiEKF,WIS,39.3473834974687,1.37551924138523,15,2,0.8393137190155385
2025-12-10,ILI incidence,2025-12-14,2,ES,ItaLuxColab,EpiNetEKF,WIS,54.8480712236979,0.896346056702632,15,6,0.63196364573812
2025-12-10,ILI incidence,2025-12-14,2,ES,QMUL,ARIMA,WIS,82.8051461608559,0.30206651380856364,15,12,0.2579865913502124
2025-12-10,ILI incidence,2025-12-14,2,ES,QMUL,SEIR,WIS,71.3376515816305,0.5171232212859468,15,9,0.4113853232843614
2025-12-10,ILI incidence,2025-12-14,2,ES,QMUL,SEIR_agumented,WIS,94.989468188468,0.10401937898643993,15,14,0.09499898009822925
2025-12-10,ILI incidence,2025-12-14,2,ES,RIVM,KFdlm,WIS,49.4937830593588,1.0445396258231823,15,3,0.7035870512819594
2025-12-10,ILI incidence,2025-12-14,2,ES,respicast,hubEnsemble,WIS,63.618236363127,0.6823465669329681,15,8,0.514646632684657
2025-12-10,ILI incidence,2025-12-14,2,ES,respicast,quantileBaseline,WIS,102.091223695652,0.0,15,15,0.0
2025-12-10,ILI incidence,2025-12-14,2,ES,safinea,PRFM,WIS,54.6111420871737,0.9025916163736596,15,5,0.6351330066521341
2025-12-10,ILI incidence,2025-12-14,2,FI,ECDC,SARIMA,WIS,27.5801235575092,0.5889480139241146,15,9,0.5841236720827198
2025-12-10,ILI incidence,2025-12-14,2,FI,ECDC,soca_simplex,WIS,17.4199448670319,1.251836876078663,15,2,0.8846375906310433
2025-12-10,ILI incidence,2025-12-14,2,FI,ISI,FluABCaster,WIS,23.3664763495554,0.8281367410019678,15,6,0.7087533338650672
2025-12-10,ILI incidence,2025-12-14,2,FI,ISI,FluBcast,WIS,28.890444244732,0.5219845457752091,15,10,0.5453675028982822
2025-12-10,ILI incidence,2025-12-14,2,FI,ISI,GLEAM,WIS,13.5196173913043,1.6175226104365563,15,1,1.0
2025-12-10,ILI incidence,2025-12-14,2,FI,ISI,LSTFlu,WIS,34.4127575412153,0.2696334321597055,15,11,0.3820306110251978
2025-12-10,ILI incidence,2025-12-14,2,FI,ItaLuxColab,EpiEKF,WIS,21.8699847921714,0.9236247168156289,15,5,0.7530159945607348
2025-12-10,ILI incidence,2025-12-14,2,FI,ItaLuxColab,EpiNetEKF,WIS,19.2344903323002,1.1088813317939958,15,3,0.8309676518667821
2025-12-10,ILI incidence,2025-12-14,2,FI,QMUL,ARIMA,WIS,35.6069884977467,0.22041651073057764,15,12,0.34670809994226487
2025-12-10,ILI incidence,2025-12-14,2,FI,QMUL,SEIR,WIS,26.7775437631894,0.6315533020488127,15,7,0.6078620733733195
2025-12-10,ILI incidence,2025-12-14,2,FI,QMUL,SEIR_agumented,WIS,47.3289621948912,-0.19014635376051447,15,15,0.0
2025-12-10,ILI incidence,2025-12-14,2,FI,RIVM,KFdlm,WIS,19.5350967861295,1.086508530654325,15,4,0.822076427988424
2025-12-10,ILI incidence,2025-12-14,2,FI,respicast,hubEnsemble,WIS,26.9323574464487,0.6232364164608789,15,8,0.6032830528640881
2025-12-10,ILI incidence,2025-12-14,2,FI,respicast,quantileBaseline,WIS,41.4846304347826,0.0,15,13,0.17286143207035942
2025-12-10,ILI incidence,2025-12-14,2,FI,safinea,PRFM,WIS,44.0310799054251,-0.08594529423103309,15,14,0.09754351374227804
2025-12-10,ILI incidence,2025-12-14,2,FR,ECDC,SARIMA,WIS,79.4835444688586,0.3115146828224788,16,11,0.357898212408318
2025-12-10,ILI incidence,2025-12-14,2,FR,ECDC,soca_simplex,WIS,117.092216585324,-0.24740238232079428,16,16,0.0
2025-12-10,ILI incidence,2025-12-14,2,FR,ISI,FluABCaster,WIS,55.7199425735424,0.8239771209583637,16,9,0.5840415501039088
2025-12-10,ILI incidence,2025-12-14,2,FR,ISI,FluBcast,WIS,43.6335070599639,1.1767344564731212,16,7,0.699060598138958
2025-12-10,ILI incidence,2025-12-14,2,FR,ISI,GLEAM,WIS,30.9081521739131,1.6741834859366858,16,4,0.8201598422674178
2025-12-10,ILI incidence,2025-12-14,2,FR,ISI,LSTFlu,WIS,37.82683751536,1.3827607260361279,16,6,0.7543190407562317
2025-12-10,ILI incidence,2025-12-14,2,FR,ItaLuxColab,EpiEKF,WIS,36.032626692947,1.452867067376542,16,5,0.7713934230698826
2025-12-10,ILI incidence,2025-12-14,2,FR,ItaLuxColab,EpiNetEKF,WIS,29.0658913763059,1.762843739015137,16,2,0.837691486144971
2025-12-10,ILI incidence,2025-12-14,2,FR,NotreDame,Rt_cocirc,WIS,12.0101826086957,3.0379128053663944,16,1,1.0
2025-12-10,ILI incidence,2025-12-14,2,FR,QMUL,ARIMA,WIS,86.2506530299165,0.19363551211605162,16,13,0.29349987232134356
2025-12-10,ILI incidence,2025-12-14,2,FR,QMUL,SEIR,WIS,80.352298497165,0.2958315988829638,16,12,0.3496308236318538
2025-12-10,ILI incidence,2025-12-14,2,FR,QMUL,SEIR_agumented,WIS,99.0014052939222,-0.005278111923230284,16,15,0.17215893723017808
2025-12-10,ILI incidence,2025-12-14,2,FR,RIVM,KFdlm,WIS,76.0839943440833,0.3745779035862753,16,10,0.39024960489784105
2025-12-10,ILI incidence,2025-12-14,2,FR,respicast,hubEnsemble,WIS,46.6817202365765,1.0793131662119342,16,8,0.6700526596621433
2025-12-10,ILI incidence,2025-12-14,2,FR,respicast,quantileBaseline,WIS,98.6398695652174,0.0,16,14,0.17559944665908025
2025-12-10,ILI incidence,2025-12-14,2,FR,safinea,PRFM,WIS,29.4301370781337,1.7448766300158371,16,3,0.8342251875966501
2025-12-10,ILI incidence,2025-12-14,2,GB-WLS,ECDC,soca_simplex,WIS,13.868140075591,-0.5206060820323665,6,6,0.0
2025-12-10,ILI incidence,2025-12-14,2,GB-WLS,ItaLuxColab,EpiEKF,WIS,6.33644062737219,0.6094236646331344,6,2,0.8500803539057432
2025-12-10,ILI incidence,2025-12-14,2,GB-WLS,RIVM,KFdlm,WIS,5.00815476524477,0.9488171805125304,6,1,1.0
2025-12-10,ILI incidence,2025-12-14,2,GB-WLS,respicast,hubEnsemble,WIS,6.42258560064942,0.5899421129792342,6,3,0.8403574288376132
2025-12-10,ILI incidence,2025-12-14,2,GB-WLS,respicast,quantileBaseline,WIS,9.66718818912844,0.0,6,5,0.4741488545761929
2025-12-10,ILI incidence,2025-12-14,2,GB-WLS,safinea,PRFM,WIS,6.74197496456236,0.51992505649552,6,4,0.8043089081318313
2025-12-10,ILI incidence,2025-12-14,2,GR,ECDC,SARIMA,WIS,160.643010161627,0.11375891982644404,20,10,0.6783951386059663
2025-12-10,ILI incidence,2025-12-14,2,GR,ECDC,soca_simplex,WIS,261.917301260854,-0.5914942337878302,20,16,0.3937439005683759
2025-12-10,ILI incidence,2025-12-14,2,GR,ISI,FluABCaster,WIS,268.547432910751,-0.6275598026030579,20,17,0.37510861650949984
2025-12-10,ILI incidence,2025-12-14,2,GR,ISI,FluBcast,WIS,114.951056250058,0.5965974053962382,20,6,0.8068213276033427
2025-12-10,ILI incidence,2025-12-14,2,GR,ISI,GLEAM,WIS,402.004991304348,-1.209596286058055,20,20,0.0
2025-12-10,ILI incidence,2025-12-14,2,GR,ISI,LSTFlu,WIS,64.3994915683433,1.4324959245238917,20,2,0.9489064048248533
2025-12-10,ILI incidence,2025-12-14,2,GR,ItaLuxColab,EpiEKF,WIS,177.677055502805,-0.031640261588999366,20,13,0.6305176166551681
2025-12-10,ILI incidence,2025-12-14,2,GR,ItaLuxColab,EpiNetEKF,WIS,82.6233123662962,1.072996323926071,20,4,0.897684785837366
2025-12-10,ILI incidence,2025-12-14,2,GR,MRC_GIDA,NBEATS,WIS,237.549814793684,-0.4506129539521296,20,15,0.46223349566164745
2025-12-10,ILI incidence,2025-12-14,2,GR,MRC_GIDA,NHiTS,WIS,216.639084944011,-0.31767642228152176,20,14,0.5210071989912227
2025-12-10,ILI incidence,2025-12-14,2,GR,MRC_GIDA,Prophet,WIS,82.537822370136,1.0744898472627535,20,3,0.8979250722218246
2025-12-10,ILI incidence,2025-12-14,2,GR,MRC_GIDA,TiDE,WIS,147.787657443405,0.23409134084457267,20,8,0.7145276261991549
2025-12-10,ILI incidence,2025-12-14,2,GR,NotreDame,Rt_cocirc,WIS,46.2212195652174,1.9109898964947594,20,1,1.0
2025-12-10,ILI incidence,2025-12-14,2,GR,QMUL,ARIMA,WIS,130.106271540636,0.41792662172450934,20,7,0.7642246256332198
2025-12-10,ILI incidence,2025-12-14,2,GR,QMUL,SEIR,WIS,285.372743144712,-0.7152304170212365,20,18,0.3278177854754815
2025-12-10,ILI incidence,2025-12-14,2,GR,QMUL,SEIR_agumented,WIS,174.970374580179,-0.009493542264856438,20,12,0.638125273714385
2025-12-10,ILI incidence,2025-12-14,2,GR,RIVM,KFdlm,WIS,114.886065769444,0.5974133001112603,20,5,0.8070039960828416
2025-12-10,ILI incidence,2025-12-14,2,GR,respicast,hubEnsemble,WIS,157.055390718414,0.1463436655587049,20,9,0.6884788459815897
2025-12-10,ILI incidence,2025-12-14,2,GR,respicast,quantileBaseline,WIS,173.822775652174,0.0,20,11,0.6413508253532226
2025-12-10,ILI incidence,2025-12-14,2,GR,safinea,PRFM,WIS,362.9578161325,-1.0621847563326012,20,19,0.10974973642271219
2025-12-10,ILI incidence,2025-12-14,2,HR,ECDC,SARIMA,WIS,134.28834304852,0.05340438517339339,16,13,0.1623638869026474
2025-12-10,ILI incidence,2025-12-14,2,HR,ECDC,soca_simplex,WIS,118.047594492409,0.23936981823704093,16,9,0.28078150460054463
2025-12-10,ILI incidence,2025-12-14,2,HR,ISI,FluABCaster,WIS,105.034949358136,0.4078690111524087,16,6,0.3756617640556379
2025-12-10,ILI incidence,2025-12-14,2,HR,ISI,FluBcast,WIS,130.718911279493,0.0922705888227283,16,11,0.18839000295037864
2025-12-10,ILI incidence,2025-12-14,2,HR,ISI,GLEAM,WIS,81.4062956521739,0.7755261852274228,16,3,0.547947473153436
2025-12-10,ILI incidence,2025-12-14,2,HR,ISI,LSTFlu,WIS,122.153370815171,0.19004478643341616,16,10,0.2508446916967475
2025-12-10,ILI incidence,2025-12-14,2,HR,ItaLuxColab,EpiEKF,WIS,97.2325918147327,0.5192265784483399,16,4,0.43255178913821835
2025-12-10,ILI incidence,2025-12-14,2,HR,ItaLuxColab,EpiNetEKF,WIS,104.170976375899,0.41978508493196787,16,5,0.3819613272782553
2025-12-10,ILI incidence,2025-12-14,2,HR,NotreDame,Rt_cocirc,WIS,19.4081608695652,2.844003142789178,16,1,1.0
2025-12-10,ILI incidence,2025-12-14,2,HR,QMUL,ARIMA,WIS,139.815563136973,-0.004786497114372051,16,15,0.12206277435815914
2025-12-10,ILI incidence,2025-12-14,2,HR,QMUL,SEIR,WIS,109.888002601081,0.3427045779593918,16,7,0.34027626432912683
2025-12-10,ILI incidence,2025-12-14,2,HR,QMUL,SEIR_agumented,WIS,132.410812749984,0.07371752333652284,16,12,0.17605369093724024
2025-12-10,ILI incidence,2025-12-14,2,HR,RIVM,KFdlm,WIS,67.6042665247362,1.0435522582807963,16,2,0.6485834384860297
2025-12-10,ILI incidence,2025-12-14,2,HR,respicast,hubEnsemble,WIS,116.726823798951,0.255602331520297,16,8,0.2904117576953532
2025-12-10,ILI incidence,2025-12-14,2,HR,respicast,quantileBaseline,WIS,139.352459130435,0.0,16,14,0.12543944588355793
2025-12-10,ILI incidence,2025-12-14,2,HR,safinea,PRFM,WIS,156.556237919585,-0.1679425315448517,16,16,0.0
2025-12-10,ILI incidence,2025-12-14,2,HU,ECDC,SARIMA,WIS,47.6369059405434,0.5305172963887552,16,7,0.5740663220860742
2025-12-10,ILI incidence,2025-12-14,2,HU,ECDC,soca_simplex,WIS,83.0376998391661,-0.2711694730028679,16,15,0.1420125917326443
2025-12-10,ILI incidence,2025-12-14,2,HU,ISI,FluABCaster,WIS,15.5896638431933,2.1420071884800986,16,2,0.9651911803406875
2025-12-10,ILI incidence,2025-12-14,2,HU,ISI,FluBcast,WIS,37.4445751024578,0.8778402893471017,16,5,0.6984599888552964
2025-12-10,ILI incidence,2025-12-14,2,HU,ISI,GLEAM,WIS,12.7375652173913,2.4335074751778913,16,1,1.0
2025-12-10,ILI incidence,2025-12-14,2,HU,ISI,LSTFlu,WIS,18.1114988316386,1.9256910656904145,16,3,0.9344131074756048
2025-12-10,ILI incidence,2025-12-14,2,HU,ItaLuxColab,EpiEKF,WIS,49.2462583038313,0.4825828945306467,16,8,0.5544247656282486
2025-12-10,ILI incidence,2025-12-14,2,HU,ItaLuxColab,EpiNetEKF,WIS,30.0092783073669,1.1971883843018314,16,4,0.7892050643980487
2025-12-10,ILI incidence,2025-12-14,2,HU,NotreDame,Rt_cocirc,WIS,94.6736565217391,-0.460366035205842,16,16,0.0
2025-12-10,ILI incidence,2025-12-14,2,HU,QMUL,ARIMA,WIS,61.737130285849,0.15645858428738724,16,11,0.4019782456249824
2025-12-10,ILI incidence,2025-12-14,2,HU,QMUL,SEIR,WIS,52.2415448464051,0.39739944853344444,16,9,0.5178683898615801
2025-12-10,ILI incidence,2025-12-14,2,HU,QMUL,SEIR_agumented,WIS,73.3349532212353,-0.09190397749758518,16,14,0.26043106231711965
2025-12-10,ILI incidence,2025-12-14,2,HU,RIVM,KFdlm,WIS,69.356267504548,-0.011429251880179438,16,13,0.30898946501061225
2025-12-10,ILI incidence,2025-12-14,2,HU,respicast,hubEnsemble,WIS,37.8657812364191,0.8617023140006871,16,6,0.6933193221813546
2025-12-10,ILI incidence,2025-12-14,2,HU,respicast,quantileBaseline,WIS,68.808987173913,0.0,16,12,0.31566882110293737
2025-12-10,ILI incidence,2025-12-14,2,HU,safinea,PRFM,WIS,60.2724223490437,0.19109896042570745,16,10,0.41985446980761654
2025-12-10,ILI incidence,2025-12-14,2,IE,ECDC,SARIMA,WIS,57.1960936940412,-0.20163606683043617,20,14,0.45962157233732603
2025-12-10,ILI incidence,2025-12-14,2,IE,ECDC,soca_simplex,WIS,35.7629854124345,0.4758133777503891,20,7,0.7283983954761396
2025-12-10,ILI incidence,2025-12-14,2,IE,ISI,FluABCaster,WIS,14.1046201886907,1.8181127348493553,20,1,1.0
2025-12-10,ILI incidence,2025-12-14,2,IE,ISI,FluBcast,WIS,22.9979875525154,1.1127729290645623,20,3,0.8884748308248634
2025-12-10,ILI incidence,2025-12-14,2,IE,ISI,GLEAM,WIS,18.3251347826087,1.4404567426714137,20,2,0.9470736353467794
2025-12-10,ILI incidence,2025-12-14,2,IE,ISI,LSTFlu,WIS,33.5632836418259,0.5673966843843367,20,6,0.7559832350611839
2025-12-10,ILI incidence,2025-12-14,2,IE,ItaLuxColab,EpiEKF,WIS,23.3887264913668,1.088467242641323,20,4,0.8835748616145536
2025-12-10,ILI incidence,2025-12-14,2,IE,ItaLuxColab,EpiNetEKF,WIS,28.6472830435337,0.7958822343412695,20,5,0.8176311773939995
2025-12-10,ILI incidence,2025-12-14,2,IE,MRC_GIDA,NBEATS,WIS,93.8477618454297,-0.9160417867612762,20,20,0.0
2025-12-10,ILI incidence,2025-12-14,2,IE,MRC_GIDA,NHiTS,WIS,90.7697682648735,-0.8679313220144673,20,19,0.03859885021593049
2025-12-10,ILI incidence,2025-12-14,2,IE,MRC_GIDA,Prophet,WIS,75.84095198494,-0.6086965214261917,20,17,0.22581013848189616
2025-12-10,ILI incidence,2025-12-14,2,IE,MRC_GIDA,TiDE,WIS,88.9647746144912,-0.8389536653662422,20,18,0.06123394601077698
2025-12-10,ILI incidence,2025-12-14,2,IE,NotreDame,Rt_cocirc,WIS,62.1095804347826,-0.3205352698747172,20,16,0.39800515444032475
2025-12-10,ILI incidence,2025-12-14,2,IE,QMUL,ARIMA,WIS,56.2765252101075,-0.1782527000363233,20,13,0.47115320333190186
2025-12-10,ILI incidence,2025-12-14,2,IE,QMUL,SEIR,WIS,43.4898377973032,0.19360222415221243,20,9,0.6315016313866386
2025-12-10,ILI incidence,2025-12-14,2,IE,QMUL,SEIR_agumented,WIS,60.7015214281808,-0.2874521245779906,20,15,0.4156625852531577
2025-12-10,ILI incidence,2025-12-14,2,IE,RIVM,KFdlm,WIS,49.6731802052283,0.0018134373965145245,20,11,0.553960888954621
2025-12-10,ILI incidence,2025-12-14,2,IE,respicast,hubEnsemble,WIS,49.318319548203,0.012156909398670566,20,10,0.5584109350608156
2025-12-10,ILI incidence,2025-12-14,2,IE,respicast,quantileBaseline,WIS,49.7356576086957,0.0,20,12,0.553177405859155
2025-12-10,ILI incidence,2025-12-14,2,IE,safinea,PRFM,WIS,37.169927654606,0.4201446719650101,20,8,0.7107549691834084
2025-12-10,ILI incidence,2025-12-14,2,IS,ECDC,SARIMA,WIS,24.8420665097575,-1.0274315576054647,16,10,0.24742510470980086
2025-12-10,ILI incidence,2025-12-14,2,IS,ECDC,soca_simplex,WIS,11.6958214957338,0.059360435002058926,16,7,0.6667589673359324
2025-12-10,ILI incidence,2025-12-14,2,IS,ISI,FluABCaster,WIS,4.53741440712246,1.4254112990687826,16,2,0.8950950809193591
2025-12-10,ILI incidence,2025-12-14,2,IS,ISI,FluBcast,WIS,9.17549817380185,0.40949523806580107,16,6,0.7471512704251454
2025-12-10,ILI incidence,2025-12-14,2,IS,ISI,LSTFlu,WIS,1.24861306688819,3.2869552587574677,16,1,1.0
2025-12-10,ILI incidence,2025-12-14,2,IS,ItaLuxColab,EpiEKF,WIS,7.81937642007964,0.640228167700836,16,4,0.7904083200673081
2025-12-10,ILI incidence,2025-12-14,2,IS,ItaLuxColab,EpiNetEKF,WIS,5.54249661195568,1.1367457445280527,16,3,0.863035355670065
2025-12-10,ILI incidence,2025-12-14,2,IS,MRC_GIDA,NBEATS,WIS,32.5149444970078,-1.415749328264746,16,15,0.0026785964543688504
2025-12-10,ILI incidence,2025-12-14,2,IS,MRC_GIDA,NHiTS,WIS,29.1034750681834,-1.2558377939852787,16,12,0.11149633500205829
2025-12-10,ILI incidence,2025-12-14,2,IS,MRC_GIDA,Prophet,WIS,30.2256452995545,-1.3104195076485734,16,14,0.07570178095693504
2025-12-10,ILI incidence,2025-12-14,2,IS,MRC_GIDA,TiDE,WIS,32.5989193161705,-1.419470505760214,16,16,0.0
2025-12-10,ILI incidence,2025-12-14,2,IS,QMUL,ARIMA,WIS,8.88902121204883,0.4552571579668089,16,5,0.7562892022678231
2025-12-10,ILI incidence,2025-12-14,2,IS,RIVM,KFdlm,WIS,26.3150539296269,-1.1105347186326653,16,11,0.2004403190379506
2025-12-10,ILI incidence,2025-12-14,2,IS,respicast,hubEnsemble,WIS,12.5185955883472,-0.03871908827051827,16,9,0.6405144360681642
2025-12-10,ILI incidence,2025-12-14,2,IS,respicast,quantileBaseline,WIS,12.1870895652174,0.0,16,8,0.6510886875760705
2025-12-10,ILI incidence,2025-12-14,2,IS,safinea,PRFM,WIS,29.3610926664411,-1.2685520259148237,16,13,0.10327894802633786
2025-12-10,ILI incidence,2025-12-14,2,LT,ECDC,SARIMA,WIS,281.056086620218,0.2731092847275008,19,6,0.6432640539229638
2025-12-10,ILI incidence,2025-12-14,2,LT,ECDC,soca_simplex,WIS,271.88047927367,0.32099477221268835,19,4,0.6865182573276637
2025-12-10,ILI incidence,2025-12-14,2,LT,ISI,FluABCaster,WIS,349.963688638705,-0.04323789603641123,19,15,0.31843068635748517
2025-12-10,ILI incidence,2025-12-14,2,LT,ISI,FluBcast,WIS,286.046902472176,0.2477156214542919,19,7,0.6197371356642827
2025-12-10,ILI incidence,2025-12-14,2,LT,ISI,LSTFlu,WIS,316.263156328454,0.10284184716909255,19,8,0.47729642944561507
2025-12-10,ILI incidence,2025-12-14,2,LT,ItaLuxColab,EpiEKF,WIS,235.988239173791,0.5252523808222761,19,2,0.8557158041815575
2025-12-10,ILI incidence,2025-12-14,2,LT,ItaLuxColab,EpiNetEKF,WIS,252.038960726288,0.430320577463881,19,3,0.7800520199106346
2025-12-10,ILI incidence,2025-12-14,2,LT,MRC_GIDA,NBEATS,WIS,417.513076099869,-0.29785403874758565,19,19,0.0
2025-12-10,ILI incidence,2025-12-14,2,LT,MRC_GIDA,NHiTS,WIS,410.388801123858,-0.27302401922433495,19,18,0.03358413533675511
2025-12-10,ILI incidence,2025-12-14,2,LT,MRC_GIDA,Prophet,WIS,280.14798286021,0.2777782385212368,19,5,0.6475448936826053
2025-12-10,ILI incidence,2025-12-14,2,LT,MRC_GIDA,TiDE,WIS,403.608897262967,-0.24899063461215093,19,17,0.0655448905856834
2025-12-10,ILI incidence,2025-12-14,2,LT,NotreDame,Rt_cocirc,WIS,318.069173913043,0.09462678535032779,19,9,0.4687827857154627
2025-12-10,ILI incidence,2025-12-14,2,LT,QMUL,ARIMA,WIS,319.631168972929,0.08755924317742717,19,11,0.46141947454861526
2025-12-10,ILI incidence,2025-12-14,2,LT,QMUL,SEIR,WIS,332.300954967198,0.031476904283738,19,12,0.4016935643399248
2025-12-10,ILI incidence,2025-12-14,2,LT,QMUL,SEIR_agumented,WIS,341.756613084999,-0.00900191130980441,19,14,0.35711918968487416
2025-12-10,ILI incidence,2025-12-14,2,LT,RIVM,KFdlm,WIS,205.380921897463,0.7256651692895048,19,1,1.0
2025-12-10,ILI incidence,2025-12-14,2,LT,respicast,hubEnsemble,WIS,319.460986089873,0.08832758935500838,19,10,0.46222172389971367
2025-12-10,ILI incidence,2025-12-14,2,LT,respicast,quantileBaseline,WIS,339.630810652174,0.0,19,13,0.36714031279474785
2025-12-10,ILI incidence,2025-12-14,2,LT,safinea,PRFM,WIS,396.985725341693,-0.22511978909397629,19,16,0.09676680480315028
2025-12-10,ILI incidence,2025-12-14,2,LU,ECDC,SARIMA,WIS,811.429273858805,0.09484297873059101,18,2,0.9896024015436808
2025-12-10,ILI incidence,2025-12-14,2,LU,ECDC,soca_simplex,WIS,965.467156212835,-0.15591885143650736,18,5,0.9865300376345202
2025-12-10,ILI incidence,2025-12-14,2,LU,ISI,FluABCaster,WIS,290.129032372598,1.5786136611121702,18,1,1.0
2025-12-10,ILI incidence,2025-12-14,2,LU,ISI,LSTFlu,WIS,2973.75277656374,-1.7789044783794665,18,17,0.946473759497229
2025-12-10,ILI incidence,2025-12-14,2,LU,ItaLuxColab,EpiEKF,WIS,944.300023442044,-0.12393697596926265,18,4,0.9869522268635043
2025-12-10,ILI incidence,2025-12-14,2,LU,ItaLuxColab,EpiNetEKF,WIS,2598.37742675809,-1.5842307690651862,18,15,0.9539608117697393
2025-12-10,ILI incidence,2025-12-14,2,LU,MRC_GIDA,NBEATS,WIS,2691.12789072829,-1.6348307186402458,18,16,0.9521108565917981
2025-12-10,ILI incidence,2025-12-14,2,LU,MRC_GIDA,NHiTS,WIS,1700.1558604999,-0.972286775098321,18,13,0.9718762977555747
2025-12-10,ILI incidence,2025-12-14,2,LU,MRC_GIDA,Prophet,WIS,1476.30482616261,-0.7686104032972441,18,11,0.976341120488891
2025-12-10,ILI incidence,2025-12-14,2,LU,MRC_GIDA,TiDE,WIS,1602.44082493292,-0.8868908465643505,18,12,0.9738252738390575
2025-12-10,ILI incidence,2025-12-14,2,LU,NotreDame,Rt_cocirc,WIS,1110.81414347826,-0.3582372162474818,18,8,0.9836310180482006
2025-12-10,ILI incidence,2025-12-14,2,LU,QMUL,ARIMA,WIS,1090.26171647342,-0.3312942590914182,18,7,0.9840409466580358
2025-12-10,ILI incidence,2025-12-14,2,LU,QMUL,SEIR,WIS,1430.38784311726,-0.7230261449024652,18,10,0.977256958069687
2025-12-10,ILI incidence,2025-12-14,2,LU,QMUL,SEIR_agumented,WIS,1405.83767170023,-0.698049784604277,18,9,0.9777466237251266
2025-12-10,ILI incidence,2025-12-14,2,LU,RIVM,KFdlm,WIS,50426.7296787829,-5.862736524912786,18,18,0.0
2025-12-10,ILI incidence,2025-12-14,2,LU,respicast,hubEnsemble,WIS,995.894600477872,-0.20068473397760592,18,6,0.9859231467828722
2025-12-10,ILI incidence,2025-12-14,2,LU,respicast,quantileBaseline,WIS,866.565217391304,0.0,18,3,0.988502687107089
2025-12-10,ILI incidence,2025-12-14,2,LU,safinea,PRFM,WIS,2033.23271383623,-1.230395113124103,18,14,0.9652329105086938
2025-12-10,ILI incidence,2025-12-14,2,LV,ECDC,SARIMA,WIS,525.312231201428,0.0814462393645693,15,11,0.21056148791697
2025-12-10,ILI incidence,2025-12-14,2,LV,ECDC,soca_simplex,WIS,463.259768433857,0.2628000178248054,15,5,0.3784855764412958
2025-12-10,ILI incidence,2025-12-14,2,LV,ISI,FluABCaster,WIS,495.471019921603,0.1658207387873812,15,8,0.29131667443384185
2025-12-10,ILI incidence,2025-12-14,2,LV,ISI,FluBcast,WIS,466.931401687756,0.25141080071003946,15,6,0.36854953780466637
2025-12-10,ILI incidence,2025-12-14,2,LV,ISI,LSTFlu,WIS,515.111790493097,0.10973585293255611,15,10,0.23816554474399526
2025-12-10,ILI incidence,2025-12-14,2,LV,ItaLuxColab,EpiEKF,WIS,386.594751501781,0.5237993641703595,15,3,0.5859536206709419
2025-12-10,ILI incidence,2025-12-14,2,LV,ItaLuxColab,EpiNetEKF,WIS,392.106466379453,0.503375981403842,15,4,0.5710380209387305
2025-12-10,ILI incidence,2025-12-14,2,LV,NotreDame,Rt_cocirc,WIS,603.120358695652,-0.11782451957447565,15,15,0.0
2025-12-10,ILI incidence,2025-12-14,2,LV,QMUL,ARIMA,WIS,546.962312954257,0.023179984283403485,15,12,0.151972834337842
2025-12-10,ILI incidence,2025-12-14,2,LV,QMUL,SEIR,WIS,484.287512500914,0.19875761240282475,15,7,0.32158107017843235
2025-12-10,ILI incidence,2025-12-14,2,LV,QMUL,SEIR_agumented,WIS,570.163030994047,-0.036753083388775656,15,14,0.08918790596949248
2025-12-10,ILI incidence,2025-12-14,2,LV,RIVM,KFdlm,WIS,233.593489067404,1.2506213528415577,15,1,1.0
2025-12-10,ILI incidence,2025-12-14,2,LV,respicast,hubEnsemble,WIS,500.102465764057,0.15239769720021287,15,9,0.27878322633272445
2025-12-10,ILI incidence,2025-12-14,2,LV,respicast,quantileBaseline,WIS,555.821413043478,0.0,15,13,0.12799866407484212
2025-12-10,ILI incidence,2025-12-14,2,LV,safinea,PRFM,WIS,288.591803455029,0.9455910903131105,15,2,0.8511655879234047
2025-12-10,ILI incidence,2025-12-14,2,MT,ECDC,SARIMA,WIS,3179.33091643529,-0.4573587944818292,12,9,0.5512737869409886
2025-12-10,ILI incidence,2025-12-14,2,MT,ECDC,soca_simplex,WIS,4423.49322098311,-0.9338217213817016,12,11,0.35031996720927583
2025-12-10,ILI incidence,2025-12-14,2,MT,ISI,FluABCaster,WIS,3044.18486093965,-0.3946915796853482,12,7,0.5731022220046865
2025-12-10,ILI incidence,2025-12-14,2,MT,ISI,LSTFlu,WIS,401.139190117923,2.5291895655974628,12,1,1.0
2025-12-10,ILI incidence,2025-12-14,2,MT,ItaLuxColab,EpiEKF,WIS,2882.50153997386,-0.31595698782954745,12,6,0.599216886318353
2025-12-10,ILI incidence,2025-12-14,2,MT,ItaLuxColab,EpiNetEKF,WIS,2230.36032835409,0.054087585622408285,12,3,0.7045490178259772
2025-12-10,ILI incidence,2025-12-14,2,MT,NotreDame,Rt_cocirc,WIS,2153.3018173913,0.10481384188343133,12,2,0.716995305632807
2025-12-10,ILI incidence,2025-12-14,2,MT,QMUL,ARIMA,WIS,4385.60925482635,-0.9214128869515723,12,10,0.356438885679929
2025-12-10,ILI incidence,2025-12-14,2,MT,RIVM,KFdlm,WIS,2375.77130300179,-0.037031575002033315,12,5,0.6810626200468817
2025-12-10,ILI incidence,2025-12-14,2,MT,respicast,hubEnsemble,WIS,3154.6672908888,-0.44612346762011695,12,8,0.5552573908035097
2025-12-10,ILI incidence,2025-12-14,2,MT,respicast,quantileBaseline,WIS,2315.5652173913,0.0,12,4,0.6907869484807989
2025-12-10,ILI incidence,2025-12-14,2,MT,safinea,PRFM,WIS,6592.42386541727,-1.5094446139837592,12,12,0.0
2025-12-10,ILI incidence,2025-12-14,2,NL,ECDC,SARIMA,WIS,11.0599092060568,-0.15852487497368262,20,16,0.5981409054848058
2025-12-10,ILI incidence,2025-12-14,2,NL,ECDC,soca_simplex,WIS,11.276770596788,-0.1865393056316882,20,17,0.5896035959666641
2025-12-10,ILI incidence,2025-12-14,2,NL,ISI,FluABCaster,WIS,10.1755636518321,-0.03829404430932391,20,14,0.6329554554236052
2025-12-10,ILI incidence,2025-12-14,2,NL,ISI,FluBcast,WIS,3.37391031725122,1.5543211365409557,20,4,0.9007201301618246
2025-12-10,ILI incidence,2025-12-14,2,NL,ISI,GLEAM,WIS,9.04054782608695,0.13233256439658006,20,11,0.6776382889132524
2025-12-10,ILI incidence,2025-12-14,2,NL,ISI,LSTFlu,WIS,26.2536500843761,-1.4057033496271896,20,20,0.0
2025-12-10,ILI incidence,2025-12-14,2,NL,ItaLuxColab,EpiEKF,WIS,8.0550994996032,0.29884035228971284,20,9,0.7164330109657112
2025-12-10,ILI incidence,2025-12-14,2,NL,ItaLuxColab,EpiNetEKF,WIS,3.30765743029351,1.5829329378122245,20,3,0.903328346407793
2025-12-10,ILI incidence,2025-12-14,2,NL,MRC_GIDA,NBEATS,WIS,18.8914280382259,-0.9309170946999036,20,19,0.28983291187677557
2025-12-10,ILI incidence,2025-12-14,2,NL,MRC_GIDA,NHiTS,WIS,14.6926569111415,-0.5682806386069159,20,18,0.4551283966419162
2025-12-10,ILI incidence,2025-12-14,2,NL,MRC_GIDA,Prophet,WIS,2.87883363883706,1.7832583407528169,20,2,0.9202101040321576
2025-12-10,ILI incidence,2025-12-14,2,NL,MRC_GIDA,TiDE,WIS,10.145873357296,-0.03407839054933948,20,13,0.634124290656492
2025-12-10,ILI incidence,2025-12-14,2,NL,NotreDame,Rt_cocirc,WIS,4.74981739130435,1.0608707125388772,20,5,0.846553989661729
2025-12-10,ILI incidence,2025-12-14,2,NL,QMUL,ARIMA,WIS,6.86203421808624,0.5301064420121078,20,6,0.7634011114160315
2025-12-10,ILI incidence,2025-12-14,2,NL,QMUL,SEIR,WIS,0.852041969972933,3.5397463603025625,20,1,1.0
2025-12-10,ILI incidence,2025-12-14,2,NL,QMUL,SEIR_agumented,WIS,8.02309267671316,0.30458429976198703,20,8,0.7176930423285245
2025-12-10,ILI incidence,2025-12-14,2,NL,RIVM,KFdlm,WIS,8.34991808100284,0.24698071831149482,20,10,0.7048267150150043
2025-12-10,ILI incidence,2025-12-14,2,NL,respicast,hubEnsemble,WIS,7.99207727963192,0.3101722286596973,20,7,0.7189140436502341
2025-12-10,ILI incidence,2025-12-14,2,NL,respicast,quantileBaseline,WIS,9.90902260869565,0.0,20,12,0.6434485329459418
2025-12-10,ILI incidence,2025-12-14,2,NL,safinea,PRFM,WIS,11.0302360462138,-0.1546489976707148,20,15,0.5993090661661831
2025-12-10,ILI incidence,2025-12-14,2,NO,ECDC,SARIMA,WIS,64.0558316751536,0.017521820585827595,18,12,0.4490584160460229
2025-12-10,ILI incidence,2025-12-14,2,NO,ECDC,soca_simplex,WIS,64.5276630011908,0.006933964482325574,18,13,0.443867489023665
2025-12-10,ILI incidence,2025-12-14,2,NO,ISI,FluABCaster,WIS,23.5171332806605,1.4631395332694792,18,2,0.8950513235423757
2025-12-10,ILI incidence,2025-12-14,2,NO,ISI,FluBcast,WIS,41.3299942128121,0.64966257911386,18,7,0.6990803142946374
2025-12-10,ILI incidence,2025-12-14,2,NO,ISI,GLEAM,WIS,13.9777826086957,2.213716226536509,18,1,1.0
2025-12-10,ILI incidence,2025-12-14,2,NO,ISI,LSTFlu,WIS,43.7366495150268,0.568009035133503,18,8,0.6726031150236796
2025-12-10,ILI incidence,2025-12-14,2,NO,ItaLuxColab,EpiEKF,WIS,30.3765042320927,1.0938958886575005,18,4,0.8195868682099656
2025-12-10,ILI incidence,2025-12-14,2,NO,ItaLuxColab,EpiNetEKF,WIS,23.9262698653178,1.4382562443256077,18,3,0.8905501426416287
2025-12-10,ILI incidence,2025-12-14,2,NO,MRC_GIDA,NBEATS,WIS,104.87317065884,-0.6937219994989758,18,18,0.0
2025-12-10,ILI incidence,2025-12-14,2,NO,MRC_GIDA,NHiTS,WIS,95.2017450491226,-0.5541362775783899,18,16,0.10640171979222933
2025-12-10,ILI incidence,2025-12-14,2,NO,MRC_GIDA,Prophet,WIS,76.8328596639941,-0.24487170991720203,18,15,0.30848992007577863
2025-12-10,ILI incidence,2025-12-14,2,NO,MRC_GIDA,TiDE,WIS,99.344493724008,-0.615588265943654,18,17,0.060824614465389434
2025-12-10,ILI incidence,2025-12-14,2,NO,NotreDame,Rt_cocirc,WIS,61.1355956521739,0.08483911988901441,18,11,0.4811858549141941
2025-12-10,ILI incidence,2025-12-14,2,NO,QMUL,ARIMA,WIS,57.8087386710697,0.16556414628093832,18,10,0.5177867986195982
2025-12-10,ILI incidence,2025-12-14,2,NO,RIVM,KFdlm,WIS,32.8129010931878,0.9825885880515081,18,5,0.7927824624710186
2025-12-10,ILI incidence,2025-12-14,2,NO,respicast,hubEnsemble,WIS,53.3232481547368,0.28208707677917394,18,9,0.5671346325697474
2025-12-10,ILI incidence,2025-12-14,2,NO,respicast,quantileBaseline,WIS,64.8385460869565,0.0,18,14,0.440447259544099
2025-12-10,ILI incidence,2025-12-14,2,NO,safinea,PRFM,WIS,36.1455220463218,0.8430348134644694,18,6,0.7561181055149155
2025-12-10,ILI incidence,2025-12-14,2,PL,ECDC,SARIMA,WIS,42.6551650913228,0.3618868735575629,20,7,0.6647210780937866
2025-12-10,ILI incidence,2025-12-14,2,PL,ECDC,soca_simplex,WIS,58.0889409901813,-0.083656207708612,20,11,0.5289741737267147
2025-12-10,ILI incidence,2025-12-14,2,PL,ISI,FluABCaster,WIS,92.7754430451719,-0.7591356646115356,20,19,0.22389100366233028
2025-12-10,ILI incidence,2025-12-14,2,PL,ISI,FluBcast,WIS,21.8531934870896,1.3267631994217743,20,4,0.8476836446433784
2025-12-10,ILI incidence,2025-12-14,2,PL,ISI,GLEAM,WIS,86.8573913043478,-0.6640413023384177,20,18,0.2759428935540611
2025-12-10,ILI incidence,2025-12-14,2,PL,ISI,LSTFlu,WIS,13.6843154991217,2.002084049158287,20,2,0.9195325496868275
2025-12-10,ILI incidence,2025-12-14,2,PL,ItaLuxColab,EpiEKF,WIS,39.0412733148338,0.48960721429164467,20,6,0.6965068591360188
2025-12-10,ILI incidence,2025-12-14,2,PL,ItaLuxColab,EpiNetEKF,WIS,21.8176588012664,1.329111022907905,20,3,0.8479961879658788
2025-12-10,ILI incidence,2025-12-14,2,PL,MRC_GIDA,NBEATS,WIS,73.8162552215662,-0.4293312291043952,20,16,0.39064546953213114
2025-12-10,ILI incidence,2025-12-14,2,PL,MRC_GIDA,NHiTS,WIS,61.69584778656,-0.17056607647109875,20,13,0.497249828682598
2025-12-10,ILI incidence,2025-12-14,2,PL,MRC_GIDA,Prophet,WIS,118.230782836575,-1.1089264818289593,20,20,0.0
2025-12-10,ILI incidence,2025-12-14,2,PL,MRC_GIDA,TiDE,WIS,37.5618843114556,0.5453378825024744,20,5,0.7095187415735584
2025-12-10,ILI incidence,2025-12-14,2,PL,NotreDame,Rt_cocirc,WIS,4.53555000000001,3.595257907071502,20,1,1.0
2025-12-10,ILI incidence,2025-12-14,2,PL,QMUL,ARIMA,WIS,61.9576366122977,-0.17667479240043196,20,14,0.49494727984913905
2025-12-10,ILI incidence,2025-12-14,2,PL,QMUL,SEIR,WIS,50.4604400952396,0.11945453189349697,20,9,0.5960702225637569
2025-12-10,ILI incidence,2025-12-14,2,PL,QMUL,SEIR_agumented,WIS,59.3879380428751,-0.11556262207553489,20,12,0.5175489185046162
2025-12-10,ILI incidence,2025-12-14,2,PL,RIVM,KFdlm,WIS,77.51633890648,-0.4998931130778233,20,17,0.358101592426639
2025-12-10,ILI incidence,2025-12-14,2,PL,respicast,hubEnsemble,WIS,44.8098410306889,0.29079171252357683,20,8,0.6457697475444818
2025-12-10,ILI incidence,2025-12-14,2,PL,respicast,quantileBaseline,WIS,54.81639,0.0,20,10,0.5577577111586249
2025-12-10,ILI incidence,2025-12-14,2,PL,safinea,PRFM,WIS,62.3014421378472,-0.18465823791522856,20,15,0.4919233577640004
2025-12-10,ILI incidence,2025-12-14,2,RO,ECDC,soca_simplex,WIS,12.4403140899971,-0.42519289905235313,10,10,0.0
2025-12-10,ILI incidence,2025-12-14,2,RO,ISI,FluABCaster,WIS,10.3254684587775,-0.15637722543768634,10,8,0.3192548944260558
2025-12-10,ILI incidence,2025-12-14,2,RO,ISI,GLEAM,WIS,8.97108695652174,0.0464753107513707,10,3,0.523710915769756
2025-12-10,ILI incidence,2025-12-14,2,RO,ItaLuxColab,EpiEKF,WIS,7.22333746663299,0.35909253344439385,10,2,0.7875493589358648
2025-12-10,ILI incidence,2025-12-14,2,RO,ItaLuxColab,EpiNetEKF,WIS,5.81599706888584,0.6717315643974956,10,1,1.0
2025-12-10,ILI incidence,2025-12-14,2,RO,NotreDame,Rt_cocirc,WIS,9.98153913043478,-0.10750418640759113,10,6,0.3711741077195381
2025-12-10,ILI incidence,2025-12-14,2,RO,RIVM,KFdlm,WIS,10.3252487609668,-0.1563465284949478,10,7,0.31928805977880076
2025-12-10,ILI incidence,2025-12-14,2,RO,respicast,hubEnsemble,WIS,9.65120788053268,-0.05895140515455985,10,5,0.4210405692504936
2025-12-10,ILI incidence,2025-12-14,2,RO,respicast,quantileBaseline,WIS,9.26478891304347,0.0,10,4,0.47937397422759837
2025-12-10,ILI incidence,2025-12-14,2,RO,safinea,PRFM,WIS,12.0124051452335,-0.3746950272592951,10,9,0.06459668874540327
2025-12-10,ILI incidence,2025-12-14,2,SI,ECDC,SARIMA,WIS,353.242474740834,0.07255252350682434,18,8,0.3640840895535298
2025-12-10,ILI incidence,2025-12-14,2,SI,ECDC,soca_simplex,WIS,328.975191748416,0.175232556700348,18,5,0.4241755198732998
2025-12-10,ILI incidence,2025-12-14,2,SI,ISI,FluABCaster,WIS,404.527934052072,-0.12302797906352271,18,13,0.23708937796667676
2025-12-10,ILI incidence,2025-12-14,2,SI,ISI,FluBcast,WIS,335.550056401155,0.14668335049614017,18,6,0.4078946275597505
2025-12-10,ILI incidence,2025-12-14,2,SI,ISI,LSTFlu,WIS,258.202782236763,0.5247068037740664,18,3,0.5994244472485017
2025-12-10,ILI incidence,2025-12-14,2,SI,ItaLuxColab,EpiEKF,WIS,245.304219550084,0.5986392997797086,18,2,0.6313642849779223
2025-12-10,ILI incidence,2025-12-14,2,SI,ItaLuxColab,EpiNetEKF,WIS,289.844623560041,0.35793162535805695,18,4,0.5210718972880859
2025-12-10,ILI incidence,2025-12-14,2,SI,MRC_GIDA,NBEATS,WIS,500.273949731795,-0.4295069801506773,18,18,0.0
2025-12-10,ILI incidence,2025-12-14,2,SI,MRC_GIDA,NHiTS,WIS,497.546575983673,-0.42162023443094354,18,17,0.006753611007563205
2025-12-10,ILI incidence,2025-12-14,2,SI,MRC_GIDA,Prophet,WIS,466.463731460489,-0.3285535627429447,18,15,0.08372195502814167
2025-12-10,ILI incidence,2025-12-14,2,SI,MRC_GIDA,TiDE,WIS,494.305666027086,-0.4121920934948946,18,16,0.014778856968956804
2025-12-10,ILI incidence,2025-12-14,2,SI,NotreDame,Rt_cocirc,WIS,416.057163043478,-0.1635704070388274,18,14,0.2085403285821945
2025-12-10,ILI incidence,2025-12-14,2,SI,QMUL,ARIMA,WIS,339.221802964385,0.13098245020454952,18,7,0.3988025300709164
2025-12-10,ILI incidence,2025-12-14,2,SI,QMUL,SEIR_agumented,WIS,359.321608935215,0.047935651157358566,18,9,0.3490307410200201
2025-12-10,ILI incidence,2025-12-14,2,SI,RIVM,KFdlm,WIS,96.4346191769683,1.945588290773464,18,1,1.0
2025-12-10,ILI incidence,2025-12-14,2,SI,respicast,hubEnsemble,WIS,361.086133841474,0.040868330051897446,18,10,0.3446613674282138
2025-12-10,ILI incidence,2025-12-14,2,SI,respicast,quantileBaseline,WIS,371.461154782609,0.0,18,11,0.31897040531493726
2025-12-10,ILI incidence,2025-12-14,2,SI,safinea,PRFM,WIS,399.481604620236,-0.10491772116723813,18,12,0.24958526197307837
2025-12-10,ILI incidence,2025-12-21,3,AT,ECDC,SARIMA,WIS,1302.46451365983,-0.353535341319526,14,8,0.46589215423933583
2025-12-10,ILI incidence,2025-12-21,3,AT,ECDC,soca_simplex,WIS,1376.69997248188,-0.433505459022659,14,10,0.42428573337604975
2025-12-10,ILI incidence,2025-12-21,3,AT,ISI,FluABCaster,WIS,349.492828813778,1.5443739661307145,14,1,1.0
2025-12-10,ILI incidence,2025-12-21,3,AT,ISI,LSTFlu,WIS,490.303928071752,1.0559604997848135,14,2,0.9210802229700905
2025-12-10,ILI incidence,2025-12-21,3,AT,ItaLuxColab,EpiEKF,WIS,914.351216193418,0.15688838678662395,14,5,0.6834163058140391
2025-12-10,ILI incidence,2025-12-21,3,AT,ItaLuxColab,EpiNetEKF,WIS,745.399814264568,0.45162236002899037,14,3,0.7781077544241202
2025-12-10,ILI incidence,2025-12-21,3,AT,NotreDame,Rt_cocirc,WIS,1842.22951956522,-0.8537440902939374,14,11,0.16337243712130575
2025-12-10,ILI incidence,2025-12-21,3,AT,QMUL,ARIMA,WIS,2097.62429311192,-1.0410475742573346,14,13,0.020232452495637952
2025-12-10,ILI incidence,2025-12-21,3,AT,QMUL,SEIR,WIS,1855.58334219998,-0.8641640753835316,14,12,0.1558880789252132
2025-12-10,ILI incidence,2025-12-21,3,AT,QMUL,SEIR_agumented,WIS,2133.72365861717,-1.0656646181870881,14,14,0.0
2025-12-10,ILI incidence,2025-12-21,3,AT,RIVM,KFdlm,WIS,1375.42331420521,-0.4321669806879981,14,9,0.4250012564212437
2025-12-10,ILI incidence,2025-12-21,3,AT,respicast,hubEnsemble,WIS,1234.67393837277,-0.27642137004016887,14,7,0.503886439594516
2025-12-10,ILI incidence,2025-12-21,3,AT,respicast,quantileBaseline,WIS,1019.39185043478,0.0,14,6,0.6245446438705358
2025-12-10,ILI incidence,2025-12-21,3,AT,safinea,PRFM,WIS,799.178506728494,0.35111903609718415,14,4,0.7479666473623999
2025-12-10,ILI incidence,2025-12-21,3,BE,ECDC,soca_simplex,WIS,31.9164333439702,-0.08639987493423854,10,6,0.893582522953707
2025-12-10,ILI incidence,2025-12-21,3,BE,ISI,FluABCaster,WIS,20.2735500711483,0.568300825601395,10,3,0.9655120065154972
2025-12-10,ILI incidence,2025-12-21,3,BE,ISI,FluBcast,WIS,14.691142655294,1.0329529537671776,10,1,1.0
2025-12-10,ILI incidence,2025-12-21,3,BE,ItaLuxColab,EpiEKF,WIS,32.7680262032404,-0.12438920940812775,10,7,0.888321400503463
2025-12-10,ILI incidence,2025-12-21,3,BE,ItaLuxColab,EpiNetEKF,WIS,94.2796115160756,-1.6490462491955238,10,9,0.5083041435283472
2025-12-10,ILI incidence,2025-12-21,3,BE,NotreDame,Rt_cocirc,WIS,176.556384782609,-2.5541575241904275,10,10,0.0
2025-12-10,ILI incidence,2025-12-21,3,BE,RIVM,KFdlm,WIS,20.7118020899177,0.5374464798551539,10,4,0.9628044949274027
2025-12-10,ILI incidence,2025-12-21,3,BE,respicast,hubEnsemble,WIS,18.0659755551468,0.7346244029021846,10,2,0.9791503546067145
2025-12-10,ILI incidence,2025-12-21,3,BE,respicast,quantileBaseline,WIS,30.0611367391304,0.0,10,5,0.9050445056527506
2025-12-10,ILI incidence,2025-12-21,3,BE,safinea,PRFM,WIS,39.5821729704745,-0.3969512505002778,10,8,0.8462237476801692
2025-12-10,ILI incidence,2025-12-21,3,CH,ItaLuxColab,EpiEKF,WIS,79.2286015437886,0.5510674187469048,5,3,0.45623885121384505
2025-12-10,ILI incidence,2025-12-21,3,CH,ItaLuxColab,EpiNetEKF,WIS,24.3024238522112,2.255988545166939,5,1,1.0
2025-12-10,ILI incidence,2025-12-21,3,CH,respicast,hubEnsemble,WIS,79.1995909925591,0.5515957764614002,5,2,0.45652605144015707
2025-12-10,ILI incidence,2025-12-21,3,CH,respicast,quantileBaseline,WIS,116.083317992094,0.0,5,4,0.09138253321828965
2025-12-10,ILI incidence,2025-12-21,3,CH,safinea,PRFM,WIS,125.314012882045,-0.11038708749518641,5,5,0.0
2025-12-10,ILI incidence,2025-12-21,3,CZ,ECDC,SARIMA,WIS,34.423429990205,0.31514883410713235,16,5,0.6278819906267639
2025-12-10,ILI incidence,2025-12-21,3,CZ,ECDC,soca_simplex,WIS,44.1803255944976,-0.04486436047850631,16,10,0.3446254996113217
2025-12-10,ILI incidence,2025-12-21,3,CZ,ISI,FluABCaster,WIS,56.0511039488815,-0.388203097322876,16,16,0.0
2025-12-10,ILI incidence,2025-12-21,3,CZ,ISI,FluBcast,WIS,50.0076761134418,-0.223609873260764,16,14,0.17544926499147565
2025-12-10,ILI incidence,2025-12-21,3,CZ,ISI,GLEAM,WIS,44.5127652173913,-0.055679436083251176,16,11,0.33497430676531686
2025-12-10,ILI incidence,2025-12-21,3,CZ,ISI,LSTFlu,WIS,33.3233565863503,0.3620059630110457,16,4,0.6598186787776757
2025-12-10,ILI incidence,2025-12-21,3,CZ,ItaLuxColab,EpiEKF,WIS,33.1700704157485,0.36865761565949556,16,3,0.6642687932984008
2025-12-10,ILI incidence,2025-12-21,3,CZ,ItaLuxColab,EpiNetEKF,WIS,25.430114536734,0.7520017305301072,16,2,0.8889706689584655
2025-12-10,ILI incidence,2025-12-21,3,CZ,NotreDame,Rt_cocirc,WIS,46.3251347826087,-0.11325548332556502,16,13,0.2823586527410178
2025-12-10,ILI incidence,2025-12-21,3,CZ,QMUL,ARIMA,WIS,38.0530312985267,0.1705283072747319,16,6,0.5225095266713291
2025-12-10,ILI incidence,2025-12-21,3,CZ,QMUL,SEIR,WIS,21.6056599298751,0.9871303927241898,16,1,1.0
2025-12-10,ILI incidence,2025-12-21,3,CZ,QMUL,SEIR_agumented,WIS,40.8386240568801,0.06860543097913965,16,7,0.4416398256793384
2025-12-10,ILI incidence,2025-12-21,3,CZ,RIVM,KFdlm,WIS,45.1858619735455,-0.0773317536298393,16,12,0.3154333551148519
2025-12-10,ILI incidence,2025-12-21,3,CZ,respicast,hubEnsemble,WIS,42.2900709049443,0.018220711203353838,16,8,0.3995022690473694
2025-12-10,ILI incidence,2025-12-21,3,CZ,respicast,quantileBaseline,WIS,42.8275660869565,0.0,16,9,0.38389802304851917
2025-12-10,ILI incidence,2025-12-21,3,CZ,safinea,PRFM,WIS,52.278527701463,-0.28767882123941785,16,15,0.10952322882924245
2025-12-10,ILI incidence,2025-12-21,3,ES,ECDC,SARIMA,WIS,86.3281178981283,0.3762069107040635,15,12,0.2597689738610354
2025-12-10,ILI incidence,2025-12-21,3,ES,ECDC,soca_simplex,WIS,52.0979634406038,1.1048104690259115,15,5,0.6054989694790892
2025-12-10,ILI incidence,2025-12-21,3,ES,ISI,FluABCaster,WIS,24.897963282613,2.1700097153401887,15,2,0.8802232903144589
2025-12-10,ILI incidence,2025-12-21,3,ES,ISI,FluBcast,WIS,77.1182278075484,0.5389655477727009,15,11,0.35279032626568424
2025-12-10,ILI incidence,2025-12-21,3,ES,ISI,GLEAM,WIS,13.0390695652174,3.1031965200985803,15,1,1.0
2025-12-10,ILI incidence,2025-12-21,3,ES,ISI,LSTFlu,WIS,69.8584591772885,0.6816026238028999,15,10,0.42611514225044256
2025-12-10,ILI incidence,2025-12-21,3,ES,ItaLuxColab,EpiEKF,WIS,33.9632774705645,1.7220617600108576,15,3,0.7886621774843704
2025-12-10,ILI incidence,2025-12-21,3,ES,ItaLuxColab,EpiNetEKF,WIS,58.179698478154,0.94552162674536,15,8,0.5440724798472204
2025-12-10,ILI incidence,2025-12-21,3,ES,QMUL,ARIMA,WIS,104.397900981086,0.10201664596478965,15,14,0.07726129532156956
2025-12-10,ILI incidence,2025-12-21,3,ES,QMUL,SEIR,WIS,56.9048606125629,0.9774855585791228,15,7,0.5569485447283024
2025-12-10,ILI incidence,2025-12-21,3,ES,QMUL,SEIR_agumented,WIS,103.197943744573,0.11869512657067927,15,13,0.0893810539582501
2025-12-10,ILI incidence,2025-12-21,3,ES,RIVM,KFdlm,WIS,38.7651748011779,1.5312762759146377,15,4,0.7401622519251279
2025-12-10,ILI incidence,2025-12-21,3,ES,respicast,hubEnsemble,WIS,61.2237665698036,0.8719456421319614,15,9,0.5133269087370168
2025-12-10,ILI incidence,2025-12-21,3,ES,respicast,quantileBaseline,WIS,112.047413913043,0.0,15,15,0.0
2025-12-10,ILI incidence,2025-12-21,3,ES,safinea,PRFM,WIS,52.9889740652963,1.0803452510783127,15,6,0.5964996206811506
2025-12-10,ILI incidence,2025-12-21,3,FI,ECDC,SARIMA,WIS,52.0784312699223,0.40406697967152116,15,11,0.3197627038697291
2025-12-10,ILI incidence,2025-12-21,3,FI,ECDC,soca_simplex,WIS,41.4037856700809,0.7349902877040403,15,7,0.4926935708117874
2025-12-10,ILI incidence,2025-12-21,3,FI,ISI,FluABCaster,WIS,29.5546381435066,1.2213684144653707,15,3,0.6846515459154559
2025-12-10,ILI incidence,2025-12-21,3,FI,ISI,FluBcast,WIS,42.5195400073488,0.6966269819900526,15,9,0.47461818245032583
2025-12-10,ILI incidence,2025-12-21,3,FI,ISI,GLEAM,WIS,10.0888652173913,2.7719890602331296,15,1,1.0
2025-12-10,ILI incidence,2025-12-21,3,FI,ISI,LSTFlu,WIS,51.5979205102622,0.41744004772204185,15,10,0.327547050569187
2025-12-10,ILI incidence,2025-12-21,3,FI,ItaLuxColab,EpiEKF,WIS,35.0649427649294,0.9747235981557805,15,6,0.5953837808749347
2025-12-10,ILI incidence,2025-12-21,3,FI,ItaLuxColab,EpiNetEKF,WIS,32.6365129085718,1.0782660524343461,15,5,0.6347247104111937
2025-12-10,ILI incidence,2025-12-21,3,FI,QMUL,ARIMA,WIS,66.5353607288259,0.05063169552039461,15,13,0.08555826857816978
2025-12-10,ILI incidence,2025-12-21,3,FI,QMUL,SEIR,WIS,32.0277134109207,1.1054321694100988,15,4,0.6445873539938771
2025-12-10,ILI incidence,2025-12-21,3,FI,QMUL,SEIR_agumented,WIS,71.8166862166234,-0.05956611402878251,15,15,0.0
2025-12-10,ILI incidence,2025-12-21,3,FI,RIVM,KFdlm,WIS,26.4012474714481,1.3841468720983,15,2,0.735736949887479
2025-12-10,ILI incidence,2025-12-21,3,FI,respicast,hubEnsemble,WIS,42.2030481696333,0.7074057681092563,15,8,0.47974539790345905
2025-12-10,ILI incidence,2025-12-21,3,FI,respicast,quantileBaseline,WIS,68.911892173913,0.0,15,14,0.04705810112342259
2025-12-10,ILI incidence,2025-12-21,3,FI,safinea,PRFM,WIS,65.0747102488839,0.08265598840489281,15,12,0.10922102641243993
2025-12-10,ILI incidence,2025-12-21,3,FR,ECDC,SARIMA,WIS,146.442518445377,0.1723113833258202,16,12,0.16343611667541275
2025-12-10,ILI incidence,2025-12-21,3,FR,ECDC,soca_simplex,WIS,170.021759421942,-0.0430735215617724,16,16,0.0
2025-12-10,ILI incidence,2025-12-21,3,FR,ISI,FluABCaster,WIS,68.7652804980977,1.262893634053121,16,8,0.701844716714445
2025-12-10,ILI incidence,2025-12-21,3,FR,ISI,FluBcast,WIS,56.4249796891851,1.548239973828551,16,5,0.7873797364726994
2025-12-10,ILI incidence,2025-12-21,3,FR,ISI,GLEAM,WIS,25.749847826087,2.6800100615071485,16,1,1.0
2025-12-10,ILI incidence,2025-12-21,3,FR,ISI,LSTFlu,WIS,44.3990257237385,1.8940459489899106,16,2,0.8707359063079934
2025-12-10,ILI incidence,2025-12-21,3,FR,ItaLuxColab,EpiEKF,WIS,59.2568152293213,1.4775928775134433,16,6,0.7677512758193955
2025-12-10,ILI incidence,2025-12-21,3,FR,ItaLuxColab,EpiNetEKF,WIS,48.5561840721986,1.7649189202344908,16,3,0.8419211612722068
2025-12-10,ILI incidence,2025-12-21,3,FR,NotreDame,Rt_cocirc,WIS,55.0465173913044,1.5839226757351816,16,4,0.7969343495822987
2025-12-10,ILI incidence,2025-12-21,3,FR,QMUL,ARIMA,WIS,167.143160026094,-0.018438443931529543,16,15,0.01995259759163476
2025-12-10,ILI incidence,2025-12-21,3,FR,QMUL,SEIR,WIS,128.466628885527,0.3612522264178719,16,11,0.2880334091144662
2025-12-10,ILI incidence,2025-12-21,3,FR,QMUL,SEIR_agumented,WIS,160.419130576839,0.0407996742523198,16,13,0.06655924038771029
2025-12-10,ILI incidence,2025-12-21,3,FR,RIVM,KFdlm,WIS,105.12416480841,0.6505515344569166,16,10,0.44982834077452216
2025-12-10,ILI incidence,2025-12-21,3,FR,respicast,hubEnsemble,WIS,70.3283968584388,1.230466636602095,16,9,0.6910102005355798
2025-12-10,ILI incidence,2025-12-21,3,FR,respicast,quantileBaseline,WIS,165.020570434783,0.0,16,14,0.03466502198410383
2025-12-10,ILI incidence,2025-12-21,3,FR,safinea,PRFM,WIS,63.6961731479342,1.3733672696465693,16,7,0.7369805050608519
2025-12-10,ILI incidence,2025-12-21,3,GB-NIR,ECDC,soca_simplex,WIS,32.2076095401219,-0.27551273351560374,9,8,0.17678155544548602
2025-12-10,ILI incidence,2025-12-21,3,GB-NIR,ISI,FluABCaster,WIS,4.20382655628935,2.662113801693786,9,1,1.0
2025-12-10,ILI incidence,2025-12-21,3,GB-NIR,ISI,FluBcast,WIS,12.6130858079634,1.0769675777752497,9,3,0.7527956374674296
2025-12-10,ILI incidence,2025-12-21,3,GB-NIR,ISI,GLEAM,WIS,18.2338502227807,0.5452696237559675,9,6,0.5875637849907611
2025-12-10,ILI incidence,2025-12-21,3,GB-NIR,ItaLuxColab,EpiEKF,WIS,14.6783622561182,0.8581978459458495,9,5,0.6920833520520403
2025-12-10,ILI incidence,2025-12-21,3,GB-NIR,RIVM,KFdlm,WIS,12.3963866366343,1.1019691962343718,9,2,0.7591658751906967
2025-12-10,ILI incidence,2025-12-21,3,GB-NIR,respicast,hubEnsemble,WIS,12.7183111674057,1.0649817423659598,9,4,0.7497023605063208
2025-12-10,ILI incidence,2025-12-21,3,GB-NIR,respicast,quantileBaseline,WIS,26.6085308044934,0.0,9,7,0.3413759207976036
2025-12-10,ILI incidence,2025-12-21,3,GB-NIR,safinea,PRFM,WIS,38.2212652678173,-0.5224866838892315,9,9,0.0
2025-12-10,ILI incidence,2025-12-21,3,GB-SCT,ECDC,soca_simplex,WIS,42.0057464628377,-0.44022718114652926,9,9,0.0
2025-12-10,ILI incidence,2025-12-21,3,GB-SCT,ISI,FluABCaster,WIS,11.2303521544965,1.4629563559682786,9,2,0.9609216717233066
2025-12-10,ILI incidence,2025-12-21,3,GB-SCT,ISI,FluBcast,WIS,27.2812762110416,0.18244838872116245,9,6,0.45975243819251793
2025-12-10,ILI incidence,2025-12-21,3,GB-SCT,ISI,GLEAM,WIS,9.97879232707663,1.6334223929839167,9,1,1.0
2025-12-10,ILI incidence,2025-12-21,3,GB-SCT,ItaLuxColab,EpiEKF,WIS,24.0062388252731,0.36695013636993296,9,5,0.5620112222119328
2025-12-10,ILI incidence,2025-12-21,3,GB-SCT,RIVM,KFdlm,WIS,17.1822280035746,0.8494424020279826,9,3,0.7750820872330576
2025-12-10,ILI incidence,2025-12-21,3,GB-SCT,respicast,hubEnsemble,WIS,22.6817668874904,0.4488264943700446,9,4,0.6033661363310936
2025-12-10,ILI incidence,2025-12-21,3,GB-SCT,respicast,quantileBaseline,WIS,30.9590139808461,0.0,9,7,0.34491985829076693
2025-12-10,ILI incidence,2025-12-21,3,GB-SCT,safinea,PRFM,WIS,40.4130536493199,-0.38446184350658874,9,8,0.04972976221111862
2025-12-10,ILI incidence,2025-12-21,3,GB-WLS,ECDC,soca_simplex,WIS,5.84444558978749,0.4627118374015911,6,4,0.6209523690538857
2025-12-10,ILI incidence,2025-12-21,3,GB-WLS,ItaLuxColab,EpiEKF,WIS,5.51896053452015,0.5453814440780185,6,2,0.7124068624381459
2025-12-10,ILI incidence,2025-12-21,3,GB-WLS,RIVM,KFdlm,WIS,4.49542123306098,0.8413217066114601,6,1,1.0
2025-12-10,ILI incidence,2025-12-21,3,GB-WLS,respicast,hubEnsemble,WIS,5.53317426775726,0.5416706508012537,6,3,0.7084131006624133
2025-12-10,ILI incidence,2025-12-21,3,GB-WLS,respicast,quantileBaseline,WIS,8.05440497702821,0.0,6,6,0.0
2025-12-10,ILI incidence,2025-12-21,3,GB-WLS,safinea,PRFM,WIS,7.26241412399057,0.14932881393699232,6,5,0.2225328661250922
2025-12-10,ILI incidence,2025-12-21,3,GR,ECDC,SARIMA,WIS,270.898319919307,0.10689926931386746,20,7,0.5915439177368196
2025-12-10,ILI incidence,2025-12-21,3,GR,ECDC,soca_simplex,WIS,403.133141876262,-0.4666056776495552,20,15,0.37726553356895626
2025-12-10,ILI incidence,2025-12-21,3,GR,ISI,FluABCaster,WIS,440.750434651867,-0.5953112768286186,20,17,0.31630902760905144
2025-12-10,ILI incidence,2025-12-21,3,GR,ISI,FluBcast,WIS,221.202928697479,0.3992802286599897,20,6,0.6720722382957528
2025-12-10,ILI incidence,2025-12-21,3,GR,ISI,GLEAM,WIS,635.950095652174,-1.1242628431726365,20,20,0.0
2025-12-10,ILI incidence,2025-12-21,3,GR,ISI,LSTFlu,WIS,71.9572905532811,2.019437945301043,20,2,0.9139156023383233
2025-12-10,ILI incidence,2025-12-21,3,GR,ItaLuxColab,EpiEKF,WIS,271.886793931641,0.10164463687922105,20,8,0.5899421564834654
2025-12-10,ILI incidence,2025-12-21,3,GR,ItaLuxColab,EpiNetEKF,WIS,128.2922527118,1.1852166635865338,20,4,0.8226282660312906
2025-12-10,ILI incidence,2025-12-21,3,GR,MRC_GIDA,NBEATS,WIS,410.944474503075,-0.49429275930658606,20,16,0.3646077501749872
2025-12-10,ILI incidence,2025-12-21,3,GR,MRC_GIDA,NHiTS,WIS,341.165528644484,-0.22582116870290894,20,13,0.47768023400517606
2025-12-10,ILI incidence,2025-12-21,3,GR,MRC_GIDA,Prophet,WIS,90.5996678289478,1.6870730494967305,20,3,0.8837067782134805
2025-12-10,ILI incidence,2025-12-21,3,GR,MRC_GIDA,TiDE,WIS,281.350000792378,0.05228474799173019,20,10,0.5746076126382365
2025-12-10,ILI incidence,2025-12-21,3,GR,NotreDame,Rt_cocirc,WIS,18.83315,3.9533044875333996,20,1,1.0
2025-12-10,ILI incidence,2025-12-21,3,GR,QMUL,ARIMA,WIS,273.992993995443,0.09051171152457509,20,9,0.5865291890084333
2025-12-10,ILI incidence,2025-12-21,3,GR,QMUL,SEIR,WIS,501.730265771712,-0.7822612526733238,20,18,0.2174949672442027
2025-12-10,ILI incidence,2025-12-21,3,GR,QMUL,SEIR_agumented,WIS,380.563124139855,-0.3834850584632473,20,14,0.4138388571430721
2025-12-10,ILI incidence,2025-12-21,3,GR,RIVM,KFdlm,WIS,213.158380314276,0.4527249395283463,20,5,0.6851079334583634
2025-12-10,ILI incidence,2025-12-21,3,GR,respicast,hubEnsemble,WIS,292.04113418073,-0.001520872487257048,20,12,0.5572832894873732
2025-12-10,ILI incidence,2025-12-21,3,GR,respicast,quantileBaseline,WIS,291.73343,0.0,20,11,0.5577819051596504
2025-12-10,ILI incidence,2025-12-21,3,GR,safinea,PRFM,WIS,541.845429817839,-0.8932306426987637,20,19,0.15249081474319992
2025-12-10,ILI incidence,2025-12-21,3,HR,ECDC,SARIMA,WIS,209.589608441923,0.02097933111132746,16,14,0.07646594099847256
2025-12-10,ILI incidence,2025-12-21,3,HR,ECDC,soca_simplex,WIS,185.775802205207,0.19498392114249086,16,11,0.2495005904252275
2025-12-10,ILI incidence,2025-12-21,3,HR,ISI,FluABCaster,WIS,158.468687725419,0.4243487178692148,16,4,0.44791813585655293
2025-12-10,ILI incidence,2025-12-21,3,HR,ISI,FluBcast,WIS,191.726832167872,0.14949426392554524,16,12,0.20625952374810735
2025-12-10,ILI incidence,2025-12-21,3,HR,ISI,GLEAM,WIS,82.4887,1.3662781147806788,16,1,1.0
2025-12-10,ILI incidence,2025-12-21,3,HR,ISI,LSTFlu,WIS,180.786153431096,0.23426233549990888,16,10,0.2857561187439123
2025-12-10,ILI incidence,2025-12-21,3,HR,ItaLuxColab,EpiEKF,WIS,155.803422651357,0.4488195936966412,16,3,0.46728434733637253
2025-12-10,ILI incidence,2025-12-21,3,HR,ItaLuxColab,EpiNetEKF,WIS,163.428732925392,0.3798848696274608,16,6,0.4118777114999068
2025-12-10,ILI incidence,2025-12-21,3,HR,NotreDame,Rt_cocirc,WIS,165.606010869565,0.3607914820737975,16,7,0.39605728690966563
2025-12-10,ILI incidence,2025-12-21,3,HR,QMUL,ARIMA,WIS,220.113194952939,-0.04969911171408794,16,16,0.0
2025-12-10,ILI incidence,2025-12-21,3,HR,QMUL,SEIR,WIS,158.7592609323,0.4217057688882271,16,5,0.44580678782232125
2025-12-10,ILI incidence,2025-12-21,3,HR,QMUL,SEIR_agumented,WIS,206.901447678566,0.03960278052029074,16,13,0.09599851595379728
2025-12-10,ILI incidence,2025-12-21,3,HR,RIVM,KFdlm,WIS,85.3734445978916,1.3166872256392865,16,2,0.9790390177353382
2025-12-10,ILI incidence,2025-12-21,3,HR,respicast,hubEnsemble,WIS,174.827657605959,0.2826130840343626,16,8,0.32905143348548166
2025-12-10,ILI incidence,2025-12-21,3,HR,respicast,quantileBaseline,WIS,212.659679130435,0.0,16,15,0.054158351862092294
2025-12-10,ILI incidence,2025-12-21,3,HR,safinea,PRFM,WIS,180.10048455932,0.2397444574028431,16,9,0.29073829050054967
2025-12-10,ILI incidence,2025-12-21,3,HU,ECDC,SARIMA,WIS,93.4459010719619,0.36874821552933595,16,9,0.5396172549216733
2025-12-10,ILI incidence,2025-12-21,3,HU,ECDC,soca_simplex,WIS,194.766201334061,-0.6907918383376442,16,16,0.0
2025-12-10,ILI incidence,2025-12-21,3,HU,ISI,FluABCaster,WIS,22.3105535103587,2.4351532918953245,16,2,0.9184738204844825
2025-12-10,ILI incidence,2025-12-21,3,HU,ISI,FluBcast,WIS,57.7268363818146,1.0636374351127742,16,7,0.7298518237751671
2025-12-10,ILI incidence,2025-12-21,3,HU,ISI,GLEAM,WIS,44.9876956521739,1.4233491267830363,16,4,0.7976986435418575
2025-12-10,ILI incidence,2025-12-21,3,HU,ISI,LSTFlu,WIS,22.7709640807314,2.405684224427641,16,3,0.91602174042275
2025-12-10,ILI incidence,2025-12-21,3,HU,ItaLuxColab,EpiEKF,WIS,81.4792541364629,0.5664468243588434,16,8,0.6033498845452192
2025-12-10,ILI incidence,2025-12-21,3,HU,ItaLuxColab,EpiNetEKF,WIS,46.0562653856321,1.389482167754114,16,5,0.792007595797531
2025-12-10,ILI incidence,2025-12-21,3,HU,NotreDame,Rt_cocirc,WIS,152.779323913043,-0.340497808948336,16,15,0.22361603230599364
2025-12-10,ILI incidence,2025-12-21,3,HU,QMUL,ARIMA,WIS,138.921889508019,-0.20332243502538783,16,13,0.2974187223350655
2025-12-10,ILI incidence,2025-12-21,3,HU,QMUL,SEIR,WIS,114.177021677964,0.07967916830790378,16,11,0.4292063070274963
2025-12-10,ILI incidence,2025-12-21,3,HU,QMUL,SEIR_agumented,WIS,150.357678618072,-0.3174470434413973,16,14,0.23651336465781117
2025-12-10,ILI incidence,2025-12-21,3,HU,RIVM,KFdlm,WIS,103.170366441785,0.22592285747232868,16,10,0.4878261598018363
2025-12-10,ILI incidence,2025-12-21,3,HU,respicast,hubEnsemble,WIS,53.867783795773,1.163456886564465,16,6,0.7504045793206134
2025-12-10,ILI incidence,2025-12-21,3,HU,respicast,quantileBaseline,WIS,120.660335869565,0.0,16,12,0.39467711398507155
2025-12-10,ILI incidence,2025-12-21,3,HU,safinea,PRFM,WIS,7.00293146455695,4.106848724783374,16,1,1.0
2025-12-10,ILI incidence,2025-12-21,3,IE,ECDC,SARIMA,WIS,50.7210678997189,-0.43100687508716146,20,14,0.6054493882486742
2025-12-10,ILI incidence,2025-12-21,3,IE,ECDC,soca_simplex,WIS,32.8826110144909,0.1942533862484819,20,7,0.7638486149738932
2025-12-10,ILI incidence,2025-12-21,3,IE,ISI,FluABCaster,WIS,8.60769207870745,2.1278798710519156,20,2,0.979401362220188
2025-12-10,ILI incidence,2025-12-21,3,IE,ISI,FluBcast,WIS,6.2879338353984,2.5809203036611534,20,1,1.0
2025-12-10,ILI incidence,2025-12-21,3,IE,ISI,GLEAM,WIS,118.905004347826,-1.6601592841354236,20,20,0.0
2025-12-10,ILI incidence,2025-12-21,3,IE,ISI,LSTFlu,WIS,9.82736662429762,1.9367014619022258,20,3,0.9685710809844886
2025-12-10,ILI incidence,2025-12-21,3,IE,ItaLuxColab,EpiEKF,WIS,15.489456394967,1.280291732338464,20,4,0.9182937141083493
2025-12-10,ILI incidence,2025-12-21,3,IE,ItaLuxColab,EpiNetEKF,WIS,20.946239453957,0.8448869902627628,20,6,0.8698393986643347
2025-12-10,ILI incidence,2025-12-21,3,IE,MRC_GIDA,NBEATS,WIS,76.995366865202,-1.033193389662426,20,19,0.3721428491429206
2025-12-10,ILI incidence,2025-12-21,3,IE,MRC_GIDA,NHiTS,WIS,75.5018829196854,-1.004934378108537,20,18,0.3854044616029232
2025-12-10,ILI incidence,2025-12-21,3,IE,MRC_GIDA,Prophet,WIS,55.5940112322436,-0.5633512337821144,20,16,0.5621793643495269
2025-12-10,ILI incidence,2025-12-21,3,IE,MRC_GIDA,TiDE,WIS,74.0479445315744,-0.976881443119512,20,17,0.39831492341386643
2025-12-10,ILI incidence,2025-12-21,3,IE,NotreDame,Rt_cocirc,WIS,44.872897826087,-0.2542661084241738,20,12,0.6573790828058288
2025-12-10,ILI incidence,2025-12-21,3,IE,QMUL,ARIMA,WIS,50.8599093117118,-0.4349506438278305,20,15,0.6042165253144748
2025-12-10,ILI incidence,2025-12-21,3,IE,QMUL,SEIR,WIS,20.1467624776051,0.9010302249837382,20,5,0.8769384731893081
2025-12-10,ILI incidence,2025-12-21,3,IE,QMUL,SEIR_agumented,WIS,49.6682337869545,-0.4007451994088231,20,13,0.6147981850871448
2025-12-10,ILI incidence,2025-12-21,3,IE,RIVM,KFdlm,WIS,38.3453707018121,-0.027474171142962966,20,11,0.7153412291711488
2025-12-10,ILI incidence,2025-12-21,3,IE,respicast,hubEnsemble,WIS,34.8254617912464,0.11143576241086132,20,9,0.7465967830099185
2025-12-10,ILI incidence,2025-12-21,3,IE,respicast,quantileBaseline,WIS,37.6220443478261,0.0,20,10,0.721764112937302
2025-12-10,ILI incidence,2025-12-21,3,IE,safinea,PRFM,WIS,34.5406468685044,0.12328314418548926,20,8,0.7491258394082607
2025-12-10,ILI incidence,2025-12-21,3,IS,ECDC,SARIMA,WIS,16.4696265492666,-2.2547188277296883,16,10,0.7709358367364464
2025-12-10,ILI incidence,2025-12-21,3,IS,ECDC,soca_simplex,WIS,3.73778060296682,-0.11516478018293383,16,7,0.969708114300825
2025-12-10,ILI incidence,2025-12-21,3,IS,ISI,FluABCaster,WIS,22.4169408586297,-2.6995003989013013,16,14,0.6780851051418741
2025-12-10,ILI incidence,2025-12-21,3,IS,ISI,FluBcast,WIS,1.90312319206564,0.8586481568277355,16,3,0.9983511746750499
2025-12-10,ILI incidence,2025-12-21,3,IS,ISI,LSTFlu,WIS,2.70841420518214,0.34956871823285735,16,5,0.985778800688243
2025-12-10,ILI incidence,2025-12-21,3,IS,ItaLuxColab,EpiEKF,WIS,5.56772549048252,-0.6900709734117406,16,8,0.9411386268405642
2025-12-10,ILI incidence,2025-12-21,3,IS,ItaLuxColab,EpiNetEKF,WIS,7.33345185794149,-1.0874753258973842,16,9,0.91357173252723
2025-12-10,ILI incidence,2025-12-21,3,IS,MRC_GIDA,NBEATS,WIS,1.79751193537103,0.9410157592072463,16,1,1.0
2025-12-10,ILI incidence,2025-12-21,3,IS,MRC_GIDA,NHiTS,WIS,18.9292494928155,-2.455528197755156,16,12,0.732535681998405
2025-12-10,ILI incidence,2025-12-21,3,IS,MRC_GIDA,Prophet,WIS,21.7895401338099,-2.6585467344078286,16,13,0.6878802182420461
2025-12-10,ILI incidence,2025-12-21,3,IS,MRC_GIDA,TiDE,WIS,16.7608691951186,-2.2800079526898616,16,11,0.7663888948174151
2025-12-10,ILI incidence,2025-12-21,3,IS,QMUL,ARIMA,WIS,2.21978128491992,0.6365995744958812,16,4,0.9934074414103437
2025-12-10,ILI incidence,2025-12-21,3,IS,RIVM,KFdlm,WIS,65.8499346489769,-4.254092994293554,16,16,0.0
2025-12-10,ILI incidence,2025-12-21,3,IS,respicast,hubEnsemble,WIS,1.90301313675423,0.8587315885486839,16,2,0.998352892881899
2025-12-10,ILI incidence,2025-12-21,3,IS,respicast,quantileBaseline,WIS,3.45100630434783,0.0,16,6,0.9741852954357406
2025-12-10,ILI incidence,2025-12-21,3,IS,safinea,PRFM,WIS,23.4815897677136,-2.7664410717217467,16,15,0.6614635807095477
2025-12-10,ILI incidence,2025-12-21,3,LT,ECDC,SARIMA,WIS,324.466658703241,0.24501083029068244,19,7,0.41031789580031774
2025-12-10,ILI incidence,2025-12-21,3,LT,ECDC,soca_simplex,WIS,274.972240833535,0.4837950866247856,19,5,0.5752525348165274
2025-12-10,ILI incidence,2025-12-21,3,LT,ISI,FluABCaster,WIS,365.360594312613,0.07376002719172543,19,12,0.2740434067167279
2025-12-10,ILI incidence,2025-12-21,3,LT,ISI,FluBcast,WIS,264.958622336577,0.5373139921614404,19,4,0.6086218039811759
2025-12-10,ILI incidence,2025-12-21,3,LT,ISI,LSTFlu,WIS,330.080200279483,0.2202644670706635,19,9,0.39161139326265176
2025-12-10,ILI incidence,2025-12-21,3,LT,ItaLuxColab,EpiEKF,WIS,237.267062249101,0.696569231322381,19,2,0.7009008460106616
2025-12-10,ILI incidence,2025-12-21,3,LT,ItaLuxColab,EpiNetEKF,WIS,250.592482579898,0.6177379322798248,19,3,0.6564953658252995
2025-12-10,ILI incidence,2025-12-21,3,LT,MRC_GIDA,NBEATS,WIS,447.596921183541,-0.21911904392509515,19,19,0.0
2025-12-10,ILI incidence,2025-12-21,3,LT,MRC_GIDA,NHiTS,WIS,444.79410489938,-0.2100565985805093,19,18,0.009340073324507089
2025-12-10,ILI incidence,2025-12-21,3,LT,MRC_GIDA,Prophet,WIS,311.663684368355,0.30309100952821605,19,6,0.45298238285049675
2025-12-10,ILI incidence,2025-12-21,3,LT,MRC_GIDA,TiDE,WIS,425.183063758071,-0.14500306261890697,19,16,0.0746916852959572
2025-12-10,ILI incidence,2025-12-21,3,LT,NotreDame,Rt_cocirc,WIS,328.975867391304,0.2250993123912014,19,8,0.3952914597045891
2025-12-10,ILI incidence,2025-12-21,3,LT,QMUL,ARIMA,WIS,371.795189438293,0.04857296505719653,19,13,0.25260083460559946
2025-12-10,ILI incidence,2025-12-21,3,LT,QMUL,SEIR,WIS,343.367360780036,0.16332816012703727,19,11,0.34733340970340876
2025-12-10,ILI incidence,2025-12-21,3,LT,QMUL,SEIR_agumented,WIS,374.714634187197,0.03728874668307095,19,14,0.24287210990262695
2025-12-10,ILI incidence,2025-12-21,3,LT,RIVM,KFdlm,WIS,147.511880436935,1.3822499166271551,19,1,1.0
2025-12-10,ILI incidence,2025-12-21,3,LT,respicast,hubEnsemble,WIS,342.168109371944,0.16837576422480763,19,10,0.35132978154889716
2025-12-10,ILI incidence,2025-12-21,3,LT,respicast,quantileBaseline,WIS,384.52597826087,0.0,19,15,0.21017689774122592
2025-12-10,ILI incidence,2025-12-21,3,LT,safinea,PRFM,WIS,441.333718988108,-0.19878890821790154,19,17,0.020871424246441162
2025-12-10,ILI incidence,2025-12-21,3,LU,ECDC,SARIMA,WIS,1577.17168665624,-0.13353778583254952,18,7,0.998786099255158
2025-12-10,ILI incidence,2025-12-21,3,LU,ECDC,soca_simplex,WIS,899.071701419412,0.6772938496416147,18,1,1.0
2025-12-10,ILI incidence,2025-12-21,3,LU,ISI,FluABCaster,WIS,1262.60934768496,0.18739359353937457,18,3,0.9993492130523705
2025-12-10,ILI incidence,2025-12-21,3,LU,ISI,LSTFlu,WIS,4583.82221230656,-1.672749158211306,18,16,0.993403743567166
2025-12-10,ILI incidence,2025-12-21,3,LU,ItaLuxColab,EpiEKF,WIS,1325.09993068802,0.11770076798682229,18,5,0.999237345530022
2025-12-10,ILI incidence,2025-12-21,3,LU,ItaLuxColab,EpiNetEKF,WIS,3539.50166278034,-1.2997443224413703,18,13,0.9952732340855606
2025-12-10,ILI incidence,2025-12-21,3,LU,MRC_GIDA,NBEATS,WIS,4863.10484788414,-1.7580757654866181,18,17,0.9929037857339111
2025-12-10,ILI incidence,2025-12-21,3,LU,MRC_GIDA,NHiTS,WIS,4573.05408419431,-1.6693560508490863,18,15,0.9934230201325995
2025-12-10,ILI incidence,2025-12-21,3,LU,MRC_GIDA,Prophet,WIS,1279.16041402611,0.16860473296792913,18,4,0.9993195841595864
2025-12-10,ILI incidence,2025-12-21,3,LU,MRC_GIDA,TiDE,WIS,4044.95473750068,-1.4923216284465026,18,14,0.9943683972219063
2025-12-10,ILI incidence,2025-12-21,3,LU,NotreDame,Rt_cocirc,WIS,2262.49129130435,-0.6541103083038495,18,10,0.9975592743080277
2025-12-10,ILI incidence,2025-12-21,3,LU,QMUL,ARIMA,WIS,2170.65473112216,-0.5943283353778986,18,9,0.9977236755338585
2025-12-10,ILI incidence,2025-12-21,3,LU,QMUL,SEIR,WIS,1861.1092096928,-0.3723607843386954,18,8,0.9982778084747322
2025-12-10,ILI incidence,2025-12-21,3,LU,QMUL,SEIR_agumented,WIS,2921.0194048895,-1.0226700115618201,18,12,0.9963804101508469
2025-12-10,ILI incidence,2025-12-21,3,LU,RIVM,KFdlm,WIS,559511.452588497,-8.604221920935156,18,18,0.0
2025-12-10,ILI incidence,2025-12-21,3,LU,respicast,hubEnsemble,WIS,2471.5907530057,-0.7816379502544633,18,11,0.9971849548893114
2025-12-10,ILI incidence,2025-12-21,3,LU,respicast,quantileBaseline,WIS,1437.73913043478,0.0,18,6,0.9990357044572482
2025-12-10,ILI incidence,2025-12-21,3,LU,safinea,PRFM,WIS,999.508453319531,0.5245112570417181,18,2,0.9998202031402516
2025-12-10,ILI incidence,2025-12-21,3,LV,ECDC,SARIMA,WIS,560.776363764045,0.07851450096009929,15,11,0.13579200011232484
2025-12-10,ILI incidence,2025-12-21,3,LV,ECDC,soca_simplex,WIS,554.778156368447,0.09402905861439229,15,10,0.15030222417259537
2025-12-10,ILI incidence,2025-12-21,3,LV,ISI,FluABCaster,WIS,521.320466291775,0.18376954407079932,15,9,0.23123950218467024
2025-12-10,ILI incidence,2025-12-21,3,LV,ISI,FluBcast,WIS,411.007237718363,0.5267762436767405,15,5,0.49809750789263413
2025-12-10,ILI incidence,2025-12-21,3,LV,ISI,LSTFlu,WIS,492.034972585957,0.26717918097071913,15,7,0.30208384739669436
2025-12-10,ILI incidence,2025-12-21,3,LV,ItaLuxColab,EpiEKF,WIS,374.210699833243,0.6620892329983213,15,4,0.5871117706784065
2025-12-10,ILI incidence,2025-12-21,3,LV,ItaLuxColab,EpiNetEKF,WIS,364.501077770951,0.7000169628737503,15,3,0.6106002535487719
2025-12-10,ILI incidence,2025-12-21,3,LV,NotreDame,Rt_cocirc,WIS,616.909789130435,-0.059119495899750525,15,15,0.0
2025-12-10,ILI incidence,2025-12-21,3,LV,QMUL,ARIMA,WIS,600.145260704393,-0.019371693361730506,15,14,0.04055496045454628
2025-12-10,ILI incidence,2025-12-21,3,LV,QMUL,SEIR,WIS,447.584785817055,0.40377904580722185,15,6,0.40961300185890637
2025-12-10,ILI incidence,2025-12-21,3,LV,QMUL,SEIR_agumented,WIS,600.043554848735,-0.019127180944955767,15,13,0.04080099642104555
2025-12-10,ILI incidence,2025-12-21,3,LV,RIVM,KFdlm,WIS,203.531789543144,1.540685897236974,15,1,1.0
2025-12-10,ILI incidence,2025-12-21,3,LV,respicast,hubEnsemble,WIS,499.586720812208,0.24520491312658257,15,8,0.28381546293068377
2025-12-10,ILI incidence,2025-12-21,3,LV,respicast,quantileBaseline,WIS,592.14071,0.0,15,12,0.05991871641733228
2025-12-10,ILI incidence,2025-12-21,3,LV,safinea,PRFM,WIS,237.252222315548,1.319518442373119,15,2,0.9184271228607476
2025-12-10,ILI incidence,2025-12-21,3,MT,ECDC,SARIMA,WIS,7435.42310006699,-0.3915183649016143,12,8,0.30036636588346916
2025-12-10,ILI incidence,2025-12-21,3,MT,ECDC,soca_simplex,WIS,7819.03845815773,-0.4640947300198885,12,10,0.256116082068668
2025-12-10,ILI incidence,2025-12-21,3,MT,ISI,FluABCaster,WIS,7434.25672342259,-0.3912920351051277,12,7,0.3005009081963904
2025-12-10,ILI incidence,2025-12-21,3,MT,ISI,LSTFlu,WIS,1370.14658778017,2.0485662228523154,12,1,1.0
2025-12-10,ILI incidence,2025-12-21,3,MT,ItaLuxColab,EpiEKF,WIS,6353.76689830498,-0.16471568881916085,12,5,0.42513612003571843
2025-12-10,ILI incidence,2025-12-21,3,MT,ItaLuxColab,EpiNetEKF,WIS,5518.35909464919,0.03865713397233957,12,2,0.521500959537593
2025-12-10,ILI incidence,2025-12-21,3,MT,NotreDame,Rt_cocirc,WIS,6354.17322391304,-0.16480794672001592,12,6,0.4250892501096358
2025-12-10,ILI incidence,2025-12-21,3,MT,QMUL,ARIMA,WIS,8889.37599532158,-0.6491856763958482,12,11,0.13265194332078079
2025-12-10,ILI incidence,2025-12-21,3,MT,RIVM,KFdlm,WIS,5542.38456331917,0.03238965683152062,12,3,0.5187296059277651
2025-12-10,ILI incidence,2025-12-21,3,MT,respicast,hubEnsemble,WIS,7452.61879690255,-0.3948509935646118,12,9,0.2983828309458851
2025-12-10,ILI incidence,2025-12-21,3,MT,respicast,quantileBaseline,WIS,5668.22282608696,0.0,12,4,0.5042140795683666
2025-12-10,ILI incidence,2025-12-21,3,MT,safinea,PRFM,WIS,10039.3646135056,-0.8246995857871824,12,12,0.0
2025-12-10,ILI incidence,2025-12-21,3,NL,ECDC,SARIMA,WIS,2.80002372209703,0.11686052160871259,20,2,0.9295168336025409
2025-12-10,ILI incidence,2025-12-21,3,NL,ECDC,soca_simplex,WIS,1.49906224063543,1.0182392866809096,20,1,1.0
2025-12-10,ILI incidence,2025-12-21,3,NL,ISI,FluABCaster,WIS,5.97757155659461,-0.9772599238262358,20,10,0.7573644402025761
2025-12-10,ILI incidence,2025-12-21,3,NL,ISI,FluBcast,WIS,11.7250588862807,-1.9492236917384804,20,18,0.4459785063389307
2025-12-10,ILI incidence,2025-12-21,3,NL,ISI,GLEAM,WIS,8.91126086956522,-1.5533300040868492,20,14,0.5984237529100922
2025-12-10,ILI incidence,2025-12-21,3,NL,ISI,LSTFlu,WIS,13.1583993059234,-2.115612522049785,20,19,0.36832334687304136
2025-12-10,ILI incidence,2025-12-21,3,NL,ItaLuxColab,EpiEKF,WIS,4.17076268565478,-0.4580116544286269,20,6,0.8552532801978869
2025-12-10,ILI incidence,2025-12-21,3,NL,ItaLuxColab,EpiNetEKF,WIS,10.2149423941767,-1.750309591596967,20,16,0.5277932206938344
2025-12-10,ILI incidence,2025-12-21,3,NL,MRC_GIDA,NBEATS,WIS,6.62778308933235,-1.126226816056875,20,11,0.722137442087295
2025-12-10,ILI incidence,2025-12-21,3,NL,MRC_GIDA,NHiTS,WIS,7.40528264439605,-1.2862552297695187,20,12,0.6800142652719924
2025-12-10,ILI incidence,2025-12-21,3,NL,MRC_GIDA,Prophet,WIS,8.60443997302818,-1.502781724845658,20,13,0.6150466188542413
2025-12-10,ILI incidence,2025-12-21,3,NL,MRC_GIDA,TiDE,WIS,5.21395497756267,-0.7800785537776,20,8,0.7987354686078896
2025-12-10,ILI incidence,2025-12-21,3,NL,NotreDame,Rt_cocirc,WIS,9.38647608695652,-1.6282840649702683,20,15,0.5726776614851831
2025-12-10,ILI incidence,2025-12-21,3,NL,QMUL,ARIMA,WIS,5.25362721652144,-0.7910142627870245,20,9,0.7965861159485401
2025-12-10,ILI incidence,2025-12-21,3,NL,QMUL,SEIR,WIS,19.9568238304794,-2.716510654455965,20,20,0.0
2025-12-10,ILI incidence,2025-12-21,3,NL,QMUL,SEIR_agumented,WIS,11.1965956664675,-1.8826886698094962,20,17,0.4746094547473214
2025-12-10,ILI incidence,2025-12-21,3,NL,RIVM,KFdlm,WIS,3.72527324918978,-0.29504667979532995,20,5,0.8793888956839013
2025-12-10,ILI incidence,2025-12-21,3,NL,respicast,hubEnsemble,WIS,3.13410955379465,-0.04575603905951556,20,4,0.9114168148071174
2025-12-10,ILI incidence,2025-12-21,3,NL,respicast,quantileBaseline,WIS,3.03626891304348,0.0,20,3,0.9167176006188167
2025-12-10,ILI incidence,2025-12-21,3,NL,safinea,PRFM,WIS,4.38215631086871,-0.5293413744694333,20,7,0.8438004491389873
2025-12-10,ILI incidence,2025-12-21,3,NO,ECDC,SARIMA,WIS,78.7373352084638,0.02624392915155775,18,13,0.3261794548331265
2025-12-10,ILI incidence,2025-12-21,3,NO,ECDC,soca_simplex,WIS,66.9682837886,0.25981381955843835,18,10,0.43800290168848366
2025-12-10,ILI incidence,2025-12-21,3,NO,ISI,FluABCaster,WIS,12.8636856701092,2.639987756645106,18,2,0.9520768432911222
2025-12-10,ILI incidence,2025-12-21,3,NO,ISI,FluBcast,WIS,33.8606399231693,1.243682577210608,18,5,0.7525746307271972
2025-12-10,ILI incidence,2025-12-21,3,NO,ISI,GLEAM,WIS,7.8199304347826,3.3580641371588587,18,1,1.0
2025-12-10,ILI incidence,2025-12-21,3,NO,ISI,LSTFlu,WIS,39.1118317984385,1.0356867096888012,18,7,0.7026805182246074
2025-12-10,ILI incidence,2025-12-21,3,NO,ItaLuxColab,EpiEKF,WIS,36.9451720856487,1.1179059673557852,18,6,0.7232669995478063
2025-12-10,ILI incidence,2025-12-21,3,NO,ItaLuxColab,EpiNetEKF,WIS,27.0587540724768,1.5671964042419986,18,3,0.8172026363162764
2025-12-10,ILI incidence,2025-12-21,3,NO,MRC_GIDA,NBEATS,WIS,112.052350623695,-0.48280919296511815,18,17,0.009637388453606505
2025-12-10,ILI incidence,2025-12-21,3,NO,MRC_GIDA,NHiTS,WIS,103.568774133827,-0.3692253767670989,18,16,0.09024394975700596
2025-12-10,ILI incidence,2025-12-21,3,NO,MRC_GIDA,Prophet,WIS,97.1346877911255,-0.2766947730132312,18,15,0.15137731442151242
2025-12-10,ILI incidence,2025-12-21,3,NO,MRC_GIDA,TiDE,WIS,113.066654183935,-0.495809788982419,18,18,0.0
2025-12-10,ILI incidence,2025-12-21,3,NO,NotreDame,Rt_cocirc,WIS,70.9173347826087,0.17715349796181673,18,11,0.40048105917088694
2025-12-10,ILI incidence,2025-12-21,3,NO,QMUL,ARIMA,WIS,76.0218380927581,0.07687790800933861,18,12,0.35198070563669437
2025-12-10,ILI incidence,2025-12-21,3,NO,RIVM,KFdlm,WIS,32.337800921762,1.310070241732896,18,4,0.7670438602400975
2025-12-10,ILI incidence,2025-12-21,3,NO,respicast,hubEnsemble,WIS,62.0833085243016,0.369086372581572,18,8,0.48441741313628295
2025-12-10,ILI incidence,2025-12-21,3,NO,respicast,quantileBaseline,WIS,80.1827454347826,0.0,18,14,0.3124459135424368
2025-12-10,ILI incidence,2025-12-21,3,NO,safinea,PRFM,WIS,64.0517145529866,0.32405462628855114,18,9,0.4657146359042188
2025-12-10,ILI incidence,2025-12-21,3,PL,ECDC,SARIMA,WIS,40.8020380148403,0.2940451179733996,20,5,0.6451729586089183
2025-12-10,ILI incidence,2025-12-21,3,PL,ECDC,soca_simplex,WIS,29.6079690398343,0.7567008007582231,20,4,0.7964464404392535
2025-12-10,ILI incidence,2025-12-21,3,PL,ISI,FluABCaster,WIS,84.5966829015925,-0.7579147623895103,20,19,0.05334451514173479
2025-12-10,ILI incidence,2025-12-21,3,PL,ISI,FluBcast,WIS,21.2627841985216,1.2343558138373356,20,2,0.9092209079078559
2025-12-10,ILI incidence,2025-12-21,3,PL,ISI,GLEAM,WIS,69.1946173913044,-0.4679734828990518,20,14,0.26148367189719424
2025-12-10,ILI incidence,2025-12-21,3,PL,ISI,LSTFlu,WIS,47.3253422794954,0.08007339270001228,20,9,0.557018869925315
2025-12-10,ILI incidence,2025-12-21,3,PL,ItaLuxColab,EpiEKF,WIS,44.8286238116447,0.15826612197432186,20,7,0.5907588170906551
2025-12-10,ILI incidence,2025-12-21,3,PL,ItaLuxColab,EpiNetEKF,WIS,28.2982651751251,0.8219727215643681,20,3,0.8141454080107037
2025-12-10,ILI incidence,2025-12-21,3,PL,MRC_GIDA,NBEATS,WIS,71.5838169679036,-0.5169471397720019,20,16,0.2291967046159756
2025-12-10,ILI incidence,2025-12-21,3,PL,MRC_GIDA,NHiTS,WIS,71.8899021317934,-0.5231028067575035,20,17,0.22506035628887458
2025-12-10,ILI incidence,2025-12-21,3,PL,MRC_GIDA,Prophet,WIS,88.5441175392415,-0.8237101312625235,20,20,0.0
2025-12-10,ILI incidence,2025-12-21,3,PL,MRC_GIDA,TiDE,WIS,46.5008549035559,0.10542909296888793,20,8,0.5681607591134203
2025-12-10,ILI incidence,2025-12-21,3,PL,NotreDame,Rt_cocirc,WIS,14.5452326086956,1.782139964592541,20,1,1.0
2025-12-10,ILI incidence,2025-12-21,3,PL,QMUL,ARIMA,WIS,52.1400237905386,-0.05970490822213821,20,11,0.4919546258416078
2025-12-10,ILI incidence,2025-12-21,3,PL,QMUL,SEIR,WIS,52.8666462208369,-0.07967147432850659,20,12,0.4821352558473127
2025-12-10,ILI incidence,2025-12-21,3,PL,QMUL,SEIR_agumented,WIS,69.8223728455922,-0.48100305338806654,20,15,0.25300036225169087
2025-12-10,ILI incidence,2025-12-21,3,PL,RIVM,KFdlm,WIS,79.7973863230062,-0.6736551603805708,20,18,0.11820085159992394
2025-12-10,ILI incidence,2025-12-21,3,PL,respicast,hubEnsemble,WIS,42.9434223846622,0.22024916127766717,20,6,0.6162348959363285
2025-12-10,ILI incidence,2025-12-21,3,PL,respicast,quantileBaseline,WIS,50.0262854347826,0.0,20,10,0.5205190880999232
2025-12-10,ILI incidence,2025-12-21,3,PL,safinea,PRFM,WIS,54.7088314302201,-0.1290874074430668,20,13,0.45724048599892586
2025-12-10,ILI incidence,2025-12-21,3,RO,ECDC,soca_simplex,WIS,20.5495729118525,0.1581224735936083,10,6,0.543405231252178
2025-12-10,ILI incidence,2025-12-21,3,RO,ISI,FluABCaster,WIS,22.8264855615724,0.006522129097480087,10,7,0.2721389994087302
2025-12-10,ILI incidence,2025-12-21,3,RO,ISI,GLEAM,WIS,18.2461173913043,0.3296413796346603,10,4,0.8178337207925939
2025-12-10,ILI incidence,2025-12-21,3,RO,ItaLuxColab,EpiEKF,WIS,17.3206818544738,0.4047351588091244,10,2,0.9280880210271285
2025-12-10,ILI incidence,2025-12-21,3,RO,ItaLuxColab,EpiNetEKF,WIS,16.717078178937,0.4559081694957418,10,1,1.0
2025-12-10,ILI incidence,2025-12-21,3,RO,NotreDame,Rt_cocirc,WIS,25.1107239130435,-0.13107273659988497,10,10,0.0
2025-12-10,ILI incidence,2025-12-21,3,RO,RIVM,KFdlm,WIS,24.1978635271249,-0.07764879115019915,10,9,0.10875612514944626
2025-12-10,ILI incidence,2025-12-21,3,RO,respicast,hubEnsemble,WIS,20.0862799048202,0.19102049048583952,10,5,0.5986009139993984
2025-12-10,ILI incidence,2025-12-21,3,RO,respicast,quantileBaseline,WIS,22.9299130434783,0.0,10,8,0.2598168827525988
2025-12-10,ILI incidence,2025-12-21,3,RO,safinea,PRFM,WIS,17.9596274707685,0.352473458679352,10,3,0.8519654830340815
2025-12-10,ILI incidence,2025-12-21,3,SI,ECDC,SARIMA,WIS,269.076257476579,0.0715958495940709,18,9,0.44994140737349936
2025-12-10,ILI incidence,2025-12-21,3,SI,ECDC,soca_simplex,WIS,263.676493286561,0.1008419859588542,18,8,0.4714557450264571
2025-12-10,ILI incidence,2025-12-21,3,SI,ISI,FluABCaster,WIS,277.166550687122,0.028857787782553507,18,11,0.4177071664477903
2025-12-10,ILI incidence,2025-12-21,3,SI,ISI,FluBcast,WIS,222.696266449606,0.34453357564402887,18,5,0.6347336968479275
2025-12-10,ILI incidence,2025-12-21,3,SI,ISI,LSTFlu,WIS,131.02010446887,1.109822742813591,18,1,1.0
2025-12-10,ILI incidence,2025-12-21,3,SI,ItaLuxColab,EpiEKF,WIS,153.003136845602,0.8860497157606156,18,2,0.9124127712718983
2025-12-10,ILI incidence,2025-12-21,3,SI,ItaLuxColab,EpiNetEKF,WIS,196.852690691148,0.5224945146992409,18,3,0.7377025294601178
2025-12-10,ILI incidence,2025-12-21,3,SI,MRC_GIDA,NBEATS,WIS,333.892755956785,-0.23977384655271072,18,17,0.19169234598607252
2025-12-10,ILI incidence,2025-12-21,3,SI,MRC_GIDA,NHiTS,WIS,328.023100834443,-0.21418647249054065,18,16,0.21507887505745737
2025-12-10,ILI incidence,2025-12-21,3,SI,MRC_GIDA,Prophet,WIS,382.004553868157,-0.43397888981793065,18,18,0.0
2025-12-10,ILI incidence,2025-12-21,3,SI,MRC_GIDA,TiDE,WIS,291.213116384565,-0.04246438982449064,18,13,0.36174128596769517
2025-12-10,ILI incidence,2025-12-21,3,SI,NotreDame,Rt_cocirc,WIS,297.157343478261,-0.07161608699813346,18,14,0.33805763900102825
2025-12-10,ILI incidence,2025-12-21,3,SI,QMUL,ARIMA,WIS,261.767624797502,0.1113242698909567,18,7,0.47906126996486575
2025-12-10,ILI incidence,2025-12-21,3,SI,QMUL,SEIR_agumented,WIS,255.286757152437,0.1474922461372103,18,6,0.5048830595640879
2025-12-10,ILI incidence,2025-12-21,3,SI,RIVM,KFdlm,WIS,213.620623919235,0.4045600087069126,18,4,0.670893875504784
2025-12-10,ILI incidence,2025-12-21,3,SI,respicast,hubEnsemble,WIS,271.937569620975,0.05633546576040262,18,10,0.43854105109148916
2025-12-10,ILI incidence,2025-12-21,3,SI,respicast,quantileBaseline,WIS,282.76644826087,0.0,18,12,0.3953954352343589
2025-12-10,ILI incidence,2025-12-21,3,SI,safinea,PRFM,WIS,312.446697313418,-0.14399914343411058,18,15,0.2771401045810634
2025-12-10,ILI incidence,2025-12-28,4,BE,ECDC,soca_simplex,WIS,35.6965786952954,0.05781874320024231,10,3,0.9182150306294524
2025-12-10,ILI incidence,2025-12-28,4,BE,ISI,FluABCaster,WIS,54.4007133680757,-0.550021019621617,10,5,0.8586287361939596
2025-12-10,ILI incidence,2025-12-28,4,BE,ISI,FluBcast,WIS,97.7753898166401,-1.3958668324469632,10,8,0.7204487943188826
2025-12-10,ILI incidence,2025-12-28,4,BE,ItaLuxColab,EpiEKF,WIS,60.4864578336735,-0.7030076267029363,10,7,0.8392412067556688
2025-12-10,ILI incidence,2025-12-28,4,BE,ItaLuxColab,EpiNetEKF,WIS,208.581593426067,-2.488935395380328,10,9,0.36745031622521335
2025-12-10,ILI incidence,2025-12-28,4,BE,NotreDame,Rt_cocirc,WIS,323.92422826087,-3.1239799246390296,10,10,0.0
2025-12-10,ILI incidence,2025-12-28,4,BE,RIVM,KFdlm,WIS,35.4960214830929,0.06594721891696735,10,2,0.9188539514513201
2025-12-10,ILI incidence,2025-12-28,4,BE,respicast,hubEnsemble,WIS,60.3089116631447,-0.6987666501610151,10,6,0.8398068206468273
2025-12-10,ILI incidence,2025-12-28,4,BE,respicast,quantileBaseline,WIS,37.1562408695652,0.0,10,4,0.9135649432763622
2025-12-10,ILI incidence,2025-12-28,4,BE,safinea,PRFM,WIS,10.0242811341174,1.8901057691676617,10,1,1.0
2025-12-10,ILI incidence,2025-12-28,4,CH,ItaLuxColab,EpiEKF,WIS,24.3978296778084,0.3723397291874147,5,2,0.9992012765478339
2025-12-10,ILI incidence,2025-12-28,4,CH,ItaLuxColab,EpiNetEKF,WIS,49.008268499453,-0.6339326291389517,5,5,0.0
2025-12-10,ILI incidence,2025-12-28,4,CH,respicast,hubEnsemble,WIS,24.3781570301484,0.3735034835130478,5,1,1.0
2025-12-10,ILI incidence,2025-12-28,4,CH,respicast,quantileBaseline,WIS,31.5817813321854,0.0,5,3,0.707527742575808
2025-12-10,ILI incidence,2025-12-28,4,CH,safinea,PRFM,WIS,33.9314275836585,-0.10352958230668992,5,4,0.6121304377604663
2025-12-10,ILI incidence,2025-12-28,4,CZ,ECDC,SARIMA,WIS,11.5691235203088,0.6630698105842437,16,9,0.5734437724716257
2025-12-10,ILI incidence,2025-12-28,4,CZ,ECDC,soca_simplex,WIS,25.4051080501944,-0.4717692198269867,16,16,0.0
2025-12-10,ILI incidence,2025-12-28,4,CZ,ISI,FluABCaster,WIS,23.0664922755219,-0.33244924964564065,16,15,0.0969258565802213
2025-12-10,ILI incidence,2025-12-28,4,CZ,ISI,FluBcast,WIS,12.6189510672805,0.537757386942718,16,11,0.5299328052773697
2025-12-10,ILI incidence,2025-12-28,4,CZ,ISI,GLEAM,WIS,9.62526956521739,0.9284505297542516,16,5,0.6540084003615879
2025-12-10,ILI incidence,2025-12-28,4,CZ,ISI,LSTFlu,WIS,5.85735439970727,1.645028287650159,16,2,0.8101727471918484
2025-12-10,ILI incidence,2025-12-28,4,CZ,ItaLuxColab,EpiEKF,WIS,12.3429630088847,0.5696606158023164,16,10,0.5413713576277109
2025-12-10,ILI incidence,2025-12-28,4,CZ,ItaLuxColab,EpiNetEKF,WIS,6.05076872502148,1.598159032679153,16,3,0.8021565312067361
2025-12-10,ILI incidence,2025-12-28,4,CZ,NotreDame,Rt_cocirc,WIS,10.933802173913,0.7445542021338216,16,8,0.5997751888462269
2025-12-10,ILI incidence,2025-12-28,4,CZ,QMUL,ARIMA,WIS,8.79879846673918,1.0579709473277668,16,4,0.6882621756188831
2025-12-10,ILI incidence,2025-12-28,4,CZ,QMUL,SEIR,WIS,10.5954850295234,0.7898997487592639,16,7,0.6137970214922196
2025-12-10,ILI incidence,2025-12-28,4,CZ,QMUL,SEIR_agumented,WIS,1.27722456084983,3.842265274008527,16,1,1.0
2025-12-10,ILI incidence,2025-12-28,4,CZ,RIVM,KFdlm,WIS,18.1429464588116,0.013940608141052297,16,12,0.3009862673860282
2025-12-10,ILI incidence,2025-12-28,4,CZ,respicast,hubEnsemble,WIS,9.8085276340125,0.9012408865379709,16,6,0.6464131187913649
2025-12-10,ILI incidence,2025-12-28,4,CZ,respicast,quantileBaseline,WIS,18.3191095652174,0.0,16,13,0.2936850423745763
2025-12-10,ILI incidence,2025-12-28,4,CZ,safinea,PRFM,WIS,22.4450765957038,-0.2930496393469241,16,14,0.12268094115249764
2025-12-10,ILI incidence,2025-12-28,4,EE,ECDC,SARIMA,WIS,15.4057908811493,-0.09719651962917983,16,5,0.9518898517650681
2025-12-10,ILI incidence,2025-12-28,4,EE,ECDC,soca_simplex,WIS,11.0782704422454,0.3785435646775998,16,3,0.9715319790287968
2025-12-10,ILI incidence,2025-12-28,4,EE,ISI,FluABCaster,WIS,4.80624394766502,1.5832944462757277,16,1,1.0
2025-12-10,ILI incidence,2025-12-28,4,EE,ISI,FluBcast,WIS,69.7211217755184,-2.2753195541125337,16,13,0.7053586898997857
2025-12-10,ILI incidence,2025-12-28,4,EE,ISI,GLEAM,WIS,30.1540695652174,-1.0660764923191375,16,8,0.8849490779609408
2025-12-10,ILI incidence,2025-12-28,4,EE,ISI,LSTFlu,WIS,225.124561856903,-3.9663753354836473,16,16,0.0
2025-12-10,ILI incidence,2025-12-28,4,EE,ItaLuxColab,EpiEKF,WIS,42.6811699507126,-1.5673234952697201,16,12,0.8280899819748512
2025-12-10,ILI incidence,2025-12-28,4,EE,ItaLuxColab,EpiNetEKF,WIS,36.9137298477932,-1.3578812904306865,16,11,0.85426774221581
2025-12-10,ILI incidence,2025-12-28,4,EE,NotreDame,Rt_cocirc,WIS,90.0398956521739,-2.6442881571157404,16,15,0.6131340665934931
2025-12-10,ILI incidence,2025-12-28,4,EE,QMUL,ARIMA,WIS,5.99729185959619,1.2638931390157622,16,2,0.9945939678405595
2025-12-10,ILI incidence,2025-12-28,4,EE,QMUL,SEIR,WIS,81.8114951541311,-2.5060273396036843,16,14,0.650481848548839
2025-12-10,ILI incidence,2025-12-28,4,EE,QMUL,SEIR_agumented,WIS,30.2727342562733,-1.0717427586300303,16,9,0.8844104723098901
2025-12-10,ILI incidence,2025-12-28,4,EE,RIVM,KFdlm,WIS,32.0608176744292,-1.1545349925175374,16,10,0.8762945633145586
2025-12-10,ILI incidence,2025-12-28,4,EE,respicast,hubEnsemble,WIS,17.0548831093263,-0.24390863932050535,16,6,0.9444048081072077
2025-12-10,ILI incidence,2025-12-28,4,EE,respicast,quantileBaseline,WIS,14.4020704347826,0.0,16,4,0.9564456256829691
2025-12-10,ILI incidence,2025-12-28,4,EE,safinea,PRFM,WIS,28.8559049641141,-1.0025903490531354,16,7,0.8908413006931337
2025-12-10,ILI incidence,2025-12-28,4,ES,ECDC,SARIMA,WIS,11.229231929966,1.1876395497042613,15,5,0.9683329723291987
2025-12-10,ILI incidence,2025-12-28,4,ES,ECDC,soca_simplex,WIS,6.140366935063,2.0585020260650313,15,1,1.0
2025-12-10,ILI incidence,2025-12-28,4,ES,ISI,FluABCaster,WIS,49.4068258026468,-0.9498115695014177,15,14,0.7307611517401862
2025-12-10,ILI incidence,2025-12-28,4,ES,ISI,FluBcast,WIS,11.2593605591705,1.183773905380924,15,6,0.968145487666969
2025-12-10,ILI incidence,2025-12-28,4,ES,ISI,GLEAM,WIS,166.839534782609,-2.7054904877161756,15,15,0.0
2025-12-10,ILI incidence,2025-12-28,4,ES,ISI,LSTFlu,WIS,13.9736108614846,0.8721939320622208,15,7,0.9512552303080193
2025-12-10,ILI incidence,2025-12-28,4,ES,ItaLuxColab,EpiEKF,WIS,20.7380724120235,0.3026169987063829,15,10,0.9091612876875057
2025-12-10,ILI incidence,2025-12-28,4,ES,ItaLuxColab,EpiNetEKF,WIS,7.09620816245357,1.8497785658352561,15,2,0.9940519839636174
2025-12-10,ILI incidence,2025-12-28,4,ES,QMUL,ARIMA,WIS,30.0524270825625,-0.23258270833576616,15,12,0.8511998508281968
2025-12-10,ILI incidence,2025-12-28,4,ES,QMUL,SEIR,WIS,17.0184877139573,0.587795958818722,15,8,0.9323075475461435
2025-12-10,ILI incidence,2025-12-28,4,ES,QMUL,SEIR_agumented,WIS,18.9283812289837,0.4343477658592639,15,9,0.9204226477012465
2025-12-10,ILI incidence,2025-12-28,4,ES,RIVM,KFdlm,WIS,38.1347047489332,-0.5762057283069866,15,13,0.8009053920912462
2025-12-10,ILI incidence,2025-12-28,4,ES,respicast,hubEnsemble,WIS,10.9055886187437,1.2298311615192226,15,4,0.9703469423799294
2025-12-10,ILI incidence,2025-12-28,4,ES,respicast,quantileBaseline,WIS,25.5779173913043,0.0,15,11,0.8790438636578284
2025-12-10,ILI incidence,2025-12-28,4,ES,safinea,PRFM,WIS,10.6623921461278,1.2623676534419817,15,3,0.9718603072334837
2025-12-10,ILI incidence,2025-12-28,4,FI,ECDC,SARIMA,WIS,86.6273069418642,0.2789224094621748,15,10,0.20824052219648959
2025-12-10,ILI incidence,2025-12-28,4,FI,ECDC,soca_simplex,WIS,95.0398327720586,0.14521197949881517,15,12,0.1189589549737453
2025-12-10,ILI incidence,2025-12-28,4,FI,ISI,FluABCaster,WIS,39.2446208153434,1.4212493570141198,15,4,0.7111097628965094
2025-12-10,ILI incidence,2025-12-28,4,FI,ISI,FluBcast,WIS,61.0595899277615,0.7835263766054293,15,7,0.47958897228189806
2025-12-10,ILI incidence,2025-12-28,4,FI,ISI,GLEAM,WIS,12.0240347826087,3.1278231893976254,15,1,1.0
2025-12-10,ILI incidence,2025-12-28,4,FI,ISI,LSTFlu,WIS,74.6740296282016,0.4931376919680634,15,9,0.33509984525276265
2025-12-10,ILI incidence,2025-12-28,4,FI,ItaLuxColab,EpiEKF,WIS,56.2087674822809,0.9029490965715861,15,5,0.5310704225613518
2025-12-10,ILI incidence,2025-12-28,4,FI,ItaLuxColab,EpiNetEKF,WIS,58.2356507312405,0.8518416637491663,15,6,0.5095592478324584
2025-12-10,ILI incidence,2025-12-28,4,FI,QMUL,ARIMA,WIS,106.248700543755,-0.015629014478423537,15,15,0.0
2025-12-10,ILI incidence,2025-12-28,4,FI,QMUL,SEIR,WIS,35.5890525922819,1.5623107494197235,15,2,0.7499060610158165
2025-12-10,ILI incidence,2025-12-28,4,FI,QMUL,SEIR_agumented,WIS,104.993300938168,0.0015189020873027914,15,13,0.01332347104068654
2025-12-10,ILI incidence,2025-12-28,4,FI,RIVM,KFdlm,WIS,37.2533707901442,1.4963733065359797,15,3,0.7322427646335163
2025-12-10,ILI incidence,2025-12-28,4,FI,respicast,hubEnsemble,WIS,61.4327903441932,0.7747353635676255,15,8,0.4756282215228798
2025-12-10,ILI incidence,2025-12-28,4,FI,respicast,quantileBaseline,WIS,105.103898478261,0.0,15,14,0.012149706833622605
2025-12-10,ILI incidence,2025-12-28,4,FI,safinea,PRFM,WIS,88.9417636395103,0.24088326474808802,15,11,0.1836773499214815
2025-12-10,ILI incidence,2025-12-28,4,FR,ECDC,SARIMA,WIS,92.5199449824247,0.13730368521863745,16,12,0.22410428928502688
2025-12-10,ILI incidence,2025-12-28,4,FR,ECDC,soca_simplex,WIS,88.373265257553,0.2034581027848114,16,11,0.2663889716827851
2025-12-10,ILI incidence,2025-12-28,4,FR,ISI,FluABCaster,WIS,16.4311385921638,2.630635638295208,16,1,1.0
2025-12-10,ILI incidence,2025-12-28,4,FR,ISI,FluBcast,WIS,34.8829765703435,1.5445449425037148,16,6,0.8118422062156339
2025-12-10,ILI incidence,2025-12-28,4,FR,ISI,GLEAM,WIS,101.0063,0.010694718338566844,16,14,0.13756690264277885
2025-12-10,ILI incidence,2025-12-28,4,FR,ISI,LSTFlu,WIS,24.0143928279959,2.083168760875301,16,3,0.9226717474753767
2025-12-10,ILI incidence,2025-12-28,4,FR,ItaLuxColab,EpiEKF,WIS,43.81026423189,1.2157991773029893,16,7,0.7208085242127156
2025-12-10,ILI incidence,2025-12-28,4,FR,ItaLuxColab,EpiNetEKF,WIS,28.8064093536666,1.8206782498820016,16,4,0.8738064117665612
2025-12-10,ILI incidence,2025-12-28,4,FR,NotreDame,Rt_cocirc,WIS,17.8842152173913,2.508381280896621,16,2,0.9851826310026266
2025-12-10,ILI incidence,2025-12-28,4,FR,QMUL,ARIMA,WIS,114.496903539036,-0.17016858412279534,16,16,0.0
2025-12-10,ILI incidence,2025-12-28,4,FR,QMUL,SEIR,WIS,44.9785417362118,1.1778312054918176,16,8,0.7088953197936736
2025-12-10,ILI incidence,2025-12-28,4,FR,QMUL,SEIR_agumented,WIS,92.7208759962665,0.13417389676932578,16,13,0.2220553478022306
2025-12-10,ILI incidence,2025-12-28,4,FR,RIVM,KFdlm,WIS,67.289277751044,0.5966914572131008,16,10,0.48138742214030616
2025-12-10,ILI incidence,2025-12-28,4,FR,respicast,hubEnsemble,WIS,31.7300268484404,1.681219351289159,16,5,0.8439935867061774
2025-12-10,ILI incidence,2025-12-28,4,FR,respicast,quantileBaseline,WIS,101.75784326087,0.0,16,15,0.12990323672147427
2025-12-10,ILI incidence,2025-12-28,4,FR,safinea,PRFM,WIS,65.5630834114743,0.6341843877520678,16,9,0.498989837626535
2025-12-10,ILI incidence,2025-12-28,4,GB-SCT,ECDC,soca_simplex,WIS,12.1131310366304,-1.529340547141536,9,7,0.4775317896276046
2025-12-10,ILI incidence,2025-12-28,4,GB-SCT,ISI,FluABCaster,WIS,12.9139078337099,-1.621694357730063,9,8,0.43367358235135484
2025-12-10,ILI incidence,2025-12-28,4,GB-SCT,ISI,FluBcast,WIS,2.57374386007274,0.7052908897414557,9,1,1.0
2025-12-10,ILI incidence,2025-12-28,4,GB-SCT,ISI,GLEAM,WIS,20.832055059061,-2.3115738886397783,9,9,0.0
2025-12-10,ILI incidence,2025-12-28,4,GB-SCT,ItaLuxColab,EpiEKF,WIS,3.10999866194124,0.43224541326271443,9,3,0.9706295507824285
2025-12-10,ILI incidence,2025-12-28,4,GB-SCT,RIVM,KFdlm,WIS,3.8487178140519,0.12478147551621122,9,4,0.930170214534967
2025-12-10,ILI incidence,2025-12-28,4,GB-SCT,respicast,hubEnsemble,WIS,2.62156898105547,0.6787288650783971,9,2,0.9973806383043037
2025-12-10,ILI incidence,2025-12-28,4,GB-SCT,respicast,quantileBaseline,WIS,4.19642085861432,0.0,9,5,0.9111266655028041
2025-12-10,ILI incidence,2025-12-28,4,GB-SCT,safinea,PRFM,WIS,10.869113710755,-1.373003026905344,9,6,0.5456660936340088
2025-12-10,ILI incidence,2025-12-28,4,GB-WLS,ECDC,soca_simplex,WIS,1.73902029620589,0.11221128784689403,6,1,1.0
2025-12-10,ILI incidence,2025-12-28,4,GB-WLS,ItaLuxColab,EpiEKF,WIS,2.71303728861657,-0.5294228181263569,6,5,0.7585543966645495
2025-12-10,ILI incidence,2025-12-28,4,GB-WLS,RIVM,KFdlm,WIS,5.77312561415379,-1.6188665581008808,6,6,0.0
2025-12-10,ILI incidence,2025-12-28,4,GB-WLS,respicast,hubEnsemble,WIS,2.01406953962574,-0.09962743766009576,6,4,0.9318190226228986
2025-12-10,ILI incidence,2025-12-28,4,GB-WLS,respicast,quantileBaseline,WIS,1.87967867427678,0.0,6,2,0.9651326956078476
2025-12-10,ILI incidence,2025-12-28,4,GB-WLS,safinea,PRFM,WIS,1.90205582049092,-0.017073527876045082,6,3,0.9595857045279215
2025-12-10,ILI incidence,2025-12-28,4,GR,ECDC,SARIMA,WIS,591.453705405354,-0.002393397098003531,20,9,0.46684285536846915
2025-12-10,ILI incidence,2025-12-28,4,GR,ECDC,soca_simplex,WIS,757.173126277831,-0.3587513551088644,20,12,0.3049149554116335
2025-12-10,ILI incidence,2025-12-28,4,GR,ISI,FluABCaster,WIS,827.477458016981,-0.4868481583776323,20,17,0.23621912762962854
2025-12-10,ILI incidence,2025-12-28,4,GR,ISI,FluBcast,WIS,517.766624292318,0.1895698816542153,20,6,0.5388440380648818
2025-12-10,ILI incidence,2025-12-28,4,GR,ISI,GLEAM,WIS,1069.22762608696,-0.8566252611307433,20,20,0.0
2025-12-10,ILI incidence,2025-12-28,4,GR,ISI,LSTFlu,WIS,151.165058138532,1.9657471538744191,20,2,0.8970580688383182
2025-12-10,ILI incidence,2025-12-28,4,GR,ItaLuxColab,EpiEKF,WIS,542.013830653607,0.1235421869255692,20,7,0.5151515873838909
2025-12-10,ILI incidence,2025-12-28,4,GR,ItaLuxColab,EpiNetEKF,WIS,307.520910926665,0.9411873377278875,20,3,0.7442795064064274
2025-12-10,ILI incidence,2025-12-28,4,GR,MRC_GIDA,NBEATS,WIS,812.683064113326,-0.460820977115655,20,16,0.2506750382485567
2025-12-10,ILI incidence,2025-12-28,4,GR,MRC_GIDA,NHiTS,WIS,801.450130909298,-0.4407409010779357,20,14,0.2616509713921039
2025-12-10,ILI incidence,2025-12-28,4,GR,MRC_GIDA,Prophet,WIS,45.8127549211385,3.688050626320496,20,1,1.0
2025-12-10,ILI incidence,2025-12-28,4,GR,MRC_GIDA,TiDE,WIS,776.659285063603,-0.3954099848495188,20,13,0.2858746235435081
2025-12-10,ILI incidence,2025-12-28,4,GR,NotreDame,Rt_cocirc,WIS,314.237041304348,0.9100186013057425,20,4,0.7377170354409309
2025-12-10,ILI incidence,2025-12-28,4,GR,QMUL,ARIMA,WIS,638.083188880421,-0.11187267241565933,20,10,0.42128021524193954
2025-12-10,ILI incidence,2025-12-28,4,GR,QMUL,SEIR,WIS,933.967972032536,-0.6615012249085928,20,19,0.1321650269751731
2025-12-10,ILI incidence,2025-12-28,4,GR,QMUL,SEIR_agumented,WIS,808.479936259586,-0.45334011887217196,20,15,0.2547820020734541
2025-12-10,ILI incidence,2025-12-28,4,GR,RIVM,KFdlm,WIS,495.795195248185,0.2521275621214585,20,5,0.5603127792989273
2025-12-10,ILI incidence,2025-12-28,4,GR,respicast,hubEnsemble,WIS,710.910288776739,-0.2677956622385161,20,11,0.35011933811558205
2025-12-10,ILI incidence,2025-12-28,4,GR,respicast,quantileBaseline,WIS,590.473311086957,0.0,20,8,0.4678008190897508
2025-12-10,ILI incidence,2025-12-28,4,GR,safinea,PRFM,WIS,835.289274797738,-0.5004040613509393,20,18,0.22858603864406576
2025-12-10,ILI incidence,2025-12-28,4,HR,ECDC,SARIMA,WIS,71.3397020214024,0.007679625891093814,16,12,0.9211745167420126
2025-12-10,ILI incidence,2025-12-28,4,HR,ECDC,soca_simplex,WIS,65.8449488270094,0.12331204466428781,16,10,0.9282201976110985
2025-12-10,ILI incidence,2025-12-28,4,HR,ISI,FluABCaster,WIS,9.86564664205424,2.8618992953691764,16,1,1.0
2025-12-10,ILI incidence,2025-12-28,4,HR,ISI,FluBcast,WIS,36.0288864972912,0.993230750956293,16,8,0.966452025778073
2025-12-10,ILI incidence,2025-12-28,4,HR,ISI,GLEAM,WIS,100.363573913043,-0.4847790298263982,16,15,0.8839584796063682
2025-12-10,ILI incidence,2025-12-28,4,HR,ISI,LSTFlu,WIS,21.7867727429886,1.7189323086879948,16,4,0.9847140631915877
2025-12-10,ILI incidence,2025-12-28,4,HR,ItaLuxColab,EpiEKF,WIS,33.2003804198022,1.1111850432251869,16,7,0.9700788949846086
2025-12-10,ILI incidence,2025-12-28,4,HR,ItaLuxColab,EpiNetEKF,WIS,26.0644766242542,1.4602999248696602,16,6,0.9792289512432288
2025-12-10,ILI incidence,2025-12-28,4,HR,NotreDame,Rt_cocirc,WIS,789.741047826087,-3.460922957445556,16,16,0.0
2025-12-10,ILI incidence,2025-12-28,4,HR,QMUL,ARIMA,WIS,84.9361397775586,-0.2439937260911449,16,14,0.903740401323686
2025-12-10,ILI incidence,2025-12-28,4,HR,QMUL,SEIR,WIS,15.146273882547,2.2434218941234207,16,2,0.9932288834441045
2025-12-10,ILI incidence,2025-12-28,4,HR,QMUL,SEIR_agumented,WIS,70.2273442625583,0.03035193688742924,16,11,0.9226008442773539
2025-12-10,ILI incidence,2025-12-28,4,HR,RIVM,KFdlm,WIS,47.5449123376411,0.5930938455686907,16,9,0.951685531254889
2025-12-10,ILI incidence,2025-12-28,4,HR,respicast,hubEnsemble,WIS,24.1151473511366,1.5724451902723164,16,5,0.9817284906185677
2025-12-10,ILI incidence,2025-12-28,4,HR,respicast,quantileBaseline,WIS,71.7204636956522,0.0,16,13,0.9206862827578766
2025-12-10,ILI incidence,2025-12-28,4,HR,safinea,PRFM,WIS,21.6828109570134,1.7258330160912814,16,3,0.9848473688270998
2025-12-10,ILI incidence,2025-12-28,4,IE,ECDC,SARIMA,WIS,5.34024753325844,0.05058291861902027,20,5,0.9867548173042667
2025-12-10,ILI incidence,2025-12-28,4,IE,ECDC,soca_simplex,WIS,14.5443168984912,-1.3948940995490122,20,15,0.9584187437508033
2025-12-10,ILI incidence,2025-12-28,4,IE,ISI,FluABCaster,WIS,64.3383528637725,-3.540117562238665,20,19,0.8051205221005222
2025-12-10,ILI incidence,2025-12-28,4,IE,ISI,FluBcast,WIS,53.6452238120999,-3.277888289864994,20,18,0.8380408836603146
2025-12-10,ILI incidence,2025-12-28,4,IE,ISI,GLEAM,WIS,325.856065217391,-5.880601503669627,20,20,0.0
2025-12-10,ILI incidence,2025-12-28,4,IE,ISI,LSTFlu,WIS,42.9003640248709,-2.95542844999457,20,17,0.8711205058546735
2025-12-10,ILI incidence,2025-12-28,4,IE,ItaLuxColab,EpiEKF,WIS,11.9824071104959,-1.1153563164378775,20,14,0.9663059576894758
2025-12-10,ILI incidence,2025-12-28,4,IE,ItaLuxColab,EpiNetEKF,WIS,9.91587697116094,-0.8422508371958952,20,12,0.972668072934917
2025-12-10,ILI incidence,2025-12-28,4,IE,MRC_GIDA,NBEATS,WIS,9.31417730797648,-0.7519388116222684,20,10,0.9745204933412094
2025-12-10,ILI incidence,2025-12-28,4,IE,MRC_GIDA,NHiTS,WIS,6.8281526414567,-0.30400577532236656,20,9,0.9821740838359011
2025-12-10,ILI incidence,2025-12-28,4,IE,MRC_GIDA,Prophet,WIS,5.66473255963793,-0.0345183114462864,20,7,0.9857558426975327
2025-12-10,ILI incidence,2025-12-28,4,IE,MRC_GIDA,TiDE,WIS,3.36618335865388,0.7163757709096147,20,3,0.9928322625549673
2025-12-10,ILI incidence,2025-12-28,4,IE,NotreDame,Rt_cocirc,WIS,10.0757282608696,-0.8653226791275751,20,13,0.9721759473627314
2025-12-10,ILI incidence,2025-12-28,4,IE,QMUL,ARIMA,WIS,1.89627558859338,1.5443208859297053,20,2,0.9973575885859264
2025-12-10,ILI incidence,2025-12-28,4,IE,QMUL,SEIR,WIS,33.088316407581,-2.5807604470634553,20,16,0.9013283293684613
2025-12-10,ILI incidence,2025-12-28,4,IE,QMUL,SEIR_agumented,WIS,1.0379725530395,2.4137212392303753,20,1,1.0
2025-12-10,ILI incidence,2025-12-28,4,IE,RIVM,KFdlm,WIS,5.87229358903504,-0.08643456398511261,20,8,0.9851168357145946
2025-12-10,ILI incidence,2025-12-28,4,IE,respicast,hubEnsemble,WIS,4.36360773687526,0.3419681169095217,20,4,0.9897615457422431
2025-12-10,ILI incidence,2025-12-28,4,IE,respicast,quantileBaseline,WIS,5.5308052173913,0.0,20,6,0.9861681576063116
2025-12-10,ILI incidence,2025-12-28,4,IE,safinea,PRFM,WIS,9.60885038963966,-0.7968743017118962,20,11,0.973613299166014
2025-12-10,ILI incidence,2025-12-28,4,IS,ECDC,SARIMA,WIS,2.33806458641782,2.23099224335228,16,1,1.0
2025-12-10,ILI incidence,2025-12-28,4,IS,ECDC,soca_simplex,WIS,10.9171351834104,0.007784610163511694,16,10,0.9376003858516873
2025-12-10,ILI incidence,2025-12-28,4,IS,ISI,FluABCaster,WIS,54.5982825628015,-2.314476638891168,16,15,0.6198868630156488
2025-12-10,ILI incidence,2025-12-28,4,IS,ISI,FluBcast,WIS,18.0840001217057,-0.7203349007578806,16,13,0.8854724074481212
2025-12-10,ILI incidence,2025-12-28,4,IS,ISI,LSTFlu,WIS,4.83261905747207,1.183501751179895,16,5,0.9818559324456078
2025-12-10,ILI incidence,2025-12-28,4,IS,ItaLuxColab,EpiEKF,WIS,6.25855060099077,0.8104784401969938,16,7,0.9714844618869362
2025-12-10,ILI incidence,2025-12-28,4,IS,ItaLuxColab,EpiNetEKF,WIS,18.6283262573384,-0.7631191231965375,16,14,0.8815132675331018
2025-12-10,ILI incidence,2025-12-28,4,IS,MRC_GIDA,NBEATS,WIS,7.35061177136975,0.5784427000890244,16,9,0.9635413875308524
2025-12-10,ILI incidence,2025-12-28,4,IS,MRC_GIDA,NHiTS,WIS,6.10806908820578,0.8455906460963797,16,6,0.9725789846826255
2025-12-10,ILI incidence,2025-12-28,4,IS,MRC_GIDA,Prophet,WIS,3.87815847790294,1.5009352673583378,16,4,0.9887981730078627
2025-12-10,ILI incidence,2025-12-28,4,IS,MRC_GIDA,TiDE,WIS,3.29278439683665,1.7369989755915223,16,2,0.9930558739298906
2025-12-10,ILI incidence,2025-12-28,4,IS,QMUL,ARIMA,WIS,12.2924466271228,-0.16339315937792726,16,12,0.9275970990794002
2025-12-10,ILI incidence,2025-12-28,4,IS,RIVM,KFdlm,WIS,139.824020454697,-3.67116138664127,16,16,0.0
2025-12-10,ILI incidence,2025-12-28,4,IS,respicast,hubEnsemble,WIS,6.84352520286546,0.6815673560903414,16,8,0.9672296665648951
2025-12-10,ILI incidence,2025-12-28,4,IS,respicast,quantileBaseline,WIS,10.9762019565217,0.0,16,11,0.9371707654389094
2025-12-10,ILI incidence,2025-12-28,4,IS,safinea,PRFM,WIS,3.76208989060396,1.5447727058761367,16,3,0.9896423944162672
2025-12-10,ILI incidence,2025-12-28,4,LT,ECDC,SARIMA,WIS,210.70543079334,0.33921283878008596,19,12,0.4794681413101391
2025-12-10,ILI incidence,2025-12-28,4,LT,ECDC,soca_simplex,WIS,155.727192577191,0.7754194527844321,19,5,0.7047251638817075
2025-12-10,ILI incidence,2025-12-28,4,LT,ISI,FluABCaster,WIS,208.079349825518,0.35730654143842566,19,11,0.49022772908590184
2025-12-10,ILI incidence,2025-12-28,4,LT,ISI,FluBcast,WIS,83.659782229582,1.6718341902312965,19,1,1.0
2025-12-10,ILI incidence,2025-12-28,4,LT,ISI,LSTFlu,WIS,174.386176786398,0.612154652582883,19,7,0.6282755110090315
2025-12-10,ILI incidence,2025-12-28,4,LT,ItaLuxColab,EpiEKF,WIS,128.599662893308,1.0515534770863963,19,4,0.8158721697622708
2025-12-10,ILI incidence,2025-12-28,4,LT,ItaLuxColab,EpiNetEKF,WIS,123.676528607137,1.1078686070145163,19,3,0.836043252121493
2025-12-10,ILI incidence,2025-12-28,4,LT,MRC_GIDA,NBEATS,WIS,281.564253496114,-0.07902384769140947,19,18,0.18914513455607584
2025-12-10,ILI incidence,2025-12-28,4,LT,MRC_GIDA,NHiTS,WIS,270.731484642541,-0.02242233720058807,19,17,0.23352919154546709
2025-12-10,ILI incidence,2025-12-28,4,LT,MRC_GIDA,Prophet,WIS,195.121627022946,0.4500666447077176,19,9,0.5433181545436919
2025-12-10,ILI incidence,2025-12-28,4,LT,MRC_GIDA,TiDE,WIS,230.821373515223,0.2076635175968082,19,13,0.397049033117971
2025-12-10,ILI incidence,2025-12-28,4,LT,NotreDame,Rt_cocirc,WIS,156.755489130435,0.7659243749463925,19,6,0.7005120237844624
2025-12-10,ILI incidence,2025-12-28,4,LT,QMUL,ARIMA,WIS,260.181553217142,0.03492165882836525,19,15,0.2767544060726499
2025-12-10,ILI incidence,2025-12-28,4,LT,QMUL,SEIR,WIS,182.948597914998,0.5430019787612971,19,8,0.5931935303560796
2025-12-10,ILI incidence,2025-12-28,4,LT,QMUL,SEIR_agumented,WIS,246.922089292256,0.1103844342651228,19,14,0.33108112627187253
2025-12-10,ILI incidence,2025-12-28,4,LT,RIVM,KFdlm,WIS,111.124118689956,1.2622683606412959,19,2,0.8874730282617457
2025-12-10,ILI incidence,2025-12-28,4,LT,respicast,hubEnsemble,WIS,198.38828896179,0.42611347326733445,19,10,0.5299339762584786
2025-12-10,ILI incidence,2025-12-28,4,LT,respicast,quantileBaseline,WIS,266.556310652174,0.0,19,16,0.250635728464507
2025-12-10,ILI incidence,2025-12-28,4,LT,safinea,PRFM,WIS,327.728702206012,-0.29806169051400067,19,19,0.0
2025-12-10,ILI incidence,2025-12-28,4,LU,ECDC,SARIMA,WIS,852.503484082173,0.34206656109603983,18,9,0.9994139076462134
2025-12-10,ILI incidence,2025-12-28,4,LU,ECDC,soca_simplex,WIS,528.539303190625,1.0317615342192727,18,4,0.9996495366685145
2025-12-10,ILI incidence,2025-12-28,4,LU,ISI,FluABCaster,WIS,1085.67169209274,-0.006743700582867315,18,11,0.9992443173022006
2025-12-10,ILI incidence,2025-12-28,4,LU,ISI,LSTFlu,WIS,1211.8111520829,-0.16532069112125364,18,12,0.9991525722285653
2025-12-10,ILI incidence,2025-12-28,4,LU,ItaLuxColab,EpiEKF,WIS,2018.1845883515,-0.9012139365931494,18,13,0.9985660722523192
2025-12-10,ILI incidence,2025-12-28,4,LU,ItaLuxColab,EpiNetEKF,WIS,8363.74467731831,-2.9523048245077788,18,17,0.9939507530043667
2025-12-10,ILI incidence,2025-12-28,4,LU,MRC_GIDA,NBEATS,WIS,46.6904841932858,4.532571836452545,18,1,1.0
2025-12-10,ILI incidence,2025-12-28,4,LU,MRC_GIDA,NHiTS,WIS,441.442104854906,1.2915480505881982,18,3,0.9997128851153475
2025-12-10,ILI incidence,2025-12-28,4,LU,MRC_GIDA,Prophet,WIS,4671.67430911029,-2.112095502175631,18,16,0.996636108307331
2025-12-10,ILI incidence,2025-12-28,4,LU,MRC_GIDA,TiDE,WIS,608.221253311377,0.8291760614686138,18,7,0.9995915815577047
2025-12-10,ILI incidence,2025-12-28,4,LU,NotreDame,Rt_cocirc,WIS,2025.96208913043,-0.9067629814385725,18,14,0.9985604154389658
2025-12-10,ILI incidence,2025-12-28,4,LU,QMUL,ARIMA,WIS,578.591533029656,0.9012270800038042,18,6,0.999613132156298
2025-12-10,ILI incidence,2025-12-28,4,LU,QMUL,SEIR,WIS,808.05318466678,0.41932203956987235,18,8,0.9994462377037013
2025-12-10,ILI incidence,2025-12-28,4,LU,QMUL,SEIR_agumented,WIS,337.028731874992,1.680900704217187,18,2,0.9997888281437487
2025-12-10,ILI incidence,2025-12-28,4,LU,RIVM,KFdlm,WIS,1374937.51559494,-10.313306144641432,18,18,0.0
2025-12-10,ILI incidence,2025-12-28,4,LU,respicast,hubEnsemble,WIS,538.707291422484,1.0042706991328245,18,5,0.9996421411807811
2025-12-10,ILI incidence,2025-12-28,4,LU,respicast,quantileBaseline,WIS,1080.60869565217,0.0,18,10,0.9992479997738181
2025-12-10,ILI incidence,2025-12-28,4,LU,safinea,PRFM,WIS,2136.54809407462,-0.9834375962208244,18,15,0.9984799828672121
2025-12-10,ILI incidence,2025-12-28,4,LV,ECDC,SARIMA,WIS,185.196889960082,0.23492107585187144,15,9,0.5697592444197117
2025-12-10,ILI incidence,2025-12-28,4,LV,ECDC,soca_simplex,WIS,215.41983973451,0.016829821937043906,15,11,0.4725577377612967
2025-12-10,ILI incidence,2025-12-28,4,LV,ISI,FluABCaster,WIS,183.828660795939,0.24561923196119043,15,8,0.574159673140313
2025-12-10,ILI incidence,2025-12-28,4,LV,ISI,FluBcast,WIS,56.7016741863981,1.9425177090056418,15,2,0.9830189912286775
2025-12-10,ILI incidence,2025-12-28,4,LV,ISI,LSTFlu,WIS,60.017582057554,1.8605238442281293,15,4,0.9723545377778247
2025-12-10,ILI incidence,2025-12-28,4,LV,ItaLuxColab,EpiEKF,WIS,104.533559132822,1.0600147722000168,15,7,0.8291845270944647
2025-12-10,ILI incidence,2025-12-28,4,LV,ItaLuxColab,EpiNetEKF,WIS,65.7188785335483,1.7296011806580647,15,5,0.9540183193905033
2025-12-10,ILI incidence,2025-12-28,4,LV,NotreDame,Rt_cocirc,WIS,210.86092173913,0.047689197958686175,15,10,0.48721989685531203
2025-12-10,ILI incidence,2025-12-28,4,LV,QMUL,ARIMA,WIS,242.963274200826,-0.1567573084188605,15,14,0.38397395131241424
2025-12-10,ILI incidence,2025-12-28,4,LV,QMUL,SEIR,WIS,51.4217542257092,2.083530214357964,15,1,1.0
2025-12-10,ILI incidence,2025-12-28,4,LV,QMUL,SEIR_agumented,WIS,233.939712310129,-0.10215583914747176,15,13,0.41299506995727037
2025-12-10,ILI incidence,2025-12-28,4,LV,RIVM,KFdlm,WIS,362.352631878021,-0.7334134258429017,15,15,0.0
2025-12-10,ILI incidence,2025-12-28,4,LV,respicast,hubEnsemble,WIS,95.1479557797821,1.1957363811016668,15,6,0.8593700249900292
2025-12-10,ILI incidence,2025-12-28,4,LV,respicast,quantileBaseline,WIS,217.947544130435,0.0,15,12,0.4644282640499353
2025-12-10,ILI incidence,2025-12-28,4,LV,safinea,PRFM,WIS,59.1074052122536,1.8825701538066184,15,3,0.9752818020372406
2025-12-10,ILI incidence,2025-12-28,4,MT,ECDC,SARIMA,WIS,2737.49876790737,-0.47456318743620873,12,7,0.6585676944527531
2025-12-10,ILI incidence,2025-12-28,4,MT,ECDC,soca_simplex,WIS,2331.19078866168,-0.24277195399095725,12,4,0.7618782725435452
2025-12-10,ILI incidence,2025-12-28,4,MT,ISI,FluABCaster,WIS,3005.7078283066,-0.6094096500536879,12,8,0.5903710690001248
2025-12-10,ILI incidence,2025-12-28,4,MT,ISI,LSTFlu,WIS,3005.95177464057,-0.6095267359134005,12,9,0.5903090415773989
2025-12-10,ILI incidence,2025-12-28,4,MT,ItaLuxColab,EpiEKF,WIS,3329.60034950228,-0.7570538936730545,12,10,0.508015995230392
2025-12-10,ILI incidence,2025-12-28,4,MT,ItaLuxColab,EpiNetEKF,WIS,2633.09045106738,-0.41846195327636465,12,6,0.6851152498078094
2025-12-10,ILI incidence,2025-12-28,4,MT,NotreDame,Rt_cocirc,WIS,1394.68690217391,0.49835384487728784,12,1,1.0
2025-12-10,ILI incidence,2025-12-28,4,MT,QMUL,ARIMA,WIS,4287.75017087309,-1.1219257205363284,12,11,0.26439042792753775
2025-12-10,ILI incidence,2025-12-28,4,MT,RIVM,KFdlm,WIS,2112.80962404692,-0.10086765029446766,12,3,0.8174053247131234
2025-12-10,ILI incidence,2025-12-28,4,MT,respicast,hubEnsemble,WIS,2621.71635295406,-0.41221647892066887,12,5,0.6880073038933087
2025-12-10,ILI incidence,2025-12-28,4,MT,respicast,quantileBaseline,WIS,1970.13586956522,0.0,12,2,0.8536825055877211
2025-12-10,ILI incidence,2025-12-28,4,MT,safinea,PRFM,WIS,5327.56567174788,-1.4351813439568195,12,12,0.0
2025-12-10,ILI incidence,2025-12-28,4,NL,ECDC,SARIMA,WIS,3.40345134251448,0.11506890307663216,20,5,0.8928406470114786
2025-12-10,ILI incidence,2025-12-28,4,NL,ECDC,soca_simplex,WIS,2.61071610546086,0.4976218028383605,20,4,0.9215816530159159
2025-12-10,ILI incidence,2025-12-28,4,NL,ISI,FluABCaster,WIS,11.1883973455436,-1.6018641032513747,20,12,0.6105935998777007
2025-12-10,ILI incidence,2025-12-28,4,NL,ISI,FluBcast,WIS,19.9735186029169,-2.437949212671811,20,19,0.29208470686277216
2025-12-10,ILI incidence,2025-12-28,4,NL,ISI,GLEAM,WIS,15.6118260869565,-2.082500004045626,20,16,0.4502200147578187
2025-12-10,ILI incidence,2025-12-28,4,NL,ISI,LSTFlu,WIS,13.0991241523586,-1.8293310594094325,20,14,0.5413192595170807
2025-12-10,ILI incidence,2025-12-28,4,NL,ItaLuxColab,EpiEKF,WIS,5.70457323915445,-0.6300515746520258,20,9,0.809412340614903
2025-12-10,ILI incidence,2025-12-28,4,NL,ItaLuxColab,EpiNetEKF,WIS,14.6763902784614,-1.9933578821781661,20,15,0.48413470018122545
2025-12-10,ILI incidence,2025-12-28,4,NL,MRC_GIDA,NBEATS,WIS,0.447779050432812,3.0412084497755814,20,1,1.0
2025-12-10,ILI incidence,2025-12-28,4,NL,MRC_GIDA,NHiTS,WIS,0.814388740424465,2.1782778671958347,20,2,0.9867083853361972
2025-12-10,ILI incidence,2025-12-28,4,NL,MRC_GIDA,Prophet,WIS,11.7117059683081,-1.667811946622906,20,13,0.5916207883183843
2025-12-10,ILI incidence,2025-12-28,4,NL,MRC_GIDA,TiDE,WIS,1.67904183005245,1.1344292147916013,20,3,0.9553599622067833
2025-12-10,ILI incidence,2025-12-28,4,NL,NotreDame,Rt_cocirc,WIS,16.0688652173913,-2.1241287569851006,20,17,0.4336498362441054
2025-12-10,ILI incidence,2025-12-28,4,NL,QMUL,ARIMA,WIS,8.97242958373863,-1.2834313082657356,20,11,0.6909346012243686
2025-12-10,ILI incidence,2025-12-28,4,NL,QMUL,SEIR,WIS,28.0298072136513,-2.9268225291251615,20,20,0.0
2025-12-10,ILI incidence,2025-12-28,4,NL,QMUL,SEIR_agumented,WIS,17.8866280279031,-2.2787421448051335,20,18,0.36774595130297383
2025-12-10,ILI incidence,2025-12-28,4,NL,RIVM,KFdlm,WIS,5.05463852538868,-0.455540536278144,20,8,0.8329760433970095
2025-12-10,ILI incidence,2025-12-28,4,NL,respicast,hubEnsemble,WIS,6.20968399854606,-0.7524524662913783,20,10,0.7910993015445857
2025-12-10,ILI incidence,2025-12-28,4,NL,respicast,quantileBaseline,WIS,3.68602891304348,0.0,20,6,0.8825956581782851
2025-12-10,ILI incidence,2025-12-28,4,NL,safinea,PRFM,WIS,4.59153163617312,-0.31690809850514784,20,7,0.8497662114903453
2025-12-10,ILI incidence,2025-12-28,4,NO,ECDC,SARIMA,WIS,5.75220957865046,0.010969978962749021,18,2,0.9925815692653147
2025-12-10,ILI incidence,2025-12-28,4,NO,ECDC,soca_simplex,WIS,6.14693111093185,-0.08478009726861105,18,4,0.989836726991427
2025-12-10,ILI incidence,2025-12-28,4,NO,ISI,FluABCaster,WIS,76.2981912950667,-3.7184907326893937,18,17,0.5020139740572553
2025-12-10,ILI incidence,2025-12-28,4,NO,ISI,FluBcast,WIS,37.9060431276025,-2.7092697421149747,18,15,0.7689879865119109
2025-12-10,ILI incidence,2025-12-28,4,NO,ISI,GLEAM,WIS,148.490217391304,-4.679137858958738,18,18,0.0
2025-12-10,ILI incidence,2025-12-28,4,NO,ISI,LSTFlu,WIS,57.0669732168039,-3.299497921113827,18,16,0.6357453670584782
2025-12-10,ILI incidence,2025-12-28,4,NO,ItaLuxColab,EpiEKF,WIS,20.4962042605275,-1.8221986338106102,18,11,0.8900537450169534
2025-12-10,ILI incidence,2025-12-28,4,NO,ItaLuxColab,EpiNetEKF,WIS,31.9133509362835,-2.461001976481682,18,13,0.8106603897528935
2025-12-10,ILI incidence,2025-12-28,4,NO,MRC_GIDA,NBEATS,WIS,8.7657598779196,-0.5967929398794831,18,6,0.9716257318471931
2025-12-10,ILI incidence,2025-12-28,4,NO,MRC_GIDA,NHiTS,WIS,14.7637782204739,-1.3489038462595018,18,8,0.9299162912422156
2025-12-10,ILI incidence,2025-12-28,4,NO,MRC_GIDA,Prophet,WIS,7.40063143566436,-0.3525621499098862,18,5,0.9811186577484772
2025-12-10,ILI incidence,2025-12-28,4,NO,MRC_GIDA,TiDE,WIS,4.68540352768891,0.3069129149950307,18,1,1.0
2025-12-10,ILI incidence,2025-12-28,4,NO,NotreDame,Rt_cocirc,WIS,27.4247782608696,-2.24232183134567,18,12,0.8418733412168887
2025-12-10,ILI incidence,2025-12-28,4,NO,QMUL,ARIMA,WIS,10.6709510284542,-0.8805306347511325,18,7,0.9583772800092631
2025-12-10,ILI incidence,2025-12-28,4,NO,RIVM,KFdlm,WIS,37.1040748389207,-2.678419510390343,18,14,0.7745647698415872
2025-12-10,ILI incidence,2025-12-28,4,NO,respicast,hubEnsemble,WIS,16.6587222966115,-1.5231196273969976,18,9,0.9167390962288778
2025-12-10,ILI incidence,2025-12-28,4,NO,respicast,quantileBaseline,WIS,5.796115,0.0,18,3,0.9922762566671484
2025-12-10,ILI incidence,2025-12-28,4,NO,safinea,PRFM,WIS,17.8331281060138,-1.6214016634307047,18,10,0.9085724307477341
2025-12-10,ILI incidence,2025-12-28,4,PL,ECDC,SARIMA,WIS,48.7689511283354,-0.12356338390945475,20,7,0.9194278358248915
2025-12-10,ILI incidence,2025-12-28,4,PL,ECDC,soca_simplex,WIS,40.456620307369,0.1460237567282631,20,5,0.9533856294973102
2025-12-10,ILI incidence,2025-12-28,4,PL,ISI,FluABCaster,WIS,62.1175104383284,-0.47260044935850776,20,11,0.8648958841213518
2025-12-10,ILI incidence,2025-12-28,4,PL,ISI,FluBcast,WIS,138.404585331301,-1.628420274189163,20,17,0.5532455414095665
2025-12-10,ILI incidence,2025-12-28,4,PL,ISI,GLEAM,WIS,91.5276695652174,-1.0318083870580614,20,15,0.7447485828391601
2025-12-10,ILI incidence,2025-12-28,4,PL,ISI,LSTFlu,WIS,273.830343841525,-2.612810858253115,20,20,0.0
2025-12-10,ILI incidence,2025-12-28,4,PL,ItaLuxColab,EpiEKF,WIS,70.8731093855749,-0.6628387843470379,20,13,0.8291272376450706
2025-12-10,ILI incidence,2025-12-28,4,PL,ItaLuxColab,EpiNetEKF,WIS,124.19081847871,-1.4720870520311469,20,16,0.6113120660082629
2025-12-10,ILI incidence,2025-12-28,4,PL,MRC_GIDA,NBEATS,WIS,70.0064302006891,-0.6450878811318668,20,12,0.8326678225392977
2025-12-10,ILI incidence,2025-12-28,4,PL,MRC_GIDA,NHiTS,WIS,72.6597412332062,-0.6987566670002299,20,14,0.8218284333797968
2025-12-10,ILI incidence,2025-12-28,4,PL,MRC_GIDA,Prophet,WIS,198.402406065352,-2.1479580557474587,20,19,0.3081405689098318
2025-12-10,ILI incidence,2025-12-28,4,PL,MRC_GIDA,TiDE,WIS,48.8307976336709,-0.12539178325716369,20,8,0.9191751785482772
2025-12-10,ILI incidence,2025-12-28,4,PL,NotreDame,Rt_cocirc,WIS,197.608039130435,-2.142170174197047,20,18,0.31138574154036086
2025-12-10,ILI incidence,2025-12-28,4,PL,QMUL,ARIMA,WIS,53.7227467210052,-0.2631335075246158,20,9,0.8991904352384144
2025-12-10,ILI incidence,2025-12-28,4,PL,QMUL,SEIR,WIS,33.4634673888109,0.4198126197631605,20,3,0.981954276371793
2025-12-10,ILI incidence,2025-12-28,4,PL,QMUL,SEIR_agumented,WIS,31.3649909832249,0.5132444129156164,20,2,0.9905270377719514
2025-12-10,ILI incidence,2025-12-28,4,PL,RIVM,KFdlm,WIS,29.0461596523774,0.6240521309842112,20,1,1.0
2025-12-10,ILI incidence,2025-12-28,4,PL,respicast,hubEnsemble,WIS,58.6668058392275,-0.3901448846519722,20,10,0.8789928104016644
2025-12-10,ILI incidence,2025-12-28,4,PL,respicast,quantileBaseline,WIS,44.7658804347826,0.0,20,6,0.9357813053385083
2025-12-10,ILI incidence,2025-12-28,4,PL,safinea,PRFM,WIS,35.4344685365928,0.3372461498633139,20,4,0.9739022808790657
2025-12-10,ILI incidence,2025-12-28,4,RO,ECDC,soca_simplex,WIS,13.914394358504,0.30618787025690386,10,6,0.4797314209621637
2025-12-10,ILI incidence,2025-12-28,4,RO,ISI,FluABCaster,WIS,14.9142237190927,0.20607709739913357,10,7,0.37332789391016313
2025-12-10,ILI incidence,2025-12-28,4,RO,ISI,GLEAM,WIS,10.0567434782609,0.7746027703285417,10,2,0.8902691346690673
2025-12-10,ILI incidence,2025-12-28,4,RO,ItaLuxColab,EpiEKF,WIS,11.9611590047683,0.5244087955241844,10,4,0.6875980219967335
2025-12-10,ILI incidence,2025-12-28,4,RO,ItaLuxColab,EpiNetEKF,WIS,9.0256485140211,0.9306634833185876,10,1,1.0
2025-12-10,ILI incidence,2025-12-28,4,RO,NotreDame,Rt_cocirc,WIS,17.9508869565217,-0.06128914444958448,10,9,0.05016106998198421
2025-12-10,ILI incidence,2025-12-28,4,RO,RIVM,KFdlm,WIS,18.4222295136347,-0.09868168611042756,10,10,0.0
2025-12-10,ILI incidence,2025-12-28,4,RO,respicast,hubEnsemble,WIS,12.7990571733217,0.42672844538095306,10,5,0.5984274855443946
2025-12-10,ILI incidence,2025-12-28,4,RO,respicast,quantileBaseline,WIS,17.2042617391304,0.0,10,8,0.12961818501371794
2025-12-10,ILI incidence,2025-12-28,4,RO,safinea,PRFM,WIS,10.992036976993,0.6463072227046611,10,3,0.7907336228940334
2025-12-10,ILI incidence,2025-12-28,4,SI,ECDC,SARIMA,WIS,120.455955577042,0.052217138469096785,18,12,0.8392765149315424
2025-12-10,ILI incidence,2025-12-28,4,SI,ECDC,soca_simplex,WIS,123.37406517724,0.017683710242974594,18,14,0.835097241473734
2025-12-10,ILI incidence,2025-12-28,4,SI,ISI,FluABCaster,WIS,83.8265888373832,0.5752430354315892,18,6,0.8917365528207974
2025-12-10,ILI incidence,2025-12-28,4,SI,ISI,FluBcast,WIS,38.7895145332325,1.686984238289789,18,2,0.9562379852700483
2025-12-10,ILI incidence,2025-12-28,4,SI,ISI,LSTFlu,WIS,8.23340075013369,3.923090604124164,18,1,1.0
2025-12-10,ILI incidence,2025-12-28,4,SI,ItaLuxColab,EpiEKF,WIS,46.3107179792937,1.431304834277709,18,3,0.945466228811426
2025-12-10,ILI incidence,2025-12-28,4,SI,ItaLuxColab,EpiNetEKF,WIS,63.6635949318642,0.9721823335154562,18,5,0.920613694808052
2025-12-10,ILI incidence,2025-12-28,4,SI,MRC_GIDA,NBEATS,WIS,119.972439876189,0.05801983613217304,18,11,0.8399689989749353
2025-12-10,ILI incidence,2025-12-28,4,SI,MRC_GIDA,NHiTS,WIS,115.224680841925,0.1162730918677052,18,10,0.846768669321321
2025-12-10,ILI incidence,2025-12-28,4,SI,MRC_GIDA,Prophet,WIS,224.859516660245,-0.8483010805765879,18,17,0.689751277186496
2025-12-10,ILI incidence,2025-12-28,4,SI,MRC_GIDA,TiDE,WIS,53.773151911111,1.2157649207459,18,4,0.9347786411828541
2025-12-10,ILI incidence,2025-12-28,4,SI,NotreDame,Rt_cocirc,WIS,92.9237130434783,0.42660415587679923,18,8,0.8787077859320076
2025-12-10,ILI incidence,2025-12-28,4,SI,QMUL,ARIMA,WIS,122.354488039266,0.02965584211576786,18,13,0.836557464787702
2025-12-10,ILI incidence,2025-12-28,4,SI,QMUL,SEIR_agumented,WIS,91.8460308222517,0.44343358254062415,18,7,0.8802512264877765
2025-12-10,ILI incidence,2025-12-28,4,SI,RIVM,KFdlm,WIS,706.467108033851,-2.4998995291131716,18,18,0.0
2025-12-10,ILI incidence,2025-12-28,4,SI,respicast,hubEnsemble,WIS,93.0643126433427,0.4244229145483195,18,9,0.8785064212622735
2025-12-10,ILI incidence,2025-12-28,4,SI,respicast,quantileBaseline,WIS,124.89561826087,0.0,18,15,0.8329180956264944
2025-12-10,ILI incidence,2025-12-28,4,SI,safinea,PRFM,WIS,187.809334966538,-0.5885459097284481,18,16,0.7428140000358988
2025-12-17,ILI incidence,2025-12-14,1,AT,ECDC,SARIMA,WIS,114.553065363312,0.24308366492672295,14,2,0.9331868897016343
2025-12-17,ILI incidence,2025-12-14,1,AT,ECDC,soca_simplex,WIS,290.026301844499,-1.0970840113597828,14,13,0.16892631144955758
2025-12-17,ILI incidence,2025-12-14,1,AT,ISI,FluABCaster,WIS,99.2128619862881,0.4505006603558647,14,1,1.0
2025-12-17,ILI incidence,2025-12-14,1,AT,ISI,GLEAM,WIS,264.463604347826,-0.9639694617369537,14,12,0.2802627315342513
2025-12-17,ILI incidence,2025-12-14,1,AT,ISI,LSTFlu,WIS,240.18555100936,-0.8250496349177562,14,10,0.38600397991705
2025-12-17,ILI incidence,2025-12-14,1,AT,ItaLuxColab,EpiEKF,WIS,173.314051113186,-0.3542888934081965,14,7,0.6772578041702603
2025-12-17,ILI incidence,2025-12-14,1,AT,ItaLuxColab,EpiNetEKF,WIS,118.238370252544,0.19740144040065363,14,3,0.9171358194520602
2025-12-17,ILI incidence,2025-12-14,1,AT,QMUL,ARIMA,WIS,328.811563626124,-1.278161306888881,14,14,0.0
2025-12-17,ILI incidence,2025-12-14,1,AT,QMUL,SEIR,WIS,167.059270632858,-0.30126031484141746,14,6,0.704500033484517
2025-12-17,ILI incidence,2025-12-14,1,AT,QMUL,SEIR_agumented,WIS,173.826417732396,-0.3585476265940827,14,8,0.6750262296206195
2025-12-17,ILI incidence,2025-12-14,1,AT,RIVM,KFdlm,WIS,262.048974085188,-0.9507367312349465,14,11,0.29077947333371396
2025-12-17,ILI incidence,2025-12-14,1,AT,respicast,hubEnsemble,WIS,137.166289307506,-0.016826231283588112,14,5,0.8346966814265604
2025-12-17,ILI incidence,2025-12-14,1,AT,respicast,quantileBaseline,WIS,135.575804347826,0.0,14,4,0.8416239199009963
2025-12-17,ILI incidence,2025-12-14,1,AT,safinea,PRFM,WIS,213.173601000744,-0.6529290590048316,14,9,0.5036525110964153
2025-12-17,ILI incidence,2025-12-14,1,BE,ECDC,SARIMA,WIS,18.4085709839882,-0.6286361550898897,19,11,0.8400209807332157
2025-12-17,ILI incidence,2025-12-14,1,BE,ECDC,soca_simplex,WIS,13.5876070449928,-0.19054991827311524,19,9,0.8890074551309463
2025-12-17,ILI incidence,2025-12-14,1,BE,ISI,FluABCaster,WIS,2.66436623434518,2.1598771738669083,19,1,1.0
2025-12-17,ILI incidence,2025-12-14,1,BE,ISI,FluBcast,WIS,7.6765507476528,0.6332113574726702,19,3,0.9490705071755817
2025-12-17,ILI incidence,2025-12-14,1,BE,ISI,GLEAM,WIS,6.81476086956521,0.8050065440079152,19,2,0.9578272720743373
2025-12-17,ILI incidence,2025-12-14,1,BE,ISI,LSTFlu,WIS,52.261907260254,-2.134018292954281,19,17,0.4960325975467959
2025-12-17,ILI incidence,2025-12-14,1,BE,ItaLuxColab,EpiEKF,WIS,12.1318699783456,-0.02706045850163527,19,7,0.9037993987022979
2025-12-17,ILI incidence,2025-12-14,1,BE,ItaLuxColab,EpiNetEKF,WIS,25.250896815709,-1.0845931450394828,19,12,0.7704951714930064
2025-12-17,ILI incidence,2025-12-14,1,BE,MRC_GIDA,NBEATS,WIS,60.3065893698347,-2.3405741633327386,19,18,0.4142894816086634
2025-12-17,ILI incidence,2025-12-14,1,BE,MRC_GIDA,NHiTS,WIS,39.4832201160579,-1.7294981730841192,19,15,0.625878586553761
2025-12-17,ILI incidence,2025-12-14,1,BE,MRC_GIDA,Prophet,WIS,101.078550930575,-3.085663499080879,19,19,0.0
2025-12-17,ILI incidence,2025-12-14,1,BE,MRC_GIDA,TiDE,WIS,35.6120044695838,-1.58062215924828,19,14,0.665214538565386
2025-12-17,ILI incidence,2025-12-14,1,BE,QMUL,ARIMA,WIS,13.5031065265181,-0.18154986930840314,19,8,0.8898660764641976
2025-12-17,ILI incidence,2025-12-14,1,BE,QMUL,SEIR,WIS,49.3254775277327,-2.050591535205333,19,16,0.5258700619487521
2025-12-17,ILI incidence,2025-12-14,1,BE,QMUL,SEIR_agumented,WIS,7.70575863336776,0.6277325803301571,19,4,0.9487737218513409
2025-12-17,ILI incidence,2025-12-14,1,BE,RIVM,KFdlm,WIS,14.6930303687859,-0.30339049291685316,19,10,0.8777750974458712
2025-12-17,ILI incidence,2025-12-14,1,BE,respicast,hubEnsemble,WIS,9.22894308508379,0.3675041403184882,19,5,0.9332964361692254
2025-12-17,ILI incidence,2025-12-14,1,BE,respicast,quantileBaseline,WIS,11.9064347826087,0.0,19,6,0.9060900765800118
2025-12-17,ILI incidence,2025-12-14,1,BE,safinea,PRFM,WIS,35.1376904372859,-1.5612778848950641,19,13,0.6700341083638043
2025-12-17,ILI incidence,2025-12-14,1,CZ,ECDC,SARIMA,WIS,15.4705704530092,0.45684977271341354,15,5,0.6810820289850683
2025-12-17,ILI incidence,2025-12-14,1,CZ,ECDC,soca_simplex,WIS,9.95241311921166,1.0932578902927272,15,2,0.9713203962148121
2025-12-17,ILI incidence,2025-12-14,1,CZ,ISI,FluABCaster,WIS,27.3761253862999,-0.36654210509356727,15,13,0.05488588853825196
2025-12-17,ILI incidence,2025-12-14,1,CZ,ISI,FluBcast,WIS,25.3526033717428,-0.25575773263592116,15,12,0.1613170194451916
2025-12-17,ILI incidence,2025-12-14,1,CZ,ISI,GLEAM,WIS,27.4956086956522,-0.3728250576264375,15,14,0.04860142825198595
2025-12-17,ILI incidence,2025-12-14,1,CZ,ISI,LSTFlu,WIS,18.6554860963278,0.18677621539588293,15,9,0.5135651098099663
2025-12-17,ILI incidence,2025-12-14,1,CZ,ItaLuxColab,EpiEKF,WIS,12.6198462097233,0.7506818384033721,15,4,0.8310214924226114
2025-12-17,ILI incidence,2025-12-14,1,CZ,ItaLuxColab,EpiNetEKF,WIS,10.507173122567,1.015001592552396,15,3,0.9421416998061299
2025-12-17,ILI incidence,2025-12-14,1,CZ,QMUL,ARIMA,WIS,9.40714211500852,1.17454776298771,15,1,1.0
2025-12-17,ILI incidence,2025-12-14,1,CZ,QMUL,SEIR,WIS,17.244604443,0.3002311309795123,15,7,0.5877732127410318
2025-12-17,ILI incidence,2025-12-14,1,CZ,QMUL,SEIR_agumented,WIS,28.4196434133966,-0.42051228533168766,15,15,0.0
2025-12-17,ILI incidence,2025-12-14,1,CZ,RIVM,KFdlm,WIS,20.9390093276994,0.020182980907248696,15,10,0.39345870216095263
2025-12-17,ILI incidence,2025-12-14,1,CZ,respicast,hubEnsemble,WIS,16.9437716319255,0.3256211176600014,15,6,0.6035961077064619
2025-12-17,ILI incidence,2025-12-14,1,CZ,respicast,quantileBaseline,WIS,21.234,0.0,15,11,0.37794308600551213
2025-12-17,ILI incidence,2025-12-14,1,CZ,safinea,PRFM,WIS,17.7273506492583,0.2603992258767757,15,8,0.5623822240077802
2025-12-17,ILI incidence,2025-12-14,1,EE,ECDC,SARIMA,WIS,34.8139701201187,-0.5126952250729891,15,4,0.6289611404718152
2025-12-17,ILI incidence,2025-12-14,1,EE,ECDC,soca_simplex,WIS,74.9143234324515,-1.618270464145849,15,14,0.061218198390958316
2025-12-17,ILI incidence,2025-12-14,1,EE,ISI,FluABCaster,WIS,8.60705805327309,1.5033790158899554,15,1,1.0
2025-12-17,ILI incidence,2025-12-14,1,EE,ISI,FluBcast,WIS,36.9872495109228,-0.6000569004582084,15,7,0.598191734883577
2025-12-17,ILI incidence,2025-12-14,1,EE,ISI,GLEAM,WIS,34.9920869565218,-0.5200575900314821,15,5,0.6264393527971281
2025-12-17,ILI incidence,2025-12-14,1,EE,ISI,LSTFlu,WIS,51.0551437047155,-1.0650851964786783,15,10,0.39901773817942093
2025-12-17,ILI incidence,2025-12-14,1,EE,ItaLuxColab,EpiEKF,WIS,36.7148540088023,-0.5893927427026289,15,6,0.6020483249385061
2025-12-17,ILI incidence,2025-12-14,1,EE,ItaLuxColab,EpiNetEKF,WIS,26.5205499329607,-0.12013957102170957,15,3,0.7463798260453846
2025-12-17,ILI incidence,2025-12-14,1,EE,QMUL,ARIMA,WIS,50.3765870757351,-1.045782264739553,15,9,0.40862477914250683
2025-12-17,ILI incidence,2025-12-14,1,EE,QMUL,SEIR,WIS,54.2293481111055,-1.1521027072584373,15,12,0.35407718280791406
2025-12-17,ILI incidence,2025-12-14,1,EE,QMUL,SEIR_agumented,WIS,52.3067308031636,-1.1000254830543024,15,11,0.3812977012508477
2025-12-17,ILI incidence,2025-12-14,1,EE,RIVM,KFdlm,WIS,58.4919984103159,-1.2612681597483006,15,13,0.2937263524028547
2025-12-17,ILI incidence,2025-12-14,1,EE,respicast,hubEnsemble,WIS,37.6015446126082,-0.6238208061570323,15,8,0.5894945120531372
2025-12-17,ILI incidence,2025-12-14,1,EE,respicast,quantileBaseline,WIS,24.4015217391305,0.0,15,2,0.7763811402918465
2025-12-17,ILI incidence,2025-12-14,1,EE,safinea,PRFM,WIS,79.2382369550476,-1.6992256601081273,15,15,0.0
2025-12-17,ILI incidence,2025-12-14,1,ES,ECDC,SARIMA,WIS,6.33719972215695,2.5458757131991687,14,2,0.9929752848835519
2025-12-17,ILI incidence,2025-12-14,1,ES,ECDC,soca_simplex,WIS,46.7957154211287,-0.33858334153042485,14,14,0.0
2025-12-17,ILI incidence,2025-12-14,1,ES,ISI,FluABCaster,WIS,21.5111486961681,0.782708535513888,14,9,0.6205603298371378
2025-12-17,ILI incidence,2025-12-14,1,ES,ISI,GLEAM,WIS,18.5316956521739,0.997798208144104,14,7,0.6936851883260146
2025-12-17,ILI incidence,2025-12-14,1,ES,ISI,LSTFlu,WIS,11.1353083956394,1.7326515877603348,14,5,0.8752150743409155
2025-12-17,ILI incidence,2025-12-14,1,ES,ItaLuxColab,EpiEKF,WIS,8.85871527263879,2.0626237088143333,14,4,0.9310896081892474
2025-12-17,ILI incidence,2025-12-14,1,ES,ItaLuxColab,EpiNetEKF,WIS,6.05097956023928,2.6125524858266798,14,1,1.0
2025-12-17,ILI incidence,2025-12-14,1,ES,QMUL,ARIMA,WIS,37.3477614464379,-0.013228670915194201,14,11,0.23188158605194986
2025-12-17,ILI incidence,2025-12-14,1,ES,QMUL,SEIR,WIS,38.5492658242364,-0.05891028178532405,14,12,0.20239300667078333
2025-12-17,ILI incidence,2025-12-14,1,ES,QMUL,SEIR_agumented,WIS,6.55774647713231,2.496521069056725,14,3,0.9875623953331484
2025-12-17,ILI incidence,2025-12-14,1,ES,RIVM,KFdlm,WIS,20.4338246038522,0.8568338433807192,14,8,0.6470011465353758
2025-12-17,ILI incidence,2025-12-14,1,ES,respicast,hubEnsemble,WIS,11.1367388206442,1.732466273222916,14,6,0.8751799673516423
2025-12-17,ILI incidence,2025-12-14,1,ES,respicast,quantileBaseline,WIS,37.0068695652174,0.0,14,10,0.24024811178878056
2025-12-17,ILI incidence,2025-12-14,1,ES,safinea,PRFM,WIS,39.3860105625612,-0.089890190427712,14,13,0.18185674055823303
2025-12-17,ILI incidence,2025-12-14,1,FI,ECDC,SARIMA,WIS,8.27936419015563,1.2777299852076338,15,8,0.7787546835563354
2025-12-17,ILI incidence,2025-12-14,1,FI,ECDC,soca_simplex,WIS,7.62383991132388,1.3967321408713067,15,7,0.819068640693375
2025-12-17,ILI incidence,2025-12-14,1,FI,ISI,FluABCaster,WIS,11.8210182572619,0.7639675572394724,15,12,0.5609472050751442
2025-12-17,ILI incidence,2025-12-14,1,FI,ISI,FluBcast,WIS,4.6818092288893,2.1001838163929163,15,1,1.0
2025-12-17,ILI incidence,2025-12-14,1,FI,ISI,GLEAM,WIS,18.760747826087,0.0976045346498406,15,13,0.13416215772517523
2025-12-17,ILI incidence,2025-12-14,1,FI,ISI,LSTFlu,WIS,6.98855671167903,1.5222554275143974,15,4,0.8581377957306324
2025-12-17,ILI incidence,2025-12-14,1,FI,ItaLuxColab,EpiEKF,WIS,7.50907821944215,1.4186141462295405,15,6,0.8261263471382674
2025-12-17,ILI incidence,2025-12-14,1,FI,ItaLuxColab,EpiNetEKF,WIS,4.83116255579554,2.054879569659867,15,2,0.9908149494784497
2025-12-17,ILI incidence,2025-12-14,1,FI,QMUL,ARIMA,WIS,6.11036579393204,1.7159912172728862,15,3,0.9121454841709207
2025-12-17,ILI incidence,2025-12-14,1,FI,QMUL,SEIR,WIS,10.893751275603,0.8818210379343923,15,11,0.6179730126010066
2025-12-17,ILI incidence,2025-12-14,1,FI,QMUL,SEIR_agumented,WIS,20.9422888588948,-0.06109725705489117,15,15,0.0
2025-12-17,ILI incidence,2025-12-14,1,FI,RIVM,KFdlm,WIS,9.45982229457101,1.085436883718882,15,9,0.7061579255715906
2025-12-17,ILI incidence,2025-12-14,1,FI,respicast,hubEnsemble,WIS,7.37219445406194,1.4451558411196859,15,5,0.8345445345776845
2025-12-17,ILI incidence,2025-12-14,1,FI,respicast,quantileBaseline,WIS,20.0739130434783,0.0,15,14,0.05340407141583224
2025-12-17,ILI incidence,2025-12-14,1,FI,safinea,PRFM,WIS,10.1416268864405,0.9850327679165537,15,10,0.6642277606943287
2025-12-17,ILI incidence,2025-12-14,1,FR,ECDC,SARIMA,WIS,8.95418791827641,2.1097973969937223,15,3,0.92028348863456
2025-12-17,ILI incidence,2025-12-14,1,FR,ECDC,soca_simplex,WIS,32.8641969084988,0.23391516716134733,15,12,0.3561700657710687
2025-12-17,ILI incidence,2025-12-14,1,FR,ISI,FluABCaster,WIS,12.1262863061549,1.6722941074571849,15,4,0.8454435636484317
2025-12-17,ILI incidence,2025-12-14,1,FR,ISI,FluBcast,WIS,16.5843471609801,1.2206096760957217,15,8,0.7402636798107638
2025-12-17,ILI incidence,2025-12-14,1,FR,ISI,GLEAM,WIS,19.2276391304348,1.0072502660309401,15,9,0.677899985964959
2025-12-17,ILI incidence,2025-12-14,1,FR,ISI,LSTFlu,WIS,5.57539488452499,2.7932860034811684,15,1,1.0
2025-12-17,ILI incidence,2025-12-14,1,FR,ItaLuxColab,EpiEKF,WIS,15.5036762931898,1.317821544346614,15,7,0.765760154632975
2025-12-17,ILI incidence,2025-12-14,1,FR,ItaLuxColab,EpiNetEKF,WIS,12.4337351679575,1.6361721423132338,15,5,0.8381898637498715
2025-12-17,ILI incidence,2025-12-14,1,FR,QMUL,ARIMA,WIS,5.70357169994579,2.760494343758294,15,2,0.9969758998372464
2025-12-17,ILI incidence,2025-12-14,1,FR,QMUL,SEIR,WIS,35.1653845489954,0.13627590408134174,15,13,0.30187770489983073
2025-12-17,ILI incidence,2025-12-14,1,FR,QMUL,SEIR_agumented,WIS,28.6914859572029,0.429809209498175,15,10,0.4546176346665085
2025-12-17,ILI incidence,2025-12-14,1,FR,RIVM,KFdlm,WIS,47.9605040153324,-0.31141492208549804,15,15,0.0
2025-12-17,ILI incidence,2025-12-14,1,FR,respicast,hubEnsemble,WIS,15.407950452124,1.3267569290028034,15,6,0.7680186327407079
2025-12-17,ILI incidence,2025-12-14,1,FR,respicast,quantileBaseline,WIS,38.6490217391305,0.0,15,14,0.2196875852664467
2025-12-17,ILI incidence,2025-12-14,1,FR,safinea,PRFM,WIS,30.2110067277503,0.3553576378821587,15,11,0.4187672900122596
2025-12-17,ILI incidence,2025-12-14,1,GB-WLS,ECDC,soca_simplex,WIS,13.8344784656278,-0.5354103010377952,6,6,0.0
2025-12-17,ILI incidence,2025-12-14,1,GB-WLS,ItaLuxColab,EpiEKF,WIS,6.62859400388504,0.526083160230002,6,3,0.8164091271576691
2025-12-17,ILI incidence,2025-12-14,1,GB-WLS,RIVM,KFdlm,WIS,5.00816305336622,0.930504518268084,6,1,1.0
2025-12-17,ILI incidence,2025-12-14,1,GB-WLS,respicast,hubEnsemble,WIS,6.50096047214401,0.5541331697290665,6,2,0.8308696948781158
2025-12-17,ILI incidence,2025-12-14,1,GB-WLS,respicast,quantileBaseline,WIS,9.54527029918866,0.0,6,5,0.4859568195898077
2025-12-17,ILI incidence,2025-12-14,1,GB-WLS,safinea,PRFM,WIS,6.74197496456236,0.501614781801455,6,4,0.8035633409624682
2025-12-17,ILI incidence,2025-12-14,1,GR,ECDC,SARIMA,WIS,58.9863471824416,0.009019141775811573,19,10,0.8133355726253362
2025-12-17,ILI incidence,2025-12-14,1,GR,ECDC,soca_simplex,WIS,14.8467591586133,1.999252167569691,19,1,1.0
2025-12-17,ILI incidence,2025-12-14,1,GR,ISI,FluABCaster,WIS,54.5650200672378,0.12142383199589184,19,9,0.8320331756421577
2025-12-17,ILI incidence,2025-12-14,1,GR,ISI,FluBcast,WIS,36.5960307721213,0.69771303125758,19,2,0.908023261808428
2025-12-17,ILI incidence,2025-12-14,1,GR,ISI,GLEAM,WIS,86.7591521739131,-0.547615742137307,19,13,0.695885569749854
2025-12-17,ILI incidence,2025-12-14,1,GR,ISI,LSTFlu,WIS,98.5199502912586,-0.7310156872523912,19,15,0.6461496581944901
2025-12-17,ILI incidence,2025-12-14,1,GR,ItaLuxColab,EpiEKF,WIS,50.2075156906527,0.24149687163599848,19,8,0.8504608750307145
2025-12-17,ILI incidence,2025-12-14,1,GR,ItaLuxColab,EpiNetEKF,WIS,45.2766588025263,0.3906327144533563,19,4,0.871313257635456
2025-12-17,ILI incidence,2025-12-14,1,GR,MRC_GIDA,NBEATS,WIS,251.311674539804,-2.0820055745683606,19,19,0.0
2025-12-17,ILI incidence,2025-12-14,1,GR,MRC_GIDA,NHiTS,WIS,216.452642977053,-1.866579298787821,19,18,0.1474173515616762
2025-12-17,ILI incidence,2025-12-14,1,GR,MRC_GIDA,Prophet,WIS,78.5322432174418,-0.40388489457769106,19,12,0.7306768153907103
2025-12-17,ILI incidence,2025-12-14,1,GR,MRC_GIDA,TiDE,WIS,144.770409056509,-1.2862946291864077,19,16,0.4505584488571858
2025-12-17,ILI incidence,2025-12-14,1,GR,QMUL,ARIMA,WIS,48.1844398741225,0.30083287825764427,19,5,0.8590163760160041
2025-12-17,ILI incidence,2025-12-14,1,GR,QMUL,SEIR,WIS,160.923329486673,-1.4389013748146442,19,17,0.38224844014352594
2025-12-17,ILI incidence,2025-12-14,1,GR,QMUL,SEIR_agumented,WIS,48.2293949782247,0.29948750058336426,19,6,0.8588262628060604
2025-12-17,ILI incidence,2025-12-14,1,GR,RIVM,KFdlm,WIS,93.5982871300317,-0.6570819157369273,19,14,0.6669631609219158
2025-12-17,ILI incidence,2025-12-14,1,GR,respicast,hubEnsemble,WIS,49.989534985045,0.24777410588596369,19,7,0.8513827060992107
2025-12-17,ILI incidence,2025-12-14,1,GR,respicast,quantileBaseline,WIS,59.3562608695652,0.0,19,11,0.8117712234848843
2025-12-17,ILI incidence,2025-12-14,1,GR,safinea,PRFM,WIS,38.3405483276045,0.6305292427993182,19,3,0.900645771779216
2025-12-17,ILI incidence,2025-12-14,1,HR,ECDC,SARIMA,WIS,64.7626997721821,0.4295318196591537,14,7,0.41190112305138865
2025-12-17,ILI incidence,2025-12-14,1,HR,ECDC,soca_simplex,WIS,67.0150817916593,0.38020913674126205,14,8,0.3705930016971356
2025-12-17,ILI incidence,2025-12-14,1,HR,ISI,FluABCaster,WIS,67.300987573598,0.37406727331890355,14,9,0.3653495613597156
2025-12-17,ILI incidence,2025-12-14,1,HR,ISI,FluBcast,WIS,77.0018275175188,0.17980226207711467,14,12,0.18743858969662305
2025-12-17,ILI incidence,2025-12-14,1,HR,ISI,LSTFlu,WIS,78.0000946910926,0.1612190730045888,14,13,0.1691306200922817
2025-12-17,ILI incidence,2025-12-14,1,HR,ItaLuxColab,EpiEKF,WIS,38.6754442593972,1.1732770845885718,14,3,0.8903348466395629
2025-12-17,ILI incidence,2025-12-14,1,HR,ItaLuxColab,EpiNetEKF,WIS,36.6896917552165,1.2493201644144363,14,2,0.9267530495522499
2025-12-17,ILI incidence,2025-12-14,1,HR,QMUL,ARIMA,WIS,47.7257193553612,0.8699280052934586,14,5,0.7243550711305086
2025-12-17,ILI incidence,2025-12-14,1,HR,QMUL,SEIR,WIS,68.8813524662388,0.34058147846382,14,10,0.3363660655740584
2025-12-17,ILI incidence,2025-12-14,1,HR,QMUL,SEIR_agumented,WIS,76.5002926782948,0.18922968104933732,14,11,0.19663661286627163
2025-12-17,ILI incidence,2025-12-14,1,HR,RIVM,KFdlm,WIS,32.6958012377756,1.415589570234991,14,1,1.0
2025-12-17,ILI incidence,2025-12-14,1,HR,respicast,hubEnsemble,WIS,64.5629499330131,0.4339884503771449,14,6,0.41556448500577015
2025-12-17,ILI incidence,2025-12-14,1,HR,respicast,quantileBaseline,WIS,87.2221739130435,0.0,14,14,0.0
2025-12-17,ILI incidence,2025-12-14,1,HR,safinea,PRFM,WIS,47.4463448096181,0.8783979997804587,14,4,0.7294787302340936
2025-12-17,ILI incidence,2025-12-14,1,HU,ECDC,SARIMA,WIS,40.5864338327801,0.3554015287516179,15,8,0.5684571638246191
2025-12-17,ILI incidence,2025-12-14,1,HU,ECDC,soca_simplex,WIS,81.382880753528,-0.6483262386396015,15,15,0.0
2025-12-17,ILI incidence,2025-12-14,1,HU,ISI,FluABCaster,WIS,27.602537339757,0.9115982189136542,15,4,0.7493746096540175
2025-12-17,ILI incidence,2025-12-14,1,HU,ISI,FluBcast,WIS,32.8208187347599,0.6617878823442115,15,6,0.6766631441775102
2025-12-17,ILI incidence,2025-12-14,1,HU,ISI,GLEAM,WIS,9.61591304347826,2.4329033555704265,15,1,1.0
2025-12-17,ILI incidence,2025-12-14,1,HU,ISI,LSTFlu,WIS,15.2185257201164,1.7705705045958158,15,2,0.9219332674152597
2025-12-17,ILI incidence,2025-12-14,1,HU,ItaLuxColab,EpiEKF,WIS,35.1584454842439,0.5625278267848043,15,7,0.6440906832797836
2025-12-17,ILI incidence,2025-12-14,1,HU,ItaLuxColab,EpiNetEKF,WIS,21.0245356671605,1.3043251720242184,15,3,0.8410323998949637
2025-12-17,ILI incidence,2025-12-14,1,HU,QMUL,ARIMA,WIS,43.1754593528667,0.26618758355259736,15,9,0.5323817157083397
2025-12-17,ILI incidence,2025-12-14,1,HU,QMUL,SEIR,WIS,56.3254375360398,-0.11738750483347063,15,12,0.3491500897561167
2025-12-17,ILI incidence,2025-12-14,1,HU,QMUL,SEIR_agumented,WIS,61.9718023949176,-0.25521281789874184,15,14,0.27047371482984095
2025-12-17,ILI incidence,2025-12-14,1,HU,RIVM,KFdlm,WIS,50.7669485565457,0.032509563767227564,15,10,0.4266020033154482
2025-12-17,ILI incidence,2025-12-14,1,HU,respicast,hubEnsemble,WIS,32.6062273803081,0.6712515831043442,15,5,0.6796532573354017
2025-12-17,ILI incidence,2025-12-14,1,HU,respicast,quantileBaseline,WIS,51.9239130434782,0.0,15,11,0.41048087511609566
2025-12-17,ILI incidence,2025-12-14,1,HU,safinea,PRFM,WIS,60.2724223490437,-0.2150989373536668,15,13,0.2941528544131054
2025-12-17,ILI incidence,2025-12-14,1,IE,ECDC,SARIMA,WIS,35.6236457537488,-0.19650964794074596,17,11,0.7051770665143955
2025-12-17,ILI incidence,2025-12-14,1,IE,ECDC,soca_simplex,WIS,11.2241582972067,1.4697182617583602,17,1,1.0
2025-12-17,ILI incidence,2025-12-14,1,IE,ISI,FluABCaster,WIS,13.9961071290036,1.1512999102644021,17,3,0.9665060961826377
2025-12-17,ILI incidence,2025-12-14,1,IE,ISI,LSTFlu,WIS,13.1305124228694,1.2434023036622468,17,2,0.9769652163148383
2025-12-17,ILI incidence,2025-12-14,1,IE,ItaLuxColab,EpiEKF,WIS,15.534556701325,1.0008444497959739,17,4,0.9479167624214544
2025-12-17,ILI incidence,2025-12-14,1,IE,ItaLuxColab,EpiNetEKF,WIS,18.6523673469605,0.7369667746072845,17,5,0.9102437546488077
2025-12-17,ILI incidence,2025-12-14,1,IE,MRC_GIDA,NBEATS,WIS,93.9839598095048,-1.5960890311603009,17,17,0.0
2025-12-17,ILI incidence,2025-12-14,1,IE,MRC_GIDA,NHiTS,WIS,90.3230688184679,-1.5387689813069116,17,16,0.044235134982687045
2025-12-17,ILI incidence,2025-12-14,1,IE,MRC_GIDA,Prophet,WIS,70.3967072250284,-1.179182426342193,17,14,0.2850085688155178
2025-12-17,ILI incidence,2025-12-14,1,IE,MRC_GIDA,TiDE,WIS,85.3733602469624,-1.4574604413729417,17,15,0.10404326019635095
2025-12-17,ILI incidence,2025-12-14,1,IE,QMUL,ARIMA,WIS,30.320304956964,0.0360412586866765,17,7,0.7692581868152545
2025-12-17,ILI incidence,2025-12-14,1,IE,QMUL,SEIR,WIS,36.8462841270978,-0.24519361111860746,17,12,0.6904037302930982
2025-12-17,ILI incidence,2025-12-14,1,IE,QMUL,SEIR_agumented,WIS,40.2284492612812,-0.3718906029067651,17,13,0.6495364846934237
2025-12-17,ILI incidence,2025-12-14,1,IE,RIVM,KFdlm,WIS,31.823575133383,-0.033770397768264716,17,9,0.7510939313560916
2025-12-17,ILI incidence,2025-12-14,1,IE,respicast,hubEnsemble,WIS,34.4238558778923,-0.14708318261715364,17,10,0.7196743206635394
2025-12-17,ILI incidence,2025-12-14,1,IE,respicast,quantileBaseline,WIS,31.0873043478261,0.0,17,8,0.7599904097441831
2025-12-17,ILI incidence,2025-12-14,1,IE,safinea,PRFM,WIS,25.6414915300957,0.2778453387009644,17,6,0.8257930424017924
2025-12-17,ILI incidence,2025-12-14,1,IS,ECDC,soca_simplex,WIS,11.6462347693576,0.06295080309167411,9,5,0.6904884562410899
2025-12-17,ILI incidence,2025-12-14,1,IS,ISI,FluABCaster,WIS,3.70554732464004,1.7150558542843266,9,1,1.0
2025-12-17,ILI incidence,2025-12-14,1,IS,ISI,FluBcast,WIS,15.0858170506204,-0.3103784255475239,9,7,0.5564206656157772
2025-12-17,ILI incidence,2025-12-14,1,IS,ItaLuxColab,EpiEKF,WIS,8.40158617924673,0.5340807770460212,9,4,0.8169581354813243
2025-12-17,ILI incidence,2025-12-14,1,IS,ItaLuxColab,EpiNetEKF,WIS,7.17062959887914,0.7626427079144286,9,2,0.8649382724835952
2025-12-17,ILI incidence,2025-12-14,1,IS,RIVM,KFdlm,WIS,26.3150971182373,-1.113076309555239,9,8,0.11872659526908988
2025-12-17,ILI incidence,2025-12-14,1,IS,respicast,hubEnsemble,WIS,7.21213253454093,0.7543165957119059,9,3,0.8633205740441796
2025-12-17,ILI incidence,2025-12-14,1,IS,respicast,quantileBaseline,WIS,12.1656584782609,0.0,9,6,0.6702423962964201
2025-12-17,ILI incidence,2025-12-14,1,IS,safinea,PRFM,WIS,29.3610926664411,-1.2710912490693858,9,9,0.0
2025-12-17,ILI incidence,2025-12-14,1,LT,ECDC,SARIMA,WIS,94.9853464530786,1.1161422849584561,18,7,0.885181791937015
2025-12-17,ILI incidence,2025-12-14,1,LT,ECDC,soca_simplex,WIS,53.4881176998619,1.9446288139097385,18,1,1.0
2025-12-17,ILI incidence,2025-12-14,1,LT,ISI,FluABCaster,WIS,306.021302104974,-0.5717129285124167,18,15,0.30126881767769276
2025-12-17,ILI incidence,2025-12-14,1,LT,ISI,FluBcast,WIS,145.247187585991,0.503408924655745,18,8,0.7461128780308037
2025-12-17,ILI incidence,2025-12-14,1,LT,ISI,LSTFlu,WIS,165.643358796579,0.3138387916775771,18,11,0.6896789449681284
2025-12-17,ILI incidence,2025-12-14,1,LT,ItaLuxColab,EpiEKF,WIS,68.0253032487717,1.597775765758158,18,3,0.9597772274160461
2025-12-17,ILI incidence,2025-12-14,1,LT,ItaLuxColab,EpiNetEKF,WIS,93.5780800089208,1.137676620148767,18,6,0.8890755413810146
2025-12-17,ILI incidence,2025-12-14,1,LT,MRC_GIDA,NBEATS,WIS,414.904912590554,-1.0108615855004082,18,18,0.0
2025-12-17,ILI incidence,2025-12-14,1,LT,MRC_GIDA,NHiTS,WIS,411.185128084034,-0.9978689317525188,18,17,0.010292229246416238
2025-12-17,ILI incidence,2025-12-14,1,LT,MRC_GIDA,Prophet,WIS,272.361070988284,-0.4036013576078319,18,14,0.39440292653079767
2025-12-17,ILI incidence,2025-12-14,1,LT,MRC_GIDA,TiDE,WIS,392.667392745689,-0.9313886472918951,18,16,0.06152873955841075
2025-12-17,ILI incidence,2025-12-14,1,LT,QMUL,ARIMA,WIS,87.1569748124907,1.2402311267190844,18,5,0.9068420239772982
2025-12-17,ILI incidence,2025-12-14,1,LT,QMUL,SEIR,WIS,255.156485466681,-0.3094631583164543,18,13,0.44200609761975157
2025-12-17,ILI incidence,2025-12-14,1,LT,QMUL,SEIR_agumented,WIS,157.556425071764,0.3860505657911127,18,10,0.7120545894847614
2025-12-17,ILI incidence,2025-12-14,1,LT,RIVM,KFdlm,WIS,57.9380457921758,1.8293362242291236,18,2,0.9876875448091456
2025-12-17,ILI incidence,2025-12-14,1,LT,respicast,hubEnsemble,WIS,156.243839701303,0.3981198446380762,18,9,0.715686366947837
2025-12-17,ILI incidence,2025-12-14,1,LT,respicast,quantileBaseline,WIS,205.89647826087,0.0,18,12,0.578303048680671
2025-12-17,ILI incidence,2025-12-14,1,LT,safinea,PRFM,WIS,82.6004848489304,1.317696998600151,18,4,0.9194493239920593
2025-12-17,ILI incidence,2025-12-14,1,LU,ECDC,SARIMA,WIS,503.116758037368,-0.10384869557502265,17,8,0.9376345583654367
2025-12-17,ILI incidence,2025-12-14,1,LU,ECDC,soca_simplex,WIS,418.693613878237,0.1611496352297642,17,5,0.9503303302213749
2025-12-17,ILI incidence,2025-12-14,1,LU,ISI,FluABCaster,WIS,498.372091882112,-0.09017873300510817,17,7,0.9383480735944618
2025-12-17,ILI incidence,2025-12-14,1,LU,ISI,LSTFlu,WIS,2842.15549153176,-2.6018690312754402,17,16,0.5858838338641911
2025-12-17,ILI incidence,2025-12-14,1,LU,ItaLuxColab,EpiEKF,WIS,897.34202549042,-0.9386134301551606,17,9,0.8783499379538093
2025-12-17,ILI incidence,2025-12-14,1,LU,ItaLuxColab,EpiNetEKF,WIS,2764.28388094925,-2.5617893284801077,17,15,0.59759436907177
2025-12-17,ILI incidence,2025-12-14,1,LU,MRC_GIDA,NBEATS,WIS,2721.364204323,-2.5392135936956985,17,14,0.6040487416020138
2025-12-17,ILI incidence,2025-12-14,1,LU,MRC_GIDA,NHiTS,WIS,2041.55473671592,-2.1245517947053916,17,13,0.7062802563389928
2025-12-17,ILI incidence,2025-12-14,1,LU,MRC_GIDA,Prophet,WIS,1427.30679821727,-1.6081790201608839,17,11,0.798652457917507
2025-12-17,ILI incidence,2025-12-14,1,LU,MRC_GIDA,TiDE,WIS,1317.92229761302,-1.4931488601930403,17,10,0.8151019834365953
2025-12-17,ILI incidence,2025-12-14,1,LU,QMUL,ARIMA,WIS,254.183260634448,0.8811755247097061,17,2,0.9750698247465507
2025-12-17,ILI incidence,2025-12-14,1,LU,QMUL,SEIR,WIS,1430.38784311726,-1.6112899263130014,17,12,0.7981891223770249
2025-12-17,ILI incidence,2025-12-14,1,LU,QMUL,SEIR_agumented,WIS,88.4049366997803,2.40484570896518,17,1,1.0
2025-12-17,ILI incidence,2025-12-14,1,LU,RIVM,KFdlm,WIS,6738.11045418226,-3.8472276240779375,17,17,0.0
2025-12-17,ILI incidence,2025-12-14,1,LU,respicast,hubEnsemble,WIS,279.036322913276,0.7465916149822048,17,3,0.9713323566416115
2025-12-17,ILI incidence,2025-12-14,1,LU,respicast,quantileBaseline,WIS,468.173913043478,0.0,17,6,0.942889354220986
2025-12-17,ILI incidence,2025-12-14,1,LU,safinea,PRFM,WIS,365.94167915511,0.3554308070945655,17,4,0.958263303280774
2025-12-17,ILI incidence,2025-12-14,1,LV,ECDC,soca_simplex,WIS,461.642181878039,0.27917899962917725,9,8,0.3018268790627218
2025-12-17,ILI incidence,2025-12-14,1,LV,ISI,FluABCaster,WIS,461.629765259899,0.2792178037831903,9,7,0.30186490233636665
2025-12-17,ILI incidence,2025-12-14,1,LV,ISI,FluBcast,WIS,386.753115027035,0.5345411421562222,9,4,0.5311588477008914
2025-12-17,ILI incidence,2025-12-14,1,LV,ItaLuxColab,EpiEKF,WIS,389.152669470683,0.525617800168533,9,6,0.5238107184270802
2025-12-17,ILI incidence,2025-12-14,1,LV,ItaLuxColab,EpiNetEKF,WIS,322.762511677128,0.7954810320375744,9,3,0.7271165710061548
2025-12-17,ILI incidence,2025-12-14,1,LV,RIVM,KFdlm,WIS,233.651580140608,1.2615952598770612,9,1,1.0
2025-12-17,ILI incidence,2025-12-14,1,LV,respicast,hubEnsemble,WIS,387.04243051409,0.5334623196163882,9,5,0.5302728800557632
2025-12-17,ILI incidence,2025-12-14,1,LV,respicast,quantileBaseline,WIS,560.204686956522,0.0,9,9,0.0
2025-12-17,ILI incidence,2025-12-14,1,LV,safinea,PRFM,WIS,288.591803455029,0.956923728597743,9,2,0.8317571562857855
2025-12-17,ILI incidence,2025-12-14,1,MT,ECDC,SARIMA,WIS,2121.53440560913,-0.854744646799046,11,8,0.48576975849977205
2025-12-17,ILI incidence,2025-12-14,1,MT,ECDC,soca_simplex,WIS,1707.5615777783,-0.5415741769913105,11,4,0.6592363372745026
2025-12-17,ILI incidence,2025-12-14,1,MT,ISI,FluABCaster,WIS,2206.35748438146,-0.9113031334099391,11,9,0.45022643708692694
2025-12-17,ILI incidence,2025-12-14,1,MT,ISI,LSTFlu,WIS,894.339237908097,0.3914693498523762,11,1,1.0
2025-12-17,ILI incidence,2025-12-14,1,MT,ItaLuxColab,EpiEKF,WIS,1729.32913817884,-0.5598490503886365,11,5,0.650115100378981
2025-12-17,ILI incidence,2025-12-14,1,MT,ItaLuxColab,EpiNetEKF,WIS,1173.45824280769,-0.0004030761928917063,11,3,0.8830410703411538
2025-12-17,ILI incidence,2025-12-14,1,MT,QMUL,ARIMA,WIS,3280.8094776217,-1.4836883877786253,11,11,0.0
2025-12-17,ILI incidence,2025-12-14,1,MT,RIVM,KFdlm,WIS,1907.79625939861,-0.7015436801723895,11,7,0.5753322188454625
2025-12-17,ILI incidence,2025-12-14,1,MT,respicast,hubEnsemble,WIS,1867.67975470882,-0.6708836731102031,11,6,0.592142193687053
2025-12-17,ILI incidence,2025-12-14,1,MT,respicast,quantileBaseline,WIS,1173.13043478261,0.0,11,2,0.8831784313773924
2025-12-17,ILI incidence,2025-12-14,1,MT,safinea,PRFM,WIS,2681.75288958846,-1.1928128774043218,11,10,0.25102202326442236
2025-12-17,ILI incidence,2025-12-14,1,NL,ECDC,SARIMA,WIS,11.7351656653037,-0.12721359009991962,19,14,0.47505231143583526
2025-12-17,ILI incidence,2025-12-14,1,NL,ECDC,soca_simplex,WIS,16.4046485694953,-0.6104800694568188,19,17,0.1881249595006993
2025-12-17,ILI incidence,2025-12-14,1,NL,ISI,FluABCaster,WIS,12.7789398714431,-0.250143538229415,19,15,0.41091515211206103
2025-12-17,ILI incidence,2025-12-14,1,NL,ISI,FluBcast,WIS,9.05417011098351,0.24697030092281436,19,6,0.6397923845305328
2025-12-17,ILI incidence,2025-12-14,1,NL,ISI,GLEAM,WIS,10.4516956521739,0.03988759855822593,19,11,0.553918142987529
2025-12-17,ILI incidence,2025-12-14,1,NL,ISI,LSTFlu,WIS,9.57357017581344,0.16649567842273955,19,8,0.6078766267786815
2025-12-17,ILI incidence,2025-12-14,1,NL,ItaLuxColab,EpiEKF,WIS,8.35825717964418,0.3623505629230132,19,5,0.6825543902308578
2025-12-17,ILI incidence,2025-12-14,1,NL,ItaLuxColab,EpiNetEKF,WIS,4.90154954599189,1.1323148071644615,19,2,0.8949599152296757
2025-12-17,ILI incidence,2025-12-14,1,NL,MRC_GIDA,NBEATS,WIS,19.466211980288,-0.8573475522800598,19,19,0.0
2025-12-17,ILI incidence,2025-12-14,1,NL,MRC_GIDA,NHiTS,WIS,14.6462339167956,-0.4469051241689191,19,16,0.29617488071363807
2025-12-17,ILI incidence,2025-12-14,1,NL,MRC_GIDA,Prophet,WIS,3.19211725666192,1.7510390659842965,19,1,1.0
2025-12-17,ILI incidence,2025-12-14,1,NL,MRC_GIDA,TiDE,WIS,17.3167381851764,-0.6885425883557719,19,18,0.13207946934160827
2025-12-17,ILI incidence,2025-12-14,1,NL,QMUL,ARIMA,WIS,9.10306044866024,0.23920105241953304,19,7,0.6367882028229165
2025-12-17,ILI incidence,2025-12-14,1,NL,QMUL,SEIR,WIS,5.69910952849253,0.9148161938944023,19,3,0.8459519675652951
2025-12-17,ILI incidence,2025-12-14,1,NL,QMUL,SEIR_agumented,WIS,10.7918586412438,-0.006318737741131856,19,13,0.533016028624383
2025-12-17,ILI incidence,2025-12-14,1,NL,RIVM,KFdlm,WIS,8.22708029577142,0.3851721891272909,19,4,0.6906148621711079
2025-12-17,ILI incidence,2025-12-14,1,NL,respicast,hubEnsemble,WIS,10.1182095904472,0.08667058961039573,19,9,0.5744099778570014
2025-12-17,ILI incidence,2025-12-14,1,NL,respicast,quantileBaseline,WIS,10.7446956521739,0.0,19,12,0.5359140693369906
2025-12-17,ILI incidence,2025-12-14,1,NL,safinea,PRFM,WIS,10.1240304668091,0.08584086427677058,19,10,0.5740523004278878
2025-12-17,ILI incidence,2025-12-14,1,NO,ECDC,SARIMA,WIS,56.0495894434248,0.04027729197450075,17,10,0.534875890555689
2025-12-17,ILI incidence,2025-12-14,1,NO,ECDC,soca_simplex,WIS,59.3392737086012,-0.04200617138273,17,13,0.4995551676565091
2025-12-17,ILI incidence,2025-12-14,1,NO,ISI,FluABCaster,WIS,38.7156097735361,0.5740657325955255,17,7,0.7209875788843333
2025-12-17,ILI incidence,2025-12-14,1,NO,ISI,FluBcast,WIS,42.9156901511905,0.4254758981205502,17,8,0.6758921036912272
2025-12-17,ILI incidence,2025-12-14,1,NO,ISI,GLEAM,WIS,12.7290869565217,2.1788521574604784,17,1,1.0
2025-12-17,ILI incidence,2025-12-14,1,NO,ISI,LSTFlu,WIS,38.0427232232399,0.599360574723755,17,6,0.7282122355594999
2025-12-17,ILI incidence,2025-12-14,1,NO,ItaLuxColab,EpiEKF,WIS,34.0715682210271,0.7584127452079651,17,4,0.770849781936714
2025-12-17,ILI incidence,2025-12-14,1,NO,ItaLuxColab,EpiNetEKF,WIS,29.7956692345841,0.951878445573308,17,3,0.8167593073108578
2025-12-17,ILI incidence,2025-12-14,1,NO,MRC_GIDA,NBEATS,WIS,105.866599304911,-0.8771944912019932,17,17,0.0
2025-12-17,ILI incidence,2025-12-14,1,NO,MRC_GIDA,NHiTS,WIS,97.8077713448283,-0.7629680020101062,17,16,0.08652612418869352
2025-12-17,ILI incidence,2025-12-14,1,NO,MRC_GIDA,Prophet,WIS,75.7243061747391,-0.39377535688867055,17,14,0.3236321474576423
2025-12-17,ILI incidence,2025-12-14,1,NO,MRC_GIDA,TiDE,WIS,96.4884330961061,-0.743374906926217,17,15,0.10069161149296127
2025-12-17,ILI incidence,2025-12-14,1,NO,QMUL,ARIMA,WIS,56.3943421980963,0.03143066698128233,17,11,0.5311743448950971
2025-12-17,ILI incidence,2025-12-14,1,NO,RIVM,KFdlm,WIS,27.5189134269755,1.066557590532503,17,2,0.8412044073591839
2025-12-17,ILI incidence,2025-12-14,1,NO,respicast,hubEnsemble,WIS,47.5911516229101,0.27628773184841265,17,9,0.6256925508598116
2025-12-17,ILI incidence,2025-12-14,1,NO,respicast,quantileBaseline,WIS,57.6364347826087,0.0,17,12,0.5178382297982471
2025-12-17,ILI incidence,2025-12-14,1,NO,safinea,PRFM,WIS,36.5342540386818,0.6577313469722152,17,5,0.7444083862459765
2025-12-17,ILI incidence,2025-12-14,1,PL,ECDC,SARIMA,WIS,33.1812917627957,0.3831797115264571,19,7,0.7621621491206242
2025-12-17,ILI incidence,2025-12-14,1,PL,ECDC,soca_simplex,WIS,36.9058974514092,0.22969839065274522,19,9,0.7243838998313242
2025-12-17,ILI incidence,2025-12-14,1,PL,ISI,FluABCaster,WIS,55.2862136069891,-0.35337000537034274,19,15,0.5379544563430051
2025-12-17,ILI incidence,2025-12-14,1,PL,ISI,FluBcast,WIS,35.7869652273725,0.2741155568173661,19,8,0.7357331013392093
2025-12-17,ILI incidence,2025-12-14,1,PL,ISI,GLEAM,WIS,43.3665652173913,-0.0030334175788443497,19,12,0.65885408598156
2025-12-17,ILI incidence,2025-12-14,1,PL,ISI,LSTFlu,WIS,9.73255528035001,2.1526592245556206,19,1,1.0
2025-12-17,ILI incidence,2025-12-14,1,PL,ItaLuxColab,EpiEKF,WIS,28.734287785164,0.5907764730514824,19,4,0.807267601590686
2025-12-17,ILI incidence,2025-12-14,1,PL,ItaLuxColab,EpiNetEKF,WIS,13.8836399667437,1.6401639051728933,19,2,0.9578960230386285
2025-12-17,ILI incidence,2025-12-14,1,PL,MRC_GIDA,NBEATS,WIS,58.8810021698964,-0.4442524629585663,19,17,0.5014929273046413
2025-12-17,ILI incidence,2025-12-14,1,PL,MRC_GIDA,NHiTS,WIS,61.4198688042469,-0.50515566696372,19,18,0.4757414935574402
2025-12-17,ILI incidence,2025-12-14,1,PL,MRC_GIDA,Prophet,WIS,108.323828266323,-1.3237289623298691,19,19,0.0
2025-12-17,ILI incidence,2025-12-14,1,PL,MRC_GIDA,TiDE,WIS,23.8670381633987,0.8585302208170741,19,3,0.8566355575400708
2025-12-17,ILI incidence,2025-12-14,1,PL,QMUL,ARIMA,WIS,42.0883633428606,0.04012835386791785,19,10,0.6718187413290222
2025-12-17,ILI incidence,2025-12-14,1,PL,QMUL,SEIR,WIS,55.0752613994948,-0.34785467360706024,19,14,0.5400941204441504
2025-12-17,ILI incidence,2025-12-14,1,PL,QMUL,SEIR_agumented,WIS,45.1160738725157,-0.06009176213566828,19,13,0.6411090198906363
2025-12-17,ILI incidence,2025-12-14,1,PL,RIVM,KFdlm,WIS,58.8759474496027,-0.4441286075100542,19,16,0.5015441967541637
2025-12-17,ILI incidence,2025-12-14,1,PL,respicast,hubEnsemble,WIS,32.4779483964677,0.4140892620680984,19,5,0.769296080401013
2025-12-17,ILI incidence,2025-12-14,1,PL,respicast,quantileBaseline,WIS,43.2754782608695,0.0,19,11,0.6597779705583902
2025-12-17,ILI incidence,2025-12-14,1,PL,safinea,PRFM,WIS,32.6257582618238,0.40753833164991904,19,6,0.767796861850735
2025-12-17,ILI incidence,2025-12-14,1,RO,ECDC,SARIMA,WIS,9.04721891430236,-0.05329731349421427,14,10,0.4976866587112961
2025-12-17,ILI incidence,2025-12-14,1,RO,ECDC,soca_simplex,WIS,3.54963441057635,1.2965066230867361,14,1,1.0
2025-12-17,ILI incidence,2025-12-14,1,RO,ISI,FluABCaster,WIS,8.79805591217678,-0.013007702609421346,14,9,0.5204526389410493
2025-12-17,ILI incidence,2025-12-14,1,RO,ISI,FluBcast,WIS,10.1905447065481,-0.224982196525375,14,11,0.39322117964584963
2025-12-17,ILI incidence,2025-12-14,1,RO,ISI,LSTFlu,WIS,5.21632219598514,0.7411440839787473,14,2,0.8477150265164011
2025-12-17,ILI incidence,2025-12-14,1,RO,ItaLuxColab,EpiEKF,WIS,6.14837679316966,0.5039714861488014,14,4,0.7625533598502608
2025-12-17,ILI incidence,2025-12-14,1,RO,ItaLuxColab,EpiNetEKF,WIS,5.95133511530258,0.5509637098960539,14,3,0.7805570237349111
2025-12-17,ILI incidence,2025-12-14,1,RO,QMUL,ARIMA,WIS,12.2525341267015,-0.49083119286406246,14,13,0.20481756445135496
2025-12-17,ILI incidence,2025-12-14,1,RO,QMUL,SEIR,WIS,7.77390281903512,0.1655379943124669,14,6,0.6140293291871894
2025-12-17,ILI incidence,2025-12-14,1,RO,QMUL,SEIR_agumented,WIS,14.4941665418985,-0.7332234042927034,14,14,0.0
2025-12-17,ILI incidence,2025-12-14,1,RO,RIVM,KFdlm,WIS,7.35772386381605,0.24491753425818177,14,5,0.6520555280438777
2025-12-17,ILI incidence,2025-12-14,1,RO,respicast,hubEnsemble,WIS,8.4895285943725,0.03849262089400338,14,7,0.5486427263840115
2025-12-17,ILI incidence,2025-12-14,1,RO,respicast,quantileBaseline,WIS,8.71908695652174,0.0,14,8,0.5276680187039757
2025-12-17,ILI incidence,2025-12-14,1,RO,safinea,PRFM,WIS,10.6342921197919,-0.2864750301444655,14,12,0.35267605556751286
2025-12-17,ILI incidence,2025-12-14,1,SI,ECDC,SARIMA,WIS,18.872328000746,1.3963700486907418,16,2,0.9712165155714942
2025-12-17,ILI incidence,2025-12-14,1,SI,ECDC,soca_simplex,WIS,80.4772262172774,-0.6959381344790745,16,8,0.8458049481472311
2025-12-17,ILI incidence,2025-12-14,1,SI,ISI,FluABCaster,WIS,170.07016863265,-1.7754157537654538,16,10,0.6634169942061189
2025-12-17,ILI incidence,2025-12-14,1,SI,ISI,FluBcast,WIS,25.5048686249917,0.9618697771503263,16,3,0.957714386036792
2025-12-17,ILI incidence,2025-12-14,1,SI,ISI,LSTFlu,WIS,4.73325243575825,3.391738674970625,16,1,1.0
2025-12-17,ILI incidence,2025-12-14,1,SI,ItaLuxColab,EpiEKF,WIS,30.5313883670193,0.7023492512828959,16,4,0.9474816977638403
2025-12-17,ILI incidence,2025-12-14,1,SI,ItaLuxColab,EpiNetEKF,WIS,46.3537202446415,0.09995731567922957,16,6,0.9152715408035126
2025-12-17,ILI incidence,2025-12-14,1,SI,MRC_GIDA,NBEATS,WIS,495.955070979211,-3.319495079749226,16,16,0.0
2025-12-17,ILI incidence,2025-12-14,1,SI,MRC_GIDA,NHiTS,WIS,493.015119239814,-3.3109175385228724,16,15,0.005984977923241231
2025-12-17,ILI incidence,2025-12-14,1,SI,MRC_GIDA,Prophet,WIS,424.56917410254,-3.095285276266556,16,13,0.14532313953061166
2025-12-17,ILI incidence,2025-12-14,1,SI,MRC_GIDA,TiDE,WIS,490.73112840171,-3.304218436627138,16,14,0.01063458987426647
2025-12-17,ILI incidence,2025-12-14,1,SI,QMUL,ARIMA,WIS,275.258373922221,-2.4700721024614896,16,11,0.4492811368016779
2025-12-17,ILI incidence,2025-12-14,1,SI,RIVM,KFdlm,WIS,166.815634863995,-1.7475401605787113,16,9,0.6700423794105164
2025-12-17,ILI incidence,2025-12-14,1,SI,respicast,hubEnsemble,WIS,31.5559190054487,0.6547318068934516,16,5,0.9453960195635778
2025-12-17,ILI incidence,2025-12-14,1,SI,respicast,quantileBaseline,WIS,49.6792173913044,0.0,16,7,0.9085016925982282
2025-12-17,ILI incidence,2025-12-14,1,SI,safinea,PRFM,WIS,310.996536916614,-2.646184163673706,16,12,0.37652752194726835
2025-12-17,ILI incidence,2025-12-21,2,AT,ECDC,SARIMA,WIS,1449.50936524977,-0.28247813776634706,14,7,0.3745836572774563
2025-12-17,ILI incidence,2025-12-21,2,AT,ECDC,soca_simplex,WIS,1620.0286996118,-0.4429328545087465,14,9,0.28258855604205085
2025-12-17,ILI incidence,2025-12-21,2,AT,ISI,FluABCaster,WIS,1805.90299101294,-0.5996338797296449,14,10,0.18230946265664572
2025-12-17,ILI incidence,2025-12-21,2,AT,ISI,GLEAM,WIS,2143.82629130435,-0.847101495800633,14,14,0.0
2025-12-17,ILI incidence,2025-12-21,2,AT,ISI,LSTFlu,WIS,290.256567785165,2.037685899707533,14,1,1.0
2025-12-17,ILI incidence,2025-12-21,2,AT,ItaLuxColab,EpiEKF,WIS,1216.88914465017,-0.030111231488227752,14,5,0.5000821576294947
2025-12-17,ILI incidence,2025-12-21,2,AT,ItaLuxColab,EpiNetEKF,WIS,784.91759968979,0.6024734033210882,14,3,0.7331306043532787
2025-12-17,ILI incidence,2025-12-21,2,AT,QMUL,ARIMA,WIS,2064.82029595314,-0.7929297105611679,14,13,0.042623697586735135
2025-12-17,ILI incidence,2025-12-21,2,AT,QMUL,SEIR,WIS,1854.10390469925,-0.6376355785308533,14,11,0.1563050922384691
2025-12-17,ILI incidence,2025-12-21,2,AT,QMUL,SEIR_agumented,WIS,1989.69447625871,-0.7394604006038487,14,12,0.08315404221914324
2025-12-17,ILI incidence,2025-12-21,2,AT,RIVM,KFdlm,WIS,1290.22019325773,-0.11453078489619974,14,6,0.4605200911600803
2025-12-17,ILI incidence,2025-12-21,2,AT,respicast,hubEnsemble,WIS,1584.09163560276,-0.4105692771214171,14,8,0.3019765852880238
2025-12-17,ILI incidence,2025-12-21,2,AT,respicast,quantileBaseline,WIS,1191.75404065217,0.0,14,4,0.5136425344953179
2025-12-17,ILI incidence,2025-12-21,2,AT,safinea,PRFM,WIS,617.216853027035,0.949237156723422,14,2,0.8236050788415427
2025-12-17,ILI incidence,2025-12-21,2,BE,ECDC,SARIMA,WIS,27.5649330196769,-0.6469519842947749,19,9,0.9275774362351783
2025-12-17,ILI incidence,2025-12-21,2,BE,ECDC,soca_simplex,WIS,18.5200583591339,-0.0732065332081538,19,3,0.9896137892181371
2025-12-17,ILI incidence,2025-12-21,2,BE,ISI,FluABCaster,WIS,19.9910383294534,-0.18347129572408669,19,5,0.9795247347984349
2025-12-17,ILI incidence,2025-12-21,2,BE,ISI,FluBcast,WIS,20.2080680323514,-0.19904928969556343,19,7,0.9780361866690174
2025-12-17,ILI incidence,2025-12-21,2,BE,ISI,GLEAM,WIS,39.9709,-1.183067945876279,19,12,0.8424882585991835
2025-12-17,ILI incidence,2025-12-21,2,BE,ISI,LSTFlu,WIS,162.80534038211,-3.209194007398191,19,19,0.0
2025-12-17,ILI incidence,2025-12-21,2,BE,ItaLuxColab,EpiEKF,WIS,22.470977269678,-0.3521807576125138,19,8,0.9625155032451121
2025-12-17,ILI incidence,2025-12-21,2,BE,ItaLuxColab,EpiNetEKF,WIS,75.6256107695723,-2.102992777335239,19,16,0.5979422249813232
2025-12-17,ILI incidence,2025-12-21,2,BE,MRC_GIDA,NBEATS,WIS,54.7399788269056,-1.6367127651586897,19,15,0.7411911348992902
2025-12-17,ILI incidence,2025-12-21,2,BE,MRC_GIDA,NHiTS,WIS,31.3935979755341,-0.8345882721002864,19,11,0.9013176571261131
2025-12-17,ILI incidence,2025-12-21,2,BE,MRC_GIDA,Prophet,WIS,108.447097035042,-2.623037418129112,19,18,0.37282851320460664
2025-12-17,ILI incidence,2025-12-21,2,BE,MRC_GIDA,TiDE,WIS,28.9405355362792,-0.7172095072545536,19,10,0.9181425500165271
2025-12-17,ILI incidence,2025-12-21,2,BE,QMUL,ARIMA,WIS,20.0309403470941,-0.18634803815158688,19,6,0.9792510576338537
2025-12-17,ILI incidence,2025-12-21,2,BE,QMUL,SEIR,WIS,89.3134160078815,-2.3429947911993874,19,17,0.5040612648581279
2025-12-17,ILI incidence,2025-12-21,2,BE,QMUL,SEIR_agumented,WIS,40.3477320235324,-1.1966054692865928,19,14,0.8399036695026515
2025-12-17,ILI incidence,2025-12-21,2,BE,RIVM,KFdlm,WIS,17.0057531138572,0.049859213113579756,19,1,1.0
2025-12-17,ILI incidence,2025-12-21,2,BE,respicast,hubEnsemble,WIS,19.8223928163579,-0.17124901326260145,19,4,0.980681428834785
2025-12-17,ILI incidence,2025-12-21,2,BE,respicast,quantileBaseline,WIS,17.6037417391304,0.0,19,2,0.9958985574892406
2025-12-17,ILI incidence,2025-12-21,2,BE,safinea,PRFM,WIS,40.1432572035898,-1.189275569477409,19,13,0.8413061070799706
2025-12-17,ILI incidence,2025-12-21,2,CH,ItaLuxColab,EpiEKF,WIS,79.8462089045567,0.5554986530758289,5,2,0.4516983430448824
2025-12-17,ILI incidence,2025-12-21,2,CH,ItaLuxColab,EpiNetEKF,WIS,24.6543476926811,2.2508804808569094,5,1,1.0
2025-12-17,ILI incidence,2025-12-21,2,CH,respicast,hubEnsemble,WIS,79.8462089045567,0.5554986530758289,5,2,0.4516983430448824
2025-12-17,ILI incidence,2025-12-21,2,CH,respicast,quantileBaseline,WIS,117.348098793725,0.0,5,4,0.07913710097618837
2025-12-17,ILI incidence,2025-12-21,2,CH,safinea,PRFM,WIS,125.314012882045,-0.09475328060139719,5,5,0.0
2025-12-17,ILI incidence,2025-12-21,2,CZ,ECDC,SARIMA,WIS,24.3931874671286,0.49014389671452546,15,7,0.5485935041944584
2025-12-17,ILI incidence,2025-12-21,2,CZ,ECDC,soca_simplex,WIS,14.0278852186226,1.2883246535949386,15,2,0.9454995116451371
2025-12-17,ILI incidence,2025-12-21,2,CZ,ISI,FluABCaster,WIS,37.0945081117902,-0.11458342517609756,15,13,0.06223716401632897
2025-12-17,ILI incidence,2025-12-21,2,CZ,ISI,FluBcast,WIS,38.7198476229319,-0.17645109040076243,15,15,0.0
2025-12-17,ILI incidence,2025-12-21,2,CZ,ISI,GLEAM,WIS,33.107347826087,0.04947074118666402,15,11,0.2149126800913629
2025-12-17,ILI incidence,2025-12-21,2,CZ,ISI,LSTFlu,WIS,22.0338161617319,0.6369027994535557,15,5,0.6389380616870945
2025-12-17,ILI incidence,2025-12-21,2,CZ,ItaLuxColab,EpiEKF,WIS,17.635739073452,0.9581201476013175,15,3,0.8073483188815807
2025-12-17,ILI incidence,2025-12-21,2,CZ,ItaLuxColab,EpiNetEKF,WIS,12.604590977959,1.442672881527587,15,1,1.0
2025-12-17,ILI incidence,2025-12-21,2,CZ,QMUL,ARIMA,WIS,25.1458599041199,0.44630129508410815,15,9,0.5197723270862417
2025-12-17,ILI incidence,2025-12-21,2,CZ,QMUL,SEIR,WIS,19.6492156766256,0.8021504580487158,15,4,0.7302486897051931
2025-12-17,ILI incidence,2025-12-21,2,CZ,QMUL,SEIR_agumented,WIS,37.1359661268729,-0.1161949271797496,15,14,0.060649662287117205
2025-12-17,ILI incidence,2025-12-21,2,CZ,RIVM,KFdlm,WIS,28.1426265693593,0.2838652021686351,15,10,0.4050207584541843
2025-12-17,ILI incidence,2025-12-21,2,CZ,respicast,hubEnsemble,WIS,24.7174767913438,0.47109070706803335,15,8,0.5361758845392588
2025-12-17,ILI incidence,2025-12-21,2,CZ,respicast,quantileBaseline,WIS,34.2623043478261,0.0,15,12,0.1706873241072996
2025-12-17,ILI incidence,2025-12-21,2,CZ,safinea,PRFM,WIS,23.0610071110926,0.57116666551173,15,6,0.5996050785452869
2025-12-17,ILI incidence,2025-12-21,2,ES,ECDC,SARIMA,WIS,33.8669853317066,0.4122829104128004,14,11,0.38230784983834676
2025-12-17,ILI incidence,2025-12-21,2,ES,ECDC,soca_simplex,WIS,53.0294683180104,-0.23463180233727826,14,14,0.0
2025-12-17,ILI incidence,2025-12-21,2,ES,ISI,FluABCaster,WIS,7.19980542630811,2.646132657949792,14,4,0.9143407924466765
2025-12-17,ILI incidence,2025-12-21,2,ES,ISI,GLEAM,WIS,25.3386739130435,0.8308214577975438,14,9,0.5524549233439713
2025-12-17,ILI incidence,2025-12-21,2,ES,ISI,LSTFlu,WIS,2.90629403737145,3.9549099048217555,14,1,1.0
2025-12-17,ILI incidence,2025-12-21,2,ES,ItaLuxColab,EpiEKF,WIS,19.3091514315266,1.22287771715111,14,7,0.6727490301728343
2025-12-17,ILI incidence,2025-12-21,2,ES,ItaLuxColab,EpiNetEKF,WIS,12.2772219971834,1.876178326699169,14,5,0.8130420091244769
2025-12-17,ILI incidence,2025-12-21,2,ES,QMUL,ARIMA,WIS,23.2681682315324,0.9538048413537926,14,8,0.5937632744455669
2025-12-17,ILI incidence,2025-12-21,2,ES,QMUL,SEIR,WIS,13.2861011681578,1.7622446764247546,14,6,0.7929140107394246
2025-12-17,ILI incidence,2025-12-21,2,ES,QMUL,SEIR_agumented,WIS,3.82958729181199,3.556901652701622,14,2,0.9815795135146264
2025-12-17,ILI incidence,2025-12-21,2,ES,RIVM,KFdlm,WIS,30.3961505093911,0.5682738549793245,14,10,0.4515539594897896
2025-12-17,ILI incidence,2025-12-21,2,ES,respicast,hubEnsemble,WIS,6.17271755653731,2.8681847965662874,14,3,0.9348320698749605
2025-12-17,ILI incidence,2025-12-21,2,ES,respicast,quantileBaseline,WIS,45.0698447826087,0.0,14,12,0.15880126607377026
2025-12-17,ILI incidence,2025-12-21,2,ES,safinea,PRFM,WIS,52.7929395275716,-0.22818251644015458,14,13,0.004718950741516941
2025-12-17,ILI incidence,2025-12-21,2,FI,ECDC,SARIMA,WIS,27.3257586633773,0.7555423208956531,15,11,0.5014076441240997
2025-12-17,ILI incidence,2025-12-21,2,FI,ECDC,soca_simplex,WIS,23.2723501843312,0.9871869615858935,15,10,0.6094720601215962
2025-12-17,ILI incidence,2025-12-21,2,FI,ISI,FluABCaster,WIS,14.2358055356697,1.6962797413058701,15,5,0.8503875575704779
2025-12-17,ILI incidence,2025-12-21,2,FI,ISI,FluBcast,WIS,11.7916505957028,1.968038190899,15,3,0.9155490574687256
2025-12-17,ILI incidence,2025-12-21,2,FI,ISI,GLEAM,WIS,19.6431826086957,1.2317751763311924,15,9,0.7062261564939395
2025-12-17,ILI incidence,2025-12-21,2,FI,ISI,LSTFlu,WIS,12.2094322548576,1.917807756066997,15,4,0.9044109421654158
2025-12-17,ILI incidence,2025-12-21,2,FI,ItaLuxColab,EpiEKF,WIS,15.4053463405568,1.5823727546762472,15,7,0.8192074421888894
2025-12-17,ILI incidence,2025-12-21,2,FI,ItaLuxColab,EpiNetEKF,WIS,10.6318767322882,2.1174075888773185,15,2,0.9464687848751658
2025-12-17,ILI incidence,2025-12-21,2,FI,QMUL,ARIMA,WIS,40.0060906923073,0.2055842132928521,15,13,0.16334828434224416
2025-12-17,ILI incidence,2025-12-21,2,FI,QMUL,SEIR,WIS,8.62396432858196,2.419380756082786,15,1,1.0
2025-12-17,ILI incidence,2025-12-21,2,FI,QMUL,SEIR_agumented,WIS,42.4728021456338,0.11926457814362483,15,14,0.09758542475973433
2025-12-17,ILI incidence,2025-12-21,2,FI,RIVM,KFdlm,WIS,15.3763126657534,1.5850942942183883,15,6,0.8199814838696403
2025-12-17,ILI incidence,2025-12-21,2,FI,respicast,hubEnsemble,WIS,16.0147981683072,1.5263982556649773,15,8,0.8029593743751189
2025-12-17,ILI incidence,2025-12-21,2,FI,respicast,quantileBaseline,WIS,46.1331521739131,0.0,15,15,0.0
2025-12-17,ILI incidence,2025-12-21,2,FI,safinea,PRFM,WIS,27.8838225916103,0.7263755181163377,15,12,0.4865295846328046
2025-12-17,ILI incidence,2025-12-21,2,FR,ECDC,SARIMA,WIS,50.4444454240525,0.9179561372091053,15,11,0.5282289110850112
2025-12-17,ILI incidence,2025-12-21,2,FR,ECDC,soca_simplex,WIS,27.1114542892103,1.813749053134453,15,6,0.802932426703521
2025-12-17,ILI incidence,2025-12-21,2,FR,ISI,FluABCaster,WIS,10.3727681084435,3.1998506086689495,15,1,1.0
2025-12-17,ILI incidence,2025-12-21,2,FR,ISI,FluBcast,WIS,20.2621358202272,2.2338653003674516,15,5,0.8835706891597577
2025-12-17,ILI incidence,2025-12-21,2,FR,ISI,GLEAM,WIS,16.2668,2.550721083799095,15,3,0.9306084988237776
2025-12-17,ILI incidence,2025-12-21,2,FR,ISI,LSTFlu,WIS,11.2684957792724,3.0803566118055343,15,2,0.9894544364761684
2025-12-17,ILI incidence,2025-12-21,2,FR,ItaLuxColab,EpiEKF,WIS,29.2147749488174,1.70595338042349,15,8,0.778169652984196
2025-12-17,ILI incidence,2025-12-21,2,FR,ItaLuxColab,EpiNetEKF,WIS,18.814586550923,2.340799969544081,15,4,0.9006129479516483
2025-12-17,ILI incidence,2025-12-21,2,FR,QMUL,ARIMA,WIS,50.2563196910207,0.9233465307685008,15,10,0.5304437492917158
2025-12-17,ILI incidence,2025-12-21,2,FR,QMUL,SEIR,WIS,65.3481034173867,0.5445061905568783,15,12,0.3527654558132491
2025-12-17,ILI incidence,2025-12-21,2,FR,QMUL,SEIR_agumented,WIS,84.7836456088854,0.16886555406862291,15,14,0.12394730999121424
2025-12-17,ILI incidence,2025-12-21,2,FR,RIVM,KFdlm,WIS,77.6841459528958,0.2950313576687838,15,13,0.20753100071316807
2025-12-17,ILI incidence,2025-12-21,2,FR,respicast,hubEnsemble,WIS,27.4397247924803,1.796385544155506,15,7,0.7990676388243764
2025-12-17,ILI incidence,2025-12-21,2,FR,respicast,quantileBaseline,WIS,95.3115832608696,0.0,15,15,0.0
2025-12-17,ILI incidence,2025-12-21,2,FR,safinea,PRFM,WIS,32.0464951695872,1.5724849740057547,15,9,0.7448312997744395
2025-12-17,ILI incidence,2025-12-21,2,GB-NIR,ECDC,soca_simplex,WIS,32.1808351514374,-0.26820806545257886,6,5,0.23389603707974568
2025-12-17,ILI incidence,2025-12-21,2,GB-NIR,ItaLuxColab,EpiEKF,WIS,14.7046814794719,0.8617181675569514,6,2,0.9106033258843916
2025-12-17,ILI incidence,2025-12-21,2,GB-NIR,RIVM,KFdlm,WIS,12.3959875427379,1.1081204914543479,6,1,1.0
2025-12-17,ILI incidence,2025-12-21,2,GB-NIR,respicast,hubEnsemble,WIS,20.0939683284687,0.41123119371937467,6,3,0.7019206969358106
2025-12-17,ILI incidence,2025-12-21,2,GB-NIR,respicast,quantileBaseline,WIS,26.7213649108099,0.0,6,4,0.44529628991519565
2025-12-17,ILI incidence,2025-12-21,2,GB-NIR,safinea,PRFM,WIS,38.2212652678173,-0.5163818360793394,6,6,0.0
2025-12-17,ILI incidence,2025-12-21,2,GB-SCT,ECDC,soca_simplex,WIS,42.0154509764314,-0.4432258740531733,6,6,0.0
2025-12-17,ILI incidence,2025-12-21,2,GB-SCT,ItaLuxColab,EpiEKF,WIS,24.8922335918998,0.3119984056179404,6,2,0.6895288402627505
2025-12-17,ILI incidence,2025-12-21,2,GB-SCT,RIVM,KFdlm,WIS,17.1822367804789,0.8467762369722871,6,1,1.0
2025-12-17,ILI incidence,2025-12-21,2,GB-SCT,respicast,hubEnsemble,WIS,32.6353789184361,-0.0787426945933698,6,4,0.37772283458675804
2025-12-17,ILI incidence,2025-12-21,2,GB-SCT,respicast,quantileBaseline,WIS,30.9018689555197,0.0,6,3,0.44752893979882297
2025-12-17,ILI incidence,2025-12-21,2,GB-SCT,safinea,PRFM,WIS,40.4130536493199,-0.3871272716151858,6,5,0.0645263764274491
2025-12-17,ILI incidence,2025-12-21,2,GB-WLS,ECDC,soca_simplex,WIS,5.7790956834252,0.45514408619897356,6,4,0.6254565825683642
2025-12-17,ILI incidence,2025-12-21,2,GB-WLS,ItaLuxColab,EpiEKF,WIS,5.75936044672938,0.4600792275306899,6,3,0.6312149543821018
2025-12-17,ILI incidence,2025-12-21,2,GB-WLS,RIVM,KFdlm,WIS,4.49545106390956,0.8175219628209605,6,1,1.0
2025-12-17,ILI incidence,2025-12-21,2,GB-WLS,respicast,hubEnsemble,WIS,5.59476108119912,0.50191131911071,6,2,0.679241961184066
2025-12-17,ILI incidence,2025-12-21,2,GB-WLS,respicast,quantileBaseline,WIS,7.92267621264666,0.0,6,6,0.0
2025-12-17,ILI incidence,2025-12-21,2,GB-WLS,safinea,PRFM,WIS,7.26241412399057,0.12553864359295927,6,5,0.1926520902484012
2025-12-17,ILI incidence,2025-12-21,2,GR,ECDC,SARIMA,WIS,152.070042828622,0.09275859544657644,19,7,0.7445893935340087
2025-12-17,ILI incidence,2025-12-21,2,GR,ECDC,soca_simplex,WIS,125.243655623822,0.37275704779991453,19,5,0.8260741674275083
2025-12-17,ILI incidence,2025-12-21,2,GR,ISI,FluABCaster,WIS,153.270407317536,0.08141539597277961,19,8,0.7409433032788347
2025-12-17,ILI incidence,2025-12-21,2,GR,ISI,FluBcast,WIS,89.5193170192714,0.8572236369864689,19,3,0.9345863435719639
2025-12-17,ILI incidence,2025-12-21,2,GR,ISI,GLEAM,WIS,186.59402173913,-0.2024081930921342,19,13,0.6397232930803726
2025-12-17,ILI incidence,2025-12-21,2,GR,ISI,LSTFlu,WIS,254.835877687053,-0.6520738336887287,19,15,0.43243961527696273
2025-12-17,ILI incidence,2025-12-21,2,GR,ItaLuxColab,EpiEKF,WIS,106.26371581533,0.609845504752873,19,4,0.8837254676939296
2025-12-17,ILI incidence,2025-12-21,2,GR,ItaLuxColab,EpiNetEKF,WIS,67.9838571784699,1.2542304484810134,19,1,1.0
2025-12-17,ILI incidence,2025-12-21,2,GR,MRC_GIDA,NBEATS,WIS,388.146126401997,-1.2591053183807108,19,18,0.027511609455897215
2025-12-17,ILI incidence,2025-12-21,2,GR,MRC_GIDA,NHiTS,WIS,397.203488319154,-1.292383721428715,19,19,0.0
2025-12-17,ILI incidence,2025-12-21,2,GR,MRC_GIDA,Prophet,WIS,85.7541215699695,0.9192166537196065,19,2,0.9460230718018576
2025-12-17,ILI incidence,2025-12-21,2,GR,MRC_GIDA,TiDE,WIS,292.248473958077,-0.849700919891287,19,16,0.31879938021140364
2025-12-17,ILI incidence,2025-12-21,2,GR,QMUL,ARIMA,WIS,184.54605952147,-0.18648636156386447,19,12,0.6459439495174271
2025-12-17,ILI incidence,2025-12-21,2,GR,QMUL,SEIR,WIS,359.584543516009,-1.1488364374475584,19,17,0.1142670158301389
2025-12-17,ILI incidence,2025-12-21,2,GR,QMUL,SEIR_agumented,WIS,228.122550280506,-0.4923144948965167,19,14,0.5135809716231513
2025-12-17,ILI incidence,2025-12-21,2,GR,RIVM,KFdlm,WIS,183.573539056963,-0.17886354701717522,19,11,0.648897966752479
2025-12-17,ILI incidence,2025-12-21,2,GR,respicast,hubEnsemble,WIS,175.576141487497,-0.11460224318777908,19,10,0.6731899494078161
2025-12-17,ILI incidence,2025-12-21,2,GR,respicast,quantileBaseline,WIS,162.168607608696,0.0,19,9,0.7139151450237228
2025-12-17,ILI incidence,2025-12-21,2,GR,safinea,PRFM,WIS,129.972759373793,0.3192852869974636,19,6,0.8117095812891133
2025-12-17,ILI incidence,2025-12-21,2,HR,ECDC,SARIMA,WIS,130.139036339921,0.30478836021931116,14,9,0.2862086957660217
2025-12-17,ILI incidence,2025-12-21,2,HR,ECDC,soca_simplex,WIS,149.305507374299,0.10657475357611,14,12,0.1338918501368057
2025-12-17,ILI incidence,2025-12-21,2,HR,ISI,FluABCaster,WIS,90.211329447744,0.8334616012087983,14,4,0.6035160579880977
2025-12-17,ILI incidence,2025-12-21,2,HR,ISI,FluBcast,WIS,128.24239865979,0.32596882097946106,14,8,0.30128136450200854
2025-12-17,ILI incidence,2025-12-21,2,HR,ISI,LSTFlu,WIS,132.325266031534,0.2807535817397188,14,10,0.2688346257115949
2025-12-17,ILI incidence,2025-12-21,2,HR,ItaLuxColab,EpiEKF,WIS,75.2741981527494,1.0946147961129469,14,2,0.7222221420409287
2025-12-17,ILI incidence,2025-12-21,2,HR,ItaLuxColab,EpiNetEKF,WIS,87.5930648207055,0.8759535820546328,14,3,0.624323529968607
2025-12-17,ILI incidence,2025-12-21,2,HR,QMUL,ARIMA,WIS,126.952406349525,0.3405543950118331,14,7,0.3115329939873259
2025-12-17,ILI incidence,2025-12-21,2,HR,QMUL,SEIR,WIS,93.9267946919635,0.7752334538426602,14,5,0.5739890811633386
2025-12-17,ILI incidence,2025-12-21,2,HR,QMUL,SEIR_agumented,WIS,135.748348230235,0.2439074925674037,14,11,0.2416312306838687
2025-12-17,ILI incidence,2025-12-21,2,HR,RIVM,KFdlm,WIS,40.3206035810476,1.9952529955631328,14,1,1.0
2025-12-17,ILI incidence,2025-12-21,2,HR,respicast,hubEnsemble,WIS,123.153908312816,0.3843797233958671,14,6,0.3417198363143522
2025-12-17,ILI incidence,2025-12-21,2,HR,respicast,quantileBaseline,WIS,160.752607173913,0.0,14,13,0.042921210317266374
2025-12-17,ILI incidence,2025-12-21,2,HR,safinea,PRFM,WIS,166.153507717172,-0.047674614362609176,14,14,0.0
2025-12-17,ILI incidence,2025-12-21,2,HU,ECDC,SARIMA,WIS,85.2184119213889,0.2540114509580829,15,11,0.39461165046415186
2025-12-17,ILI incidence,2025-12-21,2,HU,ECDC,soca_simplex,WIS,21.0889787195719,2.26868738640972,15,4,0.8909738986529155
2025-12-17,ILI incidence,2025-12-21,2,HU,ISI,FluABCaster,WIS,35.3771363376539,1.5223593461795208,15,6,0.7803834617240945
2025-12-17,ILI incidence,2025-12-21,2,HU,ISI,FluBcast,WIS,41.100937083392,1.3060053304374408,15,8,0.7360812051081949
2025-12-17,ILI incidence,2025-12-21,2,HU,ISI,GLEAM,WIS,9.66110434782609,3.394916601408494,15,2,0.9794257238441256
2025-12-17,ILI incidence,2025-12-21,2,HU,ISI,LSTFlu,WIS,15.8107526064608,2.684270574585101,15,3,0.9318274045884434
2025-12-17,ILI incidence,2025-12-21,2,HU,ItaLuxColab,EpiEKF,WIS,67.1133425335701,0.5985770061999867,15,9,0.5347450103937493
2025-12-17,ILI incidence,2025-12-21,2,HU,ItaLuxColab,EpiNetEKF,WIS,35.2007428044701,1.5295707446666371,15,5,0.7817487488680105
2025-12-17,ILI incidence,2025-12-21,2,HU,QMUL,ARIMA,WIS,117.92645031511,-0.2146388212726725,15,13,0.1414512113275744
2025-12-17,ILI incidence,2025-12-21,2,HU,QMUL,SEIR,WIS,117.937582900333,-0.21477500927290694,15,14,0.14136504504239847
2025-12-17,ILI incidence,2025-12-21,2,HU,QMUL,SEIR_agumented,WIS,136.20178459214,-0.42249708382500933,15,15,0.0
2025-12-17,ILI incidence,2025-12-21,2,HU,RIVM,KFdlm,WIS,76.6577992664475,0.40674403647181745,15,10,0.4608708505089685
2025-12-17,ILI incidence,2025-12-21,2,HU,respicast,hubEnsemble,WIS,37.8035040171346,1.4266566530930145,15,7,0.7616033594186608
2025-12-17,ILI incidence,2025-12-21,2,HU,respicast,quantileBaseline,WIS,101.624518913043,0.0,15,12,0.2676282710106735
2025-12-17,ILI incidence,2025-12-21,2,HU,safinea,PRFM,WIS,7.00293146455695,3.8591457440693904,15,1,1.0
2025-12-17,ILI incidence,2025-12-21,2,IE,ECDC,SARIMA,WIS,31.7328065952754,-0.7576149173093443,17,12,0.6381414401548431
2025-12-17,ILI incidence,2025-12-21,2,IE,ECDC,soca_simplex,WIS,11.4136160889472,0.7176042660537849,17,4,0.9208101288530413
2025-12-17,ILI incidence,2025-12-21,2,IE,ISI,FluABCaster,WIS,5.72117775976024,1.71397613275644,17,1,1.0
2025-12-17,ILI incidence,2025-12-21,2,IE,ISI,LSTFlu,WIS,7.524461075318,1.3187000476712947,17,2,0.9749137776920148
2025-12-17,ILI incidence,2025-12-21,2,IE,ItaLuxColab,EpiEKF,WIS,8.91562880737932,1.0739517502664406,17,3,0.95556066623521
2025-12-17,ILI incidence,2025-12-21,2,IE,ItaLuxColab,EpiNetEKF,WIS,11.6295863318032,0.6905604275815953,17,5,0.9178056772078379
2025-12-17,ILI incidence,2025-12-21,2,IE,MRC_GIDA,NBEATS,WIS,77.6045922260252,-2.0477818177692906,17,17,0.0
2025-12-17,ILI incidence,2025-12-21,2,IE,MRC_GIDA,NHiTS,WIS,72.2734710746066,-1.945105976038512,17,16,0.07416343799195162
2025-12-17,ILI incidence,2025-12-21,2,IE,MRC_GIDA,Prophet,WIS,52.7770244841255,-1.4915498070829327,17,14,0.345386594755475
2025-12-17,ILI incidence,2025-12-21,2,IE,MRC_GIDA,TiDE,WIS,72.1610755506422,-1.9428606337494096,17,15,0.07572701875392497
2025-12-17,ILI incidence,2025-12-21,2,IE,QMUL,ARIMA,WIS,23.3090187423986,-0.3125280633378202,17,10,0.7553282476461608
2025-12-17,ILI incidence,2025-12-21,2,IE,QMUL,SEIR,WIS,14.309048129238,0.39143250430271664,17,6,0.8805305725494151
2025-12-17,ILI incidence,2025-12-21,2,IE,QMUL,SEIR_agumented,WIS,24.6881050509487,-0.39545589771064416,17,11,0.7361432058838875
2025-12-17,ILI incidence,2025-12-21,2,IE,RIVM,KFdlm,WIS,22.9107586221974,-0.287665021854586,17,9,0.7608686093994009
2025-12-17,ILI incidence,2025-12-21,2,IE,respicast,hubEnsemble,WIS,20.2010371233926,-0.10606915482515862,17,8,0.79856466931704
2025-12-17,ILI incidence,2025-12-21,2,IE,respicast,quantileBaseline,WIS,18.7691095652174,0.0,17,7,0.8184848076244267
2025-12-17,ILI incidence,2025-12-21,2,IE,safinea,PRFM,WIS,32.2094408741386,-0.7791234089273396,17,13,0.6315107829663634
2025-12-17,ILI incidence,2025-12-21,2,IS,ECDC,soca_simplex,WIS,3.66874232316064,-0.06604115823113464,9,4,0.9668160103511966
2025-12-17,ILI incidence,2025-12-21,2,IS,ISI,FluABCaster,WIS,11.609922652866,-1.728042034504287,9,7,0.8433438173088292
2025-12-17,ILI incidence,2025-12-21,2,IS,ISI,FluBcast,WIS,1.53449622801109,1.1914793216779336,9,1,1.0
2025-12-17,ILI incidence,2025-12-21,2,IS,ItaLuxColab,EpiEKF,WIS,6.02729610221022,-0.7822665204725286,9,5,0.9301444079675721
2025-12-17,ILI incidence,2025-12-21,2,IS,ItaLuxColab,EpiNetEKF,WIS,10.2042530732676,-1.5418542581657564,9,6,0.8651996496259373
2025-12-17,ILI incidence,2025-12-21,2,IS,RIVM,KFdlm,WIS,65.8500326579867,-4.231867829709658,9,9,0.0
2025-12-17,ILI incidence,2025-12-21,2,IS,respicast,hubEnsemble,WIS,3.16352443180685,0.1477116833694179,9,2,0.974671311253551
2025-12-17,ILI incidence,2025-12-21,2,IS,respicast,quantileBaseline,WIS,3.50458695652174,0.0,9,3,0.9693683542443029
2025-12-17,ILI incidence,2025-12-21,2,IS,safinea,PRFM,WIS,23.4815897677136,-2.744213759876688,9,8,0.6587590688356041
2025-12-17,ILI incidence,2025-12-21,2,LT,ECDC,SARIMA,WIS,72.2649846712575,1.7718953854619235,18,3,0.9518768137876747
2025-12-17,ILI incidence,2025-12-21,2,LT,ECDC,soca_simplex,WIS,53.1590128053387,2.2148778442737105,18,1,1.0
2025-12-17,ILI incidence,2025-12-21,2,LT,ISI,FluABCaster,WIS,292.888230718973,-0.24708615927286925,18,14,0.3961817867652261
2025-12-17,ILI incidence,2025-12-21,2,LT,ISI,FluBcast,WIS,145.741931429112,0.7598480474458943,18,8,0.7668066788604501
2025-12-17,ILI incidence,2025-12-21,2,LT,ISI,LSTFlu,WIS,145.196232083537,0.7652600473939859,18,7,0.7681811596462139
2025-12-17,ILI incidence,2025-12-21,2,LT,ItaLuxColab,EpiEKF,WIS,60.4328666830914,2.0298587783316835,18,2,0.9816789730929762
2025-12-17,ILI incidence,2025-12-21,2,LT,ItaLuxColab,EpiNetEKF,WIS,84.956394608621,1.538469615279934,18,4,0.9199103120049437
2025-12-17,ILI incidence,2025-12-21,2,LT,MRC_GIDA,NBEATS,WIS,450.181183814983,-0.8672416953096816,18,18,0.0
2025-12-17,ILI incidence,2025-12-21,2,LT,MRC_GIDA,NHiTS,WIS,444.107177832527,-0.8476438263510531,18,17,0.015298908791439931
2025-12-17,ILI incidence,2025-12-21,2,LT,MRC_GIDA,Prophet,WIS,305.988776372939,-0.31021467348939097,18,15,0.3631847739771221
2025-12-17,ILI incidence,2025-12-21,2,LT,MRC_GIDA,TiDE,WIS,421.769343008223,-0.7731901717638482,18,16,0.07156235314140634
2025-12-17,ILI incidence,2025-12-21,2,LT,QMUL,ARIMA,WIS,142.247878662124,0.7948569247102462,18,6,0.7756073278471364
2025-12-17,ILI incidence,2025-12-21,2,LT,QMUL,SEIR,WIS,232.93978676168,0.08330698562940766,18,12,0.5471769914028953
2025-12-17,ILI incidence,2025-12-21,2,LT,QMUL,SEIR_agumented,WIS,140.186374983445,0.8159179250241833,18,5,0.7807997423499246
2025-12-17,ILI incidence,2025-12-21,2,LT,RIVM,KFdlm,WIS,180.523389602938,0.4510782898145881,18,10,0.6792008454497485
2025-12-17,ILI incidence,2025-12-21,2,LT,respicast,hubEnsemble,WIS,163.824182565825,0.5911157294146082,18,9,0.7212619902836658
2025-12-17,ILI incidence,2025-12-21,2,LT,respicast,quantileBaseline,WIS,246.786600217391,0.0,18,13,0.5123003158245569
2025-12-17,ILI incidence,2025-12-21,2,LT,safinea,PRFM,WIS,198.18004123327,0.31645238691555233,18,11,0.6347281360657098
2025-12-17,ILI incidence,2025-12-21,2,LU,ECDC,SARIMA,WIS,735.060150294376,0.049467355352776694,17,2,0.9949058753083125
2025-12-17,ILI incidence,2025-12-21,2,LU,ECDC,soca_simplex,WIS,1702.7475650155,-1.1624629974644782,17,10,0.9836497581094543
2025-12-17,ILI incidence,2025-12-21,2,LU,ISI,FluABCaster,WIS,297.11869445505,1.356290285328434,17,1,1.0
2025-12-17,ILI incidence,2025-12-21,2,LU,ISI,LSTFlu,WIS,5306.32274752125,-2.8023108559493095,17,16,0.9417330565257396
2025-12-17,ILI incidence,2025-12-21,2,LU,ItaLuxColab,EpiEKF,WIS,1191.5540513658,-0.6474428250423803,17,8,0.9895959490109814
2025-12-17,ILI incidence,2025-12-21,2,LU,ItaLuxColab,EpiNetEKF,WIS,5117.60829931973,-2.7500681564104337,17,15,0.9439281785390669
2025-12-17,ILI incidence,2025-12-21,2,LU,MRC_GIDA,NBEATS,WIS,4733.33096155833,-2.6374542293787595,17,14,0.9483980834741788
2025-12-17,ILI incidence,2025-12-21,2,LU,MRC_GIDA,NHiTS,WIS,4351.11865665996,-2.5159847886444346,17,12,0.9528439679957021
2025-12-17,ILI incidence,2025-12-21,2,LU,MRC_GIDA,Prophet,WIS,1323.42853781607,-0.7988787230151997,17,9,0.9880619880929806
2025-12-17,ILI incidence,2025-12-21,2,LU,MRC_GIDA,TiDE,WIS,4565.27556972048,-2.5853003753591195,17,13,0.9503528998308345
2025-12-17,ILI incidence,2025-12-21,2,LU,QMUL,ARIMA,WIS,860.796599643393,-0.17834271240828659,17,4,0.9934433118931949
2025-12-17,ILI incidence,2025-12-21,2,LU,QMUL,SEIR,WIS,1861.1092096928,-1.2907611434616457,17,11,0.9818076991912803
2025-12-17,ILI incidence,2025-12-21,2,LU,QMUL,SEIR_agumented,WIS,1181.37609443317,-0.635066752306958,17,7,0.989714338766119
2025-12-17,ILI incidence,2025-12-21,2,LU,RIVM,KFdlm,WIS,86267.0315538627,-6.8253358370104795,17,17,0.0
2025-12-17,ILI incidence,2025-12-21,2,LU,respicast,hubEnsemble,WIS,972.718107989259,-0.35469210856956634,17,5,0.9921414435461965
2025-12-17,ILI incidence,2025-12-21,2,LU,respicast,quantileBaseline,WIS,760.701086956521,0.0,17,3,0.994607620537436
2025-12-17,ILI incidence,2025-12-21,2,LU,safinea,PRFM,WIS,1040.84137323491,-0.4523486435326767,17,6,0.9913490353305797
2025-12-17,ILI incidence,2025-12-21,2,LV,ECDC,soca_simplex,WIS,554.856234898491,0.10220279329848808,9,8,0.10389640009501364
2025-12-17,ILI incidence,2025-12-21,2,LV,ISI,FluABCaster,WIS,456.505040957488,0.38368601482289844,9,7,0.35475995743015876
2025-12-17,ILI incidence,2025-12-21,2,LV,ISI,FluBcast,WIS,318.709921094266,0.9020728767350762,9,4,0.7062328025188154
2025-12-17,ILI incidence,2025-12-21,2,LV,ItaLuxColab,EpiEKF,WIS,366.366705143382,0.7010284066514132,9,6,0.5846750471052352
2025-12-17,ILI incidence,2025-12-21,2,LV,ItaLuxColab,EpiNetEKF,WIS,257.358554197235,1.2105370698061055,9,3,0.8627212144072893
2025-12-17,ILI incidence,2025-12-21,2,LV,RIVM,KFdlm,WIS,203.538331725557,1.5490162878426572,9,1,1.0
2025-12-17,ILI incidence,2025-12-21,2,LV,respicast,hubEnsemble,WIS,330.005414167413,0.851827112131058,9,5,0.6774214840117526
2025-12-17,ILI incidence,2025-12-21,2,LV,respicast,quantileBaseline,WIS,595.588875,0.0,9,9,0.0
2025-12-17,ILI incidence,2025-12-21,2,LV,safinea,PRFM,WIS,237.252222315548,1.3278952052062467,9,2,0.9140062648340965
2025-12-17,ILI incidence,2025-12-21,2,MT,ECDC,SARIMA,WIS,6425.31756672466,-0.5532236085685995,11,8,0.3398928784139248
2025-12-17,ILI incidence,2025-12-21,2,MT,ECDC,soca_simplex,WIS,5882.12332923209,-0.4257928815524999,11,6,0.4688226512496058
2025-12-17,ILI incidence,2025-12-21,2,MT,ISI,FluABCaster,WIS,6692.14973487607,-0.6119255739428497,11,9,0.2765589760076345
2025-12-17,ILI incidence,2025-12-21,2,MT,ISI,LSTFlu,WIS,3644.21916961238,0.2649344237587121,11,1,1.0
2025-12-17,ILI incidence,2025-12-21,2,MT,ItaLuxColab,EpiEKF,WIS,4868.7426648295,-0.1530050979639922,11,5,0.7093534408629341
2025-12-17,ILI incidence,2025-12-21,2,MT,ItaLuxColab,EpiNetEKF,WIS,3888.88091581305,0.1711890940123646,11,2,0.9419283542019076
2025-12-17,ILI incidence,2025-12-21,2,MT,QMUL,ARIMA,WIS,7857.32081049452,-0.8434933144615722,11,11,0.0
2025-12-17,ILI incidence,2025-12-21,2,MT,RIVM,KFdlm,WIS,4867.92987755663,-0.15276423453441984,11,4,0.7095463598433316
2025-12-17,ILI incidence,2025-12-21,2,MT,respicast,hubEnsemble,WIS,6076.17561315813,-0.47261941543269576,11,7,0.42276340548087366
2025-12-17,ILI incidence,2025-12-21,2,MT,respicast,quantileBaseline,WIS,4378.82608695652,0.0,11,3,0.8256375041570732
2025-12-17,ILI incidence,2025-12-21,2,MT,safinea,PRFM,WIS,6751.90526773235,-0.6247505108563259,11,10,0.2623757120017446
2025-12-17,ILI incidence,2025-12-21,2,NL,ECDC,SARIMA,WIS,2.38429471469899,0.035220176608519865,19,2,0.936101719508046
2025-12-17,ILI incidence,2025-12-21,2,NL,ECDC,soca_simplex,WIS,1.69657430645286,0.5261581316440621,19,1,1.0
2025-12-17,ILI incidence,2025-12-21,2,NL,ISI,FluABCaster,WIS,4.42529793598045,-0.8569918386791502,19,10,0.7464656482868629
2025-12-17,ILI incidence,2025-12-21,2,NL,ISI,FluBcast,WIS,6.52398014073236,-1.4169696402908436,19,13,0.5514704400965085
2025-12-17,ILI incidence,2025-12-21,2,NL,ISI,GLEAM,WIS,6.377,-1.384095131055804,19,12,0.5651268303194114
2025-12-17,ILI incidence,2025-12-21,2,NL,ISI,LSTFlu,WIS,9.16776325772065,-1.9077870392276732,19,17,0.30582818032987674
2025-12-17,ILI incidence,2025-12-21,2,NL,ItaLuxColab,EpiEKF,WIS,3.52561796487555,-0.5290934028940384,19,6,0.8300577628400192
2025-12-17,ILI incidence,2025-12-21,2,NL,ItaLuxColab,EpiNetEKF,WIS,9.67749980696125,-1.9858516235981376,19,18,0.2584669436851157
2025-12-17,ILI incidence,2025-12-21,2,NL,MRC_GIDA,NBEATS,WIS,8.24141885557268,-1.7541099852865167,19,14,0.391897771592345
2025-12-17,ILI incidence,2025-12-21,2,NL,MRC_GIDA,NHiTS,WIS,4.15082252423259,-0.7646144981372089,19,9,0.771968027797073
2025-12-17,ILI incidence,2025-12-21,2,NL,MRC_GIDA,Prophet,WIS,8.33236494489782,-1.7699432784667617,19,15,0.38344768249267086
2025-12-17,ILI incidence,2025-12-21,2,NL,MRC_GIDA,TiDE,WIS,2.66267285833213,-0.12409243670414581,19,4,0.9102367248221044
2025-12-17,ILI incidence,2025-12-21,2,NL,QMUL,ARIMA,WIS,4.13282169775321,-0.7583443727489855,19,8,0.7736405415769094
2025-12-17,ILI incidence,2025-12-21,2,NL,QMUL,SEIR,WIS,12.4593116281986,-2.3503697070065397,19,19,0.0
2025-12-17,ILI incidence,2025-12-21,2,NL,QMUL,SEIR_agumented,WIS,8.38934756046184,-1.7797758664963303,19,16,0.3781532472704261
2025-12-17,ILI incidence,2025-12-21,2,NL,RIVM,KFdlm,WIS,3.37943783472683,-0.46800052580203,19,5,0.8436398215467171
2025-12-17,ILI incidence,2025-12-21,2,NL,respicast,hubEnsemble,WIS,3.94235497932168,-0.6902749358920277,19,7,0.7913374074148128
2025-12-17,ILI incidence,2025-12-21,2,NL,respicast,quantileBaseline,WIS,2.44321826086956,0.0,19,3,0.9306269462780502
2025-12-17,ILI incidence,2025-12-21,2,NL,safinea,PRFM,WIS,4.91769662811586,-1.0091999879210427,19,11,0.700715326838384
2025-12-17,ILI incidence,2025-12-21,2,NO,ECDC,SARIMA,WIS,68.7031318141535,0.05885390684508188,17,11,0.41834206475202396
2025-12-17,ILI incidence,2025-12-21,2,NO,ECDC,soca_simplex,WIS,56.7777301460455,0.3339045979517257,17,10,0.5326519271748601
2025-12-17,ILI incidence,2025-12-21,2,NO,ISI,FluABCaster,WIS,27.8717169718645,1.3604278932312843,17,5,0.8097279101138521
2025-12-17,ILI incidence,2025-12-21,2,NO,ISI,FluBcast,WIS,27.9145340453003,1.3582132976807821,17,6,0.8093174909170813
2025-12-17,ILI incidence,2025-12-21,2,NO,ISI,GLEAM,WIS,8.02153913043478,3.157278787225427,17,1,1.0
2025-12-17,ILI incidence,2025-12-21,2,NO,ISI,LSTFlu,WIS,24.7002085938365,1.534706546805983,17,2,0.8401281177089368
2025-12-17,ILI incidence,2025-12-21,2,NO,ItaLuxColab,EpiEKF,WIS,38.1786878193984,0.9064622533054869,17,7,0.7109313703940536
2025-12-17,ILI incidence,2025-12-21,2,NO,ItaLuxColab,EpiNetEKF,WIS,24.8944272365321,1.5234069495668257,17,3,0.8382664524213135
2025-12-17,ILI incidence,2025-12-21,2,NO,MRC_GIDA,NBEATS,WIS,112.346760203622,-0.6506568440688448,17,17,0.0
2025-12-17,ILI incidence,2025-12-21,2,NO,MRC_GIDA,NHiTS,WIS,104.466896328566,-0.5457441733662673,17,15,0.07553172467785182
2025-12-17,ILI incidence,2025-12-21,2,NO,MRC_GIDA,Prophet,WIS,97.6296673552078,-0.4480898431759021,17,14,0.14106936651578933
2025-12-17,ILI incidence,2025-12-21,2,NO,MRC_GIDA,TiDE,WIS,105.089955781165,-0.5543231095560415,17,16,0.0695594444737973
2025-12-17,ILI incidence,2025-12-21,2,NO,QMUL,ARIMA,WIS,74.6838021829871,-0.06156560536922517,17,13,0.36101488818521865
2025-12-17,ILI incidence,2025-12-21,2,NO,RIVM,KFdlm,WIS,25.359146041861,1.4967236080890816,17,4,0.8338119322147098
2025-12-17,ILI incidence,2025-12-21,2,NO,respicast,hubEnsemble,WIS,47.0899183326136,0.6038115516667928,17,8,0.6255135738004216
2025-12-17,ILI incidence,2025-12-21,2,NO,respicast,quantileBaseline,WIS,71.5637889130435,0.0,17,12,0.3909214940648728
2025-12-17,ILI incidence,2025-12-21,2,NO,safinea,PRFM,WIS,53.2111287793505,0.4275017642086385,17,9,0.5668392629888233
2025-12-17,ILI incidence,2025-12-21,2,PL,ECDC,SARIMA,WIS,30.4814698582666,0.2798916892192431,19,8,0.752585115480591
2025-12-17,ILI incidence,2025-12-21,2,PL,ECDC,soca_simplex,WIS,33.8273160365962,0.12963544865430338,19,10,0.7099646393838325
2025-12-17,ILI incidence,2025-12-21,2,PL,ISI,FluABCaster,WIS,29.7421862141805,0.315313465156634,19,7,0.7620023508231993
2025-12-17,ILI incidence,2025-12-21,2,PL,ISI,FluBcast,WIS,27.0402445273292,0.45271596436240463,19,3,0.7964205622236928
2025-12-17,ILI incidence,2025-12-21,2,PL,ISI,GLEAM,WIS,11.0585956521739,1.7426559752862807,19,1,1.0
2025-12-17,ILI incidence,2025-12-21,2,PL,ISI,LSTFlu,WIS,41.1457978321511,-0.15292093510526691,19,13,0.6167394395966341
2025-12-17,ILI incidence,2025-12-21,2,PL,ItaLuxColab,EpiEKF,WIS,32.6793154408678,0.1794463999198452,19,9,0.7245882440988985
2025-12-17,ILI incidence,2025-12-21,2,PL,ItaLuxColab,EpiNetEKF,WIS,27.7481686024513,0.41543160668627555,19,5,0.7874027952631314
2025-12-17,ILI incidence,2025-12-21,2,PL,MRC_GIDA,NBEATS,WIS,64.0478956921549,-0.7913270088187381,19,18,0.32500507334575285
2025-12-17,ILI incidence,2025-12-21,2,PL,MRC_GIDA,NHiTS,WIS,46.0995024715592,-0.3169270180054773,19,14,0.5536375398315646
2025-12-17,ILI incidence,2025-12-21,2,PL,MRC_GIDA,Prophet,WIS,89.5618524138706,-1.275060205397837,19,19,0.0
2025-12-17,ILI incidence,2025-12-21,2,PL,MRC_GIDA,TiDE,WIS,20.279501613834,0.8678019651532252,19,2,0.8825411028532111
2025-12-17,ILI incidence,2025-12-21,2,PL,QMUL,ARIMA,WIS,34.7576662106886,0.0904929462260833,19,11,0.6981135364809739
2025-12-17,ILI incidence,2025-12-21,2,PL,QMUL,SEIR,WIS,51.8376676041338,-0.48617664427169444,19,16,0.48054292733678255
2025-12-17,ILI incidence,2025-12-21,2,PL,QMUL,SEIR_agumented,WIS,46.1694496335598,-0.31911437227299916,19,15,0.5527465301475597
2025-12-17,ILI incidence,2025-12-21,2,PL,RIVM,KFdlm,WIS,59.1097383490946,-0.6755716720124165,19,17,0.38790892659671405
2025-12-17,ILI incidence,2025-12-21,2,PL,respicast,hubEnsemble,WIS,27.4878304156756,0.4290311214544177,19,4,0.7907190677021969
2025-12-17,ILI incidence,2025-12-21,2,PL,respicast,quantileBaseline,WIS,37.0076663043478,0.0,19,12,0.6694523039860053
2025-12-17,ILI incidence,2025-12-21,2,PL,safinea,PRFM,WIS,29.0045718438243,0.35154383958060337,19,6,0.7713983224144836
2025-12-17,ILI incidence,2025-12-21,2,RO,ECDC,SARIMA,WIS,24.1251303342228,-0.08481219296101812,14,10,0.3263222630714431
2025-12-17,ILI incidence,2025-12-21,2,RO,ECDC,soca_simplex,WIS,19.7476418265517,0.20404415998924233,14,5,0.5807288783988934
2025-12-17,ILI incidence,2025-12-21,2,RO,ISI,FluABCaster,WIS,21.3345804192284,0.09253080572454878,14,7,0.4885007262546
2025-12-17,ILI incidence,2025-12-21,2,RO,ISI,FluBcast,WIS,24.4185426635433,-0.10225255712599048,14,11,0.30927001097141765
2025-12-17,ILI incidence,2025-12-21,2,RO,ISI,LSTFlu,WIS,12.533385569713,0.8599483694652321,14,1,1.0
2025-12-17,ILI incidence,2025-12-21,2,RO,ItaLuxColab,EpiEKF,WIS,16.1423002128671,0.4948783719875195,14,3,0.7902606122753774
2025-12-17,ILI incidence,2025-12-21,2,RO,ItaLuxColab,EpiNetEKF,WIS,15.6866934470546,0.5361832606753424,14,2,0.8167391227289228
2025-12-17,ILI incidence,2025-12-21,2,RO,QMUL,ARIMA,WIS,28.338317194805,-0.3170295462094902,14,13,0.08146437091148073
2025-12-17,ILI incidence,2025-12-21,2,RO,QMUL,SEIR,WIS,19.6359516657528,0.21222702289218845,14,4,0.5872199784267823
2025-12-17,ILI incidence,2025-12-21,2,RO,QMUL,SEIR_agumented,WIS,29.7400470475868,-0.38668238618560974,14,14,0.0
2025-12-17,ILI incidence,2025-12-21,2,RO,RIVM,KFdlm,WIS,20.0352789053574,0.1831819502420581,14,6,0.5640122666857161
2025-12-17,ILI incidence,2025-12-21,2,RO,respicast,hubEnsemble,WIS,21.763845048867,0.06379108144172921,14,8,0.46355314242547674
2025-12-17,ILI incidence,2025-12-21,2,RO,respicast,quantileBaseline,WIS,22.7477608695652,0.0,14,9,0.406370880662297
2025-12-17,ILI incidence,2025-12-21,2,RO,safinea,PRFM,WIS,27.8112090351291,-0.28994192075499353,14,12,0.11209832976245912
2025-12-17,ILI incidence,2025-12-21,2,SI,ECDC,SARIMA,WIS,282.221930101272,-4.659418658098744,16,10,0.653393694019091
2025-12-17,ILI incidence,2025-12-21,2,SI,ECDC,soca_simplex,WIS,65.5902455950875,-2.5541417431356415,16,6,0.930408090199127
2025-12-17,ILI incidence,2025-12-21,2,SI,ISI,FluABCaster,WIS,261.71901612658,-4.550607313290584,16,9,0.6796114762773848
2025-12-17,ILI incidence,2025-12-21,2,SI,ISI,FluBcast,WIS,58.702481017986,-2.3940819451545092,16,5,0.9392157119914117
2025-12-17,ILI incidence,2025-12-21,2,SI,ISI,LSTFlu,WIS,143.632469346007,-3.68497048051414,16,7,0.8306128107681024
2025-12-17,ILI incidence,2025-12-21,2,SI,ItaLuxColab,EpiEKF,WIS,22.2867253555462,-0.9968451194347756,16,3,0.9857817929839754
2025-12-17,ILI incidence,2025-12-21,2,SI,ItaLuxColab,EpiNetEKF,WIS,27.0365635839803,-1.2755722591283516,16,4,0.9797080112479294
2025-12-17,ILI incidence,2025-12-21,2,SI,MRC_GIDA,NBEATS,WIS,323.272789309909,-4.8553406382295,16,12,0.6009005464803356
2025-12-17,ILI incidence,2025-12-21,2,SI,MRC_GIDA,NHiTS,WIS,344.119709077189,-4.945499084163626,16,13,0.5742428721668542
2025-12-17,ILI incidence,2025-12-21,2,SI,MRC_GIDA,Prophet,WIS,361.72515503346,-5.017482490105937,16,14,0.5517301820579545
2025-12-17,ILI incidence,2025-12-21,2,SI,MRC_GIDA,TiDE,WIS,297.649182520729,-4.736201493031896,16,11,0.6336663350067907
2025-12-17,ILI incidence,2025-12-21,2,SI,QMUL,ARIMA,WIS,487.64709790408,-5.448426031930638,16,15,0.39070945672114
2025-12-17,ILI incidence,2025-12-21,2,SI,RIVM,KFdlm,WIS,793.190957462151,-6.150256791597818,16,16,0.0
2025-12-17,ILI incidence,2025-12-21,2,SI,respicast,hubEnsemble,WIS,22.1616439329534,-0.9887253693824732,16,2,0.9859417389070838
2025-12-17,ILI incidence,2025-12-21,2,SI,respicast,quantileBaseline,WIS,11.1677576086957,0.0,16,1,1.0
2025-12-17,ILI incidence,2025-12-21,2,SI,safinea,PRFM,WIS,245.150589695886,-4.456256792902631,16,8,0.7007980938020295
2025-12-17,ILI incidence,2025-12-28,3,BE,ECDC,SARIMA,WIS,53.5024243535977,-0.26614823528239107,19,3,0.973170667966701
2025-12-17,ILI incidence,2025-12-28,3,BE,ECDC,soca_simplex,WIS,136.847871457126,-1.6210450594636905,19,13,0.725078611919006
2025-12-17,ILI incidence,2025-12-28,3,BE,ISI,FluABCaster,WIS,116.686365995039,-1.391108066211671,19,12,0.7850928000592751
2025-12-17,ILI incidence,2025-12-28,3,BE,ISI,FluBcast,WIS,113.55026482883,-1.3518031351715927,19,11,0.7944279444893232
2025-12-17,ILI incidence,2025-12-28,3,BE,ISI,GLEAM,WIS,166.454543478261,-1.903600314638257,19,15,0.6369492612499854
2025-12-17,ILI incidence,2025-12-28,3,BE,ISI,LSTFlu,WIS,380.434877257817,-3.0961215790880185,19,19,0.0
2025-12-17,ILI incidence,2025-12-28,3,BE,ItaLuxColab,EpiEKF,WIS,77.7496407526329,-0.8053799786850403,19,5,0.9009946586113516
2025-12-17,ILI incidence,2025-12-28,3,BE,ItaLuxColab,EpiNetEKF,WIS,214.132681314633,-2.266977063619335,19,18,0.4950270848693372
2025-12-17,ILI incidence,2025-12-28,3,BE,MRC_GIDA,NBEATS,WIS,57.9055523989703,-0.3802456602719704,19,4,0.9600640001428323
2025-12-17,ILI incidence,2025-12-28,3,BE,MRC_GIDA,NHiTS,WIS,86.7287828875018,-0.9630548330431646,19,8,0.8742666979224252
2025-12-17,ILI incidence,2025-12-28,3,BE,MRC_GIDA,Prophet,WIS,175.861658195632,-1.9829130414463705,19,16,0.6089473665716821
2025-12-17,ILI incidence,2025-12-28,3,BE,MRC_GIDA,TiDE,WIS,81.8865264111703,-0.8801700602021744,19,7,0.8886805070370504
2025-12-17,ILI incidence,2025-12-28,3,BE,QMUL,ARIMA,WIS,80.4152181123232,-0.8540125183813785,19,6,0.8930601092064118
2025-12-17,ILI incidence,2025-12-28,3,BE,QMUL,SEIR,WIS,208.274582318452,-2.226958849028637,19,17,0.5124647239366302
2025-12-17,ILI incidence,2025-12-28,3,BE,QMUL,SEIR_agumented,WIS,157.199699290987,-1.8210705222339354,19,14,0.6644978965098072
2025-12-17,ILI incidence,2025-12-28,3,BE,RIVM,KFdlm,WIS,52.6039962305686,-0.2417163721113795,19,2,0.975844993775722
2025-12-17,ILI incidence,2025-12-28,3,BE,respicast,hubEnsemble,WIS,107.305982314777,-1.270202573051046,19,10,0.8130151252087424
2025-12-17,ILI incidence,2025-12-28,3,BE,respicast,quantileBaseline,WIS,44.4892269565217,0.0,19,1,1.0
2025-12-17,ILI incidence,2025-12-28,3,BE,safinea,PRFM,WIS,104.428364664898,-1.2309856920305633,19,9,0.8215808490015588
2025-12-17,ILI incidence,2025-12-28,3,CH,ItaLuxColab,EpiEKF,WIS,23.9644227100734,0.4145913346118372,5,1,1.0
2025-12-17,ILI incidence,2025-12-28,3,CH,ItaLuxColab,EpiNetEKF,WIS,103.861905560764,-1.7011091736357178,5,5,0.0
2025-12-17,ILI incidence,2025-12-28,3,CH,respicast,hubEnsemble,WIS,23.9644227100734,0.4145913346118372,5,1,1.0
2025-12-17,ILI incidence,2025-12-28,3,CH,respicast,quantileBaseline,WIS,31.9426835623309,0.0,5,3,0.9001437771554458
2025-12-17,ILI incidence,2025-12-28,3,CH,safinea,PRFM,WIS,33.9314275836585,-0.08713660802161458,5,4,0.8752525797062837
2025-12-17,ILI incidence,2025-12-28,3,CZ,ECDC,SARIMA,WIS,6.14918596054773,0.8894002179455321,15,8,0.7281921230635284
2025-12-17,ILI incidence,2025-12-28,3,CZ,ECDC,soca_simplex,WIS,4.81639293779939,1.2418425577798182,15,4,0.8063258575758638
2025-12-17,ILI incidence,2025-12-28,3,CZ,ISI,FluABCaster,WIS,5.02611238485569,1.1803527241493341,15,6,0.7940312526982205
2025-12-17,ILI incidence,2025-12-28,3,CZ,ISI,FluBcast,WIS,6.06384149043789,0.909563612895624,15,7,0.7331953621680575
2025-12-17,ILI incidence,2025-12-28,3,CZ,ISI,GLEAM,WIS,4.30748695652174,1.4029492268320873,15,3,0.8361599909740812
2025-12-17,ILI incidence,2025-12-28,3,CZ,ISI,LSTFlu,WIS,7.32834209197036,0.6363088036837328,15,9,0.6590652064690943
2025-12-17,ILI incidence,2025-12-28,3,CZ,ItaLuxColab,EpiEKF,WIS,8.89132791002168,0.3573967546114528,15,11,0.567436636338722
2025-12-17,ILI incidence,2025-12-28,3,CZ,ItaLuxColab,EpiNetEKF,WIS,11.2549799952839,0.01730406725092571,15,12,0.4288697610945994
2025-12-17,ILI incidence,2025-12-28,3,CZ,QMUL,ARIMA,WIS,3.86975576255672,1.557553140309191,15,2,0.8618215695637588
2025-12-17,ILI incidence,2025-12-28,3,CZ,QMUL,SEIR,WIS,18.5705733023514,-0.7051507944061137,15,15,0.0
2025-12-17,ILI incidence,2025-12-28,3,CZ,QMUL,SEIR_agumented,WIS,1.51272970807235,2.912641422344637,15,1,1.0
2025-12-17,ILI incidence,2025-12-28,3,CZ,RIVM,KFdlm,WIS,8.21403479165191,0.47170459661248937,15,10,0.607142306907593
2025-12-17,ILI incidence,2025-12-28,3,CZ,respicast,hubEnsemble,WIS,4.90885532476608,1.2144090068755826,15,5,0.8009053373057811
2025-12-17,ILI incidence,2025-12-28,3,CZ,respicast,quantileBaseline,WIS,11.3907880434783,0.0,15,13,0.4209081422977224
2025-12-17,ILI incidence,2025-12-28,3,CZ,safinea,PRFM,WIS,15.6563605914907,-0.4588813292927252,15,14,0.17084297289711833
2025-12-17,ILI incidence,2025-12-28,3,EE,ECDC,SARIMA,WIS,76.7691615824205,0.29428966282620334,15,6,0.8781705984171612
2025-12-17,ILI incidence,2025-12-28,3,EE,ECDC,soca_simplex,WIS,135.818755110472,-0.5287942539743351,15,13,0.6732969317801051
2025-12-17,ILI incidence,2025-12-28,3,EE,ISI,FluABCaster,WIS,329.879372064883,-1.8090501064291273,15,15,0.0
2025-12-17,ILI incidence,2025-12-28,3,EE,ISI,FluBcast,WIS,116.529327296797,-0.30780462806159736,15,12,0.7402219615288883
2025-12-17,ILI incidence,2025-12-28,3,EE,ISI,GLEAM,WIS,168.16647826087,-0.8370016922382782,15,14,0.5610659026870061
2025-12-17,ILI incidence,2025-12-28,3,EE,ISI,LSTFlu,WIS,43.1645925371714,1.1249681850532591,15,2,0.9947622777957452
2025-12-17,ILI incidence,2025-12-28,3,EE,ItaLuxColab,EpiEKF,WIS,65.3145062415589,0.5274131074408469,15,5,0.9179127388712056
2025-12-17,ILI incidence,2025-12-28,3,EE,ItaLuxColab,EpiNetEKF,WIS,110.478701063247,-0.23087980249224282,15,11,0.7612147221535466
2025-12-17,ILI incidence,2025-12-28,3,EE,QMUL,ARIMA,WIS,89.2920290768315,0.07628516037686316,15,9,0.8347222759630668
2025-12-17,ILI incidence,2025-12-28,3,EE,QMUL,SEIR,WIS,41.6549530981409,1.1763285014726803,15,1,1.0
2025-12-17,ILI incidence,2025-12-28,3,EE,QMUL,SEIR_agumented,WIS,85.9014404029468,0.1321342321283865,15,8,0.8464859866369912
2025-12-17,ILI incidence,2025-12-28,3,EE,RIVM,KFdlm,WIS,47.901729298542,0.9747388153515014,15,3,0.9783266934051068
2025-12-17,ILI incidence,2025-12-28,3,EE,respicast,hubEnsemble,WIS,78.0819034430507,0.2698283322783172,15,7,0.8736160160353621
2025-12-17,ILI incidence,2025-12-28,3,EE,respicast,quantileBaseline,WIS,94.1405678260869,0.0,15,10,0.8179001802966518
2025-12-17,ILI incidence,2025-12-28,3,EE,safinea,PRFM,WIS,58.6248972653557,0.6833030654907075,15,4,0.9411224620451991
2025-12-17,ILI incidence,2025-12-28,3,ES,ECDC,SARIMA,WIS,130.362838784448,-2.914941380670138,14,12,0.30624948301329447
2025-12-17,ILI incidence,2025-12-28,3,ES,ECDC,soca_simplex,WIS,4.1951960197184,2.0427092609138726,14,2,0.9984372909362961
2025-12-17,ILI incidence,2025-12-28,3,ES,ISI,FluABCaster,WIS,122.315038347317,-2.8230104977200186,14,11,0.3504017650177004
2025-12-17,ILI incidence,2025-12-28,3,ES,ISI,GLEAM,WIS,186.184069565217,-3.4291383440910166,14,14,0.0
2025-12-17,ILI incidence,2025-12-28,3,ES,ISI,LSTFlu,WIS,102.944160304639,-2.5742706997578426,14,10,0.45667533339139277
2025-12-17,ILI incidence,2025-12-28,3,ES,ItaLuxColab,EpiEKF,WIS,73.9097664634171,-2.096245627303557,14,5,0.6159654095704707
2025-12-17,ILI incidence,2025-12-28,3,ES,ItaLuxColab,EpiNetEKF,WIS,28.5875849134041,-0.725869357953475,14,4,0.8646144356594464
2025-12-17,ILI incidence,2025-12-28,3,ES,QMUL,ARIMA,WIS,86.7232530468267,-2.32689948624425,14,7,0.5456673601208181
2025-12-17,ILI incidence,2025-12-28,3,ES,QMUL,SEIR,WIS,81.3760335382195,-2.23508457381955,14,6,0.5750035676383657
2025-12-17,ILI incidence,2025-12-28,3,ES,QMUL,SEIR_agumented,WIS,93.6218704397581,-2.4373262005433896,14,9,0.5078197888555208
2025-12-17,ILI incidence,2025-12-28,3,ES,RIVM,KFdlm,WIS,135.919684880643,-2.975163119836482,14,13,0.27576321066957465
2025-12-17,ILI incidence,2025-12-28,3,ES,respicast,hubEnsemble,WIS,86.9761858561295,-2.331101056150019,14,8,0.544279706337434
2025-12-17,ILI incidence,2025-12-28,3,ES,respicast,quantileBaseline,WIS,17.2849854347826,0.0,14,3,0.9266233738111049
2025-12-17,ILI incidence,2025-12-28,3,ES,safinea,PRFM,WIS,3.91035523425841,2.1441478084062897,14,1,1.0
2025-12-17,ILI incidence,2025-12-28,3,FI,ECDC,SARIMA,WIS,60.6316940471658,0.43500867233769164,15,11,0.33000488883767437
2025-12-17,ILI incidence,2025-12-28,3,FI,ECDC,soca_simplex,WIS,87.4825005480925,-0.09391365393499784,15,15,0.0
2025-12-17,ILI incidence,2025-12-28,3,FI,ISI,FluABCaster,WIS,20.314638190055,2.012561134226698,15,3,0.8255142336288249
2025-12-17,ILI incidence,2025-12-28,3,FI,ISI,FluBcast,WIS,18.4338903866956,2.152720227012824,15,2,0.848629217894117
2025-12-17,ILI incidence,2025-12-28,3,FI,ISI,GLEAM,WIS,21.4106695652174,1.9367508910696092,15,4,0.812043662005191
2025-12-17,ILI incidence,2025-12-28,3,FI,ISI,LSTFlu,WIS,26.2175465370222,1.6445481210824988,15,5,0.7529656264652874
2025-12-17,ILI incidence,2025-12-28,3,FI,ItaLuxColab,EpiEKF,WIS,32.1070717790576,1.3521897094233088,15,9,0.6805815018864786
2025-12-17,ILI incidence,2025-12-28,3,FI,ItaLuxColab,EpiNetEKF,WIS,26.6321715035387,1.6219107380201574,15,6,0.74786975472751
2025-12-17,ILI incidence,2025-12-28,3,FI,QMUL,ARIMA,WIS,82.5781779269046,-0.010679781868019666,15,14,0.06027567333492749
2025-12-17,ILI incidence,2025-12-28,3,FI,QMUL,SEIR,WIS,6.11762563518081,3.7440370744220015,15,1,1.0
2025-12-17,ILI incidence,2025-12-28,3,FI,QMUL,SEIR_agumented,WIS,78.6810781200276,0.059064078038606034,15,12,0.10817226029641704
2025-12-17,ILI incidence,2025-12-28,3,FI,RIVM,KFdlm,WIS,30.863746330357,1.4091676131688555,15,8,0.6958623641754133
2025-12-17,ILI incidence,2025-12-28,3,FI,respicast,hubEnsemble,WIS,27.4627210652325,1.5776062263004975,15,7,0.7376620384054144
2025-12-17,ILI incidence,2025-12-28,3,FI,respicast,quantileBaseline,WIS,81.9691367391304,0.0,15,13,0.06776098181018882
2025-12-17,ILI incidence,2025-12-28,3,FI,safinea,PRFM,WIS,58.131335806296,0.49576474338560905,15,10,0.3607350809942535
2025-12-17,ILI incidence,2025-12-28,3,FR,ECDC,SARIMA,WIS,18.6869282181118,1.2424386320469898,15,5,0.9544488424349655
2025-12-17,ILI incidence,2025-12-28,3,FR,ECDC,soca_simplex,WIS,14.9909826797504,1.5603731114568105,15,2,0.9792314646981859
2025-12-17,ILI incidence,2025-12-28,3,FR,ISI,FluABCaster,WIS,107.296911151726,-1.2790685709717438,15,14,0.36028756137676116
2025-12-17,ILI incidence,2025-12-28,3,FR,ISI,FluBcast,WIS,62.4075200703509,-0.4972518149793838,15,11,0.6612868080509721
2025-12-17,ILI incidence,2025-12-28,3,FR,ISI,GLEAM,WIS,161.028239130435,-1.8647737388250962,15,15,0.0
2025-12-17,ILI incidence,2025-12-28,3,FR,ISI,LSTFlu,WIS,69.3800947559753,-0.6500537424812504,15,13,0.6145332282586322
2025-12-17,ILI incidence,2025-12-28,3,FR,ItaLuxColab,EpiEKF,WIS,55.4043291894188,-0.32553064163137685,15,10,0.7082456802632278
2025-12-17,ILI incidence,2025-12-28,3,FR,ItaLuxColab,EpiNetEKF,WIS,63.3186622959644,-0.5181627081400364,15,12,0.6551772771146854
2025-12-17,ILI incidence,2025-12-28,3,FR,QMUL,ARIMA,WIS,21.7060891418295,1.0263682542974788,15,6,0.9342043004232496
2025-12-17,ILI incidence,2025-12-28,3,FR,QMUL,SEIR,WIS,11.8936762457594,1.8942733583208846,15,1,1.0
2025-12-17,ILI incidence,2025-12-28,3,FR,QMUL,SEIR_agumented,WIS,24.9830614946773,0.8235177888172287,15,7,0.9122310415792761
2025-12-17,ILI incidence,2025-12-28,3,FR,RIVM,KFdlm,WIS,44.4024930021657,-0.006172611241171291,15,9,0.7820168837619146
2025-12-17,ILI incidence,2025-12-28,3,FR,respicast,hubEnsemble,WIS,16.8235696464046,1.393984217565423,15,4,0.9669433208151926
2025-12-17,ILI incidence,2025-12-28,3,FR,respicast,quantileBaseline,WIS,44.2129215217391,0.0,15,8,0.783288027598459
2025-12-17,ILI incidence,2025-12-28,3,FR,safinea,PRFM,WIS,15.505451522255,1.5116925303393407,15,3,0.9757817691175416
2025-12-17,ILI incidence,2025-12-28,3,GB-SCT,ECDC,soca_simplex,WIS,12.1064455446449,-1.5238119992270693,6,6,0.0
2025-12-17,ILI incidence,2025-12-28,3,GB-SCT,ItaLuxColab,EpiEKF,WIS,3.16040077029809,0.413783929141684,6,1,1.0
2025-12-17,ILI incidence,2025-12-28,3,GB-SCT,RIVM,KFdlm,WIS,3.84871279861724,0.1295154298962171,6,2,0.9230596262727281
2025-12-17,ILI incidence,2025-12-28,3,GB-SCT,respicast,hubEnsemble,WIS,4.498416766564,-0.0955258819886068,6,4,0.8504349095029424
2025-12-17,ILI incidence,2025-12-28,3,GB-SCT,respicast,quantileBaseline,WIS,4.21020781810527,0.0,6,3,0.8826512638504169
2025-12-17,ILI incidence,2025-12-28,3,GB-SCT,safinea,PRFM,WIS,10.869113710755,-1.3682709525663743,6,5,0.13831048973038962
2025-12-17,ILI incidence,2025-12-28,3,GB-WLS,ECDC,soca_simplex,WIS,1.77531789128735,0.04874692753790501,6,1,1.0
2025-12-17,ILI incidence,2025-12-28,3,GB-WLS,ItaLuxColab,EpiEKF,WIS,2.75938835043812,-0.5875242062176166,6,5,0.753850584829723
2025-12-17,ILI incidence,2025-12-28,3,GB-WLS,RIVM,KFdlm,WIS,5.77317609651618,-1.6525409252859626,6,6,0.0
2025-12-17,ILI incidence,2025-12-28,3,GB-WLS,respicast,hubEnsemble,WIS,2.01812816499211,-0.13619349180285925,6,4,0.9392649110498249
2025-12-17,ILI incidence,2025-12-28,3,GB-WLS,respicast,quantileBaseline,WIS,1.83632868032108,0.0,6,2,0.9847391313293868
2025-12-17,ILI incidence,2025-12-28,3,GB-WLS,safinea,PRFM,WIS,1.90205582049092,-0.05073527965305982,6,3,0.9682985431955019
2025-12-17,ILI incidence,2025-12-28,3,GR,ECDC,SARIMA,WIS,447.841822338786,0.017478131565775268,19,6,0.4981674620793864
2025-12-17,ILI incidence,2025-12-28,3,GR,ECDC,soca_simplex,WIS,570.946738887739,-0.33288877503042996,19,13,0.3441229432331892
2025-12-17,ILI incidence,2025-12-28,3,GR,ISI,FluABCaster,WIS,451.983888552288,0.004196047000365735,19,7,0.49298438235539926
2025-12-17,ILI incidence,2025-12-28,3,GR,ISI,FluBcast,WIS,262.622644604236,0.787476076363002,19,3,0.7299372395590797
2025-12-17,ILI incidence,2025-12-28,3,GR,ISI,GLEAM,WIS,466.401256521739,-0.04110428112364357,19,10,0.47494353903132697
2025-12-17,ILI incidence,2025-12-28,3,GR,ISI,LSTFlu,WIS,624.497429366129,-0.46222823909083843,19,14,0.2771135127418821
2025-12-17,ILI incidence,2025-12-28,3,GR,ItaLuxColab,EpiEKF,WIS,263.595875482047,0.7821395976630601,19,4,0.7287194093821748
2025-12-17,ILI incidence,2025-12-28,3,GR,ItaLuxColab,EpiNetEKF,WIS,126.703221276775,1.8390141904255908,19,2,0.9000168980754428
2025-12-17,ILI incidence,2025-12-28,3,GR,MRC_GIDA,NBEATS,WIS,802.779590436396,-0.8245365444815123,19,18,0.05402421224259118
2025-12-17,ILI incidence,2025-12-28,3,GR,MRC_GIDA,NHiTS,WIS,845.953123578379,-0.9001103279916817,19,19,0.0
2025-12-17,ILI incidence,2025-12-28,3,GR,MRC_GIDA,Prophet,WIS,46.8015700468655,3.2758385604970677,19,1,1.0
2025-12-17,ILI incidence,2025-12-28,3,GR,MRC_GIDA,TiDE,WIS,727.405177478321,-0.6822918003989741,19,16,0.1483422582064507
2025-12-17,ILI incidence,2025-12-28,3,GR,QMUL,ARIMA,WIS,560.336130826026,-0.3058251272966136,19,12,0.3574002847021808
2025-12-17,ILI incidence,2025-12-28,3,GR,QMUL,SEIR,WIS,781.354899790836,-0.785510590666297,19,17,0.08083350836531354
2025-12-17,ILI incidence,2025-12-28,3,GR,QMUL,SEIR_agumented,WIS,635.893471291491,-0.4883177026256784,19,15,0.26285333659005966
2025-12-17,ILI incidence,2025-12-28,3,GR,RIVM,KFdlm,WIS,457.34845673909,-0.012826388742350401,19,9,0.48627155277620926
2025-12-17,ILI incidence,2025-12-28,3,GR,respicast,hubEnsemble,WIS,514.744083941882,-0.18338794961208074,19,11,0.41445084874434424
2025-12-17,ILI incidence,2025-12-28,3,GR,respicast,quantileBaseline,WIS,453.300387391304,0.0,19,8,0.49133701167433347
2025-12-17,ILI incidence,2025-12-28,3,GR,safinea,PRFM,WIS,416.070090725238,0.12364081044163445,19,5,0.5379242910227154
2025-12-17,ILI incidence,2025-12-28,3,HR,ECDC,SARIMA,WIS,5.26958715500066,2.19294207151007,14,2,0.9829912301904576
2025-12-17,ILI incidence,2025-12-28,3,HR,ECDC,soca_simplex,WIS,27.1616820882019,-0.17286891141601757,14,10,0.8365206338275135
2025-12-17,ILI incidence,2025-12-28,3,HR,ISI,FluABCaster,WIS,38.9640546407031,-0.6934398984123402,14,11,0.7575560326078846
2025-12-17,ILI incidence,2025-12-28,3,HR,ISI,FluBcast,WIS,12.143587820387,0.9885091866806298,14,7,0.9370002466902237
2025-12-17,ILI incidence,2025-12-28,3,HR,ISI,LSTFlu,WIS,11.2882118579076,1.093886945292348,14,5,0.9427231995515726
2025-12-17,ILI incidence,2025-12-28,3,HR,ItaLuxColab,EpiEKF,WIS,16.3718187153831,0.5574893181235606,14,8,0.9087109713769205
2025-12-17,ILI incidence,2025-12-28,3,HR,ItaLuxColab,EpiNetEKF,WIS,11.6780157808637,1.0449087493875562,14,6,0.9401151890695149
2025-12-17,ILI incidence,2025-12-28,3,HR,QMUL,ARIMA,WIS,6.21903004576157,1.9539424228550784,14,3,0.9766389159488725
2025-12-17,ILI incidence,2025-12-28,3,HR,QMUL,SEIR,WIS,52.8091883154293,-1.1320850519659804,14,12,0.6649241948486605
2025-12-17,ILI incidence,2025-12-28,3,HR,QMUL,SEIR_agumented,WIS,2.72738679114885,3.143112695925772,14,1,1.0
2025-12-17,ILI incidence,2025-12-28,3,HR,RIVM,KFdlm,WIS,152.191480450972,-2.6591117799632826,14,14,0.0
2025-12-17,ILI incidence,2025-12-28,3,HR,respicast,hubEnsemble,WIS,8.72348534319686,1.4657273518275193,14,4,0.959882682153113
2025-12-17,ILI incidence,2025-12-28,3,HR,respicast,quantileBaseline,WIS,24.0945008695652,0.0,14,9,0.857041824860977
2025-12-17,ILI incidence,2025-12-28,3,HR,safinea,PRFM,WIS,57.2927908097771,-1.2496496999294424,14,13,0.6349263379416206
2025-12-17,ILI incidence,2025-12-28,3,IE,ECDC,SARIMA,WIS,4.17953200496687,2.3782012508103434,17,3,0.9549273584815975
2025-12-17,ILI incidence,2025-12-28,3,IE,ECDC,soca_simplex,WIS,20.3922996258042,0.09159008800850167,17,12,0.7218893390505705
2025-12-17,ILI incidence,2025-12-28,3,IE,ISI,FluABCaster,WIS,70.6151093225317,-1.7003623417740494,17,17,0.0
2025-12-17,ILI incidence,2025-12-28,3,IE,ISI,LSTFlu,WIS,68.4961469628428,-1.656408271766092,17,16,0.03045740265321167
2025-12-17,ILI incidence,2025-12-28,3,IE,ItaLuxColab,EpiEKF,WIS,18.3812774744506,0.24137752877202182,17,11,0.7507952377930557
2025-12-17,ILI incidence,2025-12-28,3,IE,ItaLuxColab,EpiNetEKF,WIS,17.8919728742914,0.2803020880667596,17,9,0.7578283722699256
2025-12-17,ILI incidence,2025-12-28,3,IE,MRC_GIDA,NBEATS,WIS,8.5696965194854,1.3422985443949236,17,5,0.8918242987594022
2025-12-17,ILI incidence,2025-12-28,3,IE,MRC_GIDA,NHiTS,WIS,1.04376787180384,4.379741758976259,17,1,1.0
2025-12-17,ILI incidence,2025-12-28,3,IE,MRC_GIDA,Prophet,WIS,5.64825750765272,1.9437367956729938,17,4,0.9338162878588464
2025-12-17,ILI incidence,2025-12-28,3,IE,MRC_GIDA,TiDE,WIS,2.01182569346442,3.4330373451101357,17,2,0.9860853937630888
2025-12-17,ILI incidence,2025-12-28,3,IE,QMUL,ARIMA,WIS,18.067821617722,0.2661919889427039,17,10,0.7553007690964961
2025-12-17,ILI incidence,2025-12-28,3,IE,QMUL,SEIR,WIS,40.0425212832579,-0.8819182522611693,17,15,0.43944226748777093
2025-12-17,ILI incidence,2025-12-28,3,IE,QMUL,SEIR_agumented,WIS,23.3040184688348,-0.10096418567321451,17,14,0.6800370650780649
2025-12-17,ILI incidence,2025-12-28,3,IE,RIVM,KFdlm,WIS,9.54488591960549,1.186814704512571,17,6,0.877807185106207
2025-12-17,ILI incidence,2025-12-28,3,IE,respicast,hubEnsemble,WIS,13.8309808741195,0.6517110902163394,17,8,0.8161999936227781
2025-12-17,ILI incidence,2025-12-28,3,IE,respicast,quantileBaseline,WIS,21.7288913043478,0.0,17,13,0.7026775249519419
2025-12-17,ILI incidence,2025-12-28,3,IE,safinea,PRFM,WIS,12.0067262722123,0.8557717217003139,17,7,0.8424213451716653
2025-12-17,ILI incidence,2025-12-28,3,IS,ECDC,soca_simplex,WIS,11.1282017434818,-0.016270816088957845,9,4,0.9458621467468112
2025-12-17,ILI incidence,2025-12-28,3,IS,ISI,FluABCaster,WIS,37.1988435708591,-1.757308108057167,9,8,0.7542537908520287
2025-12-17,ILI incidence,2025-12-28,3,IS,ISI,FluBcast,WIS,21.137907601619,-0.9418829105475588,9,6,0.8722949789276451
2025-12-17,ILI incidence,2025-12-28,3,IS,ItaLuxColab,EpiEKF,WIS,6.30986252774898,0.8022691849683007,9,2,0.9812749325686171
2025-12-17,ILI incidence,2025-12-28,3,IS,ItaLuxColab,EpiNetEKF,WIS,25.1499806117034,-1.1926076240476868,9,7,0.8428079138111726
2025-12-17,ILI incidence,2025-12-28,3,IS,RIVM,KFdlm,WIS,139.824224058142,-3.667592755327895,9,9,0.0
2025-12-17,ILI incidence,2025-12-28,3,IS,respicast,hubEnsemble,WIS,16.2474487445202,-0.5622635329509267,9,5,0.9082378140670454
2025-12-17,ILI incidence,2025-12-28,3,IS,respicast,quantileBaseline,WIS,11.003402173913,0.0,9,3,0.9467793715892141
2025-12-17,ILI incidence,2025-12-28,3,IS,safinea,PRFM,WIS,3.76208989060396,1.5483434379549281,9,1,1.0
2025-12-17,ILI incidence,2025-12-28,3,LT,ECDC,SARIMA,WIS,12.2537162525102,3.3831090314785017,18,2,0.9952818903615225
2025-12-17,ILI incidence,2025-12-28,3,LT,ECDC,soca_simplex,WIS,72.136202269645,0.8256049091507921,18,10,0.9303294001223019
2025-12-17,ILI incidence,2025-12-28,3,LT,ISI,FluABCaster,WIS,113.12825169442,0.17644102550676594,18,12,0.8858667221802657
2025-12-17,ILI incidence,2025-12-28,3,LT,ISI,FluBcast,WIS,35.1843549017475,1.8613943194681102,18,5,0.9704098086878007
2025-12-17,ILI incidence,2025-12-28,3,LT,ISI,LSTFlu,WIS,7.90388865678797,4.015693852468817,18,1,1.0
2025-12-17,ILI incidence,2025-12-28,3,LT,ItaLuxColab,EpiEKF,WIS,36.642578409446,1.8028073568096656,18,6,0.968828123382964
2025-12-17,ILI incidence,2025-12-28,3,LT,ItaLuxColab,EpiNetEKF,WIS,24.6565245138654,2.37435892370837,18,4,0.981828987248848
2025-12-17,ILI incidence,2025-12-28,3,LT,MRC_GIDA,NBEATS,WIS,272.848878449745,-1.0937018271905856,18,17,0.7126232057477824
2025-12-17,ILI incidence,2025-12-28,3,LT,MRC_GIDA,NHiTS,WIS,265.367082908901,-1.0535891383964902,18,16,0.7207384541978794
2025-12-17,ILI incidence,2025-12-28,3,LT,MRC_GIDA,Prophet,WIS,198.40316069339,-0.6340347226846509,18,14,0.7933719367630212
2025-12-17,ILI incidence,2025-12-28,3,LT,MRC_GIDA,TiDE,WIS,212.828710114396,-0.7352924939756198,18,15,0.7777250353017963
2025-12-17,ILI incidence,2025-12-28,3,LT,QMUL,ARIMA,WIS,38.2532319911538,1.7407467358574205,18,7,0.967081102375608
2025-12-17,ILI incidence,2025-12-28,3,LT,QMUL,SEIR,WIS,58.057562272662,1.1388443839979012,18,9,0.9456000207629326
2025-12-17,ILI incidence,2025-12-28,3,LT,QMUL,SEIR_agumented,WIS,20.9457386264958,2.6096716211736872,18,3,0.9858539501413413
2025-12-17,ILI incidence,2025-12-28,3,LT,RIVM,KFdlm,WIS,929.846770239727,-2.862592707300929,18,18,0.0
2025-12-17,ILI incidence,2025-12-28,3,LT,respicast,hubEnsemble,WIS,57.5092543503241,1.152534248946627,18,8,0.9461947516657804
2025-12-17,ILI incidence,2025-12-28,3,LT,respicast,quantileBaseline,WIS,127.845403043478,0.0,18,13,0.8699035300530168
2025-12-17,ILI incidence,2025-12-28,3,LT,safinea,PRFM,WIS,106.727460505937,0.2604688632981128,18,11,0.8928094420779378
2025-12-17,ILI incidence,2025-12-28,3,LU,ECDC,SARIMA,WIS,1428.28113639894,0.2571654391660494,17,7,0.9950085800609155
2025-12-17,ILI incidence,2025-12-28,3,LU,ECDC,soca_simplex,WIS,2552.68565796557,-0.5805704727208086,17,12,0.9905700013895864
2025-12-17,ILI incidence,2025-12-28,3,LU,ISI,FluABCaster,WIS,2272.76444719966,-0.41300274872082654,17,10,0.9916749883332774
2025-12-17,ILI incidence,2025-12-28,3,LU,ISI,LSTFlu,WIS,14353.2313603314,-3.0718582439821556,17,16,0.9439874330523591
2025-12-17,ILI incidence,2025-12-28,3,LU,ItaLuxColab,EpiEKF,WIS,2880.0657657354,-0.7546563356498056,17,13,0.989277670795131
2025-12-17,ILI incidence,2025-12-28,3,LU,ItaLuxColab,EpiNetEKF,WIS,11697.3120621114,-2.7766597242874345,17,15,0.9544716551661457
2025-12-17,ILI incidence,2025-12-28,3,LU,MRC_GIDA,NBEATS,WIS,239.505333276366,2.833315732857562,17,2,0.9997012638980279
2025-12-17,ILI incidence,2025-12-28,3,LU,MRC_GIDA,NHiTS,WIS,163.827903926698,3.381192410535575,17,1,1.0
2025-12-17,ILI incidence,2025-12-28,3,LU,MRC_GIDA,Prophet,WIS,4581.13061313278,-1.4242582762322284,17,14,0.982562729681513
2025-12-17,ILI incidence,2025-12-28,3,LU,MRC_GIDA,TiDE,WIS,361.5650662031,2.239118221174099,17,3,0.9992194339900142
2025-12-17,ILI incidence,2025-12-28,3,LU,QMUL,ARIMA,WIS,1671.03737870294,0.03070141527820301,17,8,0.994050301559935
2025-12-17,ILI incidence,2025-12-28,3,LU,QMUL,SEIR,WIS,808.05318466678,1.0789232631376744,17,4,0.9974569253895921
2025-12-17,ILI incidence,2025-12-28,3,LU,QMUL,SEIR_agumented,WIS,2309.27752282468,-0.43599614272862985,17,11,0.9915308532327994
2025-12-17,ILI incidence,2025-12-28,3,LU,RIVM,KFdlm,WIS,253489.183795375,-7.214334959485653,17,17,0.0
2025-12-17,ILI incidence,2025-12-28,3,LU,respicast,hubEnsemble,WIS,1143.74540016111,0.5776794787777225,17,5,0.9961317828103464
2025-12-17,ILI incidence,2025-12-28,3,LU,respicast,quantileBaseline,WIS,1706.97913043478,0.0,17,9,0.9939084217563704
2025-12-17,ILI incidence,2025-12-28,3,LU,safinea,PRFM,WIS,1167.45868402672,0.5480739257092325,17,6,0.9960381747947485
2025-12-17,ILI incidence,2025-12-28,3,LV,ECDC,soca_simplex,WIS,217.814955952068,0.020946845483521177,9,7,0.4605063236295731
2025-12-17,ILI incidence,2025-12-28,3,LV,ISI,FluABCaster,WIS,107.601439109104,1.038352490265312,9,6,0.8122162470858442
2025-12-17,ILI incidence,2025-12-28,3,LV,ISI,FluBcast,WIS,48.7566171852423,2.1803799255541882,9,1,1.0
2025-12-17,ILI incidence,2025-12-28,3,LV,ItaLuxColab,EpiEKF,WIS,103.239802803989,1.0980505726406529,9,5,0.8261349642718844
2025-12-17,ILI incidence,2025-12-28,3,LV,ItaLuxColab,EpiNetEKF,WIS,51.5563803964476,2.099826978025219,9,3,0.9910654833189677
2025-12-17,ILI incidence,2025-12-28,3,LV,RIVM,KFdlm,WIS,362.121437147927,-0.71242372160236,9,9,0.0
2025-12-17,ILI incidence,2025-12-28,3,LV,respicast,hubEnsemble,WIS,50.1287710639755,2.1403390923715793,9,2,0.9956212255131365
2025-12-17,ILI incidence,2025-12-28,3,LV,respicast,quantileBaseline,WIS,221.000535217391,0.0,9,8,0.4503406028390188
2025-12-17,ILI incidence,2025-12-28,3,LV,safinea,PRFM,WIS,59.1074052122536,1.9026390700820168,9,4,0.9669688893978468
2025-12-17,ILI incidence,2025-12-28,3,MT,ECDC,SARIMA,WIS,1662.23518919169,-0.6533271872421159,11,6,0.6469844456611306
2025-12-17,ILI incidence,2025-12-28,3,MT,ECDC,soca_simplex,WIS,1136.44494958545,-0.10473046457824081,11,3,0.8516355752863132
2025-12-17,ILI incidence,2025-12-28,3,MT,ISI,FluABCaster,WIS,2419.69139008577,-1.1950257206060748,11,8,0.35216294560692346
2025-12-17,ILI incidence,2025-12-28,3,MT,ISI,LSTFlu,WIS,755.26666553628,0.4847393172400427,11,1,1.0
2025-12-17,ILI incidence,2025-12-28,3,MT,ItaLuxColab,EpiEKF,WIS,2522.16544192192,-1.254865576799705,11,9,0.3122774002205296
2025-12-17,ILI incidence,2025-12-28,3,MT,ItaLuxColab,EpiNetEKF,WIS,1651.44463966985,-0.6439312720581901,11,4,0.6511844059924118
2025-12-17,ILI incidence,2025-12-28,3,MT,QMUL,ARIMA,WIS,3324.46938906496,-1.6533267579150868,11,11,0.0
2025-12-17,ILI incidence,2025-12-28,3,MT,RIVM,KFdlm,WIS,1702.77930372407,-0.6880941244074136,11,7,0.6312036300170095
2025-12-17,ILI incidence,2025-12-28,3,MT,respicast,hubEnsemble,WIS,1659.61938165706,-0.6510550749279433,11,5,0.6480025854562796
2025-12-17,ILI incidence,2025-12-28,3,MT,respicast,quantileBaseline,WIS,1056.86956521739,0.0,11,2,0.882608368378626
2025-12-17,ILI incidence,2025-12-28,3,MT,safinea,PRFM,WIS,2865.41316699501,-1.438945841899127,11,10,0.1786765278838945
2025-12-17,ILI incidence,2025-12-28,3,NL,ECDC,SARIMA,WIS,3.05513576322151,0.07983191202847233,19,3,0.8865044693833901
2025-12-17,ILI incidence,2025-12-28,3,NL,ECDC,soca_simplex,WIS,4.5055005307941,-0.4806189851006571,19,6,0.8172495328741441
2025-12-17,ILI incidence,2025-12-28,3,NL,ISI,FluABCaster,WIS,9.06165811844582,-1.4887066577980401,19,11,0.5996929488245757
2025-12-17,ILI incidence,2025-12-28,3,NL,ISI,FluBcast,WIS,15.1733156872902,-2.2323960704535972,19,16,0.3078612204484338
2025-12-17,ILI incidence,2025-12-28,3,NL,ISI,GLEAM,WIS,13.5581304347826,-2.0700179466206827,19,14,0.38498633725632386
2025-12-17,ILI incidence,2025-12-28,3,NL,ISI,LSTFlu,WIS,21.62066933378,-2.7432708781241986,19,19,0.0
2025-12-17,ILI incidence,2025-12-28,3,NL,ItaLuxColab,EpiEKF,WIS,5.37524331858355,-0.7352616584172119,19,8,0.775719303448795
2025-12-17,ILI incidence,2025-12-28,3,NL,ItaLuxColab,EpiNetEKF,WIS,16.5395492968107,-2.356779612897767,19,17,0.2426235478300491
2025-12-17,ILI incidence,2025-12-28,3,NL,MRC_GIDA,NBEATS,WIS,0.799543335290186,2.0138202684701483,19,2,0.9942090371443425
2025-12-17,ILI incidence,2025-12-28,3,NL,MRC_GIDA,NHiTS,WIS,0.678266659294015,2.2511439206433197,19,1,1.0
2025-12-17,ILI incidence,2025-12-28,3,NL,MRC_GIDA,Prophet,WIS,10.6863524669439,-1.726629198664859,19,13,0.5221137725595029
2025-12-17,ILI incidence,2025-12-28,3,NL,MRC_GIDA,TiDE,WIS,3.47756868575462,-0.1070106062877904,19,5,0.8663332918399578
2025-12-17,ILI incidence,2025-12-28,3,NL,QMUL,ARIMA,WIS,7.78207461091214,-1.2690864087126947,19,10,0.6607930779464642
2025-12-17,ILI incidence,2025-12-28,3,NL,QMUL,SEIR,WIS,19.5080816028814,-2.594931603668885,19,18,0.10087609161829143
2025-12-17,ILI incidence,2025-12-28,3,NL,QMUL,SEIR_agumented,WIS,15.0975551159913,-2.2251746311082803,19,15,0.3114787887129959
2025-12-17,ILI incidence,2025-12-28,3,NL,RIVM,KFdlm,WIS,4.82101965707013,-0.5782699085909302,19,7,0.8021834904920814
2025-12-17,ILI incidence,2025-12-28,3,NL,respicast,hubEnsemble,WIS,7.37220389901283,-1.191027569751918,19,9,0.6803644097687986
2025-12-17,ILI incidence,2025-12-28,3,NL,respicast,quantileBaseline,WIS,3.22895739130435,0.0,19,4,0.8782044843824044
2025-12-17,ILI incidence,2025-12-28,3,NL,safinea,PRFM,WIS,10.4929817234614,-1.7002843889246992,19,12,0.5313472280750002
2025-12-17,ILI incidence,2025-12-28,3,NO,ECDC,SARIMA,WIS,12.209539705844,-0.37319600233644445,17,6,0.973985154226322
2025-12-17,ILI incidence,2025-12-28,3,NO,ECDC,soca_simplex,WIS,8.94701484942287,0.07533449411308565,17,2,0.9967969234442589
2025-12-17,ILI incidence,2025-12-28,3,NO,ISI,FluABCaster,WIS,82.0121809117391,-3.1210253927909943,17,16,0.48592090580921454
2025-12-17,ILI incidence,2025-12-28,3,NO,ISI,FluBcast,WIS,79.6496284515628,-3.0788548218434406,17,14,0.5024400141251982
2025-12-17,ILI incidence,2025-12-28,3,NO,ISI,GLEAM,WIS,151.508282608696,-4.006511949495161,17,17,0.0
2025-12-17,ILI incidence,2025-12-28,3,NO,ISI,LSTFlu,WIS,81.5383110077018,-3.112665262954389,17,15,0.48923423256255694
2025-12-17,ILI incidence,2025-12-28,3,NO,ItaLuxColab,EpiEKF,WIS,19.8395952242238,-1.0735697814934724,17,9,0.920635349009434
2025-12-17,ILI incidence,2025-12-28,3,NO,ItaLuxColab,EpiNetEKF,WIS,39.7761556856267,-2.077091038226234,17,12,0.7812377240841027
2025-12-17,ILI incidence,2025-12-28,3,NO,MRC_GIDA,NBEATS,WIS,11.482049898134,-0.2845674202695476,17,4,0.9790718065377121
2025-12-17,ILI incidence,2025-12-28,3,NO,MRC_GIDA,NHiTS,WIS,18.6368274202241,-0.9833434783299786,17,8,0.9290451735395382
2025-12-17,ILI incidence,2025-12-28,3,NO,MRC_GIDA,Prophet,WIS,8.48891285916124,0.15116109947544443,17,1,1.0
2025-12-17,ILI incidence,2025-12-28,3,NO,MRC_GIDA,TiDE,WIS,12.129721547937,-0.3637336220126525,17,5,0.9745432475674324
2025-12-17,ILI incidence,2025-12-28,3,NO,QMUL,ARIMA,WIS,13.7757540515985,-0.5473184805498512,17,7,0.963034089706199
2025-12-17,ILI incidence,2025-12-28,3,NO,RIVM,KFdlm,WIS,48.7368096140097,-2.3701990030716855,17,13,0.7185842950830135
2025-12-17,ILI incidence,2025-12-28,3,NO,respicast,hubEnsemble,WIS,21.1372945196185,-1.164977919881475,17,11,0.9115617578051982
2025-12-17,ILI incidence,2025-12-28,3,NO,respicast,quantileBaseline,WIS,9.42662217391304,0.0,17,3,0.9934434803034443
2025-12-17,ILI incidence,2025-12-28,3,NO,safinea,PRFM,WIS,20.6722537284857,-1.132882872639863,17,10,0.9148133508722577
2025-12-17,ILI incidence,2025-12-28,3,PL,ECDC,SARIMA,WIS,58.5645948805524,-0.03648456708509814,19,5,0.9058456074225937
2025-12-17,ILI incidence,2025-12-28,3,PL,ECDC,soca_simplex,WIS,71.7127884629761,-0.3286862336681674,19,6,0.8524019437789943
2025-12-17,ILI incidence,2025-12-28,3,PL,ISI,FluABCaster,WIS,112.500077028802,-0.9783099017162591,19,14,0.6866132278324646
2025-12-17,ILI incidence,2025-12-28,3,PL,ISI,FluBcast,WIS,134.582409562896,-1.236873768955493,19,15,0.5968548328848992
2025-12-17,ILI incidence,2025-12-28,3,PL,ISI,GLEAM,WIS,158.267856521739,-1.4707521929167093,19,16,0.5005802342047527
2025-12-17,ILI incidence,2025-12-28,3,PL,ISI,LSTFlu,WIS,281.420450751632,-2.30111108512114,19,19,0.0
2025-12-17,ILI incidence,2025-12-28,3,PL,ItaLuxColab,EpiEKF,WIS,76.1480961840574,-0.415263785209314,19,9,0.8343736806175666
2025-12-17,ILI incidence,2025-12-28,3,PL,ItaLuxColab,EpiNetEKF,WIS,167.382715521773,-1.5515344707041603,19,17,0.4635309273548869
2025-12-17,ILI incidence,2025-12-28,3,PL,MRC_GIDA,NBEATS,WIS,72.7365662779715,-0.34913663873809686,19,8,0.8482405784288874
2025-12-17,ILI incidence,2025-12-28,3,PL,MRC_GIDA,NHiTS,WIS,82.671991897891,-0.5338544650598362,19,11,0.8078559018831458
2025-12-17,ILI incidence,2025-12-28,3,PL,MRC_GIDA,Prophet,WIS,197.847622842743,-1.792773643762401,19,18,0.33969975240383943
2025-12-17,ILI incidence,2025-12-28,3,PL,MRC_GIDA,TiDE,WIS,98.6548402228466,-0.7888456520412579,19,13,0.7428901737326683
2025-12-17,ILI incidence,2025-12-28,3,PL,QMUL,ARIMA,WIS,72.3889408227401,-0.34222512484157364,19,7,0.8496535769360114
2025-12-17,ILI incidence,2025-12-28,3,PL,QMUL,SEIR,WIS,41.0408256364335,0.4764844278561763,19,2,0.9770747404118346
2025-12-17,ILI incidence,2025-12-28,3,PL,QMUL,SEIR_agumented,WIS,77.1853048893163,-0.43478202023029555,19,10,0.8301577225222911
2025-12-17,ILI incidence,2025-12-28,3,PL,RIVM,KFdlm,WIS,35.4007603706494,0.6897638342322114,19,1,1.0
2025-12-17,ILI incidence,2025-12-28,3,PL,respicast,hubEnsemble,WIS,86.162366229332,-0.5935136879338133,19,12,0.7936685239296338
2025-12-17,ILI incidence,2025-12-28,3,PL,respicast,quantileBaseline,WIS,57.102115,0.0,19,4,0.9117901717714376
2025-12-17,ILI incidence,2025-12-28,3,PL,safinea,PRFM,WIS,55.5822308383924,0.038920442978561655,19,3,0.917968068179867
2025-12-17,ILI incidence,2025-12-28,3,RO,ECDC,SARIMA,WIS,18.4635420323025,-0.16417626447869266,14,11,0.260912682969895
2025-12-17,ILI incidence,2025-12-28,3,RO,ECDC,soca_simplex,WIS,5.99612220872335,1.4584013879211999,14,2,0.8100935044344743
2025-12-17,ILI incidence,2025-12-28,3,RO,ISI,FluABCaster,WIS,12.5552601970605,0.3922111530659122,14,6,0.5211682224188713
2025-12-17,ILI incidence,2025-12-28,3,RO,ISI,FluBcast,WIS,17.6761103307655,-0.10129776064166371,14,10,0.2955984796156034
2025-12-17,ILI incidence,2025-12-28,3,RO,ISI,LSTFlu,WIS,1.68489371183967,3.2897735907593986,14,1,1.0
2025-12-17,ILI incidence,2025-12-28,3,RO,ItaLuxColab,EpiEKF,WIS,9.90523479180821,0.7342400026070065,14,4,0.6378999238897741
2025-12-17,ILI incidence,2025-12-28,3,RO,ItaLuxColab,EpiNetEKF,WIS,6.60624114748617,1.3186015422445478,14,3,0.7832182066806306
2025-12-17,ILI incidence,2025-12-28,3,RO,QMUL,ARIMA,WIS,22.3277812015757,-0.43833681145866005,14,12,0.09069574383197579
2025-12-17,ILI incidence,2025-12-28,3,RO,QMUL,SEIR,WIS,10.2558684526832,0.6840534182086074,14,5,0.6224547648562846
2025-12-17,ILI incidence,2025-12-28,3,RO,QMUL,SEIR_agumented,WIS,24.3867422402178,-0.5655939646178203,14,14,0.0
2025-12-17,ILI incidence,2025-12-28,3,RO,RIVM,KFdlm,WIS,14.4414046789423,0.19029200425817294,14,8,0.43808492285742584
2025-12-17,ILI incidence,2025-12-28,3,RO,respicast,hubEnsemble,WIS,13.778415501665,0.25809309092187305,14,7,0.4672891163594898
2025-12-17,ILI incidence,2025-12-28,3,RO,respicast,quantileBaseline,WIS,16.4775652173913,0.0,14,9,0.3483935245598939
2025-12-17,ILI incidence,2025-12-28,3,RO,safinea,PRFM,WIS,22.8402769016891,-0.47107706055847337,14,13,0.06812067909780829
2025-12-17,ILI incidence,2025-12-28,3,SI,ECDC,SARIMA,WIS,530.029508784909,-1.9779629249976045,16,14,0.7773872889636797
2025-12-17,ILI incidence,2025-12-28,3,SI,ECDC,soca_simplex,WIS,91.3063015714789,0.5593234198894029,16,6,0.9713631012264228
2025-12-17,ILI incidence,2025-12-28,3,SI,ISI,FluABCaster,WIS,164.414855017452,-0.289230896286995,16,11,0.9390390964669986
2025-12-17,ILI incidence,2025-12-28,3,SI,ISI,FluBcast,WIS,97.8582269218067,0.45934470915529046,16,7,0.9684662518671491
2025-12-17,ILI incidence,2025-12-28,3,SI,ISI,LSTFlu,WIS,348.030927390399,-1.3711057579930226,16,13,0.8578556163195487
2025-12-17,ILI incidence,2025-12-28,3,SI,ItaLuxColab,EpiEKF,WIS,53.8196048787532,1.3219060528452602,16,3,0.9879373610797
2025-12-17,ILI incidence,2025-12-28,3,SI,ItaLuxColab,EpiNetEKF,WIS,26.5370299389289,2.342030940872847,16,1,1.0
2025-12-17,ILI incidence,2025-12-28,3,SI,MRC_GIDA,NBEATS,WIS,113.710098402031,0.2427493740729611,16,8,0.9614575511745386
2025-12-17,ILI incidence,2025-12-28,3,SI,MRC_GIDA,NHiTS,WIS,144.770432965942,-0.1056572279259593,16,10,0.9477246245202707
2025-12-17,ILI incidence,2025-12-28,3,SI,MRC_GIDA,Prophet,WIS,220.119810498467,-0.7101792344560556,16,12,0.914409868268379
2025-12-17,ILI incidence,2025-12-28,3,SI,MRC_GIDA,TiDE,WIS,57.991578200113,1.2141944514551681,16,4,0.9860927768396973
2025-12-17,ILI incidence,2025-12-28,3,SI,QMUL,ARIMA,WIS,688.199238433407,-2.354716538272616,16,15,0.7074545813259455
2025-12-17,ILI incidence,2025-12-28,3,SI,RIVM,KFdlm,WIS,2288.27885277596,-4.088081209192575,16,16,0.0
2025-12-17,ILI incidence,2025-12-28,3,SI,respicast,hubEnsemble,WIS,53.5238108567203,1.3298570137106123,16,2,0.9880681425946571
2025-12-17,ILI incidence,2025-12-28,3,SI,respicast,quantileBaseline,WIS,134.546956521739,0.0,16,9,0.9522448028805838
2025-12-17,ILI incidence,2025-12-28,3,SI,safinea,PRFM,WIS,87.6962110833375,0.617523339846442,16,5,0.9729592562126772
2025-12-17,ILI incidence,2026-01-04,4,AT,ECDC,SARIMA,WIS,381.616573519022,-0.05734471340305731,14,4,0.8996138191695491
2025-12-17,ILI incidence,2026-01-04,4,AT,ECDC,soca_simplex,WIS,470.143896987229,-0.3583232749763564,14,6,0.8384159337478563
2025-12-17,ILI incidence,2026-01-04,4,AT,ISI,FluABCaster,WIS,916.275072031722,-1.3210016550351003,14,9,0.530010760476994
2025-12-17,ILI incidence,2026-01-04,4,AT,ISI,GLEAM,WIS,1682.97532173913,-2.1981630015815146,14,14,0.0
2025-12-17,ILI incidence,2026-01-04,4,AT,ISI,LSTFlu,WIS,1648.43007338058,-2.1682416686702273,14,13,0.023880719173326233
2025-12-17,ILI incidence,2026-01-04,4,AT,ItaLuxColab,EpiEKF,WIS,552.927665756988,-0.5923116435864885,14,8,0.7811884993527902
2025-12-17,ILI incidence,2026-01-04,4,AT,ItaLuxColab,EpiNetEKF,WIS,236.400446509426,0.6335463547534164,14,1,1.0
2025-12-17,ILI incidence,2026-01-04,4,AT,QMUL,ARIMA,WIS,967.70970307067,-1.3997952125036413,14,10,0.4944546120053978
2025-12-17,ILI incidence,2026-01-04,4,AT,QMUL,SEIR,WIS,1037.86244683434,-1.5007642283625158,14,11,0.44595885491399223
2025-12-17,ILI incidence,2026-01-04,4,AT,QMUL,SEIR_agumented,WIS,1248.68903269638,-1.7675632197570497,14,12,0.30021694450747943
2025-12-17,ILI incidence,2026-01-04,4,AT,RIVM,KFdlm,WIS,462.096466390621,-0.3334149421786922,14,5,0.8439790267715274
2025-12-17,ILI incidence,2026-01-04,4,AT,respicast,hubEnsemble,WIS,482.054605119956,-0.3944174629324917,14,7,0.8301822029284712
2025-12-17,ILI incidence,2026-01-04,4,AT,respicast,quantileBaseline,WIS,366.745462173913,0.0,14,3,0.9098940415069844
2025-12-17,ILI incidence,2026-01-04,4,AT,safinea,PRFM,WIS,271.18907675717,0.4354800459758267,14,2,0.9759510338224145
2025-12-17,ILI incidence,2026-01-04,4,BE,ECDC,SARIMA,WIS,44.5487688357603,0.243358398058991,19,8,0.9067176577181801
2025-12-17,ILI incidence,2026-01-04,4,BE,ECDC,soca_simplex,WIS,32.4282031443627,0.7014948736883777,19,6,0.9442544644333779
2025-12-17,ILI incidence,2026-01-04,4,BE,ISI,FluABCaster,WIS,14.4280724735824,1.8698653845176152,19,1,1.0
2025-12-17,ILI incidence,2026-01-04,4,BE,ISI,FluBcast,WIS,26.7691094629024,0.9781748144196978,19,5,0.961780404320403
2025-12-17,ILI incidence,2026-01-04,4,BE,ISI,GLEAM,WIS,55.4052217391304,-0.07127799183480037,19,12,0.8730957472709079
2025-12-17,ILI incidence,2026-01-04,4,BE,ISI,LSTFlu,WIS,337.326229031217,-2.6773286357740758,19,19,0.0
2025-12-17,ILI incidence,2026-01-04,4,BE,ItaLuxColab,EpiEKF,WIS,45.7178331936548,0.20598693123154463,19,9,0.9030971218490451
2025-12-17,ILI incidence,2026-01-04,4,BE,ItaLuxColab,EpiNetEKF,WIS,117.830532810257,-1.159897560958205,19,17,0.6797675730359329
2025-12-17,ILI incidence,2026-01-04,4,BE,MRC_GIDA,NBEATS,WIS,122.211800697382,-1.2125677329600104,19,18,0.6661989979352481
2025-12-17,ILI incidence,2026-01-04,4,BE,MRC_GIDA,NHiTS,WIS,92.8662638009934,-0.816410633955667,19,16,0.7570807087794246
2025-12-17,ILI incidence,2026-01-04,4,BE,MRC_GIDA,Prophet,WIS,56.7342343862054,-0.10547558468005755,19,13,0.868979859273146
2025-12-17,ILI incidence,2026-01-04,4,BE,MRC_GIDA,TiDE,WIS,83.2183518302601,-0.6581577559968058,19,15,0.7869598263116773
2025-12-17,ILI incidence,2026-01-04,4,BE,QMUL,ARIMA,WIS,24.1109177962582,1.1290573905481218,19,4,0.9700126955635081
2025-12-17,ILI incidence,2026-01-04,4,BE,QMUL,SEIR,WIS,64.5333624531234,-0.2913012382065539,19,14,0.8448263362240731
2025-12-17,ILI incidence,2026-01-04,4,BE,QMUL,SEIR_agumented,WIS,17.6852274320611,1.576199187349235,19,2,0.9899127483625094
2025-12-17,ILI incidence,2026-01-04,4,BE,RIVM,KFdlm,WIS,45.9997254899925,0.1971187078642979,19,10,0.9022241150182138
2025-12-17,ILI incidence,2026-01-04,4,BE,respicast,hubEnsemble,WIS,23.3027098352402,1.1782462262108406,19,3,0.9725156765951566
2025-12-17,ILI incidence,2026-01-04,4,BE,respicast,quantileBaseline,WIS,52.7343847826087,0.0,19,11,0.8813672003661968
2025-12-17,ILI incidence,2026-01-04,4,BE,safinea,PRFM,WIS,38.4687009497556,0.45505884750587133,19,7,0.9255473343903029
2025-12-17,ILI incidence,2026-01-04,4,CH,ItaLuxColab,EpiEKF,WIS,27.0656126166408,0.46335974759372656,5,1,1.0
2025-12-17,ILI incidence,2026-01-04,4,CH,ItaLuxColab,EpiNetEKF,WIS,98.9151596735944,-1.406370853742745,5,5,0.0
2025-12-17,ILI incidence,2026-01-04,4,CH,respicast,hubEnsemble,WIS,27.0656126166408,0.46335974759372656,5,1,1.0
2025-12-17,ILI incidence,2026-01-04,4,CH,respicast,quantileBaseline,WIS,37.3166839539596,0.0,5,4,0.8573258738960039
2025-12-17,ILI incidence,2026-01-04,4,CH,safinea,PRFM,WIS,34.2666203083652,0.1230168837787748,5,3,0.8997765749863903
2025-12-17,ILI incidence,2026-01-04,4,CZ,ECDC,SARIMA,WIS,6.52787449418504,-0.11498400775112788,15,6,0.921930754569204
2025-12-17,ILI incidence,2026-01-04,4,CZ,ECDC,soca_simplex,WIS,2.64884904146905,1.186263685851155,15,1,1.0
2025-12-17,ILI incidence,2026-01-04,4,CZ,ISI,FluABCaster,WIS,5.91831131239234,0.02644372583731921,15,4,0.9341988198925784
2025-12-17,ILI incidence,2026-01-04,4,CZ,ISI,FluBcast,WIS,5.12636621765337,0.23369276672643713,15,3,0.950137502616509
2025-12-17,ILI incidence,2026-01-04,4,CZ,ISI,GLEAM,WIS,17.1456086956522,-1.5081379056063362,15,11,0.7082382930482546
2025-12-17,ILI incidence,2026-01-04,4,CZ,ISI,LSTFlu,WIS,28.1004420456236,-2.2208916080518177,15,14,0.48776137587474855
2025-12-17,ILI incidence,2026-01-04,4,CZ,ItaLuxColab,EpiEKF,WIS,13.6981704458915,-1.1842819994319824,15,9,0.7776214167500178
2025-12-17,ILI incidence,2026-01-04,4,CZ,ItaLuxColab,EpiNetEKF,WIS,25.5458494177814,-2.0833876896942822,15,13,0.5391750933844068
2025-12-17,ILI incidence,2026-01-04,4,CZ,QMUL,ARIMA,WIS,3.87499623599896,0.6374344033541742,15,2,0.9753225681473645
2025-12-17,ILI incidence,2026-01-04,4,CZ,QMUL,SEIR,WIS,52.3358343749514,-3.1180978814194673,15,15,0.0
2025-12-17,ILI incidence,2026-01-04,4,CZ,QMUL,SEIR_agumented,WIS,25.512429753609,-2.0814990874367236,15,12,0.5398476973660753
2025-12-17,ILI incidence,2026-01-04,4,CZ,RIVM,KFdlm,WIS,11.5811723729259,-0.9420800886061681,15,8,0.820228108598135
2025-12-17,ILI incidence,2026-01-04,4,CZ,respicast,hubEnsemble,WIS,9.18820292479253,-0.608153407139504,15,7,0.8683889988608983
2025-12-17,ILI incidence,2026-01-04,4,CZ,respicast,quantileBaseline,WIS,6.02779065217391,0.0,15,5,0.9319954392880441
2025-12-17,ILI incidence,2026-01-04,4,CZ,safinea,PRFM,WIS,15.4844146113689,-1.3611156254423105,15,10,0.7416714762678427
2025-12-17,ILI incidence,2026-01-04,4,EE,ECDC,SARIMA,WIS,83.2352023955925,-0.17086432881414404,15,8,0.6956160584913478
2025-12-17,ILI incidence,2026-01-04,4,EE,ECDC,soca_simplex,WIS,58.6571976143301,0.3340213359229644,15,4,0.8878775809442078
2025-12-17,ILI incidence,2026-01-04,4,EE,ISI,FluABCaster,WIS,159.413454981889,-1.1083720142444597,15,14,0.0997114295197678
2025-12-17,ILI incidence,2026-01-04,4,EE,ISI,FluBcast,WIS,44.3238805965392,0.7382452867774698,15,1,1.0
2025-12-17,ILI incidence,2026-01-04,4,EE,ISI,GLEAM,WIS,57.3706260869565,0.36601722073292303,15,3,0.897941790907497
2025-12-17,ILI incidence,2026-01-04,4,EE,ISI,LSTFlu,WIS,172.160196816747,-1.2193502442386122,15,15,0.0
2025-12-17,ILI incidence,2026-01-04,4,EE,ItaLuxColab,EpiEKF,WIS,93.5842244663543,-0.33993587159746425,15,9,0.614660799635681
2025-12-17,ILI incidence,2026-01-04,4,EE,ItaLuxColab,EpiNetEKF,WIS,53.8674407002037,0.4569159601539103,15,2,0.92534547000537
2025-12-17,ILI incidence,2026-01-04,4,EE,QMUL,ARIMA,WIS,147.527794252267,-0.9965853958967675,15,12,0.19268704928925526
2025-12-17,ILI incidence,2026-01-04,4,EE,QMUL,SEIR,WIS,131.810137286452,-0.8340599416724698,15,11,0.31563847209731033
2025-12-17,ILI incidence,2026-01-04,4,EE,QMUL,SEIR_agumented,WIS,153.287190483449,-1.0518357544551031,15,13,0.14763415351227593
2025-12-17,ILI incidence,2026-01-04,4,EE,RIVM,KFdlm,WIS,94.2228699255833,-0.349747792615665,15,10,0.6096649934507712
2025-12-17,ILI incidence,2026-01-04,4,EE,respicast,hubEnsemble,WIS,71.1427241194749,0.05561326541282249,15,6,0.7902095091919091
2025-12-17,ILI incidence,2026-01-04,4,EE,respicast,quantileBaseline,WIS,73.93869,0.0,15,7,0.7683380569849414
2025-12-17,ILI incidence,2026-01-04,4,EE,safinea,PRFM,WIS,70.8530929599894,0.061498650286149065,15,5,0.7924751498803234
2025-12-17,ILI incidence,2026-01-04,4,ES,ECDC,SARIMA,WIS,143.339621921004,-2.261512482985568,14,11,0.6160117352864352
2025-12-17,ILI incidence,2026-01-04,4,ES,ECDC,soca_simplex,WIS,5.23726353570464,2.5129679590126233,14,1,1.0
2025-12-17,ILI incidence,2026-01-04,4,ES,ISI,FluABCaster,WIS,168.430896731748,-2.49423183734143,14,12,0.5462464163832762
2025-12-17,ILI incidence,2026-01-04,4,ES,ISI,GLEAM,WIS,364.889813043478,-3.609535903141307,14,14,0.0
2025-12-17,ILI incidence,2026-01-04,4,ES,ISI,LSTFlu,WIS,128.775006967127,-2.106927646784937,14,10,0.6565080837032902
2025-12-17,ILI incidence,2026-01-04,4,ES,ItaLuxColab,EpiEKF,WIS,75.2828548695854,-1.3324682726362407,14,6,0.805240943155425
2025-12-17,ILI incidence,2026-01-04,4,ES,ItaLuxColab,EpiNetEKF,WIS,24.6696783104775,0.2771141630202694,14,3,0.9459689225020972
2025-12-17,ILI incidence,2026-01-04,4,ES,QMUL,ARIMA,WIS,71.6470035274798,-1.2610533021014287,14,5,0.8153502871516839
2025-12-17,ILI incidence,2026-01-04,4,ES,QMUL,SEIR,WIS,109.70843225146,-1.8757494450198815,14,9,0.7095219570701323
2025-12-17,ILI incidence,2026-01-04,4,ES,QMUL,SEIR_agumented,WIS,90.2439941310034,-1.5939778555244717,14,7,0.7636420742418192
2025-12-17,ILI incidence,2026-01-04,4,ES,RIVM,KFdlm,WIS,258.688035601849,-3.113288359162788,14,13,0.295289933539964
2025-12-17,ILI incidence,2026-01-04,4,ES,respicast,hubEnsemble,WIS,101.138055599282,-1.7584009763936423,14,8,0.7333515577886802
2025-12-17,ILI incidence,2026-01-04,4,ES,respicast,quantileBaseline,WIS,29.8939402173913,0.0,14,4,0.9314430643813532
2025-12-17,ILI incidence,2026-01-04,4,ES,safinea,PRFM,WIS,7.86052036444671,1.9271563394156337,14,2,0.9927061358738252
2025-12-17,ILI incidence,2026-01-04,4,FI,ECDC,SARIMA,WIS,49.7431620072319,0.5458041797847915,15,9,0.5015001671240622
2025-12-17,ILI incidence,2026-01-04,4,FI,ECDC,soca_simplex,WIS,93.0558641211118,-0.3577946701922587,15,15,0.0
2025-12-17,ILI incidence,2026-01-04,4,FI,ISI,FluABCaster,WIS,10.6665390512525,2.767210253612045,15,2,0.9539524960400095
2025-12-17,ILI incidence,2026-01-04,4,FI,ISI,FluBcast,WIS,12.3816087272219,2.552103623249823,15,3,0.9340944015977226
2025-12-17,ILI incidence,2026-01-04,4,FI,ISI,GLEAM,WIS,34.2845956521739,1.0827418902196744,15,7,0.6804886216004605
2025-12-17,ILI incidence,2026-01-04,4,FI,ISI,LSTFlu,WIS,6.68958759070915,3.440313220188366,15,1,1.0
2025-12-17,ILI incidence,2026-01-04,4,FI,ItaLuxColab,EpiEKF,WIS,25.7415637062894,1.4962027028834979,15,6,0.7794049149626872
2025-12-17,ILI incidence,2026-01-04,4,FI,ItaLuxColab,EpiNetEKF,WIS,21.412207523762,1.7618688573683399,15,5,0.829532769913148
2025-12-17,ILI incidence,2026-01-04,4,FI,QMUL,ARIMA,WIS,79.2769981924468,-0.12659993862570504,15,14,0.1595398861940582
2025-12-17,ILI incidence,2026-01-04,4,FI,QMUL,SEIR,WIS,42.4037779528995,0.7761095905445676,15,8,0.5864799109451216
2025-12-17,ILI incidence,2026-01-04,4,FI,QMUL,SEIR_agumented,WIS,74.8032320100012,-0.042798208152738326,15,12,0.21133980581743977
2025-12-17,ILI incidence,2026-01-04,4,FI,RIVM,KFdlm,WIS,77.0746443096954,-0.08595392890597012,15,13,0.18504004634020188
2025-12-17,ILI incidence,2026-01-04,4,FI,respicast,hubEnsemble,WIS,19.9799910994318,1.8617464571288163,15,4,0.8461158215609288
2025-12-17,ILI incidence,2026-01-04,4,FI,respicast,quantileBaseline,WIS,72.6167517391304,0.0,15,11,0.23665617186572158
2025-12-17,ILI incidence,2026-01-04,4,FI,safinea,PRFM,WIS,62.9661885141831,0.2057250571759192,15,10,0.34839611959346806
2025-12-17,ILI incidence,2026-01-04,4,FR,ECDC,SARIMA,WIS,32.1065962152,0.42483806005668373,15,5,0.9492703097880857
2025-12-17,ILI incidence,2026-01-04,4,FR,ECDC,soca_simplex,WIS,14.2875848719113,1.5929457172895347,15,1,1.0
2025-12-17,ILI incidence,2026-01-04,4,FR,ISI,FluABCaster,WIS,186.619316528554,-2.114318633059545,15,14,0.5093815704922977
2025-12-17,ILI incidence,2026-01-04,4,FR,ISI,FluBcast,WIS,120.412868545795,-1.482209890580676,15,13,0.6978674820555995
2025-12-17,ILI incidence,2026-01-04,4,FR,ISI,GLEAM,WIS,365.54167826087,-3.084256217636885,15,15,0.0
2025-12-17,ILI incidence,2026-01-04,4,FR,ISI,LSTFlu,WIS,115.904134543286,-1.4271523403715152,15,12,0.7107035858544419
2025-12-17,ILI incidence,2026-01-04,4,FR,ItaLuxColab,EpiEKF,WIS,63.9823932134716,-0.5699671706571556,15,10,0.8585217673562281
2025-12-17,ILI incidence,2026-01-04,4,FR,ItaLuxColab,EpiNetEKF,WIS,68.3189568435705,-0.664578161004272,15,11,0.8461758226064914
2025-12-17,ILI incidence,2026-01-04,4,FR,QMUL,ARIMA,WIS,41.2763790996348,0.06239136739680454,15,7,0.9231644705764677
2025-12-17,ILI incidence,2026-01-04,4,FR,QMUL,SEIR,WIS,20.2832129859695,1.087421583501249,15,2,0.9829307950372581
2025-12-17,ILI incidence,2026-01-04,4,FR,QMUL,SEIR_agumented,WIS,40.8228211738915,0.07833189848829661,15,6,0.9244557236444884
2025-12-17,ILI incidence,2026-01-04,4,FR,RIVM,KFdlm,WIS,48.021998157112,-0.15598764847677496,15,9,0.9039600849637781
2025-12-17,ILI incidence,2026-01-04,4,FR,respicast,hubEnsemble,WIS,26.8333893486259,0.6836784915655836,15,4,0.96428282342372
2025-12-17,ILI incidence,2026-01-04,4,FR,respicast,quantileBaseline,WIS,43.100595,0.0,15,8,0.9179710338743787
2025-12-17,ILI incidence,2026-01-04,4,FR,safinea,PRFM,WIS,23.4662668325058,0.8771194389977708,15,3,0.9738688256354906
2025-12-17,ILI incidence,2026-01-04,4,GB-NIR,ECDC,soca_simplex,WIS,13.1876166353503,-0.7537404054941089,6,5,0.4319477614885883
2025-12-17,ILI incidence,2026-01-04,4,GB-NIR,ItaLuxColab,EpiEKF,WIS,5.34796484999624,0.5483815596964603,6,1,1.0
2025-12-17,ILI incidence,2026-01-04,4,GB-NIR,RIVM,KFdlm,WIS,8.70425533075014,-0.154349334336341,6,4,0.7568070147900465
2025-12-17,ILI incidence,2026-01-04,4,GB-NIR,respicast,hubEnsemble,WIS,5.42482553029,0.5277948036258,6,2,0.9944307626550521
2025-12-17,ILI incidence,2026-01-04,4,GB-NIR,respicast,quantileBaseline,WIS,7.82110007050805,0.0,6,3,0.8207994389779266
2025-12-17,ILI incidence,2026-01-04,4,GB-NIR,safinea,PRFM,WIS,19.1488994363962,-1.2918180290742263,6,6,0.0
2025-12-17,ILI incidence,2026-01-04,4,GB-SCT,ECDC,soca_simplex,WIS,8.83376398625973,-1.765964134009965,6,6,0.0
2025-12-17,ILI incidence,2026-01-04,4,GB-SCT,ItaLuxColab,EpiEKF,WIS,2.54263945985021,0.030737248212533763,6,1,1.0
2025-12-17,ILI incidence,2026-01-04,4,GB-SCT,RIVM,KFdlm,WIS,6.86515160081767,-1.402227425208232,6,5,0.3129189983727104
2025-12-17,ILI incidence,2026-01-04,4,GB-SCT,respicast,hubEnsemble,WIS,2.76776985538637,-0.09165983143561224,6,3,0.9642146019219481
2025-12-17,ILI incidence,2026-01-04,4,GB-SCT,respicast,quantileBaseline,WIS,2.59739270428846,0.0,6,2,0.9912967476309837
2025-12-17,ILI incidence,2026-01-04,4,GB-SCT,safinea,PRFM,WIS,6.63396096506409,-1.3528063691170966,6,4,0.3496676964445837
2025-12-17,ILI incidence,2026-01-04,4,GB-WLS,ItaLuxColab,EpiEKF,WIS,5.69133628701175,0.430418367297195,5,2,0.9983186895031583
2025-12-17,ILI incidence,2026-01-04,4,GB-WLS,RIVM,KFdlm,WIS,6.76301831619267,0.1815185335769444,5,3,0.761143165547734
2025-12-17,ILI incidence,2026-01-04,4,GB-WLS,respicast,hubEnsemble,WIS,5.6837392541692,0.4323454232006611,5,1,1.0
2025-12-17,ILI incidence,2026-01-04,4,GB-WLS,respicast,quantileBaseline,WIS,7.66978318192281,0.0,5,4,0.5604657012645203
2025-12-17,ILI incidence,2026-01-04,4,GB-WLS,safinea,PRFM,WIS,10.2022579078155,-0.4116307772071578,5,5,0.0
2025-12-17,ILI incidence,2026-01-04,4,GR,ECDC,SARIMA,WIS,598.724595184477,-0.026962053303574464,19,10,0.4276454044900512
2025-12-17,ILI incidence,2026-01-04,4,GR,ECDC,soca_simplex,WIS,797.903655597015,-0.44128407294170946,19,15,0.21863485259803714
2025-12-17,ILI incidence,2026-01-04,4,GR,ISI,FluABCaster,WIS,542.704134484428,0.11476458344028664,19,7,0.4864310388027688
2025-12-17,ILI incidence,2026-01-04,4,GR,ISI,FluBcast,WIS,320.722996879307,0.8736026796471348,19,3,0.7193691799124197
2025-12-17,ILI incidence,2026-01-04,4,GR,ISI,GLEAM,WIS,499.370991304348,0.2348184661830873,19,6,0.5319031087709934
2025-12-17,ILI incidence,2026-01-04,4,GR,ISI,LSTFlu,WIS,759.492194739532,-0.37010465525400893,19,13,0.25894230568157245
2025-12-17,ILI incidence,2026-01-04,4,GR,ItaLuxColab,EpiEKF,WIS,360.603807507017,0.7045158532169523,19,4,0.6775198498576733
2025-12-17,ILI incidence,2026-01-04,4,GR,ItaLuxColab,EpiNetEKF,WIS,173.182798634836,1.762634841418622,19,2,0.8741919720144798
2025-12-17,ILI incidence,2026-01-04,4,GR,MRC_GIDA,NBEATS,WIS,880.88922275235,-0.5840301197113975,19,17,0.13155311240765857
2025-12-17,ILI incidence,2026-01-04,4,GR,MRC_GIDA,NHiTS,WIS,921.685738538384,-0.6493444446792054,19,18,0.08874287792794268
2025-12-17,ILI incidence,2026-01-04,4,GR,MRC_GIDA,Prophet,WIS,53.2925606555752,3.462924423084137,19,1,1.0
2025-12-17,ILI incidence,2026-01-04,4,GR,MRC_GIDA,TiDE,WIS,782.660335206715,-0.4134558486916086,19,14,0.23463058428210348
2025-12-17,ILI incidence,2026-01-04,4,GR,QMUL,ARIMA,WIS,738.589673289702,-0.3298426083616747,19,12,0.28087657696046553
2025-12-17,ILI incidence,2026-01-04,4,GR,QMUL,SEIR,WIS,1006.25430641205,-0.7759925693015156,19,19,0.0
2025-12-17,ILI incidence,2026-01-04,4,GR,QMUL,SEIR_agumented,WIS,853.695116355181,-0.538790443169712,19,16,0.1600895216793465
2025-12-17,ILI incidence,2026-01-04,4,GR,RIVM,KFdlm,WIS,595.538178199264,-0.019263514935507473,19,9,0.43098910322654516
2025-12-17,ILI incidence,2026-01-04,4,GR,respicast,hubEnsemble,WIS,643.260755991513,-0.130473192478128,19,11,0.3809109358659382
2025-12-17,ILI incidence,2026-01-04,4,GR,respicast,quantileBaseline,WIS,587.639136956522,0.0,19,8,0.4392780416628637
2025-12-17,ILI incidence,2026-01-04,4,GR,safinea,PRFM,WIS,443.116999852,0.4072428072492571,19,5,0.590933800929253
2025-12-17,ILI incidence,2026-01-04,4,HR,ECDC,SARIMA,WIS,5.83513182937001,0.34115919920835697,14,2,0.9947838482297688
2025-12-17,ILI incidence,2026-01-04,4,HR,ECDC,soca_simplex,WIS,26.5354556595331,-1.8439249680235676,14,10,0.9390934371789686
2025-12-17,ILI incidence,2026-01-04,4,HR,ISI,FluABCaster,WIS,88.6834580541011,-3.5846686721350776,14,12,0.7718956760359083
2025-12-17,ILI incidence,2026-01-04,4,HR,ISI,FluBcast,WIS,26.3640136429193,-1.8345736676644189,14,9,0.9395546703681175
2025-12-17,ILI incidence,2026-01-04,4,HR,ISI,LSTFlu,WIS,51.5434587575323,-2.8017929961413444,14,11,0.8718140079529435
2025-12-17,ILI incidence,2026-01-04,4,HR,ItaLuxColab,EpiEKF,WIS,21.6433089498593,-1.5499247287960807,14,7,0.9522548574261999
2025-12-17,ILI incidence,2026-01-04,4,HR,ItaLuxColab,EpiNetEKF,WIS,15.781881182549,-1.0942728287329042,14,5,0.9680239499478561
2025-12-17,ILI incidence,2026-01-04,4,HR,QMUL,ARIMA,WIS,3.89626966703891,0.9238309172867689,14,1,1.0
2025-12-17,ILI incidence,2026-01-04,4,HR,QMUL,SEIR,WIS,94.2119772351192,-3.671914127835396,14,13,0.7570222127887053
2025-12-17,ILI incidence,2026-01-04,4,HR,QMUL,SEIR_agumented,WIS,8.19168227948283,-0.14823531103028817,14,4,0.9884439830032402
2025-12-17,ILI incidence,2026-01-04,4,HR,RIVM,KFdlm,WIS,375.599825801334,-5.667128134274265,14,14,0.0
2025-12-17,ILI incidence,2026-01-04,4,HR,respicast,hubEnsemble,WIS,18.0586025945838,-1.2886899044388687,14,6,0.9618988500545093
2025-12-17,ILI incidence,2026-01-04,4,HR,respicast,quantileBaseline,WIS,7.39179347826087,0.0,14,3,0.9905959365910423
2025-12-17,ILI incidence,2026-01-04,4,HR,safinea,PRFM,WIS,25.6891953444352,-1.7971653473080689,14,8,0.9413701447894607
2025-12-17,ILI incidence,2026-01-04,4,HU,ECDC,SARIMA,WIS,98.5150830752296,-0.4873257162958956,15,3,0.9301809967301492
2025-12-17,ILI incidence,2026-01-04,4,HU,ECDC,soca_simplex,WIS,301.830769719234,-2.1026490739073838,15,11,0.4275097138758731
2025-12-17,ILI incidence,2026-01-04,4,HU,ISI,FluABCaster,WIS,347.873175109636,-2.307470622415988,15,12,0.31367592482931356
2025-12-17,ILI incidence,2026-01-04,4,HU,ISI,FluBcast,WIS,272.58377154595,-1.955608859902559,15,10,0.4998190685256358
2025-12-17,ILI incidence,2026-01-04,4,HU,ISI,GLEAM,WIS,474.74582173913,-2.756064490202512,15,15,0.0
2025-12-17,ILI incidence,2026-01-04,4,HU,ISI,LSTFlu,WIS,407.328745749563,-2.535102817906908,15,13,0.16667984961385277
2025-12-17,ILI incidence,2026-01-04,4,HU,ItaLuxColab,EpiEKF,WIS,111.076210290633,-0.6604590480943572,15,6,0.899125262489051
2025-12-17,ILI incidence,2026-01-04,4,HU,ItaLuxColab,EpiNetEKF,WIS,242.119854944701,-1.7846305788351877,15,9,0.5751370938658468
2025-12-17,ILI incidence,2026-01-04,4,HU,QMUL,ARIMA,WIS,86.9292876376631,-0.30682341427356913,15,2,0.9588253514851566
2025-12-17,ILI incidence,2026-01-04,4,HU,QMUL,SEIR,WIS,106.384955583031,-0.5982033337009445,15,4,0.9107237724761111
2025-12-17,ILI incidence,2026-01-04,4,HU,QMUL,SEIR_agumented,WIS,110.021669807316,-0.6466968911557476,15,5,0.9017324750771228
2025-12-17,ILI incidence,2026-01-04,4,HU,RIVM,KFdlm,WIS,134.718467735387,-0.9388568216462223,15,7,0.8406728918161754
2025-12-17,ILI incidence,2026-01-04,4,HU,respicast,hubEnsemble,WIS,237.204233463016,-1.7550389453734299,15,8,0.587290321179542
2025-12-17,ILI incidence,2026-01-04,4,HU,respicast,quantileBaseline,WIS,70.2753584782609,0.0,15,1,1.0
2025-12-17,ILI incidence,2026-01-04,4,HU,safinea,PRFM,WIS,442.965181568477,-2.6561024899508774,15,14,0.07857345111045995
2025-12-17,ILI incidence,2026-01-04,4,IE,ECDC,SARIMA,WIS,11.9590869684562,-1.1221311104978393,17,12,0.7877431466737423
2025-12-17,ILI incidence,2026-01-04,4,IE,ECDC,soca_simplex,WIS,5.47361485536704,0.005410309069648926,17,7,0.9196085593372288
2025-12-17,ILI incidence,2026-01-04,4,IE,ISI,FluABCaster,WIS,50.7022729702872,-3.206074285464079,17,17,0.0
2025-12-17,ILI incidence,2026-01-04,4,IE,ISI,LSTFlu,WIS,42.1208953374598,-2.938559964279239,17,16,0.17448026651601783
2025-12-17,ILI incidence,2026-01-04,4,IE,ItaLuxColab,EpiEKF,WIS,5.4079661005925,0.022818125532756615,17,6,0.9209433580979415
2025-12-17,ILI incidence,2026-01-04,4,IE,ItaLuxColab,EpiNetEKF,WIS,3.35164383262772,0.7130353866940508,17,3,0.9627533882246665
2025-12-17,ILI incidence,2026-01-04,4,IE,MRC_GIDA,NBEATS,WIS,15.912202635521,-1.5341574146700625,17,13,0.7073666961001698
2025-12-17,ILI incidence,2026-01-04,4,IE,MRC_GIDA,NHiTS,WIS,5.56914726585042,-0.019552208793148954,17,9,0.9176661532160608
2025-12-17,ILI incidence,2026-01-04,4,IE,MRC_GIDA,Prophet,WIS,1.74863191551565,1.6516775977593436,17,2,0.9953465170314117
2025-12-17,ILI incidence,2026-01-04,4,IE,MRC_GIDA,TiDE,WIS,7.28599784803936,-0.4072223352111118,17,10,0.8827584076342121
2025-12-17,ILI incidence,2026-01-04,4,IE,QMUL,ARIMA,WIS,4.05300313290337,0.4389129431972847,17,5,0.9484930488162884
2025-12-17,ILI incidence,2026-01-04,4,IE,QMUL,SEIR,WIS,17.6961546456342,-1.6874597594916392,17,14,0.6710946153813796
2025-12-17,ILI incidence,2026-01-04,4,IE,QMUL,SEIR_agumented,WIS,1.51976193807485,1.8540588822355615,17,1,1.0
2025-12-17,ILI incidence,2026-01-04,4,IE,RIVM,KFdlm,WIS,9.08923401526514,-0.7262544843166326,17,11,0.8460942331262301
2025-12-17,ILI incidence,2026-01-04,4,IE,respicast,hubEnsemble,WIS,3.71655553500134,0.5639380679697693,17,4,0.9553338463038683
2025-12-17,ILI incidence,2026-01-04,4,IE,respicast,quantileBaseline,WIS,5.49418021739131,0.0,17,8,0.9191904155378852
2025-12-17,ILI incidence,2026-01-04,4,IE,safinea,PRFM,WIS,18.4069136292292,-1.7442716048649434,17,15,0.6566431575627762
2025-12-17,ILI incidence,2026-01-04,4,IS,ISI,FluABCaster,WIS,42.0019129572097,-1.4788547051942285,8,7,0.8331253774219769
2025-12-17,ILI incidence,2026-01-04,4,IS,ISI,FluBcast,WIS,30.897366315555,-1.0358835373198212,8,6,0.8798255300883141
2025-12-17,ILI incidence,2026-01-04,4,IS,ItaLuxColab,EpiEKF,WIS,10.5156324837935,0.5190647045906752,8,2,0.9655408782482707
2025-12-17,ILI incidence,2026-01-04,4,IS,ItaLuxColab,EpiNetEKF,WIS,30.6142229988415,-1.0226017363273165,8,5,0.8810162888417936
2025-12-17,ILI incidence,2026-01-04,4,IS,RIVM,KFdlm,WIS,240.105753816755,-3.9939977400929885,8,8,0.0
2025-12-17,ILI incidence,2026-01-04,4,IS,respicast,hubEnsemble,WIS,29.9522592210098,-0.9910644947977661,8,4,0.8838001764224324
2025-12-17,ILI incidence,2026-01-04,4,IS,respicast,quantileBaseline,WIS,15.0691739130435,0.0,8,3,0.9463909672450801
2025-12-17,ILI incidence,2026-01-04,4,IS,safinea,PRFM,WIS,2.32180649233449,2.698280688098426,8,1,1.0
2025-12-17,ILI incidence,2026-01-04,4,LT,ECDC,SARIMA,WIS,28.2841655848913,0.9565381926024825,18,9,0.9926256853068585
2025-12-17,ILI incidence,2026-01-04,4,LT,ECDC,soca_simplex,WIS,73.4820096255171,-0.42085827952404253,18,15,0.9766821210574353
2025-12-17,ILI incidence,2026-01-04,4,LT,ISI,FluABCaster,WIS,34.1130257865381,0.6862100770306223,18,10,0.9905695516770703
2025-12-17,ILI incidence,2026-01-04,4,LT,ISI,FluBcast,WIS,22.9673566252207,1.2569479804425683,18,7,0.9945011925804847
2025-12-17,ILI incidence,2026-01-04,4,LT,ISI,LSTFlu,WIS,89.041480078417,-0.6979447707927802,18,16,0.9711935093300744
2025-12-17,ILI incidence,2026-01-04,4,LT,ItaLuxColab,EpiEKF,WIS,42.893002400327,0.35579049859823436,18,12,0.9874724101159693
2025-12-17,ILI incidence,2026-01-04,4,LT,ItaLuxColab,EpiNetEKF,WIS,25.938530063447,1.0814360786894637,18,8,0.9934531095222318
2025-12-17,ILI incidence,2026-01-04,4,LT,MRC_GIDA,NBEATS,WIS,14.7476789579405,1.8960448871907263,18,6,0.9974006883812145
2025-12-17,ILI incidence,2026-01-04,4,LT,MRC_GIDA,NHiTS,WIS,8.51638370183971,2.6882199467208405,18,3,0.9995987811969573
2025-12-17,ILI incidence,2026-01-04,4,LT,MRC_GIDA,Prophet,WIS,125.710292108261,-1.1954980622311544,18,17,0.9582585657955477
2025-12-17,ILI incidence,2026-01-04,4,LT,MRC_GIDA,TiDE,WIS,42.4971061163463,0.3691682002552737,18,11,0.9876120627470567
2025-12-17,ILI incidence,2026-01-04,4,LT,QMUL,ARIMA,WIS,7.37898276674184,2.8950389513854984,18,1,1.0
2025-12-17,ILI incidence,2026-01-04,4,LT,QMUL,SEIR,WIS,13.3756798348584,2.036920582993553,18,5,0.9978846618236058
2025-12-17,ILI incidence,2026-01-04,4,LT,QMUL,SEIR_agumented,WIS,7.6738162857055,2.838516671306047,18,2,0.9998959973146451
2025-12-17,ILI incidence,2026-01-04,4,LT,RIVM,KFdlm,WIS,2842.24346686483,-5.6943535279882465,18,18,0.0
2025-12-17,ILI incidence,2026-01-04,4,LT,respicast,hubEnsemble,WIS,11.8043749894357,2.2172111463783932,18,4,0.9984389404687534
2025-12-17,ILI incidence,2026-01-04,4,LT,respicast,quantileBaseline,WIS,54.8895991304348,0.0,18,13,0.983240604046437
2025-12-17,ILI incidence,2026-01-04,4,LT,safinea,PRFM,WIS,61.9281084101288,-0.17406157664166239,18,14,0.9807577660415955
2025-12-17,ILI incidence,2026-01-04,4,LU,ECDC,SARIMA,WIS,2183.10906557328,-0.26644852817560877,17,5,0.9993498501404873
2025-12-17,ILI incidence,2026-01-04,4,LU,ECDC,soca_simplex,WIS,2332.61403217184,-0.36201193108324387,17,6,0.9992857293259648
2025-12-17,ILI incidence,2026-01-04,4,LU,ISI,FluABCaster,WIS,3854.09302957553,-1.0864557163224946,17,11,0.9986331859703026
2025-12-17,ILI incidence,2026-01-04,4,LU,ISI,LSTFlu,WIS,11668.6665750325,-2.6846321235388944,17,16,0.9952816128936296
2025-12-17,ILI incidence,2026-01-04,4,LU,ItaLuxColab,EpiEKF,WIS,1667.8497539892,0.1219463479230057,17,3,0.9995708384293764
2025-12-17,ILI incidence,2026-01-04,4,LU,ItaLuxColab,EpiNetEKF,WIS,7089.90440663446,-1.9658304963922404,17,15,0.9972453868499208
2025-12-17,ILI incidence,2026-01-04,4,LU,MRC_GIDA,NBEATS,WIS,5432.41210882182,-1.5816572488748772,17,14,0.9979562646128375
2025-12-17,ILI incidence,2026-01-04,4,LU,MRC_GIDA,NHiTS,WIS,4595.74073590044,-1.3403617327784483,17,13,0.9983151025239779
2025-12-17,ILI incidence,2026-01-04,4,LU,MRC_GIDA,Prophet,WIS,667.210776470377,1.4437211835030122,17,1,1.0
2025-12-17,ILI incidence,2026-01-04,4,LU,MRC_GIDA,TiDE,WIS,2769.25777695529,-0.6095636742246046,17,7,0.9990984582726435
2025-12-17,ILI incidence,2026-01-04,4,LU,QMUL,ARIMA,WIS,3182.50961234389,-0.8102291922913709,17,9,0.9989212197173574
2025-12-17,ILI incidence,2026-01-04,4,LU,QMUL,SEIR,WIS,3111.1040121594,-0.7774909493525486,17,8,0.9989518446882159
2025-12-17,ILI incidence,2026-01-04,4,LU,QMUL,SEIR_agumented,WIS,3930.66136758875,-1.1148363994507555,17,12,0.9986003467656143
2025-12-17,ILI incidence,2026-01-04,4,LU,RIVM,KFdlm,WIS,2332280.86403275,-10.32759014035304,17,17,0.0
2025-12-17,ILI incidence,2026-01-04,4,LU,respicast,hubEnsemble,WIS,3339.20509666372,-0.8795690283036997,17,10,0.9988540149795135
2025-12-17,ILI incidence,2026-01-04,4,LU,respicast,quantileBaseline,WIS,1814.95739130435,0.0,17,4,0.9995077457994677
2025-12-17,ILI incidence,2026-01-04,4,LU,safinea,PRFM,WIS,1456.65792291975,0.31727356021141756,17,2,0.9996614159702888
2025-12-17,ILI incidence,2026-01-04,4,LV,ECDC,soca_simplex,WIS,76.0950440409435,0.5682201106137577,9,5,0.958910064360368
2025-12-17,ILI incidence,2026-01-04,4,LV,ISI,FluABCaster,WIS,58.4063821005153,0.9498965849076783,9,3,0.9785761339452806
2025-12-17,ILI incidence,2026-01-04,4,LV,ISI,FluBcast,WIS,140.248468356073,-0.31389050345190844,9,8,0.887584957297961
2025-12-17,ILI incidence,2026-01-04,4,LV,ItaLuxColab,EpiEKF,WIS,60.3655743102899,0.9022965726452667,9,4,0.9763979245104796
2025-12-17,ILI incidence,2026-01-04,4,LV,ItaLuxColab,EpiNetEKF,WIS,87.0895150410786,0.3735235677368113,9,6,0.9466865263411476
2025-12-17,ILI incidence,2026-01-04,4,LV,RIVM,KFdlm,WIS,938.587464629016,-3.0563966805852614,9,9,0.0
2025-12-17,ILI incidence,2026-01-04,4,LV,respicast,hubEnsemble,WIS,39.1366687262845,1.527501646335781,9,1,1.0
2025-12-17,ILI incidence,2026-01-04,4,LV,respicast,quantileBaseline,WIS,112.825604782609,0.0,9,7,0.9180734105834363
2025-12-17,ILI incidence,2026-01-04,4,LV,safinea,PRFM,WIS,40.7495246866026,1.4692393753221935,9,2,0.9982068435898159
2025-12-17,ILI incidence,2026-01-04,4,MT,ECDC,SARIMA,WIS,4644.98097807308,-0.7788619470094309,11,8,0.31520296225104477
2025-12-17,ILI incidence,2026-01-04,4,MT,ECDC,soca_simplex,WIS,3725.799555222,-0.46073931908021604,11,4,0.47294877459524604
2025-12-17,ILI incidence,2026-01-04,4,MT,ISI,FluABCaster,WIS,6018.60780609927,-1.152619067112008,11,10,0.07946725822356525
2025-12-17,ILI incidence,2026-01-04,4,MT,ISI,LSTFlu,WIS,654.683510468525,2.047941194250486,11,1,1.0
2025-12-17,ILI incidence,2026-01-04,4,MT,ItaLuxColab,EpiEKF,WIS,4726.1985261441,-0.8038694901059804,11,9,0.3012647692256372
2025-12-17,ILI incidence,2026-01-04,4,MT,ItaLuxColab,EpiNetEKF,WIS,3758.53274046443,-0.4733588296151147,11,6,0.4673312514727004
2025-12-17,ILI incidence,2026-01-04,4,MT,QMUL,ARIMA,WIS,6481.66179402148,-1.2595530028325612,11,11,0.0
2025-12-17,ILI incidence,2026-01-04,4,MT,RIVM,KFdlm,WIS,3437.51123834534,-0.3445536886252482,11,3,0.5224235285496881
2025-12-17,ILI incidence,2026-01-04,4,MT,respicast,hubEnsemble,WIS,3735.4636241227,-0.4644765715371764,11,5,0.4712902702332206
2025-12-17,ILI incidence,2026-01-04,4,MT,respicast,quantileBaseline,WIS,2707.21739130435,0.0,11,2,0.6477532983726331
2025-12-17,ILI incidence,2026-01-04,4,MT,safinea,PRFM,WIS,4442.9200841357,-0.7146974499334281,11,7,0.349879750820467
2025-12-17,ILI incidence,2026-01-04,4,NL,ECDC,SARIMA,WIS,4.1016896047086,0.04046717305531118,19,4,0.9020225568792628
2025-12-17,ILI incidence,2026-01-04,4,NL,ECDC,soca_simplex,WIS,4.46023468319512,-0.08043412903188069,19,6,0.8850496482228316
2025-12-17,ILI incidence,2026-01-04,4,NL,ISI,FluABCaster,WIS,2.87055885272931,0.5553538587676586,19,2,0.9603021737287615
2025-12-17,ILI incidence,2026-01-04,4,NL,ISI,FluBcast,WIS,17.2264543426007,-2.029868389338888,19,18,0.280718719789318
2025-12-17,ILI incidence,2026-01-04,4,NL,ISI,GLEAM,WIS,10.282347826087,-1.2854123225943943,19,15,0.6094408043395486
2025-12-17,ILI incidence,2026-01-04,4,NL,ISI,LSTFlu,WIS,23.1565113208641,-2.4566605201074085,19,19,0.0
2025-12-17,ILI incidence,2026-01-04,4,NL,ItaLuxColab,EpiEKF,WIS,5.33283326880355,-0.3382167297400948,19,9,0.8437423287923694
2025-12-17,ILI incidence,2026-01-04,4,NL,ItaLuxColab,EpiNetEKF,WIS,13.0549052439858,-1.6298345880263945,19,16,0.4781926946252886
2025-12-17,ILI incidence,2026-01-04,4,NL,MRC_GIDA,NBEATS,WIS,9.1541712864568,-1.117743793811664,19,13,0.6628467454733684
2025-12-17,ILI incidence,2026-01-04,4,NL,MRC_GIDA,NHiTS,WIS,6.64834928263684,-0.6563106855210685,19,11,0.7814680584743509
2025-12-17,ILI incidence,2026-01-04,4,NL,MRC_GIDA,Prophet,WIS,5.93297023001494,-0.4920690506948831,19,10,0.815332875043942
2025-12-17,ILI incidence,2026-01-04,4,NL,MRC_GIDA,TiDE,WIS,4.76289490410948,-0.17515322211412584,19,8,0.8707222328105244
2025-12-17,ILI incidence,2026-01-04,4,NL,QMUL,ARIMA,WIS,2.03196008782213,1.0538134284052816,19,1,1.0
2025-12-17,ILI incidence,2026-01-04,4,NL,QMUL,SEIR,WIS,14.8530726565153,-1.8160040141635327,19,17,0.3930705354517059
2025-12-17,ILI incidence,2026-01-04,4,NL,QMUL,SEIR_agumented,WIS,10.0715818505886,-1.2555328937681065,19,14,0.619418103888934
2025-12-17,ILI incidence,2026-01-04,4,NL,RIVM,KFdlm,WIS,4.75034399744692,-0.17134649729753235,19,7,0.871316371191222
2025-12-17,ILI incidence,2026-01-04,4,NL,respicast,hubEnsemble,WIS,3.73212245401741,0.17668917009997628,19,3,0.9195172315170431
2025-12-17,ILI incidence,2026-01-04,4,NL,respicast,quantileBaseline,WIS,4.21836956521739,0.0,19,5,0.8964991278027536
2025-12-17,ILI incidence,2026-01-04,4,NL,safinea,PRFM,WIS,8.31778883839851,-0.9795145670340317,19,12,0.7024396551087723
2025-12-17,ILI incidence,2026-01-04,4,NO,ECDC,SARIMA,WIS,6.86662326653316,0.14147684438824143,17,4,0.9797290116332771
2025-12-17,ILI incidence,2026-01-04,4,NO,ECDC,soca_simplex,WIS,11.596525259463,-0.614543023597471,17,8,0.9567501871593044
2025-12-17,ILI incidence,2026-01-04,4,NO,ISI,FluABCaster,WIS,71.7740009381064,-3.2443117812786917,17,15,0.6643957889131447
2025-12-17,ILI incidence,2026-01-04,4,NO,ISI,FluBcast,WIS,85.4756175724403,-3.496363378729619,17,16,0.5978305526522979
2025-12-17,ILI incidence,2026-01-04,4,NO,ISI,GLEAM,WIS,208.531517391304,-4.783043980908989,17,17,0.0
2025-12-17,ILI incidence,2026-01-04,4,NO,ISI,LSTFlu,WIS,63.1582406354057,-3.059821420764766,17,14,0.7062529022320927
2025-12-17,ILI incidence,2026-01-04,4,NO,ItaLuxColab,EpiEKF,WIS,15.013050820207,-0.9870676159281373,17,9,0.9401520121255447
2025-12-17,ILI incidence,2026-01-04,4,NO,ItaLuxColab,EpiNetEKF,WIS,24.0212145309999,-1.6651595340278198,17,12,0.896388523357165
2025-12-17,ILI incidence,2026-01-04,4,NO,MRC_GIDA,NBEATS,WIS,6.32501559807768,0.2600086198814451,17,3,0.9823602516813372
2025-12-17,ILI incidence,2026-01-04,4,NO,MRC_GIDA,NHiTS,WIS,2.75929181555284,1.4567796170640153,17,2,0.9996832619770654
2025-12-17,ILI incidence,2026-01-04,4,NO,MRC_GIDA,Prophet,WIS,20.2934367447068,-1.4218636472042194,17,10,0.9144988249146279
2025-12-17,ILI incidence,2026-01-04,4,NO,MRC_GIDA,TiDE,WIS,2.69409527742652,1.4912767845005586,17,1,1.0
2025-12-17,ILI incidence,2026-01-04,4,NO,QMUL,ARIMA,WIS,8.13798559161211,-0.10359406859420561,17,6,0.9735524752580034
2025-12-17,ILI incidence,2026-01-04,4,NO,RIVM,KFdlm,WIS,53.0964787466758,-2.809466624897887,17,13,0.7551349849233701
2025-12-17,ILI incidence,2026-01-04,4,NO,respicast,hubEnsemble,WIS,9.99122842210141,-0.3995844108469838,17,7,0.9645490452137618
2025-12-17,ILI incidence,2026-01-04,4,NO,respicast,quantileBaseline,WIS,7.57411673913043,0.0,17,5,0.9762918646590701
2025-12-17,ILI incidence,2026-01-04,4,NO,safinea,PRFM,WIS,23.6666282939319,-1.6437046221070397,17,11,0.8981111753094997
2025-12-17,ILI incidence,2026-01-04,4,PL,ECDC,SARIMA,WIS,27.6413857490764,-0.029832512082129968,19,9,0.9315903698921265
2025-12-17,ILI incidence,2026-01-04,4,PL,ECDC,soca_simplex,WIS,20.412099536222,0.4075728503538261,19,6,0.9559749580599317
2025-12-17,ILI incidence,2026-01-04,4,PL,ISI,FluABCaster,WIS,42.3568370314719,-0.6455974287939791,19,13,0.8819547338612028
2025-12-17,ILI incidence,2026-01-04,4,PL,ISI,FluBcast,WIS,113.163300943093,-2.063336828105343,19,16,0.6431225156771453
2025-12-17,ILI incidence,2026-01-04,4,PL,ISI,GLEAM,WIS,120.740369565217,-2.1568387847258976,19,18,0.6175648475437182
2025-12-17,ILI incidence,2026-01-04,4,PL,ISI,LSTFlu,WIS,303.829499763686,-3.488192615066894,19,19,0.0
2025-12-17,ILI incidence,2026-01-04,4,PL,ItaLuxColab,EpiEKF,WIS,54.0171193128316,-0.9964192719256942,19,14,0.8426242698320235
2025-12-17,ILI incidence,2026-01-04,4,PL,ItaLuxColab,EpiNetEKF,WIS,119.60551799402,-2.143214612345994,19,17,0.6213927341953797
2025-12-17,ILI incidence,2026-01-04,4,PL,MRC_GIDA,NBEATS,WIS,9.86386403170132,1.4567726140890298,19,2,0.9915544566579266
2025-12-17,ILI incidence,2026-01-04,4,PL,MRC_GIDA,NHiTS,WIS,34.2320494718912,-0.33835023677773324,19,11,0.9093598735607495
2025-12-17,ILI incidence,2026-01-04,4,PL,MRC_GIDA,Prophet,WIS,95.3762203616994,-1.8166321794261677,19,15,0.7031188447633602
2025-12-17,ILI incidence,2026-01-04,4,PL,MRC_GIDA,TiDE,WIS,17.8102967506523,0.6042858778103857,19,4,0.9647509129124531
2025-12-17,ILI incidence,2026-01-04,4,PL,QMUL,ARIMA,WIS,16.1782227082615,0.7429443060104474,19,3,0.9702559451122159
2025-12-17,ILI incidence,2026-01-04,4,PL,QMUL,SEIR,WIS,18.7759849283705,0.5281088433578189,19,5,0.9614936192020026
2025-12-17,ILI incidence,2026-01-04,4,PL,QMUL,SEIR_agumented,WIS,7.36001817534497,1.8792161981778253,19,1,1.0
2025-12-17,ILI incidence,2026-01-04,4,PL,RIVM,KFdlm,WIS,37.9047069099465,-0.4853795774461383,19,12,0.8969718954849661
2025-12-17,ILI incidence,2026-01-04,4,PL,respicast,hubEnsemble,WIS,22.3621153739301,0.2759407639842455,19,7,0.9493974991347807
2025-12-17,ILI incidence,2026-01-04,4,PL,respicast,quantileBaseline,WIS,27.0756773913043,0.0,19,8,0.9334985202850146
2025-12-17,ILI incidence,2026-01-04,4,PL,safinea,PRFM,WIS,31.0687399903799,-0.19846630109597121,19,10,0.9200298064812101
2025-12-17,ILI incidence,2026-01-04,4,RO,ECDC,SARIMA,WIS,12.7580851155854,-0.23205274430077302,14,11,0.3377264535163339
2025-12-17,ILI incidence,2026-01-04,4,RO,ECDC,soca_simplex,WIS,5.13545761849566,1.0807943189633145,14,4,0.7831552136394614
2025-12-17,ILI incidence,2026-01-04,4,RO,ISI,FluABCaster,WIS,4.21988220758475,1.3640844306151518,14,3,0.8366569255146611
2025-12-17,ILI incidence,2026-01-04,4,RO,ISI,FluBcast,WIS,9.89782552238607,0.13417554840722734,14,9,0.5048659188405253
2025-12-17,ILI incidence,2026-01-04,4,RO,ISI,LSTFlu,WIS,5.83407626550048,0.8967829133147893,14,6,0.7423313851297957
2025-12-17,ILI incidence,2026-01-04,4,RO,ItaLuxColab,EpiEKF,WIS,5.76846762306552,0.9130990372384243,14,5,0.74616523064623
2025-12-17,ILI incidence,2026-01-04,4,RO,ItaLuxColab,EpiNetEKF,WIS,2.18976714472216,2.3105096943944035,14,2,0.955286838324045
2025-12-17,ILI incidence,2026-01-04,4,RO,QMUL,ARIMA,WIS,16.2203539144657,-0.5784462339861363,14,13,0.1354085390062729
2025-12-17,ILI incidence,2026-01-04,4,RO,QMUL,SEIR,WIS,1.42459029449197,2.9307400926100264,14,1,1.0
2025-12-17,ILI incidence,2026-01-04,4,RO,QMUL,SEIR_agumented,WIS,18.5376018004905,-0.771095551055188,14,14,0.0
2025-12-17,ILI incidence,2026-01-04,4,RO,RIVM,KFdlm,WIS,9.6002255809808,0.17821885328020473,14,8,0.5222561918091934
2025-12-17,ILI incidence,2026-01-04,4,RO,respicast,hubEnsemble,WIS,6.43796904895368,0.754681518229408,14,7,0.7070428689477363
2025-12-17,ILI incidence,2026-01-04,4,RO,respicast,quantileBaseline,WIS,10.8625217391304,0.0,14,10,0.4484938293105101
2025-12-17,ILI incidence,2026-01-04,4,RO,safinea,PRFM,WIS,15.5336207854005,-0.5160350873978171,14,12,0.17553783646069723
2025-12-17,ILI incidence,2026-01-04,4,SI,ECDC,SARIMA,WIS,696.855783597362,-1.533803657982789,16,14,0.8801021758789216
2025-12-17,ILI incidence,2026-01-04,4,SI,ECDC,soca_simplex,WIS,150.761552328721,0.6747879038994816,16,7,0.9778009350674552
2025-12-17,ILI incidence,2026-01-04,4,SI,ISI,FluABCaster,WIS,79.3601374139249,1.6005700300193628,16,3,0.990574975227659
2025-12-17,ILI incidence,2026-01-04,4,SI,ISI,FluBcast,WIS,128.489207458363,0.9054092745986784,16,6,0.9817855595763024
2025-12-17,ILI incidence,2026-01-04,4,SI,ISI,LSTFlu,WIS,507.294061346983,-1.075765812696512,16,13,0.9140156362179542
2025-12-17,ILI incidence,2026-01-04,4,SI,ItaLuxColab,EpiEKF,WIS,99.913137879839,1.2683101589930579,16,5,0.9868979493076885
2025-12-17,ILI incidence,2026-01-04,4,SI,ItaLuxColab,EpiNetEKF,WIS,68.3733693631264,1.8155500323330909,16,2,0.9925405583534167
2025-12-17,ILI incidence,2026-01-04,4,SI,MRC_GIDA,NBEATS,WIS,374.670194562281,-0.6385647552906057,16,11,0.9377426534280604
2025-12-17,ILI incidence,2026-01-04,4,SI,MRC_GIDA,NHiTS,WIS,263.107166177773,-0.12859408440936126,16,10,0.9577017901857597
2025-12-17,ILI incidence,2026-01-04,4,SI,MRC_GIDA,Prophet,WIS,87.5425292832524,1.459000486808015,16,4,0.9891111078453384
2025-12-17,ILI incidence,2026-01-04,4,SI,MRC_GIDA,TiDE,WIS,415.854617062933,-0.789022790838664,16,12,0.9303745716102712
2025-12-17,ILI incidence,2026-01-04,4,SI,QMUL,ARIMA,WIS,790.332756308949,-1.7154037447514192,16,15,0.8633787173186539
2025-12-17,ILI incidence,2026-01-04,4,SI,RIVM,KFdlm,WIS,5616.25010514639,-4.544478819726954,16,16,0.0
2025-12-17,ILI incidence,2026-01-04,4,SI,respicast,hubEnsemble,WIS,167.721141026174,0.5209919087687042,16,8,0.974766786971366
2025-12-17,ILI incidence,2026-01-04,4,SI,respicast,quantileBaseline,WIS,240.670023478261,0.0,16,9,0.9617158977810477
2025-12-17,ILI incidence,2026-01-04,4,SI,safinea,PRFM,WIS,26.6782845379115,3.1733186522094967,16,1,1.0
2025-12-24,ILI incidence,2025-12-21,1,AT,ECDC,soca_simplex,WIS,1616.7919952787,-0.42194553750284014,11,10,0.3201587756479158
2025-12-24,ILI incidence,2025-12-21,1,AT,ISI,FluABCaster,WIS,1558.59174536696,-0.36905453407864336,11,8,0.35218179238448044
2025-12-24,ILI incidence,2025-12-21,1,AT,ISI,FluBcast,WIS,381.214176889838,1.6625148691507208,11,1,1.0
2025-12-24,ILI incidence,2025-12-21,1,AT,ISI,GLEAM,WIS,2198.66474347826,-0.8654390895425514,11,11,0.0
2025-12-24,ILI incidence,2025-12-21,1,AT,ISI,RespiVAR,WIS,1568.97101019131,-0.3786301493630023,11,9,0.34647089987650254
2025-12-24,ILI incidence,2025-12-21,1,AT,ItaLuxColab,EpiEKF,WIS,1166.13305101362,0.0494561430406064,11,5,0.5681209224869477
2025-12-24,ILI incidence,2025-12-21,1,AT,ItaLuxColab,EpiNetEKF,WIS,670.927942599971,0.8469588116042794,11,3,0.8405933173445475
2025-12-24,ILI incidence,2025-12-21,1,AT,RIVM,KFdlm,WIS,1290.84861536148,-0.09713127151797239,11,7,0.4994997634630924
2025-12-24,ILI incidence,2025-12-21,1,AT,respicast,hubEnsemble,WIS,1157.37008785122,0.06033828322569426,11,4,0.5729424914052424
2025-12-24,ILI incidence,2025-12-21,1,AT,respicast,quantileBaseline,WIS,1206.80162695652,0.0,11,6,0.5457442060631056
2025-12-24,ILI incidence,2025-12-21,1,AT,safinea,PRFM,WIS,617.216853027035,0.9673391864139245,11,2,0.8701463024767694
2025-12-24,ILI incidence,2025-12-21,1,BE,ECDC,SARIMA,WIS,46.0119408203674,-0.343665714852317,15,4,0.7478711587260625
2025-12-24,ILI incidence,2025-12-21,1,BE,ECDC,soca_simplex,WIS,13.2205387390525,1.4555616288045246,15,1,1.0
2025-12-24,ILI incidence,2025-12-21,1,BE,ISI,FluABCaster,WIS,80.6695664964704,-1.153681906272918,15,9,0.48139316606953975
2025-12-24,ILI incidence,2025-12-21,1,BE,ISI,FluBcast,WIS,81.0938903911984,-1.1612506290796176,15,10,0.4781305946297056
2025-12-24,ILI incidence,2025-12-21,1,BE,ISI,GLEAM,WIS,102.637060869565,-1.5011372608852331,15,13,0.31248794852972317
2025-12-24,ILI incidence,2025-12-21,1,BE,ISI,RespiVAR,WIS,143.278654723043,-1.9824091946847495,15,15,0.0
2025-12-24,ILI incidence,2025-12-21,1,BE,ItaLuxColab,EpiEKF,WIS,55.8058970146596,-0.6220749829374752,15,6,0.6725666987145259
2025-12-24,ILI incidence,2025-12-21,1,BE,ItaLuxColab,EpiNetEKF,WIS,111.916528164332,-1.626008611512355,15,14,0.24113932699572183
2025-12-24,ILI incidence,2025-12-21,1,BE,QMUL,ARIMA,WIS,76.3754471669359,-1.074766324821999,15,7,0.5144100931336153
2025-12-24,ILI incidence,2025-12-21,1,BE,QMUL,SEIR,WIS,90.8913584404568,-1.325800538798393,15,12,0.4027991324204236
2025-12-24,ILI incidence,2025-12-21,1,BE,QMUL,SEIR_agumented,WIS,83.977975187243,-1.211668406532072,15,11,0.45595524037192425
2025-12-24,ILI incidence,2025-12-21,1,BE,RIVM,KFdlm,WIS,23.8132946897666,0.6065753583263528,15,2,0.9185536721751528
2025-12-24,ILI incidence,2025-12-21,1,BE,respicast,hubEnsemble,WIS,78.8728763741111,-1.1211866596353623,15,8,0.4952076835932324
2025-12-24,ILI incidence,2025-12-21,1,BE,respicast,quantileBaseline,WIS,36.2590869565217,0.0,15,3,0.8228595882451109
2025-12-24,ILI incidence,2025-12-21,1,BE,safinea,PRFM,WIS,54.8338744972002,-0.5967248194743097,15,5,0.6800404538900895
2025-12-24,ILI incidence,2025-12-21,1,CH,ItaLuxColab,EpiEKF,WIS,83.4777342917582,0.4713129444427624,4,3,0.35949033094266536
2025-12-24,ILI incidence,2025-12-21,1,CH,ItaLuxColab,EpiNetEKF,WIS,31.7620174886727,1.8654018348055885,4,2,0.9359050465899995
2025-12-24,ILI incidence,2025-12-21,1,CH,respicast,hubEnsemble,WIS,26.0114417849695,2.1535580201497133,4,1,1.0
2025-12-24,ILI incidence,2025-12-21,1,CH,respicast,quantileBaseline,WIS,115.731074888033,0.0,4,4,0.0
2025-12-24,ILI incidence,2025-12-21,1,CZ,ECDC,SARIMA,WIS,3.23843817051818,2.038442819858182,15,2,0.9764713385077973
2025-12-24,ILI incidence,2025-12-21,1,CZ,ECDC,soca_simplex,WIS,14.0041329212983,-0.07403973555632636,15,13,0.32398935456928435
2025-12-24,ILI incidence,2025-12-21,1,CZ,ISI,FluABCaster,WIS,19.3498291698615,-0.5405079047419448,15,15,0.0
2025-12-24,ILI incidence,2025-12-21,1,CZ,ISI,FluBcast,WIS,2.850224558871,2.222665431252529,15,1,1.0
2025-12-24,ILI incidence,2025-12-21,1,CZ,ISI,GLEAM,WIS,17.6280434782609,-0.40605943519462123,15,14,0.10435314858719147
2025-12-24,ILI incidence,2025-12-21,1,CZ,ISI,RespiVAR,WIS,5.10754031144352,1.3811123342000124,15,7,0.8631897063115738
2025-12-24,ILI incidence,2025-12-21,1,CZ,ItaLuxColab,EpiEKF,WIS,6.08794107923806,1.1277866236142555,15,8,0.8037700540890297
2025-12-24,ILI incidence,2025-12-21,1,CZ,ItaLuxColab,EpiNetEKF,WIS,4.649855466804,1.5165551466371174,15,4,0.8909288464564626
2025-12-24,ILI incidence,2025-12-21,1,CZ,QMUL,ARIMA,WIS,4.1382162071768,1.6847319968393628,15,3,0.9219380295060003
2025-12-24,ILI incidence,2025-12-21,1,CZ,QMUL,SEIR,WIS,4.83594091264209,1.4599444024251318,15,5,0.8796506703894957
2025-12-24,ILI incidence,2025-12-21,1,CZ,QMUL,SEIR_agumented,WIS,8.7963021997171,0.5968438504410742,15,9,0.6396230224277387
2025-12-24,ILI incidence,2025-12-21,1,CZ,RIVM,KFdlm,WIS,9.9369021253392,0.42094486461773595,15,11,0.5704940976738487
2025-12-24,ILI incidence,2025-12-21,1,CZ,respicast,hubEnsemble,WIS,5.01171092040112,1.4084378184996424,15,6,0.8689976873694089
2025-12-24,ILI incidence,2025-12-21,1,CZ,respicast,quantileBaseline,WIS,13.3035652173913,0.0,15,12,0.3664490207506392
2025-12-24,ILI incidence,2025-12-21,1,CZ,safinea,PRFM,WIS,9.06479429931839,0.5534667373974427,15,10,0.6233503840263043
2025-12-24,ILI incidence,2025-12-21,1,ES,ECDC,SARIMA,WIS,5.72380251953763,0.5593398051826436,13,4,0.9472414448846811
2025-12-24,ILI incidence,2025-12-21,1,ES,ECDC,soca_simplex,WIS,3.04749191448224,1.4686913096554233,13,1,1.0
2025-12-24,ILI incidence,2025-12-21,1,ES,ISI,FluABCaster,WIS,15.4705288441337,-0.8751369067759008,13,10,0.7551026112908545
2025-12-24,ILI incidence,2025-12-21,1,ES,ISI,GLEAM,WIS,49.8063347826087,-2.561943639978662,13,12,0.0782351704892909
2025-12-24,ILI incidence,2025-12-21,1,ES,ItaLuxColab,EpiEKF,WIS,8.86008172911696,-0.0710063040778998,13,7,0.885415452332447
2025-12-24,ILI incidence,2025-12-21,1,ES,ItaLuxColab,EpiNetEKF,WIS,6.91937364924708,0.28567225365869603,13,5,0.9236729527889161
2025-12-24,ILI incidence,2025-12-21,1,ES,QMUL,ARIMA,WIS,3.9524315931378,1.0935732094893902,13,2,0.9821607739317685
2025-12-24,ILI incidence,2025-12-21,1,ES,QMUL,SEIR,WIS,9.02426856293723,-0.09749630030361615,13,8,0.8821788100290634
2025-12-24,ILI incidence,2025-12-21,1,ES,QMUL,SEIR_agumented,WIS,12.878078324867,-0.6105317217291433,13,9,0.806208018617684
2025-12-24,ILI incidence,2025-12-21,1,ES,RIVM,KFdlm,WIS,41.8213590729741,-2.309854338195579,13,11,0.2356443218319919
2025-12-24,ILI incidence,2025-12-21,1,ES,respicast,hubEnsemble,WIS,4.61610286505571,0.8696383294875935,13,3,0.9690777120062227
2025-12-24,ILI incidence,2025-12-21,1,ES,respicast,quantileBaseline,WIS,8.43456521739129,0.0,13,6,0.8938037299463947
2025-12-24,ILI incidence,2025-12-21,1,ES,safinea,PRFM,WIS,53.7750108771519,-2.6725503035627476,13,13,0.0
2025-12-24,ILI incidence,2025-12-21,1,FI,ECDC,SARIMA,WIS,10.4751276785451,1.0730482431433856,15,8,0.6084855502769051
2025-12-24,ILI incidence,2025-12-21,1,FI,ECDC,soca_simplex,WIS,6.74146477019598,1.708882075711255,15,4,0.804960226046028
2025-12-24,ILI incidence,2025-12-21,1,FI,ISI,FluABCaster,WIS,12.2355746424536,0.8489342127746822,15,9,0.5158464302135475
2025-12-24,ILI incidence,2025-12-21,1,FI,ISI,FluBcast,WIS,10.043777684046,1.1337140713403062,15,7,0.6311842652901725
2025-12-24,ILI incidence,2025-12-21,1,FI,ISI,GLEAM,WIS,8.59836956521739,1.3578810467782232,15,6,0.7072452537810903
2025-12-24,ILI incidence,2025-12-21,1,FI,ISI,RespiVAR,WIS,12.4408268261398,0.8249337006148165,15,10,0.5050455472119051
2025-12-24,ILI incidence,2025-12-21,1,FI,ItaLuxColab,EpiEKF,WIS,7.87627165144566,1.4844312962522788,15,5,0.7452438511275743
2025-12-24,ILI incidence,2025-12-21,1,FI,ItaLuxColab,EpiNetEKF,WIS,5.5852755478547,1.980315709307331,15,2,0.8658017932049924
2025-12-24,ILI incidence,2025-12-21,1,FI,QMUL,ARIMA,WIS,15.2291939094274,0.5331764906884249,15,13,0.3583147008387222
2025-12-24,ILI incidence,2025-12-21,1,FI,QMUL,SEIR,WIS,3.03506970012362,2.8602145184554684,15,1,1.0
2025-12-24,ILI incidence,2025-12-21,1,FI,QMUL,SEIR_agumented,WIS,20.5267924181996,0.10250786685340996,15,14,0.07954182419833267
2025-12-24,ILI incidence,2025-12-21,1,FI,RIVM,KFdlm,WIS,13.6969685172949,0.6861594478865021,15,12,0.43894423127952986
2025-12-24,ILI incidence,2025-12-21,1,FI,respicast,hubEnsemble,WIS,6.68306832750164,1.7214335423528806,15,3,0.8080331928419281
2025-12-24,ILI incidence,2025-12-21,1,FI,respicast,quantileBaseline,WIS,22.038347826087,0.0,15,15,0.0
2025-12-24,ILI incidence,2025-12-21,1,FI,safinea,PRFM,WIS,12.5037095599334,0.8176598993323966,15,11,0.5017365005633857
2025-12-24,ILI incidence,2025-12-21,1,FR,ECDC,SARIMA,WIS,11.8205416690277,1.5729100672244054,15,7,0.8762017739805129
2025-12-24,ILI incidence,2025-12-21,1,FR,ECDC,soca_simplex,WIS,15.5555787420456,1.1767741438273023,15,9,0.8072406836954913
2025-12-24,ILI incidence,2025-12-21,1,FR,ISI,FluABCaster,WIS,7.36750367851853,2.254958434079785,15,3,0.9584195268174368
2025-12-24,ILI incidence,2025-12-21,1,FR,ISI,FluBcast,WIS,9.9524219658715,1.8210866551551812,15,5,0.9106934186400102
2025-12-24,ILI incidence,2025-12-21,1,FR,ISI,GLEAM,WIS,59.2769565217391,-0.7532651618663139,15,15,0.0
2025-12-24,ILI incidence,2025-12-21,1,FR,ISI,RespiVAR,WIS,16.0591237662494,1.1308130376117322,15,10,0.7979435835067016
2025-12-24,ILI incidence,2025-12-21,1,FR,ItaLuxColab,EpiEKF,WIS,17.4537045814842,1.0106729312035025,15,11,0.772195026898277
2025-12-24,ILI incidence,2025-12-21,1,FR,ItaLuxColab,EpiNetEKF,WIS,14.5775848591154,1.2704544938549773,15,8,0.8252976729945171
2025-12-24,ILI incidence,2025-12-21,1,FR,QMUL,ARIMA,WIS,5.19241393399223,2.759728911639525,15,2,0.9985788498222566
2025-12-24,ILI incidence,2025-12-21,1,FR,QMUL,SEIR,WIS,5.11544228841269,2.781275326924316,15,1,1.0
2025-12-24,ILI incidence,2025-12-21,1,FR,QMUL,SEIR_agumented,WIS,19.4482274433662,0.8545675442392175,15,12,0.7353695634651527
2025-12-24,ILI incidence,2025-12-21,1,FR,RIVM,KFdlm,WIS,38.4524914603756,-0.12887086319449886,15,14,0.3844882359021988
2025-12-24,ILI incidence,2025-12-21,1,FR,respicast,hubEnsemble,WIS,8.39229014632548,2.0670697527342234,15,4,0.9394985922329236
2025-12-24,ILI incidence,2025-12-21,1,FR,respicast,quantileBaseline,WIS,35.1666086956522,0.0,15,13,0.44515645781652524
2025-12-24,ILI incidence,2025-12-21,1,FR,safinea,PRFM,WIS,10.7891606709164,1.7046235783061048,15,6,0.8952444653216031
2025-12-24,ILI incidence,2025-12-21,1,GB-NIR,ECDC,soca_simplex,WIS,16.6195324612835,-1.857213764101128,8,7,0.04228159731745919
2025-12-24,ILI incidence,2025-12-21,1,GB-NIR,ISI,FluABCaster,WIS,4.1389405671037,0.1483325953250846,8,3,0.8423068646274604
2025-12-24,ILI incidence,2025-12-21,1,GB-NIR,ISI,FluBcast,WIS,1.67888868184781,1.4500875517053404,8,1,1.0
2025-12-24,ILI incidence,2025-12-21,1,GB-NIR,ItaLuxColab,EpiEKF,WIS,4.50584851292851,0.025795316900460146,8,4,0.8187874971226593
2025-12-24,ILI incidence,2025-12-21,1,GB-NIR,RIVM,KFdlm,WIS,6.75503254028664,-0.5583685915667274,8,6,0.6746113179820122
2025-12-24,ILI incidence,2025-12-21,1,GB-NIR,respicast,hubEnsemble,WIS,3.61781485943115,0.3424755473687888,8,2,0.8757118294815126
2025-12-24,ILI incidence,2025-12-21,1,GB-NIR,respicast,quantileBaseline,WIS,4.58713741960035,0.0,8,5,0.8135767523245857
2025-12-24,ILI incidence,2025-12-21,1,GB-NIR,safinea,PRFM,WIS,17.2791358292216,-1.9133650338348507,8,8,0.0
2025-12-24,ILI incidence,2025-12-21,1,GB-SCT,ECDC,SARIMA,WIS,1.07566768822573,1.6895103674480145,9,2,0.9884018160891382
2025-12-24,ILI incidence,2025-12-21,1,GB-SCT,ECDC,soca_simplex,WIS,5.73333070277003,-0.7246306824808336,9,7,0.7360814587880604
2025-12-24,ILI incidence,2025-12-21,1,GB-SCT,ISI,FluABCaster,WIS,5.76592942557818,-0.7328103638158535,9,8,0.7343154827264977
2025-12-24,ILI incidence,2025-12-21,1,GB-SCT,ItaLuxColab,EpiEKF,WIS,2.60268573334242,0.41474169360675883,9,4,0.9056784121962669
2025-12-24,ILI incidence,2025-12-21,1,GB-SCT,QMUL,ARIMA,WIS,0.86157306337925,2.009697764064986,9,1,1.0
2025-12-24,ILI incidence,2025-12-21,1,GB-SCT,RIVM,KFdlm,WIS,4.56233145368188,-0.39502844767123885,9,6,0.7995181969132903
2025-12-24,ILI incidence,2025-12-21,1,GB-SCT,respicast,hubEnsemble,WIS,1.90478836983672,0.8651120976651873,9,3,0.9434857227658289
2025-12-24,ILI incidence,2025-12-21,1,GB-SCT,respicast,quantileBaseline,WIS,3.46953618868957,0.0,9,5,0.8587183775315017
2025-12-24,ILI incidence,2025-12-21,1,GB-SCT,safinea,PRFM,WIS,19.320896220514,-2.477347296895101,9,9,0.0
2025-12-24,ILI incidence,2025-12-21,1,GB-WLS,ItaLuxColab,EpiEKF,WIS,5.76616025199918,0.4895380817966733,4,1,1.0
2025-12-24,ILI incidence,2025-12-21,1,GB-WLS,respicast,hubEnsemble,WIS,6.37548274364301,0.3446144290994659,4,2,0.7384322394845267
2025-12-24,ILI incidence,2025-12-21,1,GB-WLS,respicast,quantileBaseline,WIS,8.09566175647754,0.0,4,4,0.0
2025-12-24,ILI incidence,2025-12-21,1,GB-WLS,safinea,PRFM,WIS,7.26241412399057,0.15669981513143538,4,3,0.35769353695848194
2025-12-24,ILI incidence,2025-12-21,1,GR,ECDC,SARIMA,WIS,89.4657760642056,0.16184240268071234,15,10,0.5454746543561809
2025-12-24,ILI incidence,2025-12-21,1,GR,ECDC,soca_simplex,WIS,37.5033186466546,1.4161600424058287,15,2,0.8507394110197849
2025-12-24,ILI incidence,2025-12-21,1,GR,ISI,FluABCaster,WIS,73.5271915389797,0.4449004264240046,15,9,0.639109335402116
2025-12-24,ILI incidence,2025-12-21,1,GR,ISI,FluBcast,WIS,43.8577167935563,1.1903475987730023,15,4,0.8134091171795552
2025-12-24,ILI incidence,2025-12-21,1,GR,ISI,GLEAM,WIS,12.0960391304348,3.0486435951328876,15,1,1.0
2025-12-24,ILI incidence,2025-12-21,1,GR,ISI,RespiVAR,WIS,65.6314396099769,0.608791228280646,15,7,0.6854946472420659
2025-12-24,ILI incidence,2025-12-21,1,GR,ItaLuxColab,EpiEKF,WIS,66.3657312615984,0.5927398258862653,15,8,0.6811808912441318
2025-12-24,ILI incidence,2025-12-21,1,GR,ItaLuxColab,EpiNetEKF,WIS,43.4919261060424,1.202430704741334,15,3,0.8155580341238879
2025-12-24,ILI incidence,2025-12-21,1,GR,QMUL,ARIMA,WIS,121.126873805735,-0.27526877197052585,15,12,0.35947465015880303
2025-12-24,ILI incidence,2025-12-21,1,GR,QMUL,SEIR,WIS,182.316990888756,-0.8651988064604322,15,15,0.0
2025-12-24,ILI incidence,2025-12-21,1,GR,QMUL,SEIR_agumented,WIS,156.572848497229,-0.6455838426683159,15,14,0.1512395632006477
2025-12-24,ILI incidence,2025-12-21,1,GR,RIVM,KFdlm,WIS,141.310531054024,-0.4976187733563572,15,13,0.24090136620169267
2025-12-24,ILI incidence,2025-12-21,1,GR,respicast,hubEnsemble,WIS,60.7376857119218,0.7205863683579417,15,6,0.7142440687880295
2025-12-24,ILI incidence,2025-12-21,1,GR,respicast,quantileBaseline,WIS,100.086695652174,0.0,15,11,0.4830797524462919
2025-12-24,ILI incidence,2025-12-21,1,GR,safinea,PRFM,WIS,55.0661492454246,0.8620125819920624,15,5,0.7475627431810009
2025-12-24,ILI incidence,2025-12-21,1,HR,ECDC,SARIMA,WIS,11.2484683521151,2.589736690380175,12,1,1.0
2025-12-24,ILI incidence,2025-12-21,1,HR,ECDC,soca_simplex,WIS,41.2699965704361,0.7143719421448362,12,8,0.5724239577976142
2025-12-24,ILI incidence,2025-12-21,1,HR,ISI,FluABCaster,WIS,20.6884849371998,1.7106372632338431,12,3,0.8655523163103941
2025-12-24,ILI incidence,2025-12-21,1,HR,ItaLuxColab,EpiEKF,WIS,21.4532809617065,1.6582669571552644,12,4,0.8546598509144743
2025-12-24,ILI incidence,2025-12-21,1,HR,ItaLuxColab,EpiNetEKF,WIS,43.3667036879367,0.6428774727791223,12,9,0.5425619959268199
2025-12-24,ILI incidence,2025-12-21,1,HR,QMUL,ARIMA,WIS,11.8552088915861,2.5139441769289768,12,2,0.9913586105069617
2025-12-24,ILI incidence,2025-12-21,1,HR,QMUL,SEIR,WIS,55.2781877908291,0.29275494060623974,12,10,0.3729148949386941
2025-12-24,ILI incidence,2025-12-21,1,HR,QMUL,SEIR_agumented,WIS,25.7072119436586,1.3972921083510597,12,6,0.7940740286392713
2025-12-24,ILI incidence,2025-12-21,1,HR,RIVM,KFdlm,WIS,40.2036432010075,0.7521390181550811,12,7,0.587611297694962
2025-12-24,ILI incidence,2025-12-21,1,HR,respicast,hubEnsemble,WIS,23.400964683277,1.5328972557882399,12,5,0.8269203270942674
2025-12-24,ILI incidence,2025-12-21,1,HR,respicast,quantileBaseline,WIS,67.7145217391304,0.0,12,11,0.19579271746483773
2025-12-24,ILI incidence,2025-12-21,1,HR,safinea,PRFM,WIS,81.4617760568317,-0.2666580082021594,12,12,0.0
2025-12-24,ILI incidence,2025-12-21,1,HU,ECDC,SARIMA,WIS,23.5836493664301,0.9782966781784301,15,6,0.6101360360041103
2025-12-24,ILI incidence,2025-12-21,1,HU,ECDC,soca_simplex,WIS,30.0494001187498,0.6287474679317571,15,11,0.4697587080403631
2025-12-24,ILI incidence,2025-12-21,1,HU,ISI,FluABCaster,WIS,12.7395405448365,1.8667704110666097,15,2,0.8455714987734211
2025-12-24,ILI incidence,2025-12-21,1,HU,ISI,FluBcast,WIS,23.9307536283601,0.9572178273825396,15,8,0.6026000868651675
2025-12-24,ILI incidence,2025-12-21,1,HU,ISI,GLEAM,WIS,5.62659565217391,3.0457494635212994,15,1,1.0
2025-12-24,ILI incidence,2025-12-21,1,HU,ISI,RespiVAR,WIS,21.9736427301583,1.0803096027807415,15,4,0.6450907440127126
2025-12-24,ILI incidence,2025-12-21,1,HU,ItaLuxColab,EpiEKF,WIS,29.9276157927786,0.6346063084203675,15,10,0.4724027564923654
2025-12-24,ILI incidence,2025-12-21,1,HU,ItaLuxColab,EpiNetEKF,WIS,23.7459126717533,0.9684044512909543,15,7,0.6066131521039438
2025-12-24,ILI incidence,2025-12-21,1,HU,QMUL,ARIMA,WIS,19.3537366423552,1.2634715227728812,15,3,0.7019712873880982
2025-12-24,ILI incidence,2025-12-21,1,HU,QMUL,SEIR,WIS,47.8020300989076,-0.04098823076561879,15,14,0.08433296918867776
2025-12-24,ILI incidence,2025-12-21,1,HU,QMUL,SEIR_agumented,WIS,46.8501775037754,-0.0119708555198406,15,13,0.10499855452261272
2025-12-24,ILI incidence,2025-12-21,1,HU,RIVM,KFdlm,WIS,51.6863892535274,-0.1537007625431413,15,15,0.0
2025-12-24,ILI incidence,2025-12-21,1,HU,respicast,hubEnsemble,WIS,22.1840157445726,1.066563112982342,15,5,0.6405233545833314
2025-12-24,ILI incidence,2025-12-21,1,HU,respicast,quantileBaseline,WIS,46.4630434782609,0.0,15,12,0.11340358622694764
2025-12-24,ILI incidence,2025-12-21,1,HU,safinea,PRFM,WIS,29.5426495112953,0.6532844394176839,15,9,0.48076072450271246
2025-12-24,ILI incidence,2025-12-21,1,IE,ECDC,SARIMA,WIS,2.45172400045702,1.5958801102356461,14,1,1.0
2025-12-24,ILI incidence,2025-12-21,1,IE,ECDC,soca_simplex,WIS,14.7748420790798,-0.9953941161798435,14,10,0.6675810490131657
2025-12-24,ILI incidence,2025-12-21,1,IE,ISI,FluABCaster,WIS,17.5378964485239,-1.2427271226376404,14,11,0.5930470204377578
2025-12-24,ILI incidence,2025-12-21,1,IE,ISI,GLEAM,WIS,39.5227695652174,-2.414935453523167,14,14,0.0
2025-12-24,ILI incidence,2025-12-21,1,IE,ISI,RespiVAR,WIS,6.06665687786241,0.28877497220142534,14,4,0.9024863522910253
2025-12-24,ILI incidence,2025-12-21,1,IE,ItaLuxColab,EpiEKF,WIS,5.00052905502364,0.5675959491212357,14,2,0.9312453960837429
2025-12-24,ILI incidence,2025-12-21,1,IE,ItaLuxColab,EpiNetEKF,WIS,9.5556904722056,-0.36668343384839036,14,6,0.8083688667658842
2025-12-24,ILI incidence,2025-12-21,1,IE,QMUL,ARIMA,WIS,24.040834540723,-1.6977383838080304,14,13,0.4176287662954799
2025-12-24,ILI incidence,2025-12-21,1,IE,QMUL,SEIR,WIS,12.7468765480036,-0.7823951831638742,14,8,0.722285886715504
2025-12-24,ILI incidence,2025-12-21,1,IE,QMUL,SEIR_agumented,WIS,10.8084752602946,-0.5444144239678427,14,7,0.7745747083060025
2025-12-24,ILI incidence,2025-12-21,1,IE,RIVM,KFdlm,WIS,14.0439838952973,-0.9222036528885287,14,9,0.6872961170035127
2025-12-24,ILI incidence,2025-12-21,1,IE,respicast,hubEnsemble,WIS,5.14925324495965,0.5253134640098298,14,3,0.9272335267752227
2025-12-24,ILI incidence,2025-12-21,1,IE,respicast,quantileBaseline,WIS,7.41104347826086,0.0,14,5,0.8662212138273717
2025-12-24,ILI incidence,2025-12-21,1,IE,safinea,PRFM,WIS,19.4586991052203,-1.3926666691355192,14,12,0.5412329259757902
2025-12-24,ILI incidence,2025-12-21,1,IS,ECDC,SARIMA,WIS,4.22805499063187,0.8331099778894012,12,2,0.9827270669195552
2025-12-24,ILI incidence,2025-12-21,1,IS,ECDC,soca_simplex,WIS,5.94750179007297,0.34082031773959254,12,7,0.8756112817936701
2025-12-24,ILI incidence,2025-12-21,1,IS,ISI,FluABCaster,WIS,12.1667072759031,-0.6917627548887111,12,10,0.4881755793977344
2025-12-24,ILI incidence,2025-12-21,1,IS,ISI,FluBcast,WIS,14.5073833611522,-0.9456113059973498,12,11,0.34235928739129534
2025-12-24,ILI incidence,2025-12-21,1,IS,ISI,RespiVAR,WIS,5.55864368572749,0.43837121166567616,12,5,0.8998358412060745
2025-12-24,ILI incidence,2025-12-21,1,IS,ItaLuxColab,EpiEKF,WIS,4.29038720887669,0.8119962613016372,12,3,0.9788439781853749
2025-12-24,ILI incidence,2025-12-21,1,IS,ItaLuxColab,EpiNetEKF,WIS,9.99347807903561,-0.4078827550112772,12,9,0.6235604902636156
2025-12-24,ILI incidence,2025-12-21,1,IS,QMUL,ARIMA,WIS,3.95078596378184,0.9309644290543447,12,1,1.0
2025-12-24,ILI incidence,2025-12-21,1,IS,RIVM,KFdlm,WIS,20.0030120425093,-1.4090412328567403,12,12,0.0
2025-12-24,ILI incidence,2025-12-21,1,IS,respicast,hubEnsemble,WIS,5.85036664967758,0.36457707560791364,12,6,0.8816624761837188
2025-12-24,ILI incidence,2025-12-21,1,IS,respicast,quantileBaseline,WIS,7.53237130434783,0.0,12,8,0.7768792114563888
2025-12-24,ILI incidence,2025-12-21,1,IS,safinea,PRFM,WIS,4.47473845299822,0.751300758823919,12,4,0.9673595122167681
2025-12-24,ILI incidence,2025-12-21,1,LT,ECDC,SARIMA,WIS,122.979206176599,-1.7696891549379472,13,10,0.6140374741309035
2025-12-24,ILI incidence,2025-12-21,1,LT,ECDC,soca_simplex,WIS,106.389233564152,-1.560626915071023,13,7,0.6705714456774556
2025-12-24,ILI incidence,2025-12-21,1,LT,ISI,FluABCaster,WIS,9.7179659269798,1.8919270601845672,13,1,1.0
2025-12-24,ILI incidence,2025-12-21,1,LT,ISI,RespiVAR,WIS,25.0203369783786,0.527552119290814,13,4,0.947853813274803
2025-12-24,ILI incidence,2025-12-21,1,LT,ItaLuxColab,EpiEKF,WIS,31.0200016652004,0.21745457558048809,13,5,0.9274086395173035
2025-12-24,ILI incidence,2025-12-21,1,LT,ItaLuxColab,EpiNetEKF,WIS,16.5038534708676,1.1278504219456567,13,2,0.976875599358348
2025-12-24,ILI incidence,2025-12-21,1,LT,QMUL,ARIMA,WIS,220.547558998244,-2.6123645483784546,13,12,0.28155190522017537
2025-12-24,ILI incidence,2025-12-21,1,LT,QMUL,SEIR,WIS,139.049981289416,-1.9468783060422024,13,11,0.5592727819771999
2025-12-24,ILI incidence,2025-12-21,1,LT,QMUL,SEIR_agumented,WIS,109.675889675175,-1.60452116482785,13,8,0.6593714438809204
2025-12-24,ILI incidence,2025-12-21,1,LT,RIVM,KFdlm,WIS,303.169357340127,-3.071398696833851,13,13,0.0
2025-12-24,ILI incidence,2025-12-21,1,LT,respicast,hubEnsemble,WIS,18.8400104685124,0.9368535728114785,13,3,0.9689146318318533
2025-12-24,ILI incidence,2025-12-21,1,LT,respicast,quantileBaseline,WIS,36.066347826087,0.0,13,6,0.9102121077967166
2025-12-24,ILI incidence,2025-12-21,1,LT,safinea,PRFM,WIS,112.884251016865,-1.646118978845334,13,9,0.6484382486888998
2025-12-24,ILI incidence,2025-12-21,1,LU,ECDC,SARIMA,WIS,711.4782940085,0.14251201371964356,14,2,0.9977306609279575
2025-12-24,ILI incidence,2025-12-21,1,LU,ECDC,soca_simplex,WIS,846.07158790086,-0.10744798100570448,14,6,0.9913860411601595
2025-12-24,ILI incidence,2025-12-21,1,LU,ISI,FluABCaster,WIS,1056.91290062209,-0.42845282814648195,14,9,0.981447151027718
2025-12-24,ILI incidence,2025-12-21,1,LU,ISI,FluBcast,WIS,663.337060673275,0.24358962540528625,14,1,1.0
2025-12-24,ILI incidence,2025-12-21,1,LU,ISI,RespiVAR,WIS,1689.65467451775,-1.1053247617782245,14,10,0.9516202120289555
2025-12-24,ILI incidence,2025-12-21,1,LU,ItaLuxColab,EpiEKF,WIS,866.495496767598,-0.14186049465352574,14,7,0.9904232745008099
2025-12-24,ILI incidence,2025-12-21,1,LU,ItaLuxColab,EpiNetEKF,WIS,1987.35822121461,-1.3394482796462501,14,12,0.9375867059552649
2025-12-24,ILI incidence,2025-12-21,1,LU,QMUL,ARIMA,WIS,748.815373641757,0.06872170232826083,14,3,0.9959706209834529
2025-12-24,ILI incidence,2025-12-21,1,LU,QMUL,SEIR,WIS,1861.1092096928,-1.2447590529885237,14,11,0.9435379829543019
2025-12-24,ILI incidence,2025-12-21,1,LU,QMUL,SEIR_agumented,WIS,995.811606793574,-0.342541074022196,14,8,0.9843274169418018
2025-12-24,ILI incidence,2025-12-21,1,LU,RIVM,KFdlm,WIS,21877.105390099,-4.799946297275331,14,14,0.0
2025-12-24,ILI incidence,2025-12-21,1,LU,respicast,hubEnsemble,WIS,818.138915468673,-0.05901406864164695,14,5,0.9927027649028922
2025-12-24,ILI incidence,2025-12-21,1,LU,respicast,quantileBaseline,WIS,785.347826086957,0.0,14,4,0.9942485105183109
2025-12-24,ILI incidence,2025-12-21,1,LU,safinea,PRFM,WIS,2451.83348346463,-1.6424573394806574,14,13,0.9156917151626228
2025-12-24,ILI incidence,2025-12-21,1,LV,ECDC,soca_simplex,WIS,554.511353394952,0.09046676420642988,7,6,0.08762922277270675
2025-12-24,ILI incidence,2025-12-21,1,LV,ItaLuxColab,EpiEKF,WIS,373.962940436472,0.6587884567411322,7,5,0.5285188868084809
2025-12-24,ILI incidence,2025-12-21,1,LV,ItaLuxColab,EpiNetEKF,WIS,180.88704487699,1.7065946775941412,7,1,1.0
2025-12-24,ILI incidence,2025-12-21,1,LV,RIVM,KFdlm,WIS,203.534156057057,1.5364128430086186,7,2,0.9446969537092705
2025-12-24,ILI incidence,2025-12-21,1,LV,respicast,hubEnsemble,WIS,289.378040302498,1.0287283176021342,7,4,0.7350707339916702
2025-12-24,ILI incidence,2025-12-21,1,LV,respicast,quantileBaseline,WIS,590.396334130435,0.0,7,7,0.0
2025-12-24,ILI incidence,2025-12-21,1,LV,safinea,PRFM,WIS,237.252222315548,1.3152621626154535,7,3,0.8623592213468113
2025-12-24,ILI incidence,2025-12-21,1,MT,ECDC,SARIMA,WIS,3167.79347770405,-1.5971569317692984,11,6,0.5390093120118469
2025-12-24,ILI incidence,2025-12-21,1,MT,ECDC,soca_simplex,WIS,499.04885101094,1.069068400663536,11,1,1.0
2025-12-24,ILI incidence,2025-12-21,1,MT,ISI,FluABCaster,WIS,6241.61953759901,-2.575599068303422,11,10,0.008046110837095046
2025-12-24,ILI incidence,2025-12-21,1,MT,ISI,RespiVAR,WIS,1906.83747184926,-0.8648605305208606,11,4,0.7568229502474688
2025-12-24,ILI incidence,2025-12-21,1,MT,ItaLuxColab,EpiEKF,WIS,2006.02502633522,-0.9380182534049902,11,5,0.7396895990361905
2025-12-24,ILI incidence,2025-12-21,1,MT,ItaLuxColab,EpiNetEKF,WIS,1250.31459652585,-0.2559697915604069,11,3,0.8702286800232397
2025-12-24,ILI incidence,2025-12-21,1,MT,QMUL,ARIMA,WIS,4832.08946026745,-2.206325813535052,11,9,0.25152397439507257
2025-12-24,ILI incidence,2025-12-21,1,MT,RIVM,KFdlm,WIS,3415.07874418447,-1.7055974931432896,11,7,0.49629402034102205
2025-12-24,ILI incidence,2025-12-21,1,MT,respicast,hubEnsemble,WIS,3581.74299614474,-1.7743404709902102,11,8,0.4675049532246985
2025-12-24,ILI incidence,2025-12-21,1,MT,respicast,quantileBaseline,WIS,1047.04347826087,0.0,11,2,0.9053411039396514
2025-12-24,ILI incidence,2025-12-21,1,MT,safinea,PRFM,WIS,6288.19968687705,-2.586325681152535,11,11,0.0
2025-12-24,ILI incidence,2025-12-21,1,NL,ECDC,SARIMA,WIS,11.6203906420452,-0.02976164668001848,14,6,0.7040872248718952
2025-12-24,ILI incidence,2025-12-21,1,NL,ECDC,soca_simplex,WIS,11.4689209672334,-0.010832742495733502,14,5,0.7122762643088032
2025-12-24,ILI incidence,2025-12-21,1,NL,ISI,FluABCaster,WIS,15.672270093562,-0.46131724424425946,14,11,0.4850268706241199
2025-12-24,ILI incidence,2025-12-21,1,NL,ISI,GLEAM,WIS,6.147,0.8889425316960269,14,1,1.0
2025-12-24,ILI incidence,2025-12-21,1,NL,ISI,RespiVAR,WIS,17.3824193898946,-0.6107319772400349,14,12,0.39256955170488017
2025-12-24,ILI incidence,2025-12-21,1,NL,ItaLuxColab,EpiEKF,WIS,15.3732760434124,-0.433527714064386,14,10,0.501191651271587
2025-12-24,ILI incidence,2025-12-21,1,NL,ItaLuxColab,EpiNetEKF,WIS,24.6436351644524,-1.1143181607328925,14,14,0.0
2025-12-24,ILI incidence,2025-12-21,1,NL,QMUL,ARIMA,WIS,12.0715094156297,-0.08470915937495345,14,7,0.679697990312548
2025-12-24,ILI incidence,2025-12-21,1,NL,QMUL,SEIR,WIS,20.0583945842611,-0.8173092195641055,14,13,0.2478959302286183
2025-12-24,ILI incidence,2025-12-21,1,NL,QMUL,SEIR_agumented,WIS,8.81627706606568,0.3686554530707554,14,3,0.8556885053776913
2025-12-24,ILI incidence,2025-12-21,1,NL,RIVM,KFdlm,WIS,6.39436353328061,0.8320242500091393,14,2,0.9866265658006813
2025-12-24,ILI incidence,2025-12-21,1,NL,respicast,hubEnsemble,WIS,13.169211694611,-0.21027206697182524,14,8,0.62035193795104
2025-12-24,ILI incidence,2025-12-21,1,NL,respicast,quantileBaseline,WIS,11.3831269565217,0.0,14,4,0.7169146220397586
2025-12-24,ILI incidence,2025-12-21,1,NL,safinea,PRFM,WIS,14.4231514941253,-0.34148950956405594,14,9,0.5525590778786215
2025-12-24,ILI incidence,2025-12-21,1,NO,ECDC,SARIMA,WIS,26.0189489289174,0.11171712377610513,13,12,0.08240389464777349
2025-12-24,ILI incidence,2025-12-21,1,NO,ECDC,soca_simplex,WIS,25.0366491288616,0.16723832052200654,13,11,0.12104354897103485
2025-12-24,ILI incidence,2025-12-21,1,NO,ISI,FluABCaster,WIS,3.29849671479427,3.0913992342209977,13,2,0.9761335071062379
2025-12-24,ILI incidence,2025-12-21,1,NO,ISI,FluBcast,WIS,2.69176118342948,3.384657484417689,13,1,1.0
2025-12-24,ILI incidence,2025-12-21,1,NO,ISI,GLEAM,WIS,8.53267391304347,1.7202099876056154,13,4,0.7702423956598574
2025-12-24,ILI incidence,2025-12-21,1,NO,ISI,RespiVAR,WIS,20.0565386764705,0.48720715780542273,13,10,0.3169407143385959
2025-12-24,ILI incidence,2025-12-21,1,NO,ItaLuxColab,EpiEKF,WIS,13.1648719113726,1.0945863227259505,13,7,0.5880306824922749
2025-12-24,ILI incidence,2025-12-21,1,NO,ItaLuxColab,EpiNetEKF,WIS,8.3404740664879,1.7530785145151941,13,3,0.7778027510945924
2025-12-24,ILI incidence,2025-12-21,1,NO,QMUL,ARIMA,WIS,9.29488986644552,1.5967701312537739,13,5,0.740259939227048
2025-12-24,ILI incidence,2025-12-21,1,NO,RIVM,KFdlm,WIS,15.701035518528,0.8404200961362902,13,8,0.4882683847883013
2025-12-24,ILI incidence,2025-12-21,1,NO,respicast,hubEnsemble,WIS,10.3385526370576,1.4432455800789177,13,6,0.6992065167543801
2025-12-24,ILI incidence,2025-12-21,1,NO,respicast,quantileBaseline,WIS,28.1138260869565,0.0,13,13,0.0
2025-12-24,ILI incidence,2025-12-21,1,NO,safinea,PRFM,WIS,18.7204988240522,0.5866609300628398,13,9,0.3694950547310216
2025-12-24,ILI incidence,2025-12-21,1,PL,ECDC,SARIMA,WIS,12.794436793562,-0.5095911754540676,15,6,0.8802937915807549
2025-12-24,ILI incidence,2025-12-21,1,PL,ECDC,soca_simplex,WIS,32.5511244189085,-1.856781913094705,15,10,0.5499117728567359
2025-12-24,ILI incidence,2025-12-21,1,PL,ISI,FluABCaster,WIS,18.5909722711658,-1.0486767559224264,15,8,0.7833609894323204
2025-12-24,ILI incidence,2025-12-21,1,PL,ISI,FluBcast,WIS,56.3123720495603,-2.647526456491225,15,14,0.15256333528035462
2025-12-24,ILI incidence,2025-12-21,1,PL,ISI,GLEAM,WIS,65.4355869565217,-2.8641499883069055,15,15,0.0
2025-12-24,ILI incidence,2025-12-21,1,PL,ISI,RespiVAR,WIS,52.3749915837385,-2.542952640570049,15,13,0.218406341529734
2025-12-24,ILI incidence,2025-12-21,1,PL,ItaLuxColab,EpiEKF,WIS,26.5901094764882,-1.5649642506431078,15,9,0.649595089598265
2025-12-24,ILI incidence,2025-12-21,1,PL,ItaLuxColab,EpiNetEKF,WIS,48.0024022078632,-2.417181138727196,15,12,0.29152714661851437
2025-12-24,ILI incidence,2025-12-21,1,PL,QMUL,ARIMA,WIS,10.0452146760994,-0.16058292979816124,15,4,0.9262677711421231
2025-12-24,ILI incidence,2025-12-21,1,PL,QMUL,SEIR,WIS,8.68076267823597,0.050031760130453906,15,2,0.9490848756109819
2025-12-24,ILI incidence,2025-12-21,1,PL,QMUL,SEIR_agumented,WIS,5.63606244955987,0.6731659639932088,15,1,1.0
2025-12-24,ILI incidence,2025-12-21,1,PL,RIVM,KFdlm,WIS,36.7513732418137,-2.031872691894684,15,11,0.4796729397299572
2025-12-24,ILI incidence,2025-12-21,1,PL,respicast,hubEnsemble,WIS,18.0625964996662,-1.007079828839808,15,7,0.7921967749315526
2025-12-24,ILI incidence,2025-12-21,1,PL,respicast,quantileBaseline,WIS,8.98708695652174,0.0,15,3,0.9439623553098363
2025-12-24,ILI incidence,2025-12-21,1,PL,safinea,PRFM,WIS,11.3765914714878,-0.34014291163980115,15,5,0.9040037681025438
2025-12-24,ILI incidence,2025-12-21,1,RO,ECDC,SARIMA,WIS,12.3596127032034,0.015818415921633893,14,8,0.4713905401775947
2025-12-24,ILI incidence,2025-12-21,1,RO,ECDC,soca_simplex,WIS,16.5087540877581,-0.40177929241398835,14,13,0.17649152060808315
2025-12-24,ILI incidence,2025-12-21,1,RO,ISI,FluABCaster,WIS,12.3938622245878,0.011826116147177393,14,9,0.46895626538653007
2025-12-24,ILI incidence,2025-12-21,1,RO,ISI,FluBcast,WIS,10.6615283048774,0.2290376922059213,14,6,0.59208139589939
2025-12-24,ILI incidence,2025-12-21,1,RO,ISI,RespiVAR,WIS,7.57676796947541,0.7217974793836562,14,3,0.8113298413496517
2025-12-24,ILI incidence,2025-12-21,1,RO,ItaLuxColab,EpiEKF,WIS,6.22066986509772,1.0063101033955832,14,2,0.9077141204946667
2025-12-24,ILI incidence,2025-12-21,1,RO,ItaLuxColab,EpiNetEKF,WIS,4.92223502314888,1.3440665027873393,14,1,1.0
2025-12-24,ILI incidence,2025-12-21,1,RO,QMUL,ARIMA,WIS,9.02112784653808,0.4700722324274261,14,5,0.7086723823300828
2025-12-24,ILI incidence,2025-12-21,1,RO,QMUL,SEIR,WIS,8.96929111138877,0.4783860808008734,14,4,0.7123566632345901
2025-12-24,ILI incidence,2025-12-21,1,RO,QMUL,SEIR_agumented,WIS,14.0760570605795,-0.17179131546234,14,12,0.3493947556955104
2025-12-24,ILI incidence,2025-12-21,1,RO,RIVM,KFdlm,WIS,12.5132085367231,-0.001999809196684842,14,11,0.46047376089320236
2025-12-24,ILI incidence,2025-12-21,1,RO,respicast,hubEnsemble,WIS,10.7611450745943,0.2156203513359926,14,7,0.5850011629067154
2025-12-24,ILI incidence,2025-12-21,1,RO,respicast,quantileBaseline,WIS,12.4958752173914,0.0,14,10,0.4617057215335005
2025-12-24,ILI incidence,2025-12-21,1,RO,safinea,PRFM,WIS,18.9919372236226,-0.6039351193331506,14,14,0.0
2025-12-24,ILI incidence,2025-12-21,1,SI,ECDC,SARIMA,WIS,252.707442180966,-1.8075955050469439,13,10,0.4598536323120866
2025-12-24,ILI incidence,2025-12-21,1,SI,ECDC,soca_simplex,WIS,74.5519052640784,-0.04644448098202004,13,6,0.9131287910749716
2025-12-24,ILI incidence,2025-12-21,1,SI,ISI,FluABCaster,WIS,96.0509316764703,-0.41199886602277214,13,7,0.8584295390676058
2025-12-24,ILI incidence,2025-12-21,1,SI,ISI,FluBcast,WIS,40.4079938463482,0.8371600146372838,13,1,1.0
2025-12-24,ILI incidence,2025-12-21,1,SI,ItaLuxColab,EpiEKF,WIS,40.7534985005549,0.8248768284149486,13,2,0.9991209440935764
2025-12-24,ILI incidence,2025-12-21,1,SI,ItaLuxColab,EpiNetEKF,WIS,65.6660651285707,0.13665273380368836,13,4,0.935736736176576
2025-12-24,ILI incidence,2025-12-21,1,SI,QMUL,ARIMA,WIS,359.781439129114,-2.3172481139621777,13,12,0.18742885222405414
2025-12-24,ILI incidence,2025-12-21,1,SI,QMUL,SEIR,WIS,234.880412884389,-1.702053762410004,13,9,0.5052103451850986
2025-12-24,ILI incidence,2025-12-21,1,SI,QMUL,SEIR_agumented,WIS,225.045515237956,-1.6403441677038895,13,8,0.530232945488469
2025-12-24,ILI incidence,2025-12-21,1,SI,RIVM,KFdlm,WIS,433.448586238669,-2.5859882305402553,13,13,0.0
2025-12-24,ILI incidence,2025-12-21,1,SI,respicast,hubEnsemble,WIS,48.6928722516112,0.5680901382917539,13,3,0.9789210616775345
2025-12-24,ILI incidence,2025-12-21,1,SI,respicast,quantileBaseline,WIS,72.1900869565218,0.0,13,5,0.9191378861996785
2025-12-24,ILI incidence,2025-12-21,1,SI,safinea,PRFM,WIS,321.204063087822,-2.153617495491468,13,11,0.28557997653028167
2025-12-24,ILI incidence,2025-12-28,2,BE,ECDC,SARIMA,WIS,92.9972014826929,-0.02331800490824378,15,4,0.8860046064219522
2025-12-24,ILI incidence,2025-12-28,2,BE,ECDC,soca_simplex,WIS,63.5297164703915,0.5264377171953477,15,1,1.0
2025-12-24,ILI incidence,2025-12-28,2,BE,ISI,FluABCaster,WIS,199.773706962564,-1.1264255138165897,15,10,0.47293814479534263
2025-12-24,ILI incidence,2025-12-28,2,BE,ISI,FluBcast,WIS,193.857821548665,-1.0830577416427107,15,9,0.4958238334056372
2025-12-24,ILI incidence,2025-12-28,2,BE,ISI,GLEAM,WIS,279.902169565217,-1.6129814667147098,15,14,0.16296002391464484
2025-12-24,ILI incidence,2025-12-28,2,BE,ISI,RespiVAR,WIS,322.0268722535,-1.8152398794887479,15,15,0.0
2025-12-24,ILI incidence,2025-12-28,2,BE,ItaLuxColab,EpiEKF,WIS,151.985366930767,-0.731991225661036,15,6,0.6578080319978685
2025-12-24,ILI incidence,2025-12-28,2,BE,ItaLuxColab,EpiNetEKF,WIS,269.527257543018,-1.5584899786583872,15,13,0.20309552169514672
2025-12-24,ILI incidence,2025-12-28,2,BE,QMUL,ARIMA,WIS,174.823457736341,-0.9339575752338579,15,7,0.5694585461538685
2025-12-24,ILI incidence,2025-12-28,2,BE,QMUL,SEIR,WIS,209.156890735845,-1.192644325988304,15,12,0.43663916214365756
2025-12-24,ILI incidence,2025-12-28,2,BE,QMUL,SEIR_agumented,WIS,201.757530240784,-1.1406813177400918,15,11,0.4652636956424687
2025-12-24,ILI incidence,2025-12-28,2,BE,RIVM,KFdlm,WIS,79.3246215579257,0.2061005643335538,15,2,0.9388971803589713
2025-12-24,ILI incidence,2025-12-28,2,BE,respicast,hubEnsemble,WIS,188.591596024866,-1.0433241856093263,15,8,0.5161963032993393
2025-12-24,ILI incidence,2025-12-28,2,BE,respicast,quantileBaseline,WIS,91.5061873913043,0.0,15,3,0.8917726160809816
2025-12-24,ILI incidence,2025-12-28,2,BE,safinea,PRFM,WIS,98.8624491090068,-0.1115533489719101,15,5,0.8633148108280884
2025-12-24,ILI incidence,2025-12-28,2,CH,ItaLuxColab,EpiEKF,WIS,23.4766329662265,0.4351450059771602,4,1,1.0
2025-12-24,ILI incidence,2025-12-28,2,CH,ItaLuxColab,EpiNetEKF,WIS,131.3314904094,-2.048770462196838,4,4,0.0
2025-12-24,ILI incidence,2025-12-28,2,CH,respicast,hubEnsemble,WIS,47.2411868873557,-0.5736746944413955,4,3,0.7796617186791959
2025-12-24,ILI incidence,2025-12-28,2,CH,respicast,quantileBaseline,WIS,31.7415046237402,0.0,4,2,0.9233704271328875
2025-12-24,ILI incidence,2025-12-28,2,CZ,ECDC,SARIMA,WIS,19.4785910253491,-1.6550894621946575,15,5,0.7006214325164932
2025-12-24,ILI incidence,2025-12-28,2,CZ,ECDC,soca_simplex,WIS,14.0320870954897,-1.1819297452213675,15,3,0.8232777217942159
2025-12-24,ILI incidence,2025-12-28,2,CZ,ISI,FluABCaster,WIS,6.56643462701285,-0.08638228666765951,15,2,0.991405614588021
2025-12-24,ILI incidence,2025-12-28,2,CZ,ISI,FluBcast,WIS,50.5894081551958,-3.0320354988364495,15,15,0.0
2025-12-24,ILI incidence,2025-12-28,2,CZ,ISI,GLEAM,WIS,15.8326391304348,-1.3561018949088928,15,4,0.7827289525099312
2025-12-24,ILI incidence,2025-12-28,2,CZ,ISI,RespiVAR,WIS,35.2782191939256,-2.511977874721773,15,12,0.34481084501263
2025-12-24,ILI incidence,2025-12-28,2,CZ,ItaLuxColab,EpiEKF,WIS,34.0853876319476,-2.462353527673676,15,11,0.37167363534744735
2025-12-24,ILI incidence,2025-12-28,2,CZ,ItaLuxColab,EpiNetEKF,WIS,39.3069876213302,-2.6679859415084732,15,13,0.25408222496049127
2025-12-24,ILI incidence,2025-12-28,2,CZ,QMUL,ARIMA,WIS,26.6634337196095,-2.1080627204622067,15,10,0.5388174284670764
2025-12-24,ILI incidence,2025-12-28,2,CZ,QMUL,SEIR,WIS,40.0061051176206,-2.693420316432971,15,14,0.2383379679162618
2025-12-24,ILI incidence,2025-12-28,2,CZ,QMUL,SEIR_agumented,WIS,25.4786470805539,-2.042488809997704,15,9,0.5654990456299114
2025-12-24,ILI incidence,2025-12-28,2,CZ,RIVM,KFdlm,WIS,23.2190776557498,-1.9085108020318908,15,7,0.616384972562314
2025-12-24,ILI incidence,2025-12-28,2,CZ,respicast,hubEnsemble,WIS,24.8447575695259,-2.006141602072069,15,8,0.5797743562210802
2025-12-24,ILI incidence,2025-12-28,2,CZ,respicast,quantileBaseline,WIS,6.18480434782609,0.0,15,1,1.0
2025-12-24,ILI incidence,2025-12-28,2,CZ,safinea,PRFM,WIS,21.2738743982948,-1.7822829385297778,15,6,0.6601913144878815
2025-12-24,ILI incidence,2025-12-28,2,EE,ECDC,soca_simplex,WIS,135.200135953119,-0.500516583705732,11,8,0.8580500814860061
2025-12-24,ILI incidence,2025-12-28,2,EE,ISI,FluABCaster,WIS,277.851726661734,-1.5397351870512115,11,10,0.6260943159858335
2025-12-24,ILI incidence,2025-12-28,2,EE,ISI,FluBcast,WIS,159.297597052253,-0.7371444858393333,11,9,0.8188668869061599
2025-12-24,ILI incidence,2025-12-28,2,EE,ISI,GLEAM,WIS,662.89647826087,-2.794203569700688,11,11,0.0
2025-12-24,ILI incidence,2025-12-28,2,EE,ISI,RespiVAR,WIS,50.0822549365147,0.9322085929454247,11,2,0.9964543092333712
2025-12-24,ILI incidence,2025-12-28,2,EE,ItaLuxColab,EpiEKF,WIS,66.1699162358589,0.5303326602764744,11,4,0.9702952893916702
2025-12-24,ILI incidence,2025-12-28,2,EE,ItaLuxColab,EpiNetEKF,WIS,132.922353409482,-0.476003722847883,11,7,0.8617538242268178
2025-12-24,ILI incidence,2025-12-28,2,EE,RIVM,KFdlm,WIS,47.9016735358766,0.9964320534011788,11,1,1.0
2025-12-24,ILI incidence,2025-12-28,2,EE,respicast,hubEnsemble,WIS,99.301485778256,-0.05530719041341395,11,6,0.9164223634940075
2025-12-24,ILI incidence,2025-12-28,2,EE,respicast,quantileBaseline,WIS,95.5667073913043,0.0,11,5,0.9224952251804109
2025-12-24,ILI incidence,2025-12-28,2,EE,safinea,PRFM,WIS,58.6248972653557,0.7049946240902096,11,3,0.9825637165597291
2025-12-24,ILI incidence,2025-12-28,2,ES,ECDC,SARIMA,WIS,69.0624502983189,-0.19658995279394842,13,9,0.7855814623743885
2025-12-24,ILI incidence,2025-12-28,2,ES,ECDC,soca_simplex,WIS,45.0224651706736,0.42066651572460295,13,4,0.872381387411697
2025-12-24,ILI incidence,2025-12-28,2,ES,ISI,FluABCaster,WIS,149.214068287265,-1.308000089559293,13,11,0.49618218046472584
2025-12-24,ILI incidence,2025-12-28,2,ES,ISI,GLEAM,WIS,286.635986956522,-2.2498362769127254,13,13,0.0
2025-12-24,ILI incidence,2025-12-28,2,ES,ItaLuxColab,EpiEKF,WIS,57.0707238475311,0.07856070701822908,13,6,0.828879365907586
2025-12-24,ILI incidence,2025-12-28,2,ES,ItaLuxColab,EpiNetEKF,WIS,39.3153097155557,0.6162203487436436,13,2,0.8929879170351628
2025-12-24,ILI incidence,2025-12-28,2,ES,QMUL,ARIMA,WIS,41.1763974815364,0.5494939540820561,13,3,0.886268184151917
2025-12-24,ILI incidence,2025-12-28,2,ES,QMUL,SEIR,WIS,112.377612413039,-0.8989711806283596,13,10,0.6291856574446688
2025-12-24,ILI incidence,2025-12-28,2,ES,QMUL,SEIR_agumented,WIS,46.7201149150421,0.36726774559938746,13,5,0.866251771699858
2025-12-24,ILI incidence,2025-12-28,2,ES,RIVM,KFdlm,WIS,197.918203221485,-1.7155208346825854,13,12,0.32032869141927156
2025-12-24,ILI incidence,2025-12-28,2,ES,respicast,hubEnsemble,WIS,57.5838589769553,0.06564709412871658,13,7,0.8270266155613801
2025-12-24,ILI incidence,2025-12-28,2,ES,respicast,quantileBaseline,WIS,60.264632173913,0.0,13,8,0.8173472870883202
2025-12-24,ILI incidence,2025-12-28,2,ES,safinea,PRFM,WIS,9.67739376289467,2.638621098335517,13,1,1.0
2025-12-24,ILI incidence,2025-12-28,2,FI,ECDC,SARIMA,WIS,39.0147641244893,0.5374173057645215,15,10,0.4031980559779064
2025-12-24,ILI incidence,2025-12-28,2,FI,ECDC,soca_simplex,WIS,61.6020646831789,-0.1215412222167072,15,15,0.0
2025-12-24,ILI incidence,2025-12-28,2,FI,ISI,FluABCaster,WIS,19.8282149325943,1.5138826811079442,15,4,0.7456904806479456
2025-12-24,ILI incidence,2025-12-28,2,FI,ISI,FluBcast,WIS,33.0022632128098,0.7788725192580502,15,8,0.5105251211513466
2025-12-24,ILI incidence,2025-12-28,2,FI,ISI,GLEAM,WIS,17.412547826087,1.7013101681423743,15,2,0.7888117150204528
2025-12-24,ILI incidence,2025-12-28,2,FI,ISI,RespiVAR,WIS,27.7867698094809,1.027039351443216,15,7,0.6036250821548232
2025-12-24,ILI incidence,2025-12-28,2,FI,ItaLuxColab,EpiEKF,WIS,21.0896359931917,1.4249032890942053,15,5,0.7231732914831344
2025-12-24,ILI incidence,2025-12-28,2,FI,ItaLuxColab,EpiNetEKF,WIS,18.1707142848127,1.63982235099032,15,3,0.775277948934879
2025-12-24,ILI incidence,2025-12-28,2,FI,QMUL,ARIMA,WIS,59.6004216864182,-0.07388505457073476,15,14,0.03573063381162741
2025-12-24,ILI incidence,2025-12-28,2,FI,QMUL,SEIR,WIS,5.58170391058803,3.342659981806659,15,1,1.0
2025-12-24,ILI incidence,2025-12-28,2,FI,QMUL,SEIR_agumented,WIS,55.112149158188,0.03906709581605858,15,12,0.11584922759309027
2025-12-24,ILI incidence,2025-12-28,2,FI,RIVM,KFdlm,WIS,33.0654045864511,0.7761149291267222,15,9,0.5093980064242991
2025-12-24,ILI incidence,2025-12-28,2,FI,respicast,hubEnsemble,WIS,24.3892542086434,1.2151918404561097,15,6,0.6642729529286189
2025-12-24,ILI incidence,2025-12-28,2,FI,respicast,quantileBaseline,WIS,56.6249347826087,0.0,15,13,0.08884501691758774
2025-12-24,ILI incidence,2025-12-28,2,FI,safinea,PRFM,WIS,40.6753938022631,0.47728117000603304,15,11,0.3735547324635333
2025-12-24,ILI incidence,2025-12-28,2,FR,ECDC,SARIMA,WIS,20.0651058145232,-0.9461922498887757,15,4,0.9684061936912364
2025-12-24,ILI incidence,2025-12-28,2,FR,ECDC,soca_simplex,WIS,37.9493205606381,-1.8655775416735423,15,7,0.9098617449554314
2025-12-24,ILI incidence,2025-12-28,2,FR,ISI,FluABCaster,WIS,126.498143086223,-3.602547787712866,15,13,0.619994838604894
2025-12-24,ILI incidence,2025-12-28,2,FR,ISI,FluBcast,WIS,140.88582732498,-3.7579580688238403,15,14,0.5728963747192577
2025-12-24,ILI incidence,2025-12-28,2,FR,ISI,GLEAM,WIS,315.894765217391,-4.922875610470717,15,15,0.0
2025-12-24,ILI incidence,2025-12-28,2,FR,ISI,RespiVAR,WIS,19.9377724009402,-0.9370077155276563,15,3,0.9688230229795048
2025-12-24,ILI incidence,2025-12-28,2,FR,ItaLuxColab,EpiEKF,WIS,65.6765322523901,-2.6568814398549696,15,9,0.8190959860714849
2025-12-24,ILI incidence,2025-12-28,2,FR,ItaLuxColab,EpiNetEKF,WIS,82.6259412670717,-2.9880982873753674,15,10,0.7636116485565947
2025-12-24,ILI incidence,2025-12-28,2,FR,QMUL,ARIMA,WIS,31.7594939545429,-1.6086914108431103,15,6,0.9301243056307769
2025-12-24,ILI incidence,2025-12-28,2,FR,QMUL,SEIR,WIS,111.245679705194,-3.417180889712824,15,11,0.669924179824607
2025-12-24,ILI incidence,2025-12-28,2,FR,QMUL,SEIR_agumented,WIS,31.7172234747837,-1.6067699686826244,15,5,0.9302626791613139
2025-12-24,ILI incidence,2025-12-28,2,FR,RIVM,KFdlm,WIS,125.197596753971,-3.5876384496048326,15,12,0.6242522113303924
2025-12-24,ILI incidence,2025-12-28,2,FR,respicast,hubEnsemble,WIS,59.0154922346076,-2.502597213581577,15,8,0.8409010762800403
2025-12-24,ILI incidence,2025-12-28,2,FR,respicast,quantileBaseline,WIS,10.4137993478261,0.0,15,1,1.0
2025-12-24,ILI incidence,2025-12-28,2,FR,safinea,PRFM,WIS,18.7429009520972,-0.8478477505261282,15,2,0.9727344661865857
2025-12-24,ILI incidence,2025-12-28,2,GB-SCT,ECDC,SARIMA,WIS,29.9131807980269,-0.6277122758847605,9,7,0.4586629120970777
2025-12-24,ILI incidence,2025-12-28,2,GB-SCT,ECDC,soca_simplex,WIS,19.5482223348728,-0.013968367776880788,9,4,0.6917579051599794
2025-12-24,ILI incidence,2025-12-28,2,GB-SCT,ISI,FluABCaster,WIS,50.3083937968433,-1.3777300784920739,9,9,0.0
2025-12-24,ILI incidence,2025-12-28,2,GB-SCT,ItaLuxColab,EpiEKF,WIS,15.5366923434188,0.3173896543082523,9,2,0.7819722131915667
2025-12-24,ILI incidence,2025-12-28,2,GB-SCT,QMUL,ARIMA,WIS,27.6847431476224,-0.5160220862139915,9,6,0.508777696493819
2025-12-24,ILI incidence,2025-12-28,2,GB-SCT,RIVM,KFdlm,WIS,34.7642870573807,-0.8445369524443649,9,8,0.3495675805633153
2025-12-24,ILI incidence,2025-12-28,2,GB-SCT,respicast,hubEnsemble,WIS,23.5127624004128,-0.2803749934519265,9,5,0.6026003419763224
2025-12-24,ILI incidence,2025-12-28,2,GB-SCT,respicast,quantileBaseline,WIS,19.3598671239585,0.0,9,3,0.6959937790168312
2025-12-24,ILI incidence,2025-12-28,2,GB-SCT,safinea,PRFM,WIS,5.84172238980423,1.728603345550879,9,1,1.0
2025-12-24,ILI incidence,2025-12-28,2,GB-WLS,ItaLuxColab,EpiEKF,WIS,2.8085535872259,-0.5716260384488508,4,4,0.0
2025-12-24,ILI incidence,2025-12-28,2,GB-WLS,respicast,hubEnsemble,WIS,2.19067032694782,-0.2131710987319063,4,3,0.6724924325827056
2025-12-24,ILI incidence,2025-12-28,2,GB-WLS,respicast,quantileBaseline,WIS,1.88975773118169,0.0,4,1,1.0
2025-12-24,ILI incidence,2025-12-28,2,GB-WLS,safinea,PRFM,WIS,1.90205582049092,-0.009358294878781526,4,2,0.9866149926250449
2025-12-24,ILI incidence,2025-12-28,2,GR,ECDC,SARIMA,WIS,383.762114214646,0.03245913499196918,15,9,0.3562131996922806
2025-12-24,ILI incidence,2025-12-28,2,GR,ECDC,soca_simplex,WIS,402.193631463055,-0.035218809729857845,15,12,0.32058411563003725
2025-12-24,ILI incidence,2025-12-28,2,GR,ISI,FluABCaster,WIS,333.514396140416,0.2349223910842493,15,8,0.4533446591958209
2025-12-24,ILI incidence,2025-12-28,2,GR,ISI,FluBcast,WIS,164.816307158875,1.2518124358589453,15,3,0.7794468629621417
2025-12-24,ILI incidence,2025-12-28,2,GR,ISI,GLEAM,WIS,50.7205043478261,2.9520304313919303,15,1,1.0
2025-12-24,ILI incidence,2025-12-28,2,GR,ISI,RespiVAR,WIS,232.19210577073,0.7573525044485255,15,4,0.6492059305337616
2025-12-24,ILI incidence,2025-12-28,2,GR,ItaLuxColab,EpiEKF,WIS,241.516022877581,0.7005525228986811,15,5,0.631182312515117
2025-12-24,ILI incidence,2025-12-28,2,GR,ItaLuxColab,EpiNetEKF,WIS,112.414611212252,1.8038418641181548,15,2,0.8807420740250024
2025-12-24,ILI incidence,2025-12-28,2,GR,QMUL,ARIMA,WIS,504.152110427977,-0.36118765490347005,15,13,0.12349305855966798
2025-12-24,ILI incidence,2025-12-28,2,GR,QMUL,SEIR,WIS,568.037121755377,-0.5333137865435742,15,15,0.0
2025-12-24,ILI incidence,2025-12-28,2,GR,QMUL,SEIR_agumented,WIS,532.57118126013,-0.44030293514163454,15,14,0.06855751255967563
2025-12-24,ILI incidence,2025-12-28,2,GR,RIVM,KFdlm,WIS,392.41059844484,0.0003074205352402043,15,10,0.33949522864867776
2025-12-24,ILI incidence,2025-12-28,2,GR,respicast,hubEnsemble,WIS,302.541082020162,0.3755403686430911,15,7,0.5132176906779176
2025-12-24,ILI incidence,2025-12-28,2,GR,respicast,quantileBaseline,WIS,392.494225217391,0.0,15,11,0.3393335737361214
2025-12-24,ILI incidence,2025-12-28,2,GR,safinea,PRFM,WIS,284.958044972713,0.4619219041237387,15,6,0.5472066182626596
2025-12-24,ILI incidence,2025-12-28,2,HR,ECDC,SARIMA,WIS,133.277190075009,-1.5485095260043007,12,10,0.5978430129598739
2025-12-24,ILI incidence,2025-12-28,2,HR,ECDC,soca_simplex,WIS,114.1462440016,-1.3249630249197146,12,7,0.6600149856190322
2025-12-24,ILI incidence,2025-12-28,2,HR,ISI,FluABCaster,WIS,124.920228344106,-1.4550867482654264,12,8,0.625001565090733
2025-12-24,ILI incidence,2025-12-28,2,HR,ItaLuxColab,EpiEKF,WIS,59.5426319550778,-0.38607453601763825,12,4,0.8374664437027639
2025-12-24,ILI incidence,2025-12-28,2,HR,ItaLuxColab,EpiNetEKF,WIS,35.8534499338061,0.34573651188080945,12,2,0.9144518249428193
2025-12-24,ILI incidence,2025-12-28,2,HR,QMUL,ARIMA,WIS,149.780925413488,-1.7169335450808156,12,11,0.5442089805235959
2025-12-24,ILI incidence,2025-12-28,2,HR,QMUL,SEIR,WIS,84.1155331880291,-0.8845237820177848,12,5,0.7576091414162485
2025-12-24,ILI incidence,2025-12-28,2,HR,QMUL,SEIR_agumented,WIS,126.225847867993,-1.4700870047683812,12,9,0.6207585474673029
2025-12-24,ILI incidence,2025-12-28,2,HR,RIVM,KFdlm,WIS,317.239544044405,-2.7996522514644675,12,12,0.0
2025-12-24,ILI incidence,2025-12-28,2,HR,respicast,hubEnsemble,WIS,101.554974032577,-1.1563405393818353,12,6,0.7009342422650099
2025-12-24,ILI incidence,2025-12-28,2,HR,respicast,quantileBaseline,WIS,45.5625489130435,0.0,12,3,0.882899081342688
2025-12-24,ILI incidence,2025-12-28,2,HR,safinea,PRFM,WIS,9.52940947477468,2.25738973816048,12,1,1.0
2025-12-24,ILI incidence,2025-12-28,2,IE,ECDC,SARIMA,WIS,35.2984811544128,0.7249014539787502,14,4,0.848711743103558
2025-12-24,ILI incidence,2025-12-28,2,IE,ECDC,soca_simplex,WIS,9.66116900287716,2.594237890558279,14,2,0.9949432300590392
2025-12-24,ILI incidence,2025-12-28,2,IE,ISI,FluABCaster,WIS,102.11314710653,-0.8075891589896442,14,13,0.46761063956893384
2025-12-24,ILI incidence,2025-12-28,2,IE,ISI,GLEAM,WIS,184.094669565217,-1.6578683875444606,14,14,0.0
2025-12-24,ILI incidence,2025-12-28,2,IE,ISI,RespiVAR,WIS,31.1687518019638,0.9044071803101135,14,3,0.8722671166295671
2025-12-24,ILI incidence,2025-12-28,2,IE,ItaLuxColab,EpiEKF,WIS,38.9895070196604,0.581421648081951,14,5,0.8276586702433452
2025-12-24,ILI incidence,2025-12-28,2,IE,ItaLuxColab,EpiNetEKF,WIS,51.6099719619428,0.17685771475543388,14,9,0.7556733800666239
2025-12-24,ILI incidence,2025-12-28,2,IE,QMUL,ARIMA,WIS,76.8472429093417,-0.39748593887648104,14,12,0.6117236697567834
2025-12-24,ILI incidence,2025-12-28,2,IE,QMUL,SEIR,WIS,41.5640400830804,0.4891716685648101,14,6,0.812973909381727
2025-12-24,ILI incidence,2025-12-28,2,IE,QMUL,SEIR_agumented,WIS,47.2986806659749,0.3027076195478985,14,8,0.780264356420978
2025-12-24,ILI incidence,2025-12-28,2,IE,RIVM,KFdlm,WIS,65.9605211885905,-0.1770952367015441,14,11,0.6738199416235916
2025-12-24,ILI incidence,2025-12-28,2,IE,respicast,hubEnsemble,WIS,42.9482870125931,0.4419069708190798,14,7,0.8050783669153504
2025-12-24,ILI incidence,2025-12-28,2,IE,respicast,quantileBaseline,WIS,58.3408967391304,0.0,14,10,0.7172811674611899
2025-12-24,ILI incidence,2025-12-28,2,IE,safinea,PRFM,WIS,8.77461582507639,2.73309969454068,14,1,1.0
2025-12-24,ILI incidence,2025-12-28,2,IS,ECDC,SARIMA,WIS,18.1283786212225,0.565417314010172,12,3,0.7383024181967709
2025-12-24,ILI incidence,2025-12-28,2,IS,ECDC,soca_simplex,WIS,19.1096367141564,0.4893668600165971,12,4,0.7177330513286273
2025-12-24,ILI incidence,2025-12-28,2,IS,ISI,FluABCaster,WIS,42.8905349976186,-0.6769920995469739,12,11,0.2192321729470951
2025-12-24,ILI incidence,2025-12-28,2,IS,ISI,FluBcast,WIS,35.7741345686798,-0.41524965428238303,12,10,0.36840786103318157
2025-12-24,ILI incidence,2025-12-28,2,IS,ISI,RespiVAR,WIS,20.9610570139009,0.3559557418528454,12,5,0.6789231361322
2025-12-24,ILI incidence,2025-12-28,2,IS,ItaLuxColab,EpiEKF,WIS,12.2078621314143,1.1358566376728125,12,2,0.8624097010866771
2025-12-24,ILI incidence,2025-12-28,2,IS,ItaLuxColab,EpiNetEKF,WIS,26.7066273236587,0.006469416963162366,12,8,0.558483116916907
2025-12-24,ILI incidence,2025-12-28,2,IS,QMUL,ARIMA,WIS,23.1257208110441,0.21416887804880497,12,7,0.6335469358131813
2025-12-24,ILI incidence,2025-12-28,2,IS,RIVM,KFdlm,WIS,53.3489679340738,-0.9917931494885565,12,12,0.0
2025-12-24,ILI incidence,2025-12-28,2,IS,respicast,hubEnsemble,WIS,21.4840712740192,0.3203997992844651,12,6,0.6679595861027904
2025-12-24,ILI incidence,2025-12-28,2,IS,respicast,quantileBaseline,WIS,26.8266556521739,0.0,12,9,0.5559670543829234
2025-12-24,ILI incidence,2025-12-28,2,IS,safinea,PRFM,WIS,5.64414069150017,2.2488413565237977,12,1,1.0
2025-12-24,ILI incidence,2025-12-28,2,LT,ECDC,SARIMA,WIS,301.479731349827,-2.8706011421395443,13,11,0.8008646409366394
2025-12-24,ILI incidence,2025-12-28,2,LT,ECDC,soca_simplex,WIS,41.5159867369441,-0.010279023200338704,13,4,0.9807081868610409
2025-12-24,ILI incidence,2025-12-28,2,LT,ISI,FluABCaster,WIS,109.747293778894,-1.41272549521865,13,10,0.9335056039787479
2025-12-24,ILI incidence,2025-12-28,2,LT,ISI,RespiVAR,WIS,97.9050825777269,-1.2479957919173714,13,9,0.9416980742679222
2025-12-24,ILI incidence,2025-12-28,2,LT,ItaLuxColab,EpiEKF,WIS,80.8472838462644,-0.9718113406381015,13,7,0.9534987005979484
2025-12-24,ILI incidence,2025-12-28,2,LT,ItaLuxColab,EpiNetEKF,WIS,52.3941688411894,-0.34601829239219395,13,6,0.9731826342277222
2025-12-24,ILI incidence,2025-12-28,2,LT,QMUL,ARIMA,WIS,367.030472436992,-3.154439976688067,13,12,0.755516480051193
2025-12-24,ILI incidence,2025-12-28,2,LT,QMUL,SEIR,WIS,13.6296816810818,1.5966360963056554,13,1,1.0
2025-12-24,ILI incidence,2025-12-28,2,LT,QMUL,SEIR_agumented,WIS,14.69176538765,1.4883802019293535,13,2,0.999265247928544
2025-12-24,ILI incidence,2025-12-28,2,LT,RIVM,KFdlm,WIS,1459.12911996596,-5.1455757794327095,13,13,0.0
2025-12-24,ILI incidence,2025-12-28,2,LT,respicast,hubEnsemble,WIS,51.7080628276172,-0.32700129227964814,13,5,0.9736572840237723
2025-12-24,ILI incidence,2025-12-28,2,LT,respicast,quantileBaseline,WIS,41.2212417391304,0.0,13,3,0.9809120921618713
2025-12-24,ILI incidence,2025-12-28,2,LT,safinea,PRFM,WIS,90.3572682091821,-1.1322526891366267,13,8,0.9469196704641134
2025-12-24,ILI incidence,2025-12-28,2,LU,ECDC,SARIMA,WIS,1377.90175285798,0.031353387674377016,14,3,0.9914829668570673
2025-12-24,ILI incidence,2025-12-28,2,LU,ECDC,soca_simplex,WIS,1465.78926020029,-0.05785128653763305,14,5,0.9903199492726791
2025-12-24,ILI incidence,2025-12-28,2,LU,ISI,FluABCaster,WIS,1755.64347692731,-0.3181734904430231,14,6,0.9864843011679985
2025-12-24,ILI incidence,2025-12-28,2,LU,ISI,FluBcast,WIS,2216.66111681662,-0.6545618154733889,14,10,0.9803836432005791
2025-12-24,ILI incidence,2025-12-28,2,LU,ISI,RespiVAR,WIS,5704.17705738076,-2.018192351310221,14,12,0.9342332574704083
2025-12-24,ILI incidence,2025-12-28,2,LU,ItaLuxColab,EpiEKF,WIS,1864.31478492247,-0.40481906368420834,14,7,0.985046251029375
2025-12-24,ILI incidence,2025-12-28,2,LU,ItaLuxColab,EpiNetEKF,WIS,9221.94739565217,-2.711245023920527,14,13,0.887682514538143
2025-12-24,ILI incidence,2025-12-28,2,LU,QMUL,ARIMA,WIS,1890.02190775679,-0.424576544861873,14,9,0.9847060680294877
2025-12-24,ILI incidence,2025-12-28,2,LU,QMUL,SEIR,WIS,808.05318466678,0.801304255437289,14,2,0.9990237872226241
2025-12-24,ILI incidence,2025-12-28,2,LU,QMUL,SEIR_agumented,WIS,2814.86156666132,-0.999237560752955,14,11,0.9724676416754853
2025-12-24,ILI incidence,2025-12-28,2,LU,RIVM,KFdlm,WIS,76302.7934304439,-5.75983755734808,14,14,0.0
2025-12-24,ILI incidence,2025-12-28,2,LU,respicast,hubEnsemble,WIS,1866.06749612266,-0.4061747574186248,14,8,0.9850230573581946
2025-12-24,ILI incidence,2025-12-28,2,LU,respicast,quantileBaseline,WIS,1408.1747826087,0.0,14,4,0.9910823630966755
2025-12-24,ILI incidence,2025-12-28,2,LU,safinea,PRFM,WIS,734.282238473894,0.9394198041409808,14,1,1.0
2025-12-24,ILI incidence,2025-12-28,2,LV,ECDC,soca_simplex,WIS,218.015371342448,-0.017140143707709457,7,6,0.4758808516864094
2025-12-24,ILI incidence,2025-12-28,2,LV,ItaLuxColab,EpiEKF,WIS,105.138008199291,1.0350054042537349,7,4,0.8481792887956237
2025-12-24,ILI incidence,2025-12-28,2,LV,ItaLuxColab,EpiNetEKF,WIS,78.1947934373154,1.4621452585223715,7,3,0.9370449077936479
2025-12-24,ILI incidence,2025-12-28,2,LV,RIVM,KFdlm,WIS,362.297942404985,-0.7498868991205297,7,7,0.0
2025-12-24,ILI incidence,2025-12-28,2,LV,respicast,hubEnsemble,WIS,69.2469273778626,1.6374677507277853,7,2,0.9665572604623753
2025-12-24,ILI incidence,2025-12-28,2,LV,respicast,quantileBaseline,WIS,215.440534347826,0.0,7,5,0.48437332318127413
2025-12-24,ILI incidence,2025-12-28,2,LV,safinea,PRFM,WIS,59.1074052122536,1.8658789197640435,7,1,1.0
2025-12-24,ILI incidence,2025-12-28,2,MT,ECDC,SARIMA,WIS,393.161744334012,1.9738434807414837,11,1,1.0
2025-12-24,ILI incidence,2025-12-28,2,MT,ECDC,soca_simplex,WIS,1149.07019933047,0.42657139814008355,11,6,0.5529236607240472
2025-12-24,ILI incidence,2025-12-28,2,MT,ISI,FluABCaster,WIS,2083.94335943953,-0.43227773004316,11,11,0.0
2025-12-24,ILI incidence,2025-12-28,2,MT,ISI,RespiVAR,WIS,587.715981535871,1.3938473017340038,11,3,0.8849323676909526
2025-12-24,ILI incidence,2025-12-28,2,MT,ItaLuxColab,EpiEKF,WIS,1383.89587423941,0.15830293917380692,11,7,0.4140377911291823
2025-12-24,ILI incidence,2025-12-28,2,MT,ItaLuxColab,EpiNetEKF,WIS,1786.51152758079,-0.210106886674882,11,9,0.17591380767419684
2025-12-24,ILI incidence,2025-12-28,2,MT,QMUL,ARIMA,WIS,553.64367435054,1.480008676345267,11,2,0.9050841761095724
2025-12-24,ILI incidence,2025-12-28,2,MT,RIVM,KFdlm,WIS,1110.32506455312,0.4760562270261086,11,5,0.5758391776844868
2025-12-24,ILI incidence,2025-12-28,2,MT,respicast,hubEnsemble,WIS,638.113800377606,1.2751526959733501,11,4,0.8551249588621136
2025-12-24,ILI incidence,2025-12-28,2,MT,respicast,quantileBaseline,WIS,1544.39130434783,0.0,11,8,0.3191139827114974
2025-12-24,ILI incidence,2025-12-28,2,MT,safinea,PRFM,WIS,2069.63677627748,-0.4223392588786468,11,10,0.008461520420043916
2025-12-24,ILI incidence,2025-12-28,2,NL,ECDC,SARIMA,WIS,11.4538970929029,0.05190946705138428,14,2,0.9267618531439462
2025-12-24,ILI incidence,2025-12-28,2,NL,ECDC,soca_simplex,WIS,23.5306119537805,-0.9867908269531291,14,9,0.4486466488445593
2025-12-24,ILI incidence,2025-12-28,2,NL,ISI,FluABCaster,WIS,25.1788113022131,-1.0844621608346705,14,12,0.38339470100278483
2025-12-24,ILI incidence,2025-12-28,2,NL,ISI,GLEAM,WIS,13.2056608695652,-0.15340848829289336,14,5,0.8574098061997578
2025-12-24,ILI incidence,2025-12-28,2,NL,ISI,RespiVAR,WIS,25.1501158320242,-1.0828170307124618,14,11,0.384530750064958
2025-12-24,ILI incidence,2025-12-28,2,NL,ItaLuxColab,EpiEKF,WIS,19.7708499016023,-0.7356268765659462,14,7,0.5974950254438585
2025-12-24,ILI incidence,2025-12-28,2,NL,ItaLuxColab,EpiNetEKF,WIS,34.8629803927295,-1.5539478950889052,14,14,0.0
2025-12-24,ILI incidence,2025-12-28,2,NL,QMUL,ARIMA,WIS,12.9439869994304,-0.12453405003245123,14,4,0.8677694327472557
2025-12-24,ILI incidence,2025-12-28,2,NL,QMUL,SEIR,WIS,27.7472431843438,-1.2245964263777276,14,13,0.2817108947524531
2025-12-24,ILI incidence,2025-12-28,2,NL,QMUL,SEIR_agumented,WIS,15.4460011546811,-0.3794853704937244,14,6,0.7687150936510426
2025-12-24,ILI incidence,2025-12-28,2,NL,RIVM,KFdlm,WIS,9.6039742948699,0.3060445665483474,14,1,1.0
2025-12-24,ILI incidence,2025-12-28,2,NL,respicast,hubEnsemble,WIS,20.9419819714442,-0.8186499730758205,14,8,0.5511300946423596
2025-12-24,ILI incidence,2025-12-28,2,NL,respicast,quantileBaseline,WIS,11.8735226086957,0.0,14,3,0.910148946279477
2025-12-24,ILI incidence,2025-12-28,2,NL,safinea,PRFM,WIS,24.5106878065935,-1.0456629551081662,14,10,0.4098456030308031
2025-12-24,ILI incidence,2025-12-28,2,NO,ECDC,SARIMA,WIS,60.7575468032571,-0.30292642014872034,13,4,0.9045742047709986
2025-12-24,ILI incidence,2025-12-28,2,NO,ECDC,soca_simplex,WIS,109.170300812222,-1.1483713277417118,13,9,0.5030976512766897
2025-12-24,ILI incidence,2025-12-28,2,NO,ISI,FluABCaster,WIS,126.518603288529,-1.3611404297804617,13,12,0.3592319111480704
2025-12-24,ILI incidence,2025-12-28,2,NO,ISI,FluBcast,WIS,114.435241002023,-1.2163223023827718,13,10,0.45943663497996007
2025-12-24,ILI incidence,2025-12-28,2,NO,ISI,GLEAM,WIS,169.837213043478,-1.7859434980005067,13,13,0.0
2025-12-24,ILI incidence,2025-12-28,2,NO,ISI,RespiVAR,WIS,54.7935036993153,-0.15386765842687103,13,3,0.9540327311299548
2025-12-24,ILI incidence,2025-12-28,2,NO,ItaLuxColab,EpiEKF,WIS,54.3501765847471,-0.1421475231793179,13,2,0.957709147513837
2025-12-24,ILI incidence,2025-12-28,2,NO,ItaLuxColab,EpiNetEKF,WIS,76.9742042728944,-0.644237848945464,13,5,0.7700929532210018
2025-12-24,ILI incidence,2025-12-28,2,NO,QMUL,ARIMA,WIS,86.4168698232555,-0.8111757754023676,13,6,0.6917869593034401
2025-12-24,ILI incidence,2025-12-28,2,NO,RIVM,KFdlm,WIS,88.5144332496288,-0.8457755222107218,13,7,0.6743923170775481
2025-12-24,ILI incidence,2025-12-28,2,NO,respicast,hubEnsemble,WIS,97.244296144058,-0.981476432000969,13,8,0.6019974422335292
2025-12-24,ILI incidence,2025-12-28,2,NO,respicast,quantileBaseline,WIS,49.25046,0.0,13,1,1.0
2025-12-24,ILI incidence,2025-12-28,2,NO,safinea,PRFM,WIS,117.835427469003,-1.2585642491455244,13,11,0.4312396201241571
2025-12-24,ILI incidence,2025-12-28,2,PL,ECDC,SARIMA,WIS,117.51085130444,-0.06282662961192867,15,3,0.8168074798571032
2025-12-24,ILI incidence,2025-12-28,2,PL,ECDC,soca_simplex,WIS,127.64580121682,-0.18217872637331414,15,5,0.780510965625576
2025-12-24,ILI incidence,2025-12-28,2,PL,ISI,FluABCaster,WIS,222.171515610372,-0.981706505966372,15,11,0.44198399041676234
2025-12-24,ILI incidence,2025-12-28,2,PL,ISI,FluBcast,WIS,242.11998340419,-1.105754801156304,15,13,0.3705421134035345
2025-12-24,ILI incidence,2025-12-28,2,PL,ISI,GLEAM,WIS,345.585173913043,-1.6190739690786846,15,15,0.0
2025-12-24,ILI incidence,2025-12-28,2,PL,ISI,RespiVAR,WIS,231.445268438891,-1.04070371301762,15,12,0.40877169983515454
2025-12-24,ILI incidence,2025-12-28,2,PL,ItaLuxColab,EpiEKF,WIS,152.746279185099,-0.44116988110183547,15,7,0.690618083700141
2025-12-24,ILI incidence,2025-12-28,2,PL,ItaLuxColab,EpiNetEKF,WIS,244.089548703277,-1.1174431677743566,15,14,0.3634884668116644
2025-12-24,ILI incidence,2025-12-28,2,PL,QMUL,ARIMA,WIS,123.717839073303,-0.13708618370456122,15,4,0.7945782609823012
2025-12-24,ILI incidence,2025-12-28,2,PL,QMUL,SEIR,WIS,133.838565931491,-0.2505265361040152,15,6,0.7583326840808406
2025-12-24,ILI incidence,2025-12-28,2,PL,QMUL,SEIR_agumented,WIS,152.75773724625,-0.441278098913186,15,8,0.6905770486991565
2025-12-24,ILI incidence,2025-12-28,2,PL,RIVM,KFdlm,WIS,66.3586386118438,0.7616111621800045,15,1,1.0
2025-12-24,ILI incidence,2025-12-28,2,PL,respicast,hubEnsemble,WIS,163.171233992883,-0.5364193860349762,15,9,0.6532829686956209
2025-12-24,ILI incidence,2025-12-28,2,PL,respicast,quantileBaseline,WIS,112.503302826087,0.0,15,2,0.8347411209881347
2025-12-24,ILI incidence,2025-12-28,2,PL,safinea,PRFM,WIS,164.898360576953,-0.5516096994248293,15,10,0.6470975730912706
2025-12-24,ILI incidence,2025-12-28,2,RO,ECDC,SARIMA,WIS,5.23536082448614,0.41387951403275636,13,9,0.49815245301663
2025-12-24,ILI incidence,2025-12-28,2,RO,ISI,FluABCaster,WIS,4.06606391942892,0.7785355912518358,13,8,0.6263321946826941
2025-12-24,ILI incidence,2025-12-28,2,RO,ISI,FluBcast,WIS,0.657345797533006,3.407444079321077,13,1,1.0
2025-12-24,ILI incidence,2025-12-28,2,RO,ISI,RespiVAR,WIS,3.98957812372955,0.8059322887703134,13,7,0.634716660160595
2025-12-24,ILI incidence,2025-12-28,2,RO,ItaLuxColab,EpiEKF,WIS,2.82307778295487,1.304899606855965,13,4,0.7625898390659623
2025-12-24,ILI incidence,2025-12-28,2,RO,ItaLuxColab,EpiNetEKF,WIS,2.12022478401415,1.7179512601831886,13,3,0.8396374353127268
2025-12-24,ILI incidence,2025-12-28,2,RO,QMUL,ARIMA,WIS,3.43002693716753,1.0239485796824201,13,5,0.6960553383288653
2025-12-24,ILI incidence,2025-12-28,2,RO,QMUL,SEIR,WIS,2.08976472317599,1.7388279609293478,13,2,0.8429765040406791
2025-12-24,ILI incidence,2025-12-28,2,RO,QMUL,SEIR_agumented,WIS,7.13226291326652,-0.03219139923498655,13,11,0.2902117506560194
2025-12-24,ILI incidence,2025-12-28,2,RO,RIVM,KFdlm,WIS,8.17406469710573,-0.22888517612664802,13,12,0.1760081784561769
2025-12-24,ILI incidence,2025-12-28,2,RO,respicast,hubEnsemble,WIS,3.82229046163604,0.8677310710391932,13,6,0.6530549361094368
2025-12-24,ILI incidence,2025-12-28,2,RO,respicast,quantileBaseline,WIS,6.97488043478261,0.0,13,10,0.30746420839158944
2025-12-24,ILI incidence,2025-12-28,2,RO,safinea,PRFM,WIS,9.77966801365582,-0.48761700533746594,13,13,0.0
2025-12-24,ILI incidence,2025-12-28,2,SI,ECDC,SARIMA,WIS,479.7359003575,-1.1688739739966905,13,11,0.6644743840610928
2025-12-24,ILI incidence,2025-12-28,2,SI,ECDC,soca_simplex,WIS,211.186993000137,0.014845449732092304,13,8,0.8757466755921252
2025-12-24,ILI incidence,2025-12-28,2,SI,ISI,FluABCaster,WIS,255.748580239007,-0.2613597993998875,13,10,0.8406892674542181
2025-12-24,ILI incidence,2025-12-28,2,SI,ISI,FluBcast,WIS,112.616954575464,0.921942388926436,13,5,0.9532935109124052
2025-12-24,ILI incidence,2025-12-28,2,SI,ItaLuxColab,EpiEKF,WIS,99.0383388280968,1.107307410108207,13,4,0.9639760539657197
2025-12-24,ILI incidence,2025-12-28,2,SI,ItaLuxColab,EpiNetEKF,WIS,145.584036878478,0.5515142572617018,13,7,0.9273577099002588
2025-12-24,ILI incidence,2025-12-28,2,SI,QMUL,ARIMA,WIS,507.32117204806,-1.2495329381310507,13,12,0.6427725509763084
2025-12-24,ILI incidence,2025-12-28,2,SI,QMUL,SEIR,WIS,64.3540637504745,1.7292632736757612,13,2,0.991262801649227
2025-12-24,ILI incidence,2025-12-28,2,SI,QMUL,SEIR_agumented,WIS,53.2481820777708,2.002562254735623,13,1,1.0
2025-12-24,ILI incidence,2025-12-28,2,SI,RIVM,KFdlm,WIS,1324.35148394127,-2.633847728642089,13,13,0.0
2025-12-24,ILI incidence,2025-12-28,2,SI,respicast,hubEnsemble,WIS,125.762079391233,0.7626694547284993,13,6,0.9429520030298454
2025-12-24,ILI incidence,2025-12-28,2,SI,respicast,quantileBaseline,WIS,213.371343695652,0.0,13,9,0.8740282073194736
2025-12-24,ILI incidence,2025-12-28,2,SI,safinea,PRFM,WIS,94.0315412444651,1.182149761591483,13,3,0.9679149923480617
2025-12-24,ILI incidence,2026-01-04,3,AT,ECDC,soca_simplex,WIS,472.799748805802,-0.34351811501901536,11,7,0.8537755393280914
2025-12-24,ILI incidence,2026-01-04,3,AT,ISI,FluABCaster,WIS,508.916491394899,-0.449717788474748,11,8,0.8303978986166641
2025-12-24,ILI incidence,2026-01-04,3,AT,ISI,FluBcast,WIS,355.926496842916,0.06613181615414693,11,3,0.9294252435178942
2025-12-24,ILI incidence,2026-01-04,3,AT,ISI,GLEAM,WIS,1791.82042173913,-2.2656429969999357,11,11,0.0
2025-12-24,ILI incidence,2026-01-04,3,AT,ISI,RespiVAR,WIS,561.382759565659,-0.5912736044098134,11,10,0.7964375389928792
2025-12-24,ILI incidence,2026-01-04,3,AT,ItaLuxColab,EpiEKF,WIS,556.946311634879,-0.5798271077222702,11,9,0.7993091624651475
2025-12-24,ILI incidence,2026-01-04,3,AT,ItaLuxColab,EpiNetEKF,WIS,246.893667370672,0.5938213210492793,11,1,1.0
2025-12-24,ILI incidence,2026-01-04,3,AT,RIVM,KFdlm,WIS,461.775626761257,-0.30948087341831065,11,6,0.8609112316923883
2025-12-24,ILI incidence,2026-01-04,3,AT,respicast,hubEnsemble,WIS,426.517917215368,-0.19489519371542044,11,5,0.8837328376010138
2025-12-24,ILI incidence,2026-01-04,3,AT,respicast,quantileBaseline,WIS,372.621560652174,0.0,11,4,0.9186188646639771
2025-12-24,ILI incidence,2026-01-04,3,AT,safinea,PRFM,WIS,271.18907675717,0.45841208477071194,11,2,0.9842740703934344
2025-12-24,ILI incidence,2026-01-04,3,BE,ECDC,SARIMA,WIS,32.5662325310922,-0.27681585212832277,15,3,0.9709995542126157
2025-12-24,ILI incidence,2026-01-04,3,BE,ECDC,soca_simplex,WIS,93.9007231959395,-1.8045752920170117,15,11,0.6850398601920575
2025-12-24,ILI incidence,2026-01-04,3,BE,ISI,FluABCaster,WIS,58.5718024189338,-1.1236453137900004,15,8,0.8497538288899216
2025-12-24,ILI incidence,2026-01-04,3,BE,ISI,FluBcast,WIS,75.3821035764029,-1.4876610775911563,15,10,0.7713791897060606
2025-12-24,ILI incidence,2026-01-04,3,BE,ISI,GLEAM,WIS,240.832517391304,-3.163397316807669,15,15,0.0
2025-12-24,ILI incidence,2026-01-04,3,BE,ISI,RespiVAR,WIS,215.486849705914,-3.0029669479027707,15,14,0.11816906437954385
2025-12-24,ILI incidence,2026-01-04,3,BE,ItaLuxColab,EpiEKF,WIS,54.9670908541896,-1.0320071493117404,15,7,0.8665600696349418
2025-12-24,ILI incidence,2026-01-04,3,BE,ItaLuxColab,EpiNetEKF,WIS,170.439849241676,-2.6646297982961404,15,13,0.3281916198726198
2025-12-24,ILI incidence,2026-01-04,3,BE,QMUL,ARIMA,WIS,26.346028744978,0.028975462761206376,15,1,1.0
2025-12-24,ILI incidence,2026-01-04,3,BE,QMUL,SEIR,WIS,63.6372406956866,-1.2433103047936238,15,9,0.8261372444200934
2025-12-24,ILI incidence,2026-01-04,3,BE,QMUL,SEIR_agumented,WIS,53.6677459528619,-0.9974943190224919,15,6,0.872618003211682
2025-12-24,ILI incidence,2026-01-04,3,BE,RIVM,KFdlm,WIS,33.4838295986415,-0.3169035635218037,15,4,0.9667214429276557
2025-12-24,ILI incidence,2026-01-04,3,BE,respicast,hubEnsemble,WIS,44.9633401210617,-0.7421882336407616,15,5,0.9132005400732612
2025-12-24,ILI incidence,2026-01-04,3,BE,respicast,quantileBaseline,WIS,26.8805186956522,0.0,15,2,0.9975080483901458
2025-12-24,ILI incidence,2026-01-04,3,BE,safinea,PRFM,WIS,121.650155212549,-2.1781052787684105,15,12,0.5556637293609614
2025-12-24,ILI incidence,2026-01-04,3,CH,ItaLuxColab,EpiEKF,WIS,26.7016196752398,0.4718900981431751,4,1,1.0
2025-12-24,ILI incidence,2026-01-04,3,CH,ItaLuxColab,EpiNetEKF,WIS,128.718902916833,-1.7973346757303508,4,4,0.0
2025-12-24,ILI incidence,2026-01-04,3,CH,respicast,hubEnsemble,WIS,44.2376403153226,-0.25645707851579425,4,3,0.8281073551179097
2025-12-24,ILI incidence,2026-01-04,3,CH,respicast,quantileBaseline,WIS,37.0331521905948,0.0,4,2,0.8987276254858868
2025-12-24,ILI incidence,2026-01-04,3,CZ,ECDC,SARIMA,WIS,23.7877752535852,-0.920390203122442,15,4,0.7939643590358895
2025-12-24,ILI incidence,2026-01-04,3,CZ,ECDC,soca_simplex,WIS,5.26601152830511,1.255047562380331,15,1,1.0
2025-12-24,ILI incidence,2026-01-04,3,CZ,ISI,FluABCaster,WIS,25.2060472545291,-1.0039397491087931,15,5,0.7781875364227661
2025-12-24,ILI incidence,2026-01-04,3,CZ,ISI,FluBcast,WIS,95.161932635015,-2.9205544244072246,15,15,0.0
2025-12-24,ILI incidence,2026-01-04,3,CZ,ISI,GLEAM,WIS,58.719452173913,-2.224008361332434,15,12,0.4053852501032098
2025-12-24,ILI incidence,2026-01-04,3,CZ,ISI,RespiVAR,WIS,52.6868071655817,-2.06761160744473,15,9,0.47249224376947774
2025-12-24,ILI incidence,2026-01-04,3,CZ,ItaLuxColab,EpiEKF,WIS,51.7006393709774,-2.0403519749424834,15,8,0.48346234989291
2025-12-24,ILI incidence,2026-01-04,3,CZ,ItaLuxColab,EpiNetEKF,WIS,62.2408776087395,-2.308032255538795,15,13,0.36621300077894475
2025-12-24,ILI incidence,2026-01-04,3,CZ,QMUL,ARIMA,WIS,27.6324494559665,-1.1365333071298795,15,6,0.7511962984270267
2025-12-24,ILI incidence,2026-01-04,3,CZ,QMUL,SEIR,WIS,83.8032784409884,-2.7371765370199275,15,14,0.12635338794230114
2025-12-24,ILI incidence,2026-01-04,3,CZ,QMUL,SEIR_agumented,WIS,53.0817625003073,-2.0783861268129273,15,10,0.46809877040757986
2025-12-24,ILI incidence,2026-01-04,3,CZ,RIVM,KFdlm,WIS,58.1063110415864,-2.2088647188916757,15,11,0.4122058168739621
2025-12-24,ILI incidence,2026-01-04,3,CZ,respicast,hubEnsemble,WIS,48.8153910895587,-1.957505942124815,15,7,0.5155577803184328
2025-12-24,ILI incidence,2026-01-04,3,CZ,respicast,quantileBaseline,WIS,12.5686539130435,0.0,15,2,0.9187655869717395
2025-12-24,ILI incidence,2026-01-04,3,CZ,safinea,PRFM,WIS,22.9646688878144,-0.8695858352395017,15,3,0.8031205738634092
2025-12-24,ILI incidence,2026-01-04,3,EE,ECDC,soca_simplex,WIS,58.6549816892185,0.30963222336129853,11,4,0.9586293882255317
2025-12-24,ILI incidence,2026-01-04,3,EE,ISI,FluABCaster,WIS,69.5226845091927,0.06440207727072862,11,5,0.9449352766212742
2025-12-24,ILI incidence,2026-01-04,3,EE,ISI,FluBcast,WIS,25.8230954567694,1.4932239186702392,11,1,1.0
2025-12-24,ILI incidence,2026-01-04,3,EE,ISI,GLEAM,WIS,819.427173913043,-3.4946579633733847,11,11,0.0
2025-12-24,ILI incidence,2026-01-04,3,EE,ISI,RespiVAR,WIS,117.879471406356,-0.6973547232613501,11,10,0.8840021385365665
2025-12-24,ILI incidence,2026-01-04,3,EE,ItaLuxColab,EpiEKF,WIS,97.1331816516746,-0.418078350780258,11,9,0.910144002367505
2025-12-24,ILI incidence,2026-01-04,3,EE,ItaLuxColab,EpiNetEKF,WIS,49.1612668403177,0.5643637747954008,11,2,0.9705921730783618
2025-12-24,ILI incidence,2026-01-04,3,EE,RIVM,KFdlm,WIS,94.2229184751726,-0.37419215105595693,11,8,0.913811149822396
2025-12-24,ILI incidence,2026-01-04,3,EE,respicast,hubEnsemble,WIS,54.8826077461137,0.4055368351319999,11,3,0.9633828591885879
2025-12-24,ILI incidence,2026-01-04,3,EE,respicast,quantileBaseline,WIS,72.6964980434782,0.0,11,7,0.9409360361682019
2025-12-24,ILI incidence,2026-01-04,3,EE,safinea,PRFM,WIS,70.8530929599894,0.037055035213510355,11,6,0.9432588632976625
2025-12-24,ILI incidence,2026-01-04,3,ES,ECDC,SARIMA,WIS,54.6987407115044,0.44447744393053895,13,5,0.9201591101709071
2025-12-24,ILI incidence,2026-01-04,3,ES,ECDC,soca_simplex,WIS,54.8603424255862,0.4402214360504021,13,6,0.919855357683342
2025-12-24,ILI incidence,2026-01-04,3,ES,ISI,FluABCaster,WIS,191.906230345217,-1.3663445818643705,13,11,0.6622588983716389
2025-12-24,ILI incidence,2026-01-04,3,ES,ISI,GLEAM,WIS,544.239717391304,-2.8701852767243228,13,13,0.0
2025-12-24,ILI incidence,2026-01-04,3,ES,ItaLuxColab,EpiEKF,WIS,57.8287840815163,0.3641972951607355,13,8,0.9142757662643759
2025-12-24,ILI incidence,2026-01-04,3,ES,ItaLuxColab,EpiNetEKF,WIS,33.8771139066381,1.1356740908641914,13,3,0.9592962008451537
2025-12-24,ILI incidence,2026-01-04,3,ES,QMUL,ARIMA,WIS,24.7958209936433,1.5858880692255877,13,2,0.9763657308826532
2025-12-24,ILI incidence,2026-01-04,3,ES,QMUL,SEIR,WIS,115.890951164264,-0.6387109558917998,13,10,0.805139995118499
2025-12-24,ILI incidence,2026-01-04,3,ES,QMUL,SEIR_agumented,WIS,40.1941446460348,0.888999713705336,13,4,0.9474224790098361
2025-12-24,ILI incidence,2026-01-04,3,ES,RIVM,KFdlm,WIS,369.43043034812,-2.3112457390787275,13,12,0.32857792437767197
2025-12-24,ILI incidence,2026-01-04,3,ES,respicast,hubEnsemble,WIS,54.9104165840966,0.43890520674084177,13,7,0.9197612364650325
2025-12-24,ILI incidence,2026-01-04,3,ES,respicast,quantileBaseline,WIS,74.4352019565218,0.0,13,9,0.8830617363406131
2025-12-24,ILI incidence,2026-01-04,3,ES,safinea,PRFM,WIS,12.2219703857085,2.6065081727961474,13,1,1.0
2025-12-24,ILI incidence,2026-01-04,3,FI,ECDC,SARIMA,WIS,27.5381687147951,0.7661186082819627,15,7,0.7719425998280891
2025-12-24,ILI incidence,2026-01-04,3,FI,ECDC,soca_simplex,WIS,58.3899848364383,-0.31816970458800176,15,11,0.45282837797149506
2025-12-24,ILI incidence,2026-01-04,3,FI,ISI,FluABCaster,WIS,5.48968421182087,3.0927561646327666,15,1,1.0
2025-12-24,ILI incidence,2026-01-04,3,FI,ISI,FluBcast,WIS,13.6249656722423,1.7812986368220418,15,2,0.9158531218197702
2025-12-24,ILI incidence,2026-01-04,3,FI,ISI,GLEAM,WIS,96.7635521739131,-1.046912499502676,15,14,0.055913297430438304
2025-12-24,ILI incidence,2026-01-04,3,FI,ISI,RespiVAR,WIS,24.5998742222925,0.9289002927137504,15,6,0.8023347024149674
2025-12-24,ILI incidence,2026-01-04,3,FI,ItaLuxColab,EpiEKF,WIS,17.9413990281738,1.3842588392666537,15,5,0.8712063086097165
2025-12-24,ILI incidence,2026-01-04,3,FI,ItaLuxColab,EpiNetEKF,WIS,13.948528324777,1.7474383170356442,15,3,0.912506367655336
2025-12-24,ILI incidence,2026-01-04,3,FI,QMUL,ARIMA,WIS,58.2100045981034,-0.31371589966429175,15,10,0.4546899945933287
2025-12-24,ILI incidence,2026-01-04,3,FI,QMUL,SEIR,WIS,62.8210095714208,-0.42369589627111803,15,12,0.4069962945454789
2025-12-24,ILI incidence,2026-01-04,3,FI,QMUL,SEIR_agumented,WIS,57.9469329799563,-0.3071810722880596,15,9,0.45741106275951277
2025-12-24,ILI incidence,2026-01-04,3,FI,RIVM,KFdlm,WIS,102.16922403975,-1.1253375484017323,15,15,0.0
2025-12-24,ILI incidence,2026-01-04,3,FI,respicast,hubEnsemble,WIS,16.5960628010034,1.4967102102612682,15,4,0.8851217268002131
2025-12-24,ILI incidence,2026-01-04,3,FI,respicast,quantileBaseline,WIS,46.8338367391304,0.0,15,8,0.5723588196541469
2025-12-24,ILI incidence,2026-01-04,3,FI,safinea,PRFM,WIS,70.9857916493867,-0.5999790551535324,15,13,0.322544278198508
2025-12-24,ILI incidence,2026-01-04,3,FR,ECDC,SARIMA,WIS,13.9477563866096,-0.04844752652953346,15,3,0.9923404468324066
2025-12-24,ILI incidence,2026-01-04,3,FR,ECDC,soca_simplex,WIS,16.9376634266091,-0.3286493220682887,15,4,0.9872196375591322
2025-12-24,ILI incidence,2026-01-04,3,FR,ISI,FluABCaster,WIS,168.717825930554,-3.6449549603144247,15,12,0.7272659823948494
2025-12-24,ILI incidence,2026-01-04,3,FR,ISI,FluBcast,WIS,196.062398307223,-3.8616554260537477,15,13,0.6804329745698996
2025-12-24,ILI incidence,2026-01-04,3,FR,ISI,GLEAM,WIS,593.349473913044,-5.45922463105613,15,15,0.0
2025-12-24,ILI incidence,2026-01-04,3,FR,ISI,RespiVAR,WIS,19.0796143134338,-0.5004464635385263,15,5,0.9835511215091643
2025-12-24,ILI incidence,2026-01-04,3,FR,ItaLuxColab,EpiEKF,WIS,71.4234646141065,-2.404812573355056,15,9,0.893901888127442
2025-12-24,ILI incidence,2026-01-04,3,FR,ItaLuxColab,EpiNetEKF,WIS,96.7445623655307,-2.8425950306631993,15,10,0.8505344822381266
2025-12-24,ILI incidence,2026-01-04,3,FR,QMUL,ARIMA,WIS,9.47554296937484,0.5093050242599177,15,1,1.0
2025-12-24,ILI incidence,2026-01-04,3,FR,QMUL,SEIR,WIS,165.092483858037,-3.6136169906502795,15,11,0.7334751002889428
2025-12-24,ILI incidence,2026-01-04,3,FR,QMUL,SEIR_agumented,WIS,19.5993248306518,-0.5392184117566498,15,6,0.9826610140909791
2025-12-24,ILI incidence,2026-01-04,3,FR,RIVM,KFdlm,WIS,257.466706129608,-4.2547284349703585,15,14,0.5752659092701319
2025-12-24,ILI incidence,2026-01-04,3,FR,respicast,hubEnsemble,WIS,62.9595383585208,-2.2228394179247126,15,8,0.9083980418466293
2025-12-24,ILI incidence,2026-01-04,3,FR,respicast,quantileBaseline,WIS,13.4871502173913,0.0,15,2,0.993129326323008
2025-12-24,ILI incidence,2026-01-04,3,FR,safinea,PRFM,WIS,20.5590500074836,-0.6081880574121475,15,7,0.9810172942296029
2025-12-24,ILI incidence,2026-01-04,3,GB-NIR,ECDC,soca_simplex,WIS,12.880303290581,-0.4873500884544138,8,4,0.8167189167771862
2025-12-24,ILI incidence,2026-01-04,3,GB-NIR,ISI,FluABCaster,WIS,32.271348608024,-1.812437392467193,8,7,0.3263505262591677
2025-12-24,ILI incidence,2026-01-04,3,GB-NIR,ISI,FluBcast,WIS,15.85207477726,-0.7868552015791576,8,6,0.7415675890868086
2025-12-24,ILI incidence,2026-01-04,3,GB-NIR,ItaLuxColab,EpiEKF,WIS,5.63266690266209,0.7059264133355522,8,1,1.0
2025-12-24,ILI incidence,2026-01-04,3,GB-NIR,RIVM,KFdlm,WIS,45.1764990345794,-2.2977559966842938,8,8,0.0
2025-12-24,ILI incidence,2026-01-04,3,GB-NIR,respicast,hubEnsemble,WIS,7.50906079550308,0.29111209894423584,8,2,0.9525490122813239
2025-12-24,ILI incidence,2026-01-04,3,GB-NIR,respicast,quantileBaseline,WIS,9.18795996998944,0.0,8,3,0.9100923487772511
2025-12-24,ILI incidence,2026-01-04,3,GB-NIR,safinea,PRFM,WIS,13.462488762078,-0.551128664145481,8,5,0.8019963812992174
2025-12-24,ILI incidence,2026-01-04,3,GB-SCT,ECDC,SARIMA,WIS,36.8988165450853,-0.7877833599425765,9,7,0.4421579975819502
2025-12-24,ILI incidence,2026-01-04,3,GB-SCT,ECDC,soca_simplex,WIS,16.7280147877469,0.35352494316066135,9,3,0.7744162367204287
2025-12-24,ILI incidence,2026-01-04,3,GB-SCT,ISI,FluABCaster,WIS,63.7414355205326,-1.5764403248495766,9,9,0.0
2025-12-24,ILI incidence,2026-01-04,3,GB-SCT,ItaLuxColab,EpiEKF,WIS,13.0885030734386,0.7074910792632171,9,2,0.8343671384281408
2025-12-24,ILI incidence,2026-01-04,3,GB-SCT,QMUL,ARIMA,WIS,27.0235056347998,-0.3384236554209308,9,6,0.6048264652745019
2025-12-24,ILI incidence,2026-01-04,3,GB-SCT,RIVM,KFdlm,WIS,55.5584668469086,-1.3782156026928936,9,8,0.1347918042689842
2025-12-24,ILI incidence,2026-01-04,3,GB-SCT,respicast,hubEnsemble,WIS,25.8897696617648,-0.27659094424759795,9,5,0.6235016335985133
2025-12-24,ILI incidence,2026-01-04,3,GB-SCT,respicast,quantileBaseline,WIS,21.3730260869026,0.0,9,4,0.6979025069439552
2025-12-24,ILI incidence,2026-01-04,3,GB-SCT,safinea,PRFM,WIS,3.03322912769845,2.816864798340716,9,1,1.0
2025-12-24,ILI incidence,2026-01-04,3,GB-WLS,ItaLuxColab,EpiEKF,WIS,5.82103644189185,0.4155286640699932,4,1,1.0
2025-12-24,ILI incidence,2026-01-04,3,GB-WLS,respicast,hubEnsemble,WIS,7.23841872654632,0.1011301466530611,4,2,0.6764869578772463
2025-12-24,ILI incidence,2026-01-04,3,GB-WLS,respicast,quantileBaseline,WIS,7.7640247308869,0.0,4,3,0.5565190428953974
2025-12-24,ILI incidence,2026-01-04,3,GB-WLS,safinea,PRFM,WIS,10.2022579078155,-0.3940118582808149,4,4,0.0
2025-12-24,ILI incidence,2026-01-04,3,GR,ECDC,SARIMA,WIS,547.829862458228,-0.05477058232371553,15,11,0.3353042818995656
2025-12-24,ILI incidence,2026-01-04,3,GR,ECDC,soca_simplex,WIS,638.604682341923,-0.2759658031610597,15,12,0.19825236747227765
2025-12-24,ILI incidence,2026-01-04,3,GR,ISI,FluABCaster,WIS,380.105265441187,0.4725583174378945,15,7,0.5885350472944504
2025-12-24,ILI incidence,2026-01-04,3,GR,ISI,FluBcast,WIS,162.22437435849,1.7009667257625551,15,3,0.9174918359530936
2025-12-24,ILI incidence,2026-01-04,3,GR,ISI,GLEAM,WIS,107.576004347826,2.293601018239751,15,1,1.0
2025-12-24,ILI incidence,2026-01-04,3,GR,ISI,RespiVAR,WIS,322.295761835751,0.7105721106400944,15,5,0.6758158940244952
2025-12-24,ILI incidence,2026-01-04,3,GR,ItaLuxColab,EpiEKF,WIS,311.678368977039,0.7588992949515432,15,4,0.6918460444492218
2025-12-24,ILI incidence,2026-01-04,3,GR,ItaLuxColab,EpiNetEKF,WIS,143.17908400983,1.8811365726571707,15,2,0.9462464344910109
2025-12-24,ILI incidence,2026-01-04,3,GR,QMUL,ARIMA,WIS,689.407384482855,-0.3863994241630268,15,13,0.12155039664584309
2025-12-24,ILI incidence,2026-01-04,3,GR,QMUL,SEIR,WIS,769.914945493044,-0.545741748501538,15,15,0.0
2025-12-24,ILI incidence,2026-01-04,3,GR,QMUL,SEIR_agumented,WIS,736.812633149339,-0.4823404697859266,15,14,0.04997790449474309
2025-12-24,ILI incidence,2026-01-04,3,GR,RIVM,KFdlm,WIS,522.007921951817,0.014885626644931548,15,9,0.3742902736665053
2025-12-24,ILI incidence,2026-01-04,3,GR,respicast,hubEnsemble,WIS,396.78678942022,0.4105933342548759,15,8,0.5633492656005795
2025-12-24,ILI incidence,2026-01-04,3,GR,respicast,quantileBaseline,WIS,527.421845434783,0.0,15,10,0.3661163265426883
2025-12-24,ILI incidence,2026-01-04,3,GR,safinea,PRFM,WIS,345.507574087631,0.6102399906539729,15,6,0.6407706765233989
2025-12-24,ILI incidence,2026-01-04,3,HR,ECDC,SARIMA,WIS,154.576131955601,-1.2593570901681188,12,10,0.8081502889578708
2025-12-24,ILI incidence,2026-01-04,3,HR,ECDC,soca_simplex,WIS,105.109863475524,-0.7029375774135226,12,5,0.8747757884954422
2025-12-24,ILI incidence,2026-01-04,3,HR,ISI,FluABCaster,WIS,165.55240692174,-1.3583275055668655,12,11,0.7933664812207805
2025-12-24,ILI incidence,2026-01-04,3,HR,ItaLuxColab,EpiEKF,WIS,54.1937736512395,0.2527614659896445,12,3,0.943354034303676
2025-12-24,ILI incidence,2026-01-04,3,HR,ItaLuxColab,EpiNetEKF,WIS,34.558536093082,0.9018464692336863,12,2,0.9698004906677339
2025-12-24,ILI incidence,2026-01-04,3,HR,QMUL,ARIMA,WIS,150.848578149793,-1.224140617894854,12,9,0.8131708846485516
2025-12-24,ILI incidence,2026-01-04,3,HR,QMUL,SEIR,WIS,108.433749909999,-0.7478533838854468,12,6,0.8702988873483049
2025-12-24,ILI incidence,2026-01-04,3,HR,QMUL,SEIR_agumented,WIS,150.494659951967,-1.2207518160297877,12,8,0.8136475726513082
2025-12-24,ILI incidence,2026-01-04,3,HR,RIVM,KFdlm,WIS,754.589331756054,-3.5467312234632797,12,12,0.0
2025-12-24,ILI incidence,2026-01-04,3,HR,respicast,hubEnsemble,WIS,112.580758296171,-0.8019997904579773,12,7,0.8647133335193056
2025-12-24,ILI incidence,2026-01-04,3,HR,respicast,quantileBaseline,WIS,64.5710986956522,0.0,12,4,0.9293769447395783
2025-12-24,ILI incidence,2026-01-04,3,HR,safinea,PRFM,WIS,12.1368349881762,2.4114963267297522,12,1,1.0
2025-12-24,ILI incidence,2026-01-04,3,HU,ECDC,SARIMA,WIS,205.331466192056,-0.6290541120989823,15,5,0.818492018573241
2025-12-24,ILI incidence,2026-01-04,3,HU,ECDC,soca_simplex,WIS,154.048623326626,-0.21448517032719433,15,3,0.9410088062306181
2025-12-24,ILI incidence,2026-01-04,3,HU,ISI,FluABCaster,WIS,357.994715889497,-1.431037673734389,15,14,0.4537733348733789
2025-12-24,ILI incidence,2026-01-04,3,HU,ISI,FluBcast,WIS,206.222123140696,-0.6352984914568663,15,7,0.8163642030670213
2025-12-24,ILI incidence,2026-01-04,3,HU,ISI,GLEAM,WIS,547.934291304348,-2.04510227517926,15,15,0.0
2025-12-24,ILI incidence,2026-01-04,3,HU,ISI,RespiVAR,WIS,232.748345179166,-0.8098702910858832,15,11,0.7529919847723441
2025-12-24,ILI incidence,2026-01-04,3,HU,ItaLuxColab,EpiEKF,WIS,184.727469402649,-0.47649779507118,15,4,0.8677158010020954
2025-12-24,ILI incidence,2026-01-04,3,HU,ItaLuxColab,EpiNetEKF,WIS,330.174477726308,-1.3143279858708232,15,13,0.5202370100748708
2025-12-24,ILI incidence,2026-01-04,3,HU,QMUL,ARIMA,WIS,206.218037467307,-0.6352699084947779,15,6,0.8163739639061455
2025-12-24,ILI incidence,2026-01-04,3,HU,QMUL,SEIR,WIS,215.593527814784,-0.6994132492873429,15,9,0.7939755379237992
2025-12-24,ILI incidence,2026-01-04,3,HU,QMUL,SEIR_agumented,WIS,239.232633444571,-0.8495135800116308,15,12,0.737500757606828
2025-12-24,ILI incidence,2026-01-04,3,HU,RIVM,KFdlm,WIS,213.55682787488,-0.6857194055100913,15,8,0.7988412965307039
2025-12-24,ILI incidence,2026-01-04,3,HU,respicast,hubEnsemble,WIS,230.875028444662,-0.7982115196568565,15,10,0.7574674142874062
2025-12-24,ILI incidence,2026-01-04,3,HU,respicast,quantileBaseline,WIS,132.767369782609,0.0,15,2,0.9918505824632056
2025-12-24,ILI incidence,2026-01-04,3,HU,safinea,PRFM,WIS,129.356202162438,0.03755139160155034,15,1,1.0
2025-12-24,ILI incidence,2026-01-04,3,IE,ECDC,SARIMA,WIS,6.65676070160209,2.419702189920673,14,2,0.9939898986594219
2025-12-24,ILI incidence,2026-01-04,3,IE,ECDC,soca_simplex,WIS,10.1960029665161,1.8045907037445172,14,4,0.9824188383175262
2025-12-24,ILI incidence,2026-01-04,3,IE,ISI,FluABCaster,WIS,96.3132487046019,-1.4351398646961773,14,13,0.7008704806954317
2025-12-24,ILI incidence,2026-01-04,3,IE,ISI,GLEAM,WIS,310.688626086957,-3.1248031201265696,14,14,0.0
2025-12-24,ILI incidence,2026-01-04,3,IE,ISI,RespiVAR,WIS,4.81844994593407,2.8859533784015934,14,1,1.0
2025-12-24,ILI incidence,2026-01-04,3,IE,ItaLuxColab,EpiEKF,WIS,9.81838763374581,1.8590363708680306,14,3,0.9836533991286992
2025-12-24,ILI incidence,2026-01-04,3,IE,ItaLuxColab,EpiNetEKF,WIS,16.9228574387023,1.0736212126714189,14,6,0.9604263232019474
2025-12-24,ILI incidence,2026-01-04,3,IE,QMUL,ARIMA,WIS,45.36449612328,-0.3489692324327209,14,11,0.8674403412294373
2025-12-24,ILI incidence,2026-01-04,3,IE,QMUL,SEIR,WIS,18.2704171341465,0.9630848292781083,14,8,0.9560206641983612
2025-12-24,ILI incidence,2026-01-04,3,IE,QMUL,SEIR_agumented,WIS,24.6178466825251,0.532889826835396,14,9,0.9352686261001711
2025-12-24,ILI incidence,2026-01-04,3,IE,RIVM,KFdlm,WIS,72.2011647835034,-1.0194277095743132,14,12,0.7797015855298615
2025-12-24,ILI incidence,2026-01-04,3,IE,respicast,hubEnsemble,WIS,16.6518422585549,1.096912604836325,14,5,0.9613123696402326
2025-12-24,ILI incidence,2026-01-04,3,IE,respicast,quantileBaseline,WIS,35.6177010869565,0.0,14,10,0.8993061320014988
2025-12-24,ILI incidence,2026-01-04,3,IE,safinea,PRFM,WIS,18.0051025030095,0.9841885891565899,14,7,0.956888073484498
2025-12-24,ILI incidence,2026-01-04,3,IS,ECDC,SARIMA,WIS,15.6895384152209,0.9382153268001134,12,3,0.8526195048425013
2025-12-24,ILI incidence,2026-01-04,3,IS,ECDC,soca_simplex,WIS,28.8824678060498,0.0578242200233122,12,7,0.6748317514054968
2025-12-24,ILI incidence,2026-01-04,3,IS,ISI,FluABCaster,WIS,52.2187418885038,-0.7965494632952351,12,11,0.3603524102522112
2025-12-24,ILI incidence,2026-01-04,3,IS,ISI,FluBcast,WIS,38.6337069126443,-0.36184187534176626,12,10,0.5434241737075785
2025-12-24,ILI incidence,2026-01-04,3,IS,ISI,RespiVAR,WIS,26.0717608878229,0.20553020992719276,12,4,0.7127088031017471
2025-12-24,ILI incidence,2026-01-04,3,IS,ItaLuxColab,EpiEKF,WIS,12.1109932456912,1.3117010477143884,12,2,0.90084393532462
2025-12-24,ILI incidence,2026-01-04,3,IS,ItaLuxColab,EpiNetEKF,WIS,31.0583325463139,-0.046962140900149135,12,9,0.645509825054306
2025-12-24,ILI incidence,2026-01-04,3,IS,QMUL,ARIMA,WIS,27.0364040736974,0.15311495434808994,12,5,0.69970928344964
2025-12-24,ILI incidence,2026-01-04,3,IS,RIVM,KFdlm,WIS,78.9590758674522,-1.3930868688972806,12,12,0.0
2025-12-24,ILI incidence,2026-01-04,3,IS,respicast,hubEnsemble,WIS,27.0766545023927,0.150968740250803,12,6,0.6991668691699435
2025-12-24,ILI incidence,2026-01-04,3,IS,respicast,quantileBaseline,WIS,30.0636095652174,0.0,12,8,0.6589146996551087
2025-12-24,ILI incidence,2026-01-04,3,IS,safinea,PRFM,WIS,4.75301197507308,2.6611042941899212,12,1,1.0
2025-12-24,ILI incidence,2026-01-04,3,LT,ECDC,SARIMA,WIS,336.935569279259,-1.7681489603425902,13,11,0.9257534079314995
2025-12-24,ILI incidence,2026-01-04,3,LT,ECDC,soca_simplex,WIS,24.2755487921687,2.0267479613269144,13,2,0.9985439226584193
2025-12-24,ILI incidence,2026-01-04,3,LT,ISI,FluABCaster,WIS,201.5063022869,-1.0265011838629856,13,10,0.9572827542102647
2025-12-24,ILI incidence,2026-01-04,3,LT,ISI,RespiVAR,WIS,88.446064017299,0.1614539297921192,13,6,0.9836043572280455
2025-12-24,ILI incidence,2026-01-04,3,LT,ItaLuxColab,EpiEKF,WIS,88.9223434305498,0.15370590285769978,13,7,0.9834934744116549
2025-12-24,ILI incidence,2026-01-04,3,LT,ItaLuxColab,EpiNetEKF,WIS,59.5030479256374,0.7332883025340379,13,3,0.9903425933344061
2025-12-24,ILI incidence,2026-01-04,3,LT,QMUL,ARIMA,WIS,429.30345872638,-2.117674018897233,13,12,0.9042491996012479
2025-12-24,ILI incidence,2026-01-04,3,LT,QMUL,SEIR,WIS,18.021201324544,2.4565566851286422,13,1,1.0
2025-12-24,ILI incidence,2026-01-04,3,LT,QMUL,SEIR_agumented,WIS,104.789469021605,-0.0831699611568606,13,9,0.9797994420335776
2025-12-24,ILI incidence,2026-01-04,3,LT,RIVM,KFdlm,WIS,4313.36135189311,-5.446416900662402,13,13,0.0
2025-12-24,ILI incidence,2026-01-04,3,LT,respicast,hubEnsemble,WIS,74.6922417361694,0.4052934736042255,13,5,0.986806390547644
2025-12-24,ILI incidence,2026-01-04,3,LT,respicast,quantileBaseline,WIS,98.9192891304347,0.0,13,8,0.9811660811553695
2025-12-24,ILI incidence,2026-01-04,3,LT,safinea,PRFM,WIS,61.9264120745364,0.6756970111972841,13,4,0.9897784088777739
2025-12-24,ILI incidence,2026-01-04,3,LU,ECDC,SARIMA,WIS,2252.20723964391,-0.0842008883289096,14,4,0.9984134222442076
2025-12-24,ILI incidence,2026-01-04,3,LU,ECDC,soca_simplex,WIS,2470.8047338779,-0.2178423033312175,14,5,0.9981496356768008
2025-12-24,ILI incidence,2026-01-04,3,LU,ISI,FluABCaster,WIS,4353.77952181567,-1.035129653803099,14,11,0.9958774071795616
2025-12-24,ILI incidence,2026-01-04,3,LU,ISI,FluBcast,WIS,2549.83607630786,-0.26326580561075347,14,7,0.9980542667586428
2025-12-24,ILI incidence,2026-01-04,3,LU,ISI,RespiVAR,WIS,937.424894078779,1.1803636841958318,14,1,1.0
2025-12-24,ILI incidence,2026-01-04,3,LU,ItaLuxColab,EpiEKF,WIS,1830.49273864445,0.21490664592425174,14,2,0.9989223147227517
2025-12-24,ILI incidence,2026-01-04,3,LU,ItaLuxColab,EpiNetEKF,WIS,6295.79457857384,-1.567249772274422,14,13,0.9935339334473052
2025-12-24,ILI incidence,2026-01-04,3,LU,QMUL,ARIMA,WIS,3078.7626526366,-0.5352119551362667,14,8,0.9974159990306943
2025-12-24,ILI incidence,2026-01-04,3,LU,QMUL,SEIR,WIS,3111.1040121594,-0.5502879320897992,14,9,0.997376971976685
2025-12-24,ILI incidence,2026-01-04,3,LU,QMUL,SEIR_agumented,WIS,3728.26067142083,-0.8113640368697916,14,10,0.9966322350012258
2025-12-24,ILI incidence,2026-01-04,3,LU,RIVM,KFdlm,WIS,829628.197070239,-8.60918242192759,14,14,0.0
2025-12-24,ILI incidence,2026-01-04,3,LU,respicast,hubEnsemble,WIS,2492.43563365381,-0.23041755139884565,14,6,0.9981235331781341
2025-12-24,ILI incidence,2026-01-04,3,LU,respicast,quantileBaseline,WIS,2124.52260869565,0.0,14,3,0.9985675021920426
2025-12-24,ILI incidence,2026-01-04,3,LU,safinea,PRFM,WIS,4623.6598049398,-1.1218965559854428,14,12,0.995551736504582
2025-12-24,ILI incidence,2026-01-04,3,LV,ECDC,soca_simplex,WIS,76.4898943459976,0.5141504290845668,7,4,0.9602173813489282
2025-12-24,ILI incidence,2026-01-04,3,LV,ItaLuxColab,EpiEKF,WIS,63.7809652146269,0.7762936537602441,7,3,0.9743636950528749
2025-12-24,ILI incidence,2026-01-04,3,LV,ItaLuxColab,EpiNetEKF,WIS,135.949636225117,-0.31558080167228203,7,6,0.8940327207309494
2025-12-24,ILI incidence,2026-01-04,3,LV,RIVM,KFdlm,WIS,939.141105514129,-3.103850449100482,7,7,0.0
2025-12-24,ILI incidence,2026-01-04,3,LV,respicast,hubEnsemble,WIS,44.9383954267607,1.2814709717350654,7,2,0.9953373664340224
2025-12-24,ILI incidence,2026-01-04,3,LV,respicast,quantileBaseline,WIS,109.23926326087,0.0,7,5,0.9237640467298457
2025-12-24,ILI incidence,2026-01-04,3,LV,safinea,PRFM,WIS,40.7495246866026,1.4226363527510162,7,1,1.0
2025-12-24,ILI incidence,2026-01-04,3,MT,ECDC,SARIMA,WIS,1276.79116632321,-0.8118052275829847,11,3,0.8339144054002066
2025-12-24,ILI incidence,2026-01-04,3,MT,ECDC,soca_simplex,WIS,384.639406729022,0.9191388665646657,11,1,1.0
2025-12-24,ILI incidence,2026-01-04,3,MT,ISI,FluABCaster,WIS,5756.27781850069,-2.9844188757513668,11,11,0.0
2025-12-24,ILI incidence,2026-01-04,3,MT,ISI,RespiVAR,WIS,2720.78057370655,-1.9033032627788296,11,7,0.5650970918187651
2025-12-24,ILI incidence,2026-01-04,3,MT,ItaLuxColab,EpiEKF,WIS,2889.36405211727,-1.9900346434428684,11,8,0.5337130958220729
2025-12-24,ILI incidence,2026-01-04,3,MT,ItaLuxColab,EpiNetEKF,WIS,1562.8171889643,-1.1034316808817044,11,4,0.7806669600743487
2025-12-24,ILI incidence,2026-01-04,3,MT,QMUL,ARIMA,WIS,3795.44996155856,-2.383553583829103,11,10,0.36503347891866234
2025-12-24,ILI incidence,2026-01-04,3,MT,RIVM,KFdlm,WIS,2265.80478975991,-1.6393062236143594,11,5,0.6497967214419327
2025-12-24,ILI incidence,2026-01-04,3,MT,respicast,hubEnsemble,WIS,2693.56514868824,-1.888799612141501,11,6,0.5701635953568047
2025-12-24,ILI incidence,2026-01-04,3,MT,respicast,quantileBaseline,WIS,727.347826086957,0.0,11,2,0.9362003930482538
2025-12-24,ILI incidence,2026-01-04,3,MT,safinea,PRFM,WIS,3750.21109469827,-2.36625445777989,11,9,0.37345527938109696
2025-12-24,ILI incidence,2026-01-04,3,NL,ECDC,SARIMA,WIS,5.58596475698628,0.008910142206292986,14,2,0.9117377765043434
2025-12-24,ILI incidence,2026-01-04,3,NL,ECDC,soca_simplex,WIS,19.8837235515342,-1.8227994316741374,14,9,0.3612460164982102
2025-12-24,ILI incidence,2026-01-04,3,NL,ISI,FluABCaster,WIS,23.4803215480284,-2.062663646669347,14,12,0.22276993856356167
2025-12-24,ILI incidence,2026-01-04,3,NL,ISI,GLEAM,WIS,9.82460869565217,-0.8056833338238236,14,5,0.7485416703618007
2025-12-24,ILI incidence,2026-01-04,3,NL,ISI,RespiVAR,WIS,22.2044880574946,-1.9820627904802581,14,11,0.2718920306180546
2025-12-24,ILI incidence,2026-01-04,3,NL,ItaLuxColab,EpiEKF,WIS,15.359265363558,-1.4503206946419978,14,7,0.5354465318910796
2025-12-24,ILI incidence,2026-01-04,3,NL,ItaLuxColab,EpiNetEKF,WIS,29.2662589219549,-2.3804498204952638,14,14,0.0
2025-12-24,ILI incidence,2026-01-04,3,NL,QMUL,ARIMA,WIS,3.29355627080418,0.771070414637183,14,1,1.0
2025-12-24,ILI incidence,2026-01-04,3,NL,QMUL,SEIR,WIS,23.6433931896292,-2.0726485805421833,14,13,0.2164913604813698
2025-12-24,ILI incidence,2026-01-04,3,NL,QMUL,SEIR_agumented,WIS,10.2377453238456,-0.8651095044220282,14,6,0.7326350997694975
2025-12-24,ILI incidence,2026-01-04,3,NL,RIVM,KFdlm,WIS,7.27206498031174,-0.37164847735519924,14,4,0.8468196104600886
2025-12-24,ILI incidence,2026-01-04,3,NL,respicast,hubEnsemble,WIS,17.0897850880037,-1.6043457358645947,14,8,0.4688181279206121
2025-12-24,ILI incidence,2026-01-04,3,NL,respicast,quantileBaseline,WIS,5.62057065217391,0.0,14,3,0.9104053816568592
2025-12-24,ILI incidence,2026-01-04,3,NL,safinea,PRFM,WIS,20.1164622584496,-1.839588092059542,14,10,0.35228511974282034
2025-12-24,ILI incidence,2026-01-04,3,NO,ECDC,SARIMA,WIS,27.2692215820569,-0.42533404938155295,13,3,0.9667881154663502
2025-12-24,ILI incidence,2026-01-04,3,NO,ECDC,soca_simplex,WIS,48.7250098490652,-1.2627230083269307,13,8,0.864445362877178
2025-12-24,ILI incidence,2026-01-04,3,NO,ISI,FluABCaster,WIS,128.722326348421,-2.6642509307855273,13,12,0.48286322436957924
2025-12-24,ILI incidence,2026-01-04,3,NO,ISI,FluBcast,WIS,93.9331037356964,-2.209694210708926,13,10,0.6488056152207432
2025-12-24,ILI incidence,2026-01-04,3,NO,ISI,GLEAM,WIS,229.952856521739,-3.5013267453949486,13,13,0.0
2025-12-24,ILI incidence,2026-01-04,3,NO,ISI,RespiVAR,WIS,27.0252783350356,-0.4123700076666262,13,2,0.9679517093210719
2025-12-24,ILI incidence,2026-01-04,3,NO,ItaLuxColab,EpiEKF,WIS,28.6160225914204,-0.49488369363062995,13,4,0.9603639598598148
2025-12-24,ILI incidence,2026-01-04,3,NO,ItaLuxColab,EpiNetEKF,WIS,46.840986799663,-1.2058320006575323,13,6,0.8734320336262436
2025-12-24,ILI incidence,2026-01-04,3,NO,QMUL,ARIMA,WIS,51.9865903302676,-1.3562000668057859,13,9,0.8488878303324222
2025-12-24,ILI incidence,2026-01-04,3,NO,RIVM,KFdlm,WIS,104.640408241058,-2.36542870055915,13,11,0.597732450149752
2025-12-24,ILI incidence,2026-01-04,3,NO,respicast,hubEnsemble,WIS,47.9828442282953,-1.2405792084972111,13,7,0.86798544593362
2025-12-24,ILI incidence,2026-01-04,3,NO,respicast,quantileBaseline,WIS,20.30647,0.0,13,1,1.0
2025-12-24,ILI incidence,2026-01-04,3,NO,safinea,PRFM,WIS,45.5479376965428,-1.1654462648924295,13,5,0.879599796040723
2025-12-24,ILI incidence,2026-01-04,3,PL,ECDC,SARIMA,WIS,45.4697898809072,0.1913893853775169,15,3,0.9804503961044029
2025-12-24,ILI incidence,2026-01-04,3,PL,ECDC,soca_simplex,WIS,75.2512488199631,-0.5354178014036189,15,9,0.9032293212484932
2025-12-24,ILI incidence,2026-01-04,3,PL,ISI,FluABCaster,WIS,170.627364990028,-1.7164794149325737,15,12,0.6559262518687763
2025-12-24,ILI incidence,2026-01-04,3,PL,ISI,FluBcast,WIS,227.556084380811,-2.131852533721604,15,14,0.5083143799815457
2025-12-24,ILI incidence,2026-01-04,3,PL,ISI,GLEAM,WIS,423.595104347826,-3.0283162878500858,15,15,0.0
2025-12-24,ILI incidence,2026-01-04,3,PL,ISI,RespiVAR,WIS,166.349716641073,-1.6798497809534827,15,11,0.6670178711221475
2025-12-24,ILI incidence,2026-01-04,3,PL,ItaLuxColab,EpiEKF,WIS,92.494597176918,-0.8330713742598961,15,10,0.8585186206423276
2025-12-24,ILI incidence,2026-01-04,3,PL,ItaLuxColab,EpiNetEKF,WIS,185.31219578126,-1.8355882034597968,15,13,0.617849594170554
2025-12-24,ILI incidence,2026-01-04,3,PL,QMUL,ARIMA,WIS,37.9301936401412,0.45295098582378895,15,1,1.0
2025-12-24,ILI incidence,2026-01-04,3,PL,QMUL,SEIR,WIS,48.0106755662759,0.11294248613680258,15,4,0.9738620713312048
2025-12-24,ILI incidence,2026-01-04,3,PL,QMUL,SEIR_agumented,WIS,63.1567760857875,-0.28263980627983576,15,6,0.9345893760483519
2025-12-24,ILI incidence,2026-01-04,3,PL,RIVM,KFdlm,WIS,42.4798246193065,0.28951991278534284,15,2,0.988203150318195
2025-12-24,ILI incidence,2026-01-04,3,PL,respicast,hubEnsemble,WIS,71.9321797637822,-0.47033960013372417,15,8,0.9118354167579097
2025-12-24,ILI incidence,2026-01-04,3,PL,respicast,quantileBaseline,WIS,51.9202641304348,0.0,15,5,0.9637248033153386
2025-12-24,ILI incidence,2026-01-04,3,PL,safinea,PRFM,WIS,70.4274505658161,-0.4398401362414414,15,7,0.9157370659777075
2025-12-24,ILI incidence,2026-01-04,3,RO,ECDC,SARIMA,WIS,2.53813356110967,0.23026241812342146,13,3,0.9072361921569466
2025-12-24,ILI incidence,2026-01-04,3,RO,ISI,FluABCaster,WIS,2.59119456323724,0.20041306025152084,13,4,0.9031072706515572
2025-12-24,ILI incidence,2026-01-04,3,RO,ISI,FluBcast,WIS,10.8227809878833,-1.8619689456015707,13,12,0.26256953390697146
2025-12-24,ILI incidence,2026-01-04,3,RO,ISI,RespiVAR,WIS,5.963178277934,-1.002051062401425,13,10,0.6407176527178143
2025-12-24,ILI incidence,2026-01-04,3,RO,ItaLuxColab,EpiEKF,WIS,4.93068171649407,-0.7277567210555389,13,7,0.7210609761725926
2025-12-24,ILI incidence,2026-01-04,3,RO,ItaLuxColab,EpiNetEKF,WIS,6.4993215942612,-1.1262587295542517,13,11,0.5989978664342455
2025-12-24,ILI incidence,2026-01-04,3,RO,QMUL,ARIMA,WIS,2.25216939311704,0.4027150651133101,13,2,0.9294883840804402
2025-12-24,ILI incidence,2026-01-04,3,RO,QMUL,SEIR,WIS,14.1970768128553,-2.253491596885099,13,13,0.0
2025-12-24,ILI incidence,2026-01-04,3,RO,QMUL,SEIR_agumented,WIS,1.34602065731703,1.1453298553907,13,1,1.0
2025-12-24,ILI incidence,2026-01-04,3,RO,RIVM,KFdlm,WIS,4.99523557272232,-0.7465223098897437,13,8,0.7160377426385589
2025-12-24,ILI incidence,2026-01-04,3,RO,respicast,hubEnsemble,WIS,2.70105454658211,0.1405076317644272,13,5,0.8945585582332767
2025-12-24,ILI incidence,2026-01-04,3,RO,respicast,quantileBaseline,WIS,2.97735326086957,0.0,13,6,0.8730584798783636
2025-12-24,ILI incidence,2026-01-04,3,RO,safinea,PRFM,WIS,5.40900160922983,-0.8613319202239074,13,9,0.6838406973918776
2025-12-24,ILI incidence,2026-01-04,3,SI,ECDC,SARIMA,WIS,627.266710488004,-0.9997593742584422,13,12,0.7980723850023862
2025-12-24,ILI incidence,2026-01-04,3,SI,ECDC,soca_simplex,WIS,334.252652243483,-0.09161938240735636,13,9,0.8958442948564233
2025-12-24,ILI incidence,2026-01-04,3,SI,ISI,FluABCaster,WIS,378.617516554241,-0.27142153264579555,13,10,0.8810407815367371
2025-12-24,ILI incidence,2026-01-04,3,SI,ISI,FluBcast,WIS,162.408597536659,0.9496916180269158,13,5,0.9531846201855474
2025-12-24,ILI incidence,2026-01-04,3,SI,ItaLuxColab,EpiEKF,WIS,137.789177779649,1.1868570450018125,13,4,0.9613995423758416
2025-12-24,ILI incidence,2026-01-04,3,SI,ItaLuxColab,EpiNetEKF,WIS,192.359455863161,0.7055148752121462,13,7,0.9431907221524841
2025-12-24,ILI incidence,2026-01-04,3,SI,QMUL,ARIMA,WIS,568.290668105807,-0.8573093995855552,13,11,0.817751305303637
2025-12-24,ILI incidence,2026-01-04,3,SI,QMUL,SEIR,WIS,22.1069050753963,3.826750655674715,13,1,1.0
2025-12-24,ILI incidence,2026-01-04,3,SI,QMUL,SEIR_agumented,WIS,43.5060547775092,2.850031524282791,13,3,0.9928596062995652
2025-12-24,ILI incidence,2026-01-04,3,SI,RIVM,KFdlm,WIS,3019.02144506914,-3.266689474176474,13,13,0.0
2025-12-24,ILI incidence,2026-01-04,3,SI,respicast,hubEnsemble,WIS,181.209591760604,0.7916603035842563,13,6,0.9469111699509657
2025-12-24,ILI incidence,2026-01-04,3,SI,respicast,quantileBaseline,WIS,313.685670217391,0.0,13,8,0.9027070137466772
2025-12-24,ILI incidence,2026-01-04,3,SI,safinea,PRFM,WIS,30.3088518166165,3.3715085205404836,13,2,0.9972632029936905
2025-12-24,ILI incidence,2026-01-11,4,AT,ECDC,soca_simplex,WIS,366.459115239727,0.3500915427404203,11,4,0.9320809430411431
2025-12-24,ILI incidence,2026-01-11,4,AT,ISI,FluABCaster,WIS,885.798318928258,-0.923234466416823,11,10,0.6829553795029184
2025-12-24,ILI incidence,2026-01-11,4,AT,ISI,FluBcast,WIS,232.903108454339,1.004013898169165,11,2,0.996147385970954
2025-12-24,ILI incidence,2026-01-11,4,AT,ISI,GLEAM,WIS,2309.52014782609,-2.3057774340772452,11,11,0.0
2025-12-24,ILI incidence,2026-01-11,4,AT,ISI,RespiVAR,WIS,699.365643424898,-0.5823031320354833,11,8,0.7723866125329759
2025-12-24,ILI incidence,2026-01-11,4,AT,ItaLuxColab,EpiEKF,WIS,739.104858649293,-0.6620352647784854,11,9,0.7533238221311913
2025-12-24,ILI incidence,2026-01-11,4,AT,ItaLuxColab,EpiNetEKF,WIS,243.101009601788,0.9421879079451989,11,3,0.9912554813116843
2025-12-24,ILI incidence,2026-01-11,4,AT,RIVM,KFdlm,WIS,567.711959473984,-0.28141534102713894,11,7,0.8355405165194449
2025-12-24,ILI incidence,2026-01-11,4,AT,respicast,hubEnsemble,WIS,515.85388301472,-0.14321868344648225,11,6,0.8604166907619554
2025-12-24,ILI incidence,2026-01-11,4,AT,respicast,quantileBaseline,WIS,467.103997826087,0.0,11,5,0.8838018743448334
2025-12-24,ILI incidence,2026-01-11,4,AT,safinea,PRFM,WIS,224.871762840716,1.0546412796609,11,1,1.0
2025-12-24,ILI incidence,2026-01-11,4,BE,ECDC,SARIMA,WIS,89.5313334916882,0.26024331909376336,15,8,0.7455720697206256
2025-12-24,ILI incidence,2026-01-11,4,BE,ECDC,soca_simplex,WIS,258.463728725826,-1.269253937100952,15,13,0.12606804656276926
2025-12-24,ILI incidence,2026-01-11,4,BE,ISI,FluABCaster,WIS,20.1514455977126,2.411752656612862,15,1,1.0
2025-12-24,ILI incidence,2026-01-11,4,BE,ISI,FluBcast,WIS,56.9639875144979,0.9125858538365126,15,5,0.8650021046081328
2025-12-24,ILI incidence,2026-01-11,4,BE,ISI,GLEAM,WIS,276.759217391304,-1.3679234680403103,15,14,0.058975356506527306
2025-12-24,ILI incidence,2026-01-11,4,BE,ISI,RespiVAR,WIS,120.479615553636,-0.16808117320191732,15,12,0.6320794194765569
2025-12-24,ILI incidence,2026-01-11,4,BE,ItaLuxColab,EpiEKF,WIS,67.9609858100195,0.6579292134963515,15,6,0.8246742286119779
2025-12-24,ILI incidence,2026-01-11,4,BE,ItaLuxColab,EpiNetEKF,WIS,114.521834859689,-0.09491479204276747,15,11,0.6539276215569032
2025-12-24,ILI incidence,2026-01-11,4,BE,QMUL,ARIMA,WIS,53.9792962646112,0.9902298249074362,15,4,0.8759474785526987
2025-12-24,ILI incidence,2026-01-11,4,BE,QMUL,SEIR,WIS,29.541931937033,1.8598718169240112,15,2,0.9655634784639443
2025-12-24,ILI incidence,2026-01-11,4,BE,QMUL,SEIR_agumented,WIS,70.4440354959467,0.6061584346624822,15,7,0.815568460189049
2025-12-24,ILI incidence,2026-01-11,4,BE,RIVM,KFdlm,WIS,112.414198956509,-0.06811637450279277,15,10,0.6616566833485288
2025-12-24,ILI incidence,2026-01-11,4,BE,respicast,hubEnsemble,WIS,36.8467753435424,1.5410976262633955,15,3,0.9387753667308536
2025-12-24,ILI incidence,2026-01-11,4,BE,respicast,quantileBaseline,WIS,107.229948695652,0.0,15,9,0.6806682168629073
2025-12-24,ILI incidence,2026-01-11,4,BE,safinea,PRFM,WIS,292.841192426188,-1.4494106058623766,15,15,0.0
2025-12-24,ILI incidence,2026-01-11,4,CZ,ECDC,SARIMA,WIS,8.21981498532324,-0.6789053401127587,15,4,0.9620007650305341
2025-12-24,ILI incidence,2026-01-11,4,CZ,ECDC,soca_simplex,WIS,5.41188194514437,-0.07592978725241929,15,3,0.9898592057066162
2025-12-24,ILI incidence,2026-01-11,4,CZ,ISI,FluABCaster,WIS,18.0004265693979,-1.8097586090180267,15,5,0.8649640537942193
2025-12-24,ILI incidence,2026-01-11,4,CZ,ISI,FluBcast,WIS,105.182662411516,-4.356552528609702,15,15,0.0
2025-12-24,ILI incidence,2026-01-11,4,CZ,ISI,GLEAM,WIS,88.3572956521739,-4.105076776314309,15,13,0.16693007810777288
2025-12-24,ILI incidence,2026-01-11,4,CZ,ISI,RespiVAR,WIS,45.2212479271593,-3.1387283187506956,15,10,0.5948972017366942
2025-12-24,ILI incidence,2026-01-11,4,CZ,ItaLuxColab,EpiEKF,WIS,38.9391429917991,-2.922948645706796,15,8,0.6572240610878367
2025-12-24,ILI incidence,2026-01-11,4,CZ,ItaLuxColab,EpiNetEKF,WIS,47.4348464858891,-3.207674791605616,15,11,0.5729353517756615
2025-12-24,ILI incidence,2026-01-11,4,CZ,QMUL,ARIMA,WIS,4.38976187456567,0.22605789946889712,15,1,1.0
2025-12-24,ILI incidence,2026-01-11,4,CZ,QMUL,SEIR,WIS,101.325843182833,-4.302657789154882,15,14,0.038264790557040386
2025-12-24,ILI incidence,2026-01-11,4,CZ,QMUL,SEIR_agumented,WIS,42.6052641979097,-3.052759210636964,15,9,0.6208512492471198
2025-12-24,ILI incidence,2026-01-11,4,CZ,RIVM,KFdlm,WIS,86.7476087554255,-4.078551503021359,15,12,0.18290031894986764
2025-12-24,ILI incidence,2026-01-11,4,CZ,respicast,hubEnsemble,WIS,36.9796537533178,-2.848459230058885,15,7,0.6766648076884662
2025-12-24,ILI incidence,2026-01-11,4,CZ,respicast,quantileBaseline,WIS,5.13441739130435,0.0,15,2,0.9926120241329328
2025-12-24,ILI incidence,2026-01-11,4,CZ,safinea,PRFM,WIS,22.2951994605454,-2.1184606200055316,15,6,0.8223541788102857
2025-12-24,ILI incidence,2026-01-11,4,EE,ECDC,soca_simplex,WIS,5.81898073752524,1.627446545597745,11,1,1.0
2025-12-24,ILI incidence,2026-01-11,4,EE,ISI,FluABCaster,WIS,149.490899509364,-3.055700834604873,11,10,0.9045675671424303
2025-12-24,ILI incidence,2026-01-11,4,EE,ISI,FluBcast,WIS,48.5067833231715,-1.4319015908070902,11,8,0.971645114167638
2025-12-24,ILI incidence,2026-01-11,4,EE,ISI,GLEAM,WIS,1511.30212173913,-6.393363364649232,11,11,0.0
2025-12-24,ILI incidence,2026-01-11,4,EE,ISI,RespiVAR,WIS,44.5081015920208,-1.3077830456255528,11,6,0.974301192885657
2025-12-24,ILI incidence,2026-01-11,4,EE,ItaLuxColab,EpiEKF,WIS,66.4299959446572,-1.885549905266402,11,9,0.9597398246739535
2025-12-24,ILI incidence,2026-01-11,4,EE,ItaLuxColab,EpiNetEKF,WIS,44.3601844027943,-1.302980441636097,11,5,0.9743994451909787
2025-12-24,ILI incidence,2026-01-11,4,EE,RIVM,KFdlm,WIS,48.2513669336561,-1.4242848926076326,11,7,0.9718147715902681
2025-12-24,ILI incidence,2026-01-11,4,EE,respicast,hubEnsemble,WIS,24.8375004171322,-0.4662350706259959,11,4,0.9873671652895736
2025-12-24,ILI incidence,2026-01-11,4,EE,respicast,quantileBaseline,WIS,17.978652826087,0.0,11,2,0.9919230765477242
2025-12-24,ILI incidence,2026-01-11,4,EE,safinea,PRFM,WIS,21.9517843285103,-0.28805329145088404,11,3,0.9892839692776288
2025-12-24,ILI incidence,2026-01-11,4,ES,ECDC,SARIMA,WIS,47.4971526360448,0.8568029509903914,13,5,0.9577041566950888
2025-12-24,ILI incidence,2026-01-11,4,ES,ECDC,soca_simplex,WIS,70.2349746602623,0.2924543570276693,13,8,0.932486495212384
2025-12-24,ILI incidence,2026-01-11,4,ES,ISI,FluABCaster,WIS,186.770700947982,-1.118552269345023,13,11,0.8032411130893798
2025-12-24,ILI incidence,2026-01-11,4,ES,ISI,GLEAM,WIS,911.023165217391,-3.4047718535850233,13,13,0.0
2025-12-24,ILI incidence,2026-01-11,4,ES,ItaLuxColab,EpiEKF,WIS,53.7251605691157,0.6790460907409845,13,7,0.9507969078125659
2025-12-24,ILI incidence,2026-01-11,4,ES,ItaLuxColab,EpiNetEKF,WIS,25.0963370027003,1.777167172747096,13,4,0.9825480570904963
2025-12-24,ILI incidence,2026-01-11,4,ES,QMUL,ARIMA,WIS,9.36057291826076,3.199975241751637,13,1,1.0
2025-12-24,ILI incidence,2026-01-11,4,ES,QMUL,SEIR,WIS,91.9264258808027,-0.09583566919930271,13,10,0.9084293241532745
2025-12-24,ILI incidence,2026-01-11,4,ES,QMUL,SEIR_agumented,WIS,22.7883941814312,1.91634471369994,13,3,0.9851077094937131
2025-12-24,ILI incidence,2026-01-11,4,ES,RIVM,KFdlm,WIS,624.802836857359,-2.860685118597884,13,12,0.3174361793475372
2025-12-24,ILI incidence,2026-01-11,4,ES,respicast,hubEnsemble,WIS,51.3928382040207,0.7430766520565633,13,6,0.9533835986490438
2025-12-24,ILI incidence,2026-01-11,4,ES,respicast,quantileBaseline,WIS,86.0183215217392,0.0,13,9,0.9149817800381289
2025-12-24,ILI incidence,2026-01-11,4,ES,safinea,PRFM,WIS,16.3849591854414,2.392271901037916,13,2,0.9922095179203684
2025-12-24,ILI incidence,2026-01-11,4,FR,ECDC,SARIMA,WIS,16.5207522942422,0.08650687924173203,15,5,0.9891574485172258
2025-12-24,ILI incidence,2026-01-11,4,FR,ECDC,soca_simplex,WIS,15.3372445663847,0.1937469457430872,15,3,0.9903908540188503
2025-12-24,ILI incidence,2026-01-11,4,FR,ISI,FluABCaster,WIS,172.73110796188,-3.2996697604079284,15,12,0.8263611206554817
2025-12-24,ILI incidence,2026-01-11,4,FR,ISI,FluBcast,WIS,172.398939577288,-3.2968927328348485,15,11,0.8267072935645198
2025-12-24,ILI incidence,2026-01-11,4,FR,ISI,GLEAM,WIS,965.661552173913,-5.78265947013141,15,15,0.0
2025-12-24,ILI incidence,2026-01-11,4,FR,ISI,RespiVAR,WIS,24.0537723808004,-0.45547690874666075,15,7,0.9813068293789551
2025-12-24,ILI incidence,2026-01-11,4,FR,ItaLuxColab,EpiEKF,WIS,72.8291116504975,-2.0537289851414418,15,9,0.930475076968046
2025-12-24,ILI incidence,2026-01-11,4,FR,ItaLuxColab,EpiNetEKF,WIS,96.5779926313853,-2.460908214963788,15,10,0.905724921333421
2025-12-24,ILI incidence,2026-01-11,4,FR,QMUL,ARIMA,WIS,8.1224301302218,1.110802928970727,15,2,0.9979098516639888
2025-12-24,ILI incidence,2026-01-11,4,FR,QMUL,SEIR,WIS,206.162867448595,-3.5549263407713485,15,13,0.791519847456065
2025-12-24,ILI incidence,2026-01-11,4,FR,QMUL,SEIR_agumented,WIS,6.11683934537501,1.5199279722342067,15,1,1.0
2025-12-24,ILI incidence,2026-01-11,4,FR,RIVM,KFdlm,WIS,478.325960516007,-4.769135926207127,15,14,0.5078821081941478
2025-12-24,ILI incidence,2026-01-11,4,FR,respicast,hubEnsemble,WIS,64.7076371306563,-1.8831497340957262,15,8,0.9389389603194541
2025-12-24,ILI incidence,2026-01-11,4,FR,respicast,quantileBaseline,WIS,17.5416719565217,0.0,15,6,0.988093485943486
2025-12-24,ILI incidence,2026-01-11,4,FR,safinea,PRFM,WIS,16.4116836083973,0.09606301580987739,15,4,0.9892711156391292
2025-12-24,ILI incidence,2026-01-11,4,GB-ENG,ItaLuxColab,EpiEKF,WIS,3.33214131016445,0.05719114572507747,4,1,1.0
2025-12-24,ILI incidence,2026-01-11,4,GB-ENG,respicast,hubEnsemble,WIS,6.28849003344266,-0.8590729147964223,4,3,0.6638941352299855
2025-12-24,ILI incidence,2026-01-11,4,GB-ENG,respicast,quantileBaseline,WIS,3.46688679780827,0.0,4,2,0.9846808503030171
2025-12-24,ILI incidence,2026-01-11,4,GB-ENG,safinea,PRFM,WIS,12.1280268722957,-1.806632220271816,4,4,0.0
2025-12-24,ILI incidence,2026-01-11,4,GB-SCT,ECDC,SARIMA,WIS,34.2138427081754,-0.9211107318231821,9,7,0.566046175478877
2025-12-24,ILI incidence,2026-01-11,4,GB-SCT,ECDC,soca_simplex,WIS,30.6547303150301,-0.7626402957426802,9,6,0.613287949992295
2025-12-24,ILI incidence,2026-01-11,4,GB-SCT,ISI,FluABCaster,WIS,61.1161291468093,-1.7580837548348918,9,8,0.20895946130906157
2025-12-24,ILI incidence,2026-01-11,4,GB-SCT,ItaLuxColab,EpiEKF,WIS,6.83765744341263,1.4018953640577405,9,2,0.9294231718913302
2025-12-24,ILI incidence,2026-01-11,4,GB-SCT,QMUL,ARIMA,WIS,19.4269849006972,-0.10459259285503066,9,4,0.7623191011803104
2025-12-24,ILI incidence,2026-01-11,4,GB-SCT,RIVM,KFdlm,WIS,76.8587682849478,-2.0887404395464912,9,9,0.0
2025-12-24,ILI incidence,2026-01-11,4,GB-SCT,respicast,hubEnsemble,WIS,29.0127303529149,-0.683216655356735,9,5,0.6350829885841319
2025-12-24,ILI incidence,2026-01-11,4,GB-SCT,respicast,quantileBaseline,WIS,18.0684082544366,0.0,9,3,0.780352128658018
2025-12-24,ILI incidence,2026-01-11,4,GB-SCT,safinea,PRFM,WIS,1.52052306017503,3.5708298153646196,9,1,1.0
2025-12-24,ILI incidence,2026-01-11,4,GR,ECDC,SARIMA,WIS,565.176697602942,-0.08565702597728449,15,11,0.37790561813664647
2025-12-24,ILI incidence,2026-01-11,4,GR,ECDC,soca_simplex,WIS,595.232468967486,-0.16040826707994696,15,12,0.3338539954907407
2025-12-24,ILI incidence,2026-01-11,4,GR,ISI,FluABCaster,WIS,289.467397005228,0.8796440929737078,15,4,0.7820024527374294
2025-12-24,ILI incidence,2026-01-11,4,GR,ISI,FluBcast,WIS,147.704505740815,1.8503311218597727,15,2,0.989779032996468
2025-12-24,ILI incidence,2026-01-11,4,GR,ISI,GLEAM,WIS,489.370343478261,0.12211828344581027,15,8,0.48901216288504507
2025-12-24,ILI incidence,2026-01-11,4,GR,ISI,RespiVAR,WIS,333.138280759122,0.6769238152622451,15,6,0.7179956678705077
2025-12-24,ILI incidence,2026-01-11,4,GR,ItaLuxColab,EpiEKF,WIS,330.002112131655,0.6905696999258125,15,5,0.7225922332108363
2025-12-24,ILI incidence,2026-01-11,4,GR,ItaLuxColab,EpiNetEKF,WIS,140.730890946826,1.920105918001868,15,1,1.0
2025-12-24,ILI incidence,2026-01-11,4,GR,QMUL,ARIMA,WIS,721.746642020526,-0.438447532040624,15,13,0.1484268925528393
2025-12-24,ILI incidence,2026-01-11,4,GR,QMUL,SEIR,WIS,823.016118125341,-0.6278757267835352,15,15,0.0
2025-12-24,ILI incidence,2026-01-11,4,GR,QMUL,SEIR_agumented,WIS,808.251502092668,-0.601759325335096,15,14,0.02163994682067168
2025-12-24,ILI incidence,2026-01-11,4,GR,RIVM,KFdlm,WIS,527.7048853484,0.013313618519762503,15,9,0.4328266552071703
2025-12-24,ILI incidence,2026-01-11,4,GR,respicast,hubEnsemble,WIS,375.340512573786,0.5048449415210207,15,7,0.6561414313524685
2025-12-24,ILI incidence,2026-01-11,4,GR,respicast,quantileBaseline,WIS,532.597242173913,0.0,15,10,0.4256561103519863
2025-12-24,ILI incidence,2026-01-11,4,GR,safinea,PRFM,WIS,251.085863323792,1.084864154140864,15,3,0.8382568345597603
2025-12-24,ILI incidence,2026-01-11,4,HR,ECDC,SARIMA,WIS,174.693614728403,-0.7581541129223854,12,10,0.9144100540277651
2025-12-24,ILI incidence,2026-01-11,4,HR,ECDC,soca_simplex,WIS,133.039569100025,-0.3651826370453072,12,7,0.9395165835117241
2025-12-24,ILI incidence,2026-01-11,4,HR,ISI,FluABCaster,WIS,197.717406660093,-0.9367671247786352,12,11,0.9005327102489005
2025-12-24,ILI incidence,2026-01-11,4,HR,ItaLuxColab,EpiEKF,WIS,69.3168252155369,0.5753952798219815,12,3,0.9779247842999018
2025-12-24,ILI incidence,2026-01-11,4,HR,ItaLuxColab,EpiNetEKF,WIS,51.2806773085858,1.0101855418500088,12,2,0.9887958791088635
2025-12-24,ILI incidence,2026-01-11,4,HR,QMUL,ARIMA,WIS,156.667700904429,-0.6010350160388758,12,9,0.9252749803529184
2025-12-24,ILI incidence,2026-01-11,4,HR,QMUL,SEIR,WIS,113.304095947065,-0.13352725160218498,12,5,0.951411928396474
2025-12-24,ILI incidence,2026-01-11,4,HR,QMUL,SEIR_agumented,WIS,137.948642737881,-0.4174584982613985,12,8,0.9365576920002644
2025-12-24,ILI incidence,2026-01-11,4,HR,RIVM,KFdlm,WIS,1691.78414441933,-4.033800836933702,12,12,0.0
2025-12-24,ILI incidence,2026-01-11,4,HR,respicast,hubEnsemble,WIS,123.019053857249,-0.2522090213160948,12,6,0.9455563416574686
2025-12-24,ILI incidence,2026-01-11,4,HR,respicast,quantileBaseline,WIS,103.288008043478,0.0,12,4,0.9574490180109823
2025-12-24,ILI incidence,2026-01-11,4,HR,safinea,PRFM,WIS,32.6920084476249,1.6596628464435907,12,1,1.0
2025-12-24,ILI incidence,2026-01-11,4,HU,ECDC,SARIMA,WIS,25.3967739463024,0.5721656983785781,15,4,0.9900731145947635
2025-12-24,ILI incidence,2026-01-11,4,HU,ECDC,soca_simplex,WIS,37.7463281557645,0.0004746366372229677,15,5,0.9604535579748544
2025-12-24,ILI incidence,2026-01-11,4,HU,ISI,FluABCaster,WIS,123.070764559453,-1.7046052383727468,15,12,0.7558087641421732
2025-12-24,ILI incidence,2026-01-11,4,HU,ISI,FluBcast,WIS,131.481183293127,-1.7999734932616722,15,13,0.7356369531072182
2025-12-24,ILI incidence,2026-01-11,4,HU,ISI,GLEAM,WIS,438.197065217391,-3.536696969878248,15,15,0.0
2025-12-24,ILI incidence,2026-01-11,4,HU,ISI,RespiVAR,WIS,67.0891891490669,-0.829269360088088,15,9,0.8900767234883649
2025-12-24,ILI incidence,2026-01-11,4,HU,ItaLuxColab,EpiEKF,WIS,76.9896828397175,-1.0278541803950711,15,10,0.8663310701261896
2025-12-24,ILI incidence,2026-01-11,4,HU,ItaLuxColab,EpiNetEKF,WIS,116.158216806605,-1.6212083590297384,15,11,0.7723880346227573
2025-12-24,ILI incidence,2026-01-11,4,HU,QMUL,ARIMA,WIS,22.0316386538224,0.7772341442656604,15,2,0.9981441602081265
2025-12-24,ILI incidence,2026-01-11,4,HU,QMUL,SEIR,WIS,21.2578662976753,0.8288141496366705,15,1,1.0
2025-12-24,ILI incidence,2026-01-11,4,HU,QMUL,SEIR_agumented,WIS,24.1387301614269,0.645461163177701,15,3,0.9930904461100902
2025-12-24,ILI incidence,2026-01-11,4,HU,RIVM,KFdlm,WIS,135.918974435256,-1.8478640197752219,15,14,0.724993216193953
2025-12-24,ILI incidence,2026-01-11,4,HU,respicast,hubEnsemble,WIS,55.7320289268022,-0.5616957286856612,15,8,0.9173160913666814
2025-12-24,ILI incidence,2026-01-11,4,HU,respicast,quantileBaseline,WIS,37.7587484782609,0.0,15,6,0.9604237686853643
2025-12-24,ILI incidence,2026-01-11,4,HU,safinea,PRFM,WIS,45.5611333917626,-0.2709926893275481,15,7,0.9417102849598772
2025-12-24,ILI incidence,2026-01-11,4,IE,ECDC,SARIMA,WIS,4.18229194745009,3.1306523506274915,14,1,1.0
2025-12-24,ILI incidence,2026-01-11,4,IE,ECDC,soca_simplex,WIS,26.6366171526735,0.4596071574555473,14,9,0.9588121831324741
2025-12-24,ILI incidence,2026-01-11,4,IE,ISI,FluABCaster,WIS,91.8669319302428,-1.3265276185685315,14,12,0.8391606578822471
2025-12-24,ILI incidence,2026-01-11,4,IE,ISI,GLEAM,WIS,549.351395652174,-3.9066393378416207,14,14,0.0
2025-12-24,ILI incidence,2026-01-11,4,IE,ISI,RespiVAR,WIS,4.82399407524635,2.924717988937069,14,2,0.9988229301267523
2025-12-24,ILI incidence,2026-01-11,4,IE,ItaLuxColab,EpiEKF,WIS,5.8791294913209,2.639343569819033,14,3,0.9968875023688248
2025-12-24,ILI incidence,2026-01-11,4,IE,ItaLuxColab,EpiNetEKF,WIS,9.22390570908984,1.9895683590929099,14,4,0.9907522019729671
2025-12-24,ILI incidence,2026-01-11,4,IE,QMUL,ARIMA,WIS,38.696646948458,-0.07919053334818092,14,11,0.936690552038874
2025-12-24,ILI incidence,2026-01-11,4,IE,QMUL,SEIR,WIS,12.3211561818369,1.571880388657778,14,6,0.9850709363772105
2025-12-24,ILI incidence,2026-01-11,4,IE,QMUL,SEIR_agumented,WIS,18.2117023687647,1.008152242488801,14,7,0.9742659473437194
2025-12-24,ILI incidence,2026-01-11,4,IE,RIVM,KFdlm,WIS,104.530848867822,-1.51283883498481,14,13,0.8159313206884831
2025-12-24,ILI incidence,2026-01-11,4,IE,respicast,hubEnsemble,WIS,10.4503876845635,1.8094615655348827,14,5,0.9885024743799341
2025-12-24,ILI incidence,2026-01-11,4,IE,respicast,quantileBaseline,WIS,36.6298052173913,0.0,14,10,0.9404817458483201
2025-12-24,ILI incidence,2026-01-11,4,IE,safinea,PRFM,WIS,22.3967983935491,0.7097255146047998,14,8,0.9665892540088543
2025-12-24,ILI incidence,2026-01-11,4,IS,ECDC,SARIMA,WIS,7.11485033952388,1.917450800513063,12,2,0.9470159196816981
2025-12-24,ILI incidence,2026-01-11,4,IS,ECDC,soca_simplex,WIS,30.1130142820331,-0.16403101190606884,12,9,0.725581268535349
2025-12-24,ILI incidence,2026-01-11,4,IS,ISI,FluABCaster,WIS,44.9471681600894,-0.7418741077251351,12,11,0.5827526628583919
2025-12-24,ILI incidence,2026-01-11,4,IS,ISI,FluBcast,WIS,34.4093449558156,-0.35644431233628476,12,10,0.6842146409064396
2025-12-24,ILI incidence,2026-01-11,4,IS,ISI,RespiVAR,WIS,21.0807156060639,0.3504322741491806,12,4,0.8125475112042257
2025-12-24,ILI incidence,2026-01-11,4,IS,ItaLuxColab,EpiEKF,WIS,8.11641702265273,1.7274412177012128,12,3,0.9373724729425214
2025-12-24,ILI incidence,2026-01-11,4,IS,ItaLuxColab,EpiNetEKF,WIS,25.3834384953587,0.0824686026870436,12,7,0.7711193370094447
2025-12-24,ILI incidence,2026-01-11,4,IS,QMUL,ARIMA,WIS,23.0491401206476,0.22164318571931024,12,5,0.7935948071194836
2025-12-24,ILI incidence,2026-01-11,4,IS,RIVM,KFdlm,WIS,105.471757283647,-1.9724287119551465,12,12,0.0
2025-12-24,ILI incidence,2026-01-11,4,IS,respicast,hubEnsemble,WIS,23.541549947575,0.19114680686329052,12,6,0.7888537069812607
2025-12-24,ILI incidence,2026-01-11,4,IS,respicast,quantileBaseline,WIS,26.8767019565217,0.0,12,8,0.7567416556250175
2025-12-24,ILI incidence,2026-01-11,4,IS,safinea,PRFM,WIS,1.61193307162964,4.059492366977516,12,1,1.0
2025-12-24,ILI incidence,2026-01-11,4,LT,ECDC,SARIMA,WIS,357.187596980309,-1.027307421045035,13,11,0.9722837941243573
2025-12-24,ILI incidence,2026-01-11,4,LT,ECDC,soca_simplex,WIS,20.2832158644559,3.111016251905896,13,1,1.0
2025-12-24,ILI incidence,2026-01-11,4,LT,ISI,FluABCaster,WIS,291.105352447546,-0.7321668020206189,13,10,0.9777202004071381
2025-12-24,ILI incidence,2026-01-11,4,LT,ISI,RespiVAR,WIS,169.446197127369,0.04854730513778959,13,8,0.9877287677767365
2025-12-24,ILI incidence,2026-01-11,4,LT,ItaLuxColab,EpiEKF,WIS,99.300180187724,0.8195063232410329,13,6,0.9934994895477512
2025-12-24,ILI incidence,2026-01-11,4,LT,ItaLuxColab,EpiNetEKF,WIS,78.3364388991132,1.1616191126581819,13,4,0.9952241194488359
2025-12-24,ILI incidence,2026-01-11,4,LT,QMUL,ARIMA,WIS,471.751824108448,-1.428653532272101,13,12,0.962858907174088
2025-12-24,ILI incidence,2026-01-11,4,LT,QMUL,SEIR,WIS,21.8545033891009,3.003372063467599,13,3,0.9998707344547476
2025-12-24,ILI incidence,2026-01-11,4,LT,QMUL,SEIR_agumented,WIS,147.617894372273,0.24750694721619776,13,7,0.9895245227950366
2025-12-24,ILI incidence,2026-01-11,4,LT,RIVM,KFdlm,WIS,12175.7846805122,-6.118496377000827,13,13,0.0
2025-12-24,ILI incidence,2026-01-11,4,LT,respicast,hubEnsemble,WIS,93.6349644980026,0.9042553076082311,13,5,0.9939655514133352
2025-12-24,ILI incidence,2026-01-11,4,LT,respicast,quantileBaseline,WIS,175.245155652174,0.0,13,9,0.9872517032523587
2025-12-24,ILI incidence,2026-01-11,4,LT,safinea,PRFM,WIS,21.587533806983,3.0211042217999693,13,2,0.9998926973151769
2025-12-24,ILI incidence,2026-01-11,4,LU,ECDC,SARIMA,WIS,2959.77427021397,-0.19660950701521798,14,4,0.9991205945425555
2025-12-24,ILI incidence,2026-01-11,4,LU,ECDC,soca_simplex,WIS,3147.33561407298,-0.28525338305134595,14,5,0.9990286420002291
2025-12-24,ILI incidence,2026-01-11,4,LU,ISI,FluABCaster,WIS,5953.78360795035,-1.2049291427159199,14,11,0.9976527719908005
2025-12-24,ILI incidence,2026-01-11,4,LU,ISI,FluBcast,WIS,3793.26383623414,-0.5545620755367806,14,8,0.998711973645407
2025-12-24,ILI incidence,2026-01-11,4,LU,ISI,RespiVAR,WIS,1165.99603176355,1.1473147660091734,14,1,1.0
2025-12-24,ILI incidence,2026-01-11,4,LU,ItaLuxColab,EpiEKF,WIS,2067.06839050847,0.32129152242844916,14,2,0.9995582464248662
2025-12-24,ILI incidence,2026-01-11,4,LU,ItaLuxColab,EpiNetEKF,WIS,6692.01587802999,-1.3735632238085855,14,12,0.997290851284409
