origin_date,target,target_end_date,horizon,location,output_type,output_type_id,value
2025-06-11,ILI incidence,2025-05-25,-1,BE,quantile,0.01,17.221836463335674
2025-06-11,ILI incidence,2025-06-01,0,BE,quantile,0.01,16.529332086282015
2025-06-11,ILI incidence,2025-06-08,1,BE,quantile,0.01,14.985691641298049
2025-06-11,ILI incidence,2025-06-15,2,BE,quantile,0.01,13.814115422503352
2025-06-11,ILI incidence,2025-06-22,3,BE,quantile,0.01,12.97059398385453
2025-06-11,ILI incidence,2025-06-29,4,BE,quantile,0.01,12.348342230545946
2025-06-11,ILI incidence,2025-05-25,-1,BE,quantile,0.025,17.708937767426796
2025-06-11,ILI incidence,2025-06-01,0,BE,quantile,0.025,16.8713876240894
2025-06-11,ILI incidence,2025-06-08,1,BE,quantile,0.025,15.755535507274642
2025-06-11,ILI incidence,2025-06-15,2,BE,quantile,0.025,14.40501237999063
2025-06-11,ILI incidence,2025-06-22,3,BE,quantile,0.025,13.546029845704084
2025-06-11,ILI incidence,2025-06-29,4,BE,quantile,0.025,12.976977652934568
2025-06-11,ILI incidence,2025-05-25,-1,BE,quantile,0.05,18.28492834045932
2025-06-11,ILI incidence,2025-06-01,0,BE,quantile,0.05,17.242420760871717
2025-06-11,ILI incidence,2025-06-08,1,BE,quantile,0.05,16.340115599155425
2025-06-11,ILI incidence,2025-06-15,2,BE,quantile,0.05,15.470681776674084
2025-06-11,ILI incidence,2025-06-22,3,BE,quantile,0.05,14.809475203086183
2025-06-11,ILI incidence,2025-06-29,4,BE,quantile,0.05,14.16479935602136
2025-06-11,ILI incidence,2025-05-25,-1,BE,quantile,0.1,19.024097232581635
2025-06-11,ILI incidence,2025-06-01,0,BE,quantile,0.1,18.02542874205849
2025-06-11,ILI incidence,2025-06-08,1,BE,quantile,0.1,17.06728210790688
2025-06-11,ILI incidence,2025-06-15,2,BE,quantile,0.1,16.494345260612494
2025-06-11,ILI incidence,2025-06-22,3,BE,quantile,0.1,16.202049090895773
2025-06-11,ILI incidence,2025-06-29,4,BE,quantile,0.1,15.88912168995585
2025-06-11,ILI incidence,2025-05-25,-1,BE,quantile,0.15,19.9151757938571
2025-06-11,ILI incidence,2025-06-01,0,BE,quantile,0.15,18.59723088196328
2025-06-11,ILI incidence,2025-06-08,1,BE,quantile,0.15,17.923096535555295
2025-06-11,ILI incidence,2025-06-15,2,BE,quantile,0.15,17.29586966464918
2025-06-11,ILI incidence,2025-06-22,3,BE,quantile,0.15,16.808036570578487
2025-06-11,ILI incidence,2025-06-29,4,BE,quantile,0.15,16.618782357905587
2025-06-11,ILI incidence,2025-05-25,-1,BE,quantile,0.2,20.6836626503333
2025-06-11,ILI incidence,2025-06-01,0,BE,quantile,0.2,19.345187290564947
2025-06-11,ILI incidence,2025-06-08,1,BE,quantile,0.2,18.370468703932893
2025-06-11,ILI incidence,2025-06-15,2,BE,quantile,0.2,17.834106708394124
2025-06-11,ILI incidence,2025-06-22,3,BE,quantile,0.2,17.629087700305348
2025-06-11,ILI incidence,2025-06-29,4,BE,quantile,0.2,17.448670738280754
2025-06-11,ILI incidence,2025-05-25,-1,BE,quantile,0.25,21.371639847836267
2025-06-11,ILI incidence,2025-06-01,0,BE,quantile,0.25,20.09782585514356
2025-06-11,ILI incidence,2025-06-08,1,BE,quantile,0.25,19.111788199303508
2025-06-11,ILI incidence,2025-06-15,2,BE,quantile,0.25,18.595627837866147
2025-06-11,ILI incidence,2025-06-22,3,BE,quantile,0.25,18.2357003036603
2025-06-11,ILI incidence,2025-06-29,4,BE,quantile,0.25,18.104578314697548
2025-06-11,ILI incidence,2025-05-25,-1,BE,quantile,0.3,22.08091991257815
2025-06-11,ILI incidence,2025-06-01,0,BE,quantile,0.3,20.86327051055872
2025-06-11,ILI incidence,2025-06-08,1,BE,quantile,0.3,19.943779791720605
2025-06-11,ILI incidence,2025-06-15,2,BE,quantile,0.3,19.34162315876385
2025-06-11,ILI incidence,2025-06-22,3,BE,quantile,0.3,18.95827160821641
2025-06-11,ILI incidence,2025-06-29,4,BE,quantile,0.3,18.730220498755187
2025-06-11,ILI incidence,2025-05-25,-1,BE,quantile,0.35,22.759650682746017
2025-06-11,ILI incidence,2025-06-01,0,BE,quantile,0.35,21.473983794583223
2025-06-11,ILI incidence,2025-06-08,1,BE,quantile,0.35,20.688859395772017
2025-06-11,ILI incidence,2025-06-15,2,BE,quantile,0.35,20.14545951143779
2025-06-11,ILI incidence,2025-06-22,3,BE,quantile,0.35,19.752471941086142
2025-06-11,ILI incidence,2025-06-29,4,BE,quantile,0.35,19.47522326922622
2025-06-11,ILI incidence,2025-05-25,-1,BE,quantile,0.4,23.48131412219553
2025-06-11,ILI incidence,2025-06-01,0,BE,quantile,0.4,22.16325999133213
2025-06-11,ILI incidence,2025-06-08,1,BE,quantile,0.4,21.255940610719662
2025-06-11,ILI incidence,2025-06-15,2,BE,quantile,0.4,20.8251001179414
2025-06-11,ILI incidence,2025-06-22,3,BE,quantile,0.4,20.43793635459168
2025-06-11,ILI incidence,2025-06-29,4,BE,quantile,0.4,20.31826376936014
2025-06-11,ILI incidence,2025-05-25,-1,BE,quantile,0.45,24.149184372979605
2025-06-11,ILI incidence,2025-06-01,0,BE,quantile,0.45,22.88308016313168
2025-06-11,ILI incidence,2025-06-08,1,BE,quantile,0.45,22.07350385016344
2025-06-11,ILI incidence,2025-06-15,2,BE,quantile,0.45,21.45535426686368
2025-06-11,ILI incidence,2025-06-22,3,BE,quantile,0.45,21.16097321983699
2025-06-11,ILI incidence,2025-06-29,4,BE,quantile,0.45,20.95828004720436
2025-06-11,ILI incidence,2025-05-25,-1,BE,quantile,0.5,24.94945571677384
2025-06-11,ILI incidence,2025-06-01,0,BE,quantile,0.5,23.51595471729579
2025-06-11,ILI incidence,2025-06-08,1,BE,quantile,0.5,22.71222021733709
2025-06-11,ILI incidence,2025-06-15,2,BE,quantile,0.5,22.145421996639897
2025-06-11,ILI incidence,2025-06-22,3,BE,quantile,0.5,21.9245683474474
2025-06-11,ILI incidence,2025-06-29,4,BE,quantile,0.5,21.79478444362851
2025-06-11,ILI incidence,2025-05-25,-1,BE,quantile,0.55,25.57758567383261
2025-06-11,ILI incidence,2025-06-01,0,BE,quantile,0.55,24.17735237159068
2025-06-11,ILI incidence,2025-06-08,1,BE,quantile,0.55,23.2910799535174
2025-06-11,ILI incidence,2025-06-15,2,BE,quantile,0.55,22.744529025313657
2025-06-11,ILI incidence,2025-06-22,3,BE,quantile,0.55,22.44657155293938
2025-06-11,ILI incidence,2025-06-29,4,BE,quantile,0.55,22.29393003986839
2025-06-11,ILI incidence,2025-05-25,-1,BE,quantile,0.6,26.22824692820189
2025-06-11,ILI incidence,2025-06-01,0,BE,quantile,0.6,24.90255496685257
2025-06-11,ILI incidence,2025-06-08,1,BE,quantile,0.6,24.05090483459788
2025-06-11,ILI incidence,2025-06-15,2,BE,quantile,0.6,23.434507951176343
2025-06-11,ILI incidence,2025-06-22,3,BE,quantile,0.6,23.258592404413346
2025-06-11,ILI incidence,2025-06-29,4,BE,quantile,0.6,23.174126777922268
2025-06-11,ILI incidence,2025-05-25,-1,BE,quantile,0.65,26.97628354340326
2025-06-11,ILI incidence,2025-06-01,0,BE,quantile,0.65,25.60322213541558
2025-06-11,ILI incidence,2025-06-08,1,BE,quantile,0.65,24.752764929777594
2025-06-11,ILI incidence,2025-06-15,2,BE,quantile,0.65,24.26227896803837
2025-06-11,ILI incidence,2025-06-22,3,BE,quantile,0.65,24.092997818394405
2025-06-11,ILI incidence,2025-06-29,4,BE,quantile,0.65,23.992301330015792
2025-06-11,ILI incidence,2025-05-25,-1,BE,quantile,0.7,27.538198381894475
2025-06-11,ILI incidence,2025-06-01,0,BE,quantile,0.7,26.318811475150245
2025-06-11,ILI incidence,2025-06-08,1,BE,quantile,0.7,25.43681716814133
2025-06-11,ILI incidence,2025-06-15,2,BE,quantile,0.7,25.05281190050397
2025-06-11,ILI incidence,2025-06-22,3,BE,quantile,0.7,24.82227619344889
2025-06-11,ILI incidence,2025-06-29,4,BE,quantile,0.7,24.71524698547988
2025-06-11,ILI incidence,2025-05-25,-1,BE,quantile,0.75,28.22362642392423
2025-06-11,ILI incidence,2025-06-01,0,BE,quantile,0.75,26.87881922018083
2025-06-11,ILI incidence,2025-06-08,1,BE,quantile,0.75,26.102837792986826
2025-06-11,ILI incidence,2025-06-15,2,BE,quantile,0.75,25.633564201304043
2025-06-11,ILI incidence,2025-06-22,3,BE,quantile,0.75,25.441497294870416
2025-06-11,ILI incidence,2025-06-29,4,BE,quantile,0.75,25.315825009976084
2025-06-11,ILI incidence,2025-05-25,-1,BE,quantile,0.8,28.701743598580048
2025-06-11,ILI incidence,2025-06-01,0,BE,quantile,0.8,27.452370237238178
2025-06-11,ILI incidence,2025-06-08,1,BE,quantile,0.8,26.69480145481199
2025-06-11,ILI incidence,2025-06-15,2,BE,quantile,0.8,26.319605642560727
2025-06-11,ILI incidence,2025-06-22,3,BE,quantile,0.8,26.16351485857609
2025-06-11,ILI incidence,2025-06-29,4,BE,quantile,0.8,26.078413568668527
2025-06-11,ILI incidence,2025-05-25,-1,BE,quantile,0.85,29.36895614580526
2025-06-11,ILI incidence,2025-06-01,0,BE,quantile,0.85,28.078195002880754
2025-06-11,ILI incidence,2025-06-08,1,BE,quantile,0.85,27.44615972508268
2025-06-11,ILI incidence,2025-06-15,2,BE,quantile,0.85,27.03516938384079
2025-06-11,ILI incidence,2025-06-22,3,BE,quantile,0.85,26.89025177721344
2025-06-11,ILI incidence,2025-06-29,4,BE,quantile,0.85,26.81508956900868
2025-06-11,ILI incidence,2025-05-25,-1,BE,quantile,0.9,30.06602320358801
2025-06-11,ILI incidence,2025-06-01,0,BE,quantile,0.9,28.7406116305612
2025-06-11,ILI incidence,2025-06-08,1,BE,quantile,0.9,28.13723911666257
2025-06-11,ILI incidence,2025-06-15,2,BE,quantile,0.9,27.91256995383313
2025-06-11,ILI incidence,2025-06-22,3,BE,quantile,0.9,27.81354341603837
2025-06-11,ILI incidence,2025-06-29,4,BE,quantile,0.9,27.6609809245079
2025-06-11,ILI incidence,2025-05-25,-1,BE,quantile,0.95,30.87213485900517
2025-06-11,ILI incidence,2025-06-01,0,BE,quantile,0.95,29.44979471410092
2025-06-11,ILI incidence,2025-06-08,1,BE,quantile,0.95,28.99091149004033
2025-06-11,ILI incidence,2025-06-15,2,BE,quantile,0.95,28.67636965047401
2025-06-11,ILI incidence,2025-06-22,3,BE,quantile,0.95,28.605646810191512
2025-06-11,ILI incidence,2025-06-29,4,BE,quantile,0.95,28.5596780916633
2025-06-11,ILI incidence,2025-05-25,-1,BE,quantile,0.975,31.50993435733796
2025-06-11,ILI incidence,2025-06-01,0,BE,quantile,0.975,29.85057808684317
2025-06-11,ILI incidence,2025-06-08,1,BE,quantile,0.975,29.39987381199536
2025-06-11,ILI incidence,2025-06-15,2,BE,quantile,0.975,29.216663373232223
2025-06-11,ILI incidence,2025-06-22,3,BE,quantile,0.975,29.15023988305752
2025-06-11,ILI incidence,2025-06-29,4,BE,quantile,0.975,29.095201342761783
2025-06-11,ILI incidence,2025-05-25,-1,BE,quantile,0.99,32.891152243840395
2025-06-11,ILI incidence,2025-06-01,0,BE,quantile,0.99,30.13804305699348
2025-06-11,ILI incidence,2025-06-08,1,BE,quantile,0.99,29.69511013801743
2025-06-11,ILI incidence,2025-06-15,2,BE,quantile,0.99,29.608092276237848
2025-06-11,ILI incidence,2025-06-22,3,BE,quantile,0.99,29.56962274771042
2025-06-11,ILI incidence,2025-06-29,4,BE,quantile,0.99,29.5604221110959
2025-06-11,ILI incidence,2025-05-25,-1,DK,quantile,0.01,64.95373025032197
2025-06-11,ILI incidence,2025-06-01,0,DK,quantile,0.01,62.45579617394456
2025-06-11,ILI incidence,2025-06-08,1,DK,quantile,0.01,60.69554237340367
2025-06-11,ILI incidence,2025-06-15,2,DK,quantile,0.01,58.97824400831583
2025-06-11,ILI incidence,2025-06-22,3,DK,quantile,0.01,57.33282512481122
2025-06-11,ILI incidence,2025-06-29,4,DK,quantile,0.01,56.30427784156343
2025-06-11,ILI incidence,2025-05-25,-1,DK,quantile,0.025,69.14685547172729
2025-06-11,ILI incidence,2025-06-01,0,DK,quantile,0.025,66.32858886392106
2025-06-11,ILI incidence,2025-06-08,1,DK,quantile,0.025,63.953361415388336
2025-06-11,ILI incidence,2025-06-15,2,DK,quantile,0.025,62.26985730277037
2025-06-11,ILI incidence,2025-06-22,3,DK,quantile,0.025,60.68003177078541
2025-06-11,ILI incidence,2025-06-29,4,DK,quantile,0.025,59.4995804637712
2025-06-11,ILI incidence,2025-05-25,-1,DK,quantile,0.05,72.36904168041883
2025-06-11,ILI incidence,2025-06-01,0,DK,quantile,0.05,70.12074108324228
2025-06-11,ILI incidence,2025-06-08,1,DK,quantile,0.05,67.90298987337574
2025-06-11,ILI incidence,2025-06-15,2,DK,quantile,0.05,66.03238624465058
2025-06-11,ILI incidence,2025-06-22,3,DK,quantile,0.05,64.38667515013353
2025-06-11,ILI incidence,2025-06-29,4,DK,quantile,0.05,62.93043259813318
2025-06-11,ILI incidence,2025-05-25,-1,DK,quantile,0.1,77.15613650726706
2025-06-11,ILI incidence,2025-06-01,0,DK,quantile,0.1,74.66584504452075
2025-06-11,ILI incidence,2025-06-08,1,DK,quantile,0.1,72.56821773131735
2025-06-11,ILI incidence,2025-06-15,2,DK,quantile,0.1,70.78995025275273
2025-06-11,ILI incidence,2025-06-22,3,DK,quantile,0.1,69.46004157433586
2025-06-11,ILI incidence,2025-06-29,4,DK,quantile,0.1,68.14686296052471
2025-06-11,ILI incidence,2025-05-25,-1,DK,quantile,0.15,80.37100971367624
2025-06-11,ILI incidence,2025-06-01,0,DK,quantile,0.15,78.17824039195493
2025-06-11,ILI incidence,2025-06-08,1,DK,quantile,0.15,76.11185364233464
2025-06-11,ILI incidence,2025-06-15,2,DK,quantile,0.15,74.32596395610908
2025-06-11,ILI incidence,2025-06-22,3,DK,quantile,0.15,72.67996116142204
2025-06-11,ILI incidence,2025-06-29,4,DK,quantile,0.15,71.32115921044027
2025-06-11,ILI incidence,2025-05-25,-1,DK,quantile,0.2,83.0428901850758
2025-06-11,ILI incidence,2025-06-01,0,DK,quantile,0.2,80.56394378547152
2025-06-11,ILI incidence,2025-06-08,1,DK,quantile,0.2,78.85875766499538
2025-06-11,ILI incidence,2025-06-15,2,DK,quantile,0.2,77.2228993676941
2025-06-11,ILI incidence,2025-06-22,3,DK,quantile,0.2,75.68826996128429
2025-06-11,ILI incidence,2025-06-29,4,DK,quantile,0.2,74.52527107531697
2025-06-11,ILI incidence,2025-05-25,-1,DK,quantile,0.25,84.98494096454917
2025-06-11,ILI incidence,2025-06-01,0,DK,quantile,0.25,82.8224322640331
2025-06-11,ILI incidence,2025-06-08,1,DK,quantile,0.25,80.97319971316074
2025-06-11,ILI incidence,2025-06-15,2,DK,quantile,0.25,79.35922159899292
2025-06-11,ILI incidence,2025-06-22,3,DK,quantile,0.25,77.98055721963183
2025-06-11,ILI incidence,2025-06-29,4,DK,quantile,0.25,76.99789286067126
2025-06-11,ILI incidence,2025-05-25,-1,DK,quantile,0.3,86.792564507913
2025-06-11,ILI incidence,2025-06-01,0,DK,quantile,0.3,84.84901736174481
2025-06-11,ILI incidence,2025-06-08,1,DK,quantile,0.3,83.11311080011028
2025-06-11,ILI incidence,2025-06-15,2,DK,quantile,0.3,81.55063653009822
2025-06-11,ILI incidence,2025-06-22,3,DK,quantile,0.3,80.2188024779853
2025-06-11,ILI incidence,2025-06-29,4,DK,quantile,0.3,79.25029560569538
2025-06-11,ILI incidence,2025-05-25,-1,DK,quantile,0.35,88.60167603234409
2025-06-11,ILI incidence,2025-06-01,0,DK,quantile,0.35,86.74848654412018
2025-06-11,ILI incidence,2025-06-08,1,DK,quantile,0.35,84.9048657359292
2025-06-11,ILI incidence,2025-06-15,2,DK,quantile,0.35,83.34126443147926
2025-06-11,ILI incidence,2025-06-22,3,DK,quantile,0.35,82.20831685309412
2025-06-11,ILI incidence,2025-06-29,4,DK,quantile,0.35,81.19325044306687
2025-06-11,ILI incidence,2025-05-25,-1,DK,quantile,0.4,90.02050862899809
2025-06-11,ILI incidence,2025-06-01,0,DK,quantile,0.4,88.1572793281606
2025-06-11,ILI incidence,2025-06-08,1,DK,quantile,0.4,86.54926090629394
2025-06-11,ILI incidence,2025-06-15,2,DK,quantile,0.4,85.06712173021926
2025-06-11,ILI incidence,2025-06-22,3,DK,quantile,0.4,83.82152439197587
2025-06-11,ILI incidence,2025-06-29,4,DK,quantile,0.4,82.96036438080509
2025-06-11,ILI incidence,2025-05-25,-1,DK,quantile,0.45,91.33169082953762
2025-06-11,ILI incidence,2025-06-01,0,DK,quantile,0.45,89.61921996605109
2025-06-11,ILI incidence,2025-06-08,1,DK,quantile,0.45,87.86194576038297
2025-06-11,ILI incidence,2025-06-15,2,DK,quantile,0.45,86.67835075027338
2025-06-11,ILI incidence,2025-06-22,3,DK,quantile,0.45,85.5202677555669
2025-06-11,ILI incidence,2025-06-29,4,DK,quantile,0.45,84.81646745318504
2025-06-11,ILI incidence,2025-05-25,-1,DK,quantile,0.5,92.4307449081065
2025-06-11,ILI incidence,2025-06-01,0,DK,quantile,0.5,90.900141681379
2025-06-11,ILI incidence,2025-06-08,1,DK,quantile,0.5,89.39938363239023
2025-06-11,ILI incidence,2025-06-15,2,DK,quantile,0.5,87.92677953071359
2025-06-11,ILI incidence,2025-06-22,3,DK,quantile,0.5,87.09691943391609
2025-06-11,ILI incidence,2025-06-29,4,DK,quantile,0.5,86.42951797637902
2025-06-11,ILI incidence,2025-05-25,-1,DK,quantile,0.55,94.0692143769657
2025-06-11,ILI incidence,2025-06-01,0,DK,quantile,0.55,92.0843473673912
2025-06-11,ILI incidence,2025-06-08,1,DK,quantile,0.55,90.57894441857756
2025-06-11,ILI incidence,2025-06-15,2,DK,quantile,0.55,89.41708520363187
2025-06-11,ILI incidence,2025-06-22,3,DK,quantile,0.55,88.4255211815534
2025-06-11,ILI incidence,2025-06-29,4,DK,quantile,0.55,87.7300506343031
2025-06-11,ILI incidence,2025-05-25,-1,DK,quantile,0.6,95.268086678063
2025-06-11,ILI incidence,2025-06-01,0,DK,quantile,0.6,93.41204176361548
2025-06-11,ILI incidence,2025-06-08,1,DK,quantile,0.6,91.79703644226878
2025-06-11,ILI incidence,2025-06-15,2,DK,quantile,0.6,90.67119960143988
2025-06-11,ILI incidence,2025-06-22,3,DK,quantile,0.6,89.83496936675981
2025-06-11,ILI incidence,2025-06-29,4,DK,quantile,0.6,89.34746364624107
2025-06-11,ILI incidence,2025-05-25,-1,DK,quantile,0.65,96.39862607293594
2025-06-11,ILI incidence,2025-06-01,0,DK,quantile,0.65,94.65182108392936
2025-06-11,ILI incidence,2025-06-08,1,DK,quantile,0.65,92.999809051704
2025-06-11,ILI incidence,2025-06-15,2,DK,quantile,0.65,91.93518634706923
2025-06-11,ILI incidence,2025-06-22,3,DK,quantile,0.65,91.11366676263458
2025-06-11,ILI incidence,2025-06-29,4,DK,quantile,0.65,90.6550013797138
2025-06-11,ILI incidence,2025-05-25,-1,DK,quantile,0.7,97.29874846536266
2025-06-11,ILI incidence,2025-06-01,0,DK,quantile,0.7,95.70286478086862
2025-06-11,ILI incidence,2025-06-08,1,DK,quantile,0.7,94.24630393823338
2025-06-11,ILI incidence,2025-06-15,2,DK,quantile,0.7,93.1959269000575
2025-06-11,ILI incidence,2025-06-22,3,DK,quantile,0.7,92.38902697110878
2025-06-11,ILI incidence,2025-06-29,4,DK,quantile,0.7,91.94594203472582
2025-06-11,ILI incidence,2025-05-25,-1,DK,quantile,0.75,98.38920593310876
2025-06-11,ILI incidence,2025-06-01,0,DK,quantile,0.75,96.69757292484805
2025-06-11,ILI incidence,2025-06-08,1,DK,quantile,0.75,95.3171006019004
2025-06-11,ILI incidence,2025-06-15,2,DK,quantile,0.75,94.35686017353363
2025-06-11,ILI incidence,2025-06-22,3,DK,quantile,0.75,93.74580040333124
2025-06-11,ILI incidence,2025-06-29,4,DK,quantile,0.75,93.35961618064786
2025-06-11,ILI incidence,2025-05-25,-1,DK,quantile,0.8,99.3575874526423
2025-06-11,ILI incidence,2025-06-01,0,DK,quantile,0.8,97.66170850453749
2025-06-11,ILI incidence,2025-06-08,1,DK,quantile,0.8,96.30500077522674
2025-06-11,ILI incidence,2025-06-15,2,DK,quantile,0.8,95.45192777206574
2025-06-11,ILI incidence,2025-06-22,3,DK,quantile,0.8,94.93134591896322
2025-06-11,ILI incidence,2025-06-29,4,DK,quantile,0.8,94.66626741219892
2025-06-11,ILI incidence,2025-05-25,-1,DK,quantile,0.85,100.49758426475836
2025-06-11,ILI incidence,2025-06-01,0,DK,quantile,0.85,98.66385919247996
2025-06-11,ILI incidence,2025-06-08,1,DK,quantile,0.85,97.34296700189068
2025-06-11,ILI incidence,2025-06-15,2,DK,quantile,0.85,96.5050775570364
2025-06-11,ILI incidence,2025-06-22,3,DK,quantile,0.85,96.12470102960856
2025-06-11,ILI incidence,2025-06-29,4,DK,quantile,0.85,95.92978452218831
2025-06-11,ILI incidence,2025-05-25,-1,DK,quantile,0.9,101.73710209836582
2025-06-11,ILI incidence,2025-06-01,0,DK,quantile,0.9,99.63379910638136
2025-06-11,ILI incidence,2025-06-08,1,DK,quantile,0.9,98.38991762993626
2025-06-11,ILI incidence,2025-06-15,2,DK,quantile,0.9,97.74020818105052
2025-06-11,ILI incidence,2025-06-22,3,DK,quantile,0.9,97.38402589178888
2025-06-11,ILI incidence,2025-06-29,4,DK,quantile,0.9,97.2036102012784
2025-06-11,ILI incidence,2025-05-25,-1,DK,quantile,0.95,103.45382261464344
2025-06-11,ILI incidence,2025-06-01,0,DK,quantile,0.95,100.726357733196
2025-06-11,ILI incidence,2025-06-08,1,DK,quantile,0.95,99.40648236316908
2025-06-11,ILI incidence,2025-06-15,2,DK,quantile,0.95,98.99430644074042
2025-06-11,ILI incidence,2025-06-22,3,DK,quantile,0.95,98.77228435637542
2025-06-11,ILI incidence,2025-06-29,4,DK,quantile,0.95,98.5920265920325
2025-06-11,ILI incidence,2025-05-25,-1,DK,quantile,0.975,104.7789901788263
2025-06-11,ILI incidence,2025-06-01,0,DK,quantile,0.975,101.4096666904776
2025-06-11,ILI incidence,2025-06-08,1,DK,quantile,0.975,100.05258518195618
2025-06-11,ILI incidence,2025-06-15,2,DK,quantile,0.975,99.58506969704524
2025-06-11,ILI incidence,2025-06-22,3,DK,quantile,0.975,99.362145660876
2025-06-11,ILI incidence,2025-06-29,4,DK,quantile,0.975,99.22666073957554
2025-06-11,ILI incidence,2025-05-25,-1,DK,quantile,0.99,106.23345108497568
2025-06-11,ILI incidence,2025-06-01,0,DK,quantile,0.99,102.0880543864342
2025-06-11,ILI incidence,2025-06-08,1,DK,quantile,0.99,100.58772722497643
2025-06-11,ILI incidence,2025-06-15,2,DK,quantile,0.99,99.99636724277153
2025-06-11,ILI incidence,2025-06-22,3,DK,quantile,0.99,99.8641587159314
2025-06-11,ILI incidence,2025-06-29,4,DK,quantile,0.99,99.78740638509454
2025-06-11,ILI incidence,2025-05-25,-1,GR,quantile,0.01,317.93847986432
2025-06-11,ILI incidence,2025-06-01,0,GR,quantile,0.01,299.5354685640568
2025-06-11,ILI incidence,2025-06-08,1,GR,quantile,0.01,285.92832119353545
2025-06-11,ILI incidence,2025-06-15,2,GR,quantile,0.01,275.5327013080935
2025-06-11,ILI incidence,2025-06-22,3,GR,quantile,0.01,267.78200193775
2025-06-11,ILI incidence,2025-06-29,4,GR,quantile,0.01,262.1933839506011
2025-06-11,ILI incidence,2025-05-25,-1,GR,quantile,0.025,325.8310706888729
2025-06-11,ILI incidence,2025-06-01,0,GR,quantile,0.025,307.698589872831
2025-06-11,ILI incidence,2025-06-08,1,GR,quantile,0.025,293.58356607377726
2025-06-11,ILI incidence,2025-06-15,2,GR,quantile,0.025,282.12919309039296
2025-06-11,ILI incidence,2025-06-22,3,GR,quantile,0.025,273.43121901322064
2025-06-11,ILI incidence,2025-06-29,4,GR,quantile,0.025,266.71845656389
2025-06-11,ILI incidence,2025-05-25,-1,GR,quantile,0.05,334.9818345913208
2025-06-11,ILI incidence,2025-06-01,0,GR,quantile,0.05,316.0489980506002
2025-06-11,ILI incidence,2025-06-08,1,GR,quantile,0.05,299.95389596638506
2025-06-11,ILI incidence,2025-06-15,2,GR,quantile,0.05,288.03130280923574
2025-06-11,ILI incidence,2025-06-22,3,GR,quantile,0.05,278.5935860847878
2025-06-11,ILI incidence,2025-06-29,4,GR,quantile,0.05,271.1343674642163
2025-06-11,ILI incidence,2025-05-25,-1,GR,quantile,0.1,347.2728852015684
2025-06-11,ILI incidence,2025-06-01,0,GR,quantile,0.1,326.1445892237567
2025-06-11,ILI incidence,2025-06-08,1,GR,quantile,0.1,309.8932521939127
2025-06-11,ILI incidence,2025-06-15,2,GR,quantile,0.1,296.2015161414113
2025-06-11,ILI incidence,2025-06-22,3,GR,quantile,0.1,285.3815740103127
2025-06-11,ILI incidence,2025-06-29,4,GR,quantile,0.1,276.98091223846416
2025-06-11,ILI incidence,2025-05-25,-1,GR,quantile,0.15,356.0771205385448
2025-06-11,ILI incidence,2025-06-01,0,GR,quantile,0.15,334.00241071995464
2025-06-11,ILI incidence,2025-06-08,1,GR,quantile,0.15,315.86165071108513
2025-06-11,ILI incidence,2025-06-15,2,GR,quantile,0.15,301.9376975949347
2025-06-11,ILI incidence,2025-06-22,3,GR,quantile,0.15,290.43918340520344
2025-06-11,ILI incidence,2025-06-29,4,GR,quantile,0.15,281.85063897426375
2025-06-11,ILI incidence,2025-05-25,-1,GR,quantile,0.2,364.77809603358025
2025-06-11,ILI incidence,2025-06-01,0,GR,quantile,0.2,340.49081765119166
2025-06-11,ILI incidence,2025-06-08,1,GR,quantile,0.2,321.5101650301524
2025-06-11,ILI incidence,2025-06-15,2,GR,quantile,0.2,306.6447296171264
2025-06-11,ILI incidence,2025-06-22,3,GR,quantile,0.2,295.38935151882043
2025-06-11,ILI incidence,2025-06-29,4,GR,quantile,0.2,285.93420158167595
2025-06-11,ILI incidence,2025-05-25,-1,GR,quantile,0.25,372.96717937299866
2025-06-11,ILI incidence,2025-06-01,0,GR,quantile,0.25,346.6865082283193
2025-06-11,ILI incidence,2025-06-08,1,GR,quantile,0.25,325.971099006234
2025-06-11,ILI incidence,2025-06-15,2,GR,quantile,0.25,311.1069018727668
2025-06-11,ILI incidence,2025-06-22,3,GR,quantile,0.25,299.27166751942605
2025-06-11,ILI incidence,2025-06-29,4,GR,quantile,0.25,289.9222332130598
2025-06-11,ILI incidence,2025-05-25,-1,GR,quantile,0.3,379.4012466431519
2025-06-11,ILI incidence,2025-06-01,0,GR,quantile,0.3,352.5787625231643
2025-06-11,ILI incidence,2025-06-08,1,GR,quantile,0.3,331.2269038278458
2025-06-11,ILI incidence,2025-06-15,2,GR,quantile,0.3,314.8054459511096
2025-06-11,ILI incidence,2025-06-22,3,GR,quantile,0.3,302.36962519329245
2025-06-11,ILI incidence,2025-06-29,4,GR,quantile,0.3,293.0693236576567
2025-06-11,ILI incidence,2025-05-25,-1,GR,quantile,0.35,387.4349797755216
2025-06-11,ILI incidence,2025-06-01,0,GR,quantile,0.35,359.13706653352966
2025-06-11,ILI incidence,2025-06-08,1,GR,quantile,0.35,336.7703618392504
2025-06-11,ILI incidence,2025-06-15,2,GR,quantile,0.35,318.6679148888028
2025-06-11,ILI incidence,2025-06-22,3,GR,quantile,0.35,305.3914223893649
2025-06-11,ILI incidence,2025-06-29,4,GR,quantile,0.35,295.9932416303428
2025-06-11,ILI incidence,2025-05-25,-1,GR,quantile,0.4,394.5154270519652
2025-06-11,ILI incidence,2025-06-01,0,GR,quantile,0.4,365.692450588951
2025-06-11,ILI incidence,2025-06-08,1,GR,quantile,0.4,341.52593936214697
2025-06-11,ILI incidence,2025-06-15,2,GR,quantile,0.4,322.8205703976835
2025-06-11,ILI incidence,2025-06-22,3,GR,quantile,0.4,308.8456709071949
2025-06-11,ILI incidence,2025-06-29,4,GR,quantile,0.4,298.6058540933804
2025-06-11,ILI incidence,2025-05-25,-1,GR,quantile,0.45,401.8279740909857
2025-06-11,ILI incidence,2025-06-01,0,GR,quantile,0.45,371.6328124039634
2025-06-11,ILI incidence,2025-06-08,1,GR,quantile,0.45,346.7107932964301
2025-06-11,ILI incidence,2025-06-15,2,GR,quantile,0.45,326.8855092142204
2025-06-11,ILI incidence,2025-06-22,3,GR,quantile,0.45,312.09365135301096
2025-06-11,ILI incidence,2025-06-29,4,GR,quantile,0.45,301.3329687135077
2025-06-11,ILI incidence,2025-05-25,-1,GR,quantile,0.5,408.5846038917051
2025-06-11,ILI incidence,2025-06-01,0,GR,quantile,0.5,377.5305523315843
2025-06-11,ILI incidence,2025-06-08,1,GR,quantile,0.5,351.80750479450376
2025-06-11,ILI incidence,2025-06-15,2,GR,quantile,0.5,331.3901122952923
2025-06-11,ILI incidence,2025-06-22,3,GR,quantile,0.5,315.3506673110678
2025-06-11,ILI incidence,2025-06-29,4,GR,quantile,0.5,304.13695092656474
2025-06-11,ILI incidence,2025-05-25,-1,GR,quantile,0.55,415.7910036613939
2025-06-11,ILI incidence,2025-06-01,0,GR,quantile,0.55,383.5736111888484
2025-06-11,ILI incidence,2025-06-08,1,GR,quantile,0.55,357.11905735911824
2025-06-11,ILI incidence,2025-06-15,2,GR,quantile,0.55,335.60230218570024
2025-06-11,ILI incidence,2025-06-22,3,GR,quantile,0.55,318.99114034559733
2025-06-11,ILI incidence,2025-06-29,4,GR,quantile,0.55,306.73345094355244
2025-06-11,ILI incidence,2025-05-25,-1,GR,quantile,0.6,423.7109011522029
2025-06-11,ILI incidence,2025-06-01,0,GR,quantile,0.6,390.0110523126208
2025-06-11,ILI incidence,2025-06-08,1,GR,quantile,0.6,362.3157876128036
2025-06-11,ILI incidence,2025-06-15,2,GR,quantile,0.6,339.9000813537927
2025-06-11,ILI incidence,2025-06-22,3,GR,quantile,0.6,322.5691521068484
2025-06-11,ILI incidence,2025-06-29,4,GR,quantile,0.6,309.6922584228902
2025-06-11,ILI incidence,2025-05-25,-1,GR,quantile,0.65,432.0348188049538
2025-06-11,ILI incidence,2025-06-01,0,GR,quantile,0.65,398.1326652974688
2025-06-11,ILI incidence,2025-06-08,1,GR,quantile,0.65,368.4911521031516
2025-06-11,ILI incidence,2025-06-15,2,GR,quantile,0.65,344.6350360034758
2025-06-11,ILI incidence,2025-06-22,3,GR,quantile,0.65,326.1754916711422
2025-06-11,ILI incidence,2025-06-29,4,GR,quantile,0.65,312.3368195754304
2025-06-11,ILI incidence,2025-05-25,-1,GR,quantile,0.7,441.35425181337934
2025-06-11,ILI incidence,2025-06-01,0,GR,quantile,0.7,406.23829846549694
2025-06-11,ILI incidence,2025-06-08,1,GR,quantile,0.7,375.1040796043257
2025-06-11,ILI incidence,2025-06-15,2,GR,quantile,0.7,350.36326455966673
2025-06-11,ILI incidence,2025-06-22,3,GR,quantile,0.7,330.6563008148701
2025-06-11,ILI incidence,2025-06-29,4,GR,quantile,0.7,315.6241957057898
2025-06-11,ILI incidence,2025-05-25,-1,GR,quantile,0.75,450.12810953017424
2025-06-11,ILI incidence,2025-06-01,0,GR,quantile,0.75,413.1015223683032
2025-06-11,ILI incidence,2025-06-08,1,GR,quantile,0.75,382.9254336140696
2025-06-11,ILI incidence,2025-06-15,2,GR,quantile,0.75,356.84572987159584
2025-06-11,ILI incidence,2025-06-22,3,GR,quantile,0.75,335.60381106638795
2025-06-11,ILI incidence,2025-06-29,4,GR,quantile,0.75,319.77100383808374
2025-06-11,ILI incidence,2025-05-25,-1,GR,quantile,0.8,460.4021426054767
2025-06-11,ILI incidence,2025-06-01,0,GR,quantile,0.8,422.9723901497362
2025-06-11,ILI incidence,2025-06-08,1,GR,quantile,0.8,390.4566780245242
2025-06-11,ILI incidence,2025-06-15,2,GR,quantile,0.8,363.3219243832879
2025-06-11,ILI incidence,2025-06-22,3,GR,quantile,0.8,341.23090646875687
2025-06-11,ILI incidence,2025-06-29,4,GR,quantile,0.8,324.18655100697515
2025-06-11,ILI incidence,2025-05-25,-1,GR,quantile,0.85,471.30530426730576
2025-06-11,ILI incidence,2025-06-01,0,GR,quantile,0.85,432.5254654070369
2025-06-11,ILI incidence,2025-06-08,1,GR,quantile,0.85,399.6544331184453
2025-06-11,ILI incidence,2025-06-15,2,GR,quantile,0.85,370.5602228168537
2025-06-11,ILI incidence,2025-06-22,3,GR,quantile,0.85,347.5377269062674
2025-06-11,ILI incidence,2025-06-29,4,GR,quantile,0.85,329.8291409759753
2025-06-11,ILI incidence,2025-05-25,-1,GR,quantile,0.9,482.6452745471168
2025-06-11,ILI incidence,2025-06-01,0,GR,quantile,0.9,443.0467448524583
2025-06-11,ILI incidence,2025-06-08,1,GR,quantile,0.9,407.8629792225891
2025-06-11,ILI incidence,2025-06-15,2,GR,quantile,0.9,378.8478529643836
2025-06-11,ILI incidence,2025-06-22,3,GR,quantile,0.9,355.04937904702626
2025-06-11,ILI incidence,2025-06-29,4,GR,quantile,0.9,335.6681503588859
2025-06-11,ILI incidence,2025-05-25,-1,GR,quantile,0.95,497.559476526288
2025-06-11,ILI incidence,2025-06-01,0,GR,quantile,0.95,456.1019770063176
2025-06-11,ILI incidence,2025-06-08,1,GR,quantile,0.95,420.2088621769028
2025-06-11,ILI incidence,2025-06-15,2,GR,quantile,0.95,389.245475790654
2025-06-11,ILI incidence,2025-06-22,3,GR,quantile,0.95,364.10486374956326
2025-06-11,ILI incidence,2025-06-29,4,GR,quantile,0.95,343.9404084334297
2025-06-11,ILI incidence,2025-05-25,-1,GR,quantile,0.975,506.579594341476
2025-06-11,ILI incidence,2025-06-01,0,GR,quantile,0.975,463.9320989292884
2025-06-11,ILI incidence,2025-06-08,1,GR,quantile,0.975,427.0154618495428
2025-06-11,ILI incidence,2025-06-15,2,GR,quantile,0.975,396.2751629685778
2025-06-11,ILI incidence,2025-06-22,3,GR,quantile,0.975,371.5552715703423
2025-06-11,ILI incidence,2025-06-29,4,GR,quantile,0.975,351.9002005195556
2025-06-11,ILI incidence,2025-05-25,-1,GR,quantile,0.99,513.7328351864026
2025-06-11,ILI incidence,2025-06-01,0,GR,quantile,0.99,469.1635196364597
2025-06-11,ILI incidence,2025-06-08,1,GR,quantile,0.99,433.32813659202736
2025-06-11,ILI incidence,2025-06-15,2,GR,quantile,0.99,404.4391381717912
2025-06-11,ILI incidence,2025-06-22,3,GR,quantile,0.99,380.8998085589072
2025-06-11,ILI incidence,2025-06-29,4,GR,quantile,0.99,359.76147439985425
2025-06-11,ILI incidence,2025-05-25,-1,IE,quantile,0.01,3.147294386639439
2025-06-11,ILI incidence,2025-06-01,0,IE,quantile,0.01,2.557367661437069
2025-06-11,ILI incidence,2025-06-08,1,IE,quantile,0.01,1.8232871090315304
2025-06-11,ILI incidence,2025-06-15,2,IE,quantile,0.01,1.2437721565380546
2025-06-11,ILI incidence,2025-06-22,3,IE,quantile,0.01,0.8139853672742151
2025-06-11,ILI incidence,2025-06-29,4,IE,quantile,0.01,0.5210212971555136
2025-06-11,ILI incidence,2025-05-25,-1,IE,quantile,0.025,3.243580737981098
2025-06-11,ILI incidence,2025-06-01,0,IE,quantile,0.025,2.5782203659244174
2025-06-11,ILI incidence,2025-06-08,1,IE,quantile,0.025,1.867983353069256
2025-06-11,ILI incidence,2025-06-15,2,IE,quantile,0.025,1.3145884163174868
2025-06-11,ILI incidence,2025-06-22,3,IE,quantile,0.025,0.8744380203155298
2025-06-11,ILI incidence,2025-06-29,4,IE,quantile,0.025,0.5715627037409019
2025-06-11,ILI incidence,2025-05-25,-1,IE,quantile,0.05,3.39385486149523
2025-06-11,ILI incidence,2025-06-01,0,IE,quantile,0.05,2.642824316155634
2025-06-11,ILI incidence,2025-06-08,1,IE,quantile,0.05,1.930787591061931
2025-06-11,ILI incidence,2025-06-15,2,IE,quantile,0.05,1.3701746365126295
2025-06-11,ILI incidence,2025-06-22,3,IE,quantile,0.05,0.9688113526438932
2025-06-11,ILI incidence,2025-06-29,4,IE,quantile,0.05,0.641331551517084
2025-06-11,ILI incidence,2025-05-25,-1,IE,quantile,0.1,3.548700853145168
2025-06-11,ILI incidence,2025-06-01,0,IE,quantile,0.1,2.7056802609121555
2025-06-11,ILI incidence,2025-06-08,1,IE,quantile,0.1,2.0407096071961326
2025-06-11,ILI incidence,2025-06-15,2,IE,quantile,0.1,1.47592195905219
2025-06-11,ILI incidence,2025-06-22,3,IE,quantile,0.1,1.0457394219771206
2025-06-11,ILI incidence,2025-06-29,4,IE,quantile,0.1,0.7474490089722492
2025-06-11,ILI incidence,2025-05-25,-1,IE,quantile,0.15,3.695829217877658
2025-06-11,ILI incidence,2025-06-01,0,IE,quantile,0.15,2.826578639720832
2025-06-11,ILI incidence,2025-06-08,1,IE,quantile,0.15,2.1221908906792373
2025-06-11,ILI incidence,2025-06-15,2,IE,quantile,0.15,1.573830761810262
2025-06-11,ILI incidence,2025-06-22,3,IE,quantile,0.15,1.1444938503637936
2025-06-11,ILI incidence,2025-06-29,4,IE,quantile,0.15,0.8082069583046698
2025-06-11,ILI incidence,2025-05-25,-1,IE,quantile,0.2,3.797709973755302
2025-06-11,ILI incidence,2025-06-01,0,IE,quantile,0.2,2.929055513726328
2025-06-11,ILI incidence,2025-06-08,1,IE,quantile,0.2,2.2246495780846987
2025-06-11,ILI incidence,2025-06-15,2,IE,quantile,0.2,1.6337439784987573
2025-06-11,ILI incidence,2025-06-22,3,IE,quantile,0.2,1.1999602221253396
2025-06-11,ILI incidence,2025-06-29,4,IE,quantile,0.2,0.8637916643915509
2025-06-11,ILI incidence,2025-05-25,-1,IE,quantile,0.25,3.914270470627692
2025-06-11,ILI incidence,2025-06-01,0,IE,quantile,0.25,3.0140826920333827
2025-06-11,ILI incidence,2025-06-08,1,IE,quantile,0.25,2.3189273193030626
2025-06-11,ILI incidence,2025-06-15,2,IE,quantile,0.25,1.729078924921036
2025-06-11,ILI incidence,2025-06-22,3,IE,quantile,0.25,1.268321204120781
2025-06-11,ILI incidence,2025-06-29,4,IE,quantile,0.25,0.9275086009460508
2025-06-11,ILI incidence,2025-05-25,-1,IE,quantile,0.3,4.016711324995005
2025-06-11,ILI incidence,2025-06-01,0,IE,quantile,0.3,3.147089119912777
2025-06-11,ILI incidence,2025-06-08,1,IE,quantile,0.3,2.403970743260656
2025-06-11,ILI incidence,2025-06-15,2,IE,quantile,0.3,1.79404718835546
2025-06-11,ILI incidence,2025-06-22,3,IE,quantile,0.3,1.332541898215328
2025-06-11,ILI incidence,2025-06-29,4,IE,quantile,0.3,0.972717112033198
2025-06-11,ILI incidence,2025-05-25,-1,IE,quantile,0.35,4.104316554460315
2025-06-11,ILI incidence,2025-06-01,0,IE,quantile,0.35,3.231048520983877
2025-06-11,ILI incidence,2025-06-08,1,IE,quantile,0.35,2.495748578304932
2025-06-11,ILI incidence,2025-06-15,2,IE,quantile,0.35,1.8742709159520936
2025-06-11,ILI incidence,2025-06-22,3,IE,quantile,0.35,1.3833295562601446
2025-06-11,ILI incidence,2025-06-29,4,IE,quantile,0.35,1.0284314748571866
2025-06-11,ILI incidence,2025-05-25,-1,IE,quantile,0.4,4.206476796395154
2025-06-11,ILI incidence,2025-06-01,0,IE,quantile,0.4,3.3474007063750912
2025-06-11,ILI incidence,2025-06-08,1,IE,quantile,0.4,2.582001896780259
2025-06-11,ILI incidence,2025-06-15,2,IE,quantile,0.4,1.948214734297712
2025-06-11,ILI incidence,2025-06-22,3,IE,quantile,0.4,1.4456866801512214
2025-06-11,ILI incidence,2025-06-29,4,IE,quantile,0.4,1.0671620189607425
2025-06-11,ILI incidence,2025-05-25,-1,IE,quantile,0.45,4.326405320891
2025-06-11,ILI incidence,2025-06-01,0,IE,quantile,0.45,3.437082230053492
2025-06-11,ILI incidence,2025-06-08,1,IE,quantile,0.45,2.662653063075349
2025-06-11,ILI incidence,2025-06-15,2,IE,quantile,0.45,2.02346425795094
2025-06-11,ILI incidence,2025-06-22,3,IE,quantile,0.45,1.5048145508910735
2025-06-11,ILI incidence,2025-06-29,4,IE,quantile,0.45,1.103334894421696
2025-06-11,ILI incidence,2025-05-25,-1,IE,quantile,0.5,4.418526072326117
2025-06-11,ILI incidence,2025-06-01,0,IE,quantile,0.5,3.522747980448589
2025-06-11,ILI incidence,2025-06-08,1,IE,quantile,0.5,2.745533175539452
2025-06-11,ILI incidence,2025-06-15,2,IE,quantile,0.5,2.111362822255025
2025-06-11,ILI incidence,2025-06-22,3,IE,quantile,0.5,1.578638780622709
2025-06-11,ILI incidence,2025-06-29,4,IE,quantile,0.5,1.154861051882775
2025-06-11,ILI incidence,2025-05-25,-1,IE,quantile,0.55,4.532552092344506
2025-06-11,ILI incidence,2025-06-01,0,IE,quantile,0.55,3.6268922966019153
2025-06-11,ILI incidence,2025-06-08,1,IE,quantile,0.55,2.872427345231628
2025-06-11,ILI incidence,2025-06-15,2,IE,quantile,0.55,2.1889389217751245
2025-06-11,ILI incidence,2025-06-22,3,IE,quantile,0.55,1.6456731246034693
2025-06-11,ILI incidence,2025-06-29,4,IE,quantile,0.55,1.2326735973756469
2025-06-11,ILI incidence,2025-05-25,-1,IE,quantile,0.6,4.654882080768028
2025-06-11,ILI incidence,2025-06-01,0,IE,quantile,0.6,3.790588106344224
2025-06-11,ILI incidence,2025-06-08,1,IE,quantile,0.6,2.964421673955244
2025-06-11,ILI incidence,2025-06-15,2,IE,quantile,0.6,2.2781474551608394
2025-06-11,ILI incidence,2025-06-22,3,IE,quantile,0.6,1.7256180840784734
2025-06-11,ILI incidence,2025-06-29,4,IE,quantile,0.6,1.2992568728055711
2025-06-11,ILI incidence,2025-05-25,-1,IE,quantile,0.65,4.7779103939371605
2025-06-11,ILI incidence,2025-06-01,0,IE,quantile,0.65,3.899893710105054
2025-06-11,ILI incidence,2025-06-08,1,IE,quantile,0.65,3.081671883853025
2025-06-11,ILI incidence,2025-06-15,2,IE,quantile,0.65,2.3559479254245934
2025-06-11,ILI incidence,2025-06-22,3,IE,quantile,0.65,1.8072989507550856
2025-06-11,ILI incidence,2025-06-29,4,IE,quantile,0.65,1.357663776569532
2025-06-11,ILI incidence,2025-05-25,-1,IE,quantile,0.7,4.892337928591476
2025-06-11,ILI incidence,2025-06-01,0,IE,quantile,0.7,3.977288155365535
2025-06-11,ILI incidence,2025-06-08,1,IE,quantile,0.7,3.153219169824517
2025-06-11,ILI incidence,2025-06-15,2,IE,quantile,0.7,2.4715474838496183
2025-06-11,ILI incidence,2025-06-22,3,IE,quantile,0.7,1.882621326266232
2025-06-11,ILI incidence,2025-06-29,4,IE,quantile,0.7,1.4267801128744653
2025-06-11,ILI incidence,2025-05-25,-1,IE,quantile,0.75,5.051219800141394
2025-06-11,ILI incidence,2025-06-01,0,IE,quantile,0.75,4.074945623864748
2025-06-11,ILI incidence,2025-06-08,1,IE,quantile,0.75,3.2265918587986406
2025-06-11,ILI incidence,2025-06-15,2,IE,quantile,0.75,2.5729125851906685
2025-06-11,ILI incidence,2025-06-22,3,IE,quantile,0.75,1.987603828577278
2025-06-11,ILI incidence,2025-06-29,4,IE,quantile,0.75,1.5190109315300568
2025-06-11,ILI incidence,2025-05-25,-1,IE,quantile,0.8,5.187924561688353
2025-06-11,ILI incidence,2025-06-01,0,IE,quantile,0.8,4.173266963652835
2025-06-11,ILI incidence,2025-06-08,1,IE,quantile,0.8,3.35337303948505
2025-06-11,ILI incidence,2025-06-15,2,IE,quantile,0.8,2.664320870857723
2025-06-11,ILI incidence,2025-06-22,3,IE,quantile,0.8,2.10952396117399
2025-06-11,ILI incidence,2025-06-29,4,IE,quantile,0.8,1.6467425938277984
2025-06-11,ILI incidence,2025-05-25,-1,IE,quantile,0.85,5.3121416854764885
2025-06-11,ILI incidence,2025-06-01,0,IE,quantile,0.85,4.284917354693722
2025-06-11,ILI incidence,2025-06-08,1,IE,quantile,0.85,3.486926667292658
2025-06-11,ILI incidence,2025-06-15,2,IE,quantile,0.85,2.8315537539887674
2025-06-11,ILI incidence,2025-06-22,3,IE,quantile,0.85,2.2619127829887287
2025-06-11,ILI incidence,2025-06-29,4,IE,quantile,0.85,1.807721297162132
2025-06-11,ILI incidence,2025-05-25,-1,IE,quantile,0.9,5.488452177692468
2025-06-11,ILI incidence,2025-06-01,0,IE,quantile,0.9,4.434852729148319
2025-06-11,ILI incidence,2025-06-08,1,IE,quantile,0.9,3.603434284601829
2025-06-11,ILI incidence,2025-06-15,2,IE,quantile,0.9,3.009098158782566
2025-06-11,ILI incidence,2025-06-22,3,IE,quantile,0.9,2.513213598461904
2025-06-11,ILI incidence,2025-06-29,4,IE,quantile,0.9,2.0542374993563484
2025-06-11,ILI incidence,2025-05-25,-1,IE,quantile,0.95,5.6323808292656095
2025-06-11,ILI incidence,2025-06-01,0,IE,quantile,0.95,4.576654933330297
2025-06-11,ILI incidence,2025-06-08,1,IE,quantile,0.95,3.780935821951962
2025-06-11,ILI incidence,2025-06-15,2,IE,quantile,0.95,3.24707339241808
2025-06-11,ILI incidence,2025-06-22,3,IE,quantile,0.95,2.8662927696781475
2025-06-11,ILI incidence,2025-06-29,4,IE,quantile,0.95,2.5000928913743854
2025-06-11,ILI incidence,2025-05-25,-1,IE,quantile,0.975,5.8359823479160005
2025-06-11,ILI incidence,2025-06-01,0,IE,quantile,0.975,4.633130352296591
2025-06-11,ILI incidence,2025-06-08,1,IE,quantile,0.975,3.98527694688802
2025-06-11,ILI incidence,2025-06-15,2,IE,quantile,0.975,3.546511457964462
2025-06-11,ILI incidence,2025-06-22,3,IE,quantile,0.975,3.13693484505709
2025-06-11,ILI incidence,2025-06-29,4,IE,quantile,0.975,2.9886711398163968
2025-06-11,ILI incidence,2025-05-25,-1,IE,quantile,0.99,6.02089764947071
2025-06-11,ILI incidence,2025-06-01,0,IE,quantile,0.99,4.658494387622566
2025-06-11,ILI incidence,2025-06-08,1,IE,quantile,0.99,4.293515563803666
2025-06-11,ILI incidence,2025-06-15,2,IE,quantile,0.99,3.977724495759421
2025-06-11,ILI incidence,2025-06-22,3,IE,quantile,0.99,3.5727004843029606
2025-06-11,ILI incidence,2025-06-29,4,IE,quantile,0.99,3.313167696309624
2025-06-11,ILI incidence,2025-05-18,-1,IS,quantile,0.01,0.5715753752499669
2025-06-11,ILI incidence,2025-06-01,0,IS,quantile,0.01,0.562118756839239
2025-06-11,ILI incidence,2025-06-08,1,IS,quantile,0.01,0.3443272493622045
2025-06-11,ILI incidence,2025-06-15,2,IS,quantile,0.01,0.1262651518641181
2025-06-11,ILI incidence,2025-06-22,3,IS,quantile,0.01,0.0545652093225014
2025-06-11,ILI incidence,2025-06-29,4,IS,quantile,0.01,0.0341223463522255
2025-06-11,ILI incidence,2025-05-18,-1,IS,quantile,0.025,0.5924904448730404
2025-06-11,ILI incidence,2025-06-01,0,IS,quantile,0.025,0.564716722175709
2025-06-11,ILI incidence,2025-06-08,1,IS,quantile,0.025,0.3641951579646341
2025-06-11,ILI incidence,2025-06-15,2,IS,quantile,0.025,0.1919089827198111
2025-06-11,ILI incidence,2025-06-22,3,IS,quantile,0.025,0.0856925144510063
2025-06-11,ILI incidence,2025-06-29,4,IS,quantile,0.025,0.0650561021736528
2025-06-11,ILI incidence,2025-05-18,-1,IS,quantile,0.05,0.6691118526364651
2025-06-11,ILI incidence,2025-06-01,0,IS,quantile,0.05,0.5720569168938071
2025-06-11,ILI incidence,2025-06-08,1,IS,quantile,0.05,0.3889477692798204
2025-06-11,ILI incidence,2025-06-15,2,IS,quantile,0.05,0.2613736129929326
2025-06-11,ILI incidence,2025-06-22,3,IS,quantile,0.05,0.1159106476980291
2025-06-11,ILI incidence,2025-06-29,4,IS,quantile,0.05,0.0838213707199672
2025-06-11,ILI incidence,2025-05-18,-1,IS,quantile,0.1,0.7394295062296835
2025-06-11,ILI incidence,2025-06-01,0,IS,quantile,0.1,0.5927903927410683
2025-06-11,ILI incidence,2025-06-08,1,IS,quantile,0.1,0.4339610473914654
2025-06-11,ILI incidence,2025-06-15,2,IS,quantile,0.1,0.3037138852371652
2025-06-11,ILI incidence,2025-06-22,3,IS,quantile,0.1,0.1797229265170032
2025-06-11,ILI incidence,2025-06-29,4,IS,quantile,0.1,0.1385159184078691
2025-06-11,ILI incidence,2025-05-18,-1,IS,quantile,0.15,0.7930544575914986
2025-06-11,ILI incidence,2025-06-01,0,IS,quantile,0.15,0.633393249319817
2025-06-11,ILI incidence,2025-06-08,1,IS,quantile,0.15,0.4611905221847026
2025-06-11,ILI incidence,2025-06-15,2,IS,quantile,0.15,0.3167226224257094
2025-06-11,ILI incidence,2025-06-22,3,IS,quantile,0.15,0.2521553218848185
2025-06-11,ILI incidence,2025-06-29,4,IS,quantile,0.15,0.1948953891808422
2025-06-11,ILI incidence,2025-05-18,-1,IS,quantile,0.2,0.823864990573575
2025-06-11,ILI incidence,2025-06-01,0,IS,quantile,0.2,0.6600785220351048
2025-06-11,ILI incidence,2025-06-08,1,IS,quantile,0.2,0.4860042092863149
2025-06-11,ILI incidence,2025-06-15,2,IS,quantile,0.2,0.3597431224995691
2025-06-11,ILI incidence,2025-06-22,3,IS,quantile,0.2,0.2781272291004858
2025-06-11,ILI incidence,2025-06-29,4,IS,quantile,0.2,0.2412284229726908
2025-06-11,ILI incidence,2025-05-18,-1,IS,quantile,0.25,0.8623341304480406
2025-06-11,ILI incidence,2025-06-01,0,IS,quantile,0.25,0.6998781243891751
2025-06-11,ILI incidence,2025-06-08,1,IS,quantile,0.25,0.5172067864991137
2025-06-11,ILI incidence,2025-06-15,2,IS,quantile,0.25,0.3952719362161239
2025-06-11,ILI incidence,2025-06-22,3,IS,quantile,0.25,0.3285497731067232
2025-06-11,ILI incidence,2025-06-29,4,IS,quantile,0.25,0.2639544303625323
2025-06-11,ILI incidence,2025-05-18,-1,IS,quantile,0.3,0.8937350755121367
2025-06-11,ILI incidence,2025-06-01,0,IS,quantile,0.3,0.7462199622757733
2025-06-11,ILI incidence,2025-06-08,1,IS,quantile,0.3,0.5468565254410143
2025-06-11,ILI incidence,2025-06-15,2,IS,quantile,0.3,0.4214024349943467
2025-06-11,ILI incidence,2025-06-22,3,IS,quantile,0.3,0.3402915869479133
2025-06-11,ILI incidence,2025-06-29,4,IS,quantile,0.3,0.2838468438495289
2025-06-11,ILI incidence,2025-05-18,-1,IS,quantile,0.35,0.9166430229641934
2025-06-11,ILI incidence,2025-06-01,0,IS,quantile,0.35,0.7667210851768659
2025-06-11,ILI incidence,2025-06-08,1,IS,quantile,0.35,0.5614138278657409
2025-06-11,ILI incidence,2025-06-15,2,IS,quantile,0.35,0.4386126785433357
2025-06-11,ILI incidence,2025-06-22,3,IS,quantile,0.35,0.358717605288541
2025-06-11,ILI incidence,2025-06-29,4,IS,quantile,0.35,0.3126164581881658
2025-06-11,ILI incidence,2025-05-18,-1,IS,quantile,0.4,0.9661392697887514
2025-06-11,ILI incidence,2025-06-01,0,IS,quantile,0.4,0.779727339446849
2025-06-11,ILI incidence,2025-06-08,1,IS,quantile,0.4,0.5728575539750731
2025-06-11,ILI incidence,2025-06-15,2,IS,quantile,0.4,0.4493509604093689
2025-06-11,ILI incidence,2025-06-22,3,IS,quantile,0.4,0.388979048936763
2025-06-11,ILI incidence,2025-06-29,4,IS,quantile,0.4,0.3484759214666023
2025-06-11,ILI incidence,2025-05-18,-1,IS,quantile,0.45,1.0343173390394622
2025-06-11,ILI incidence,2025-06-01,0,IS,quantile,0.45,0.8041778366738914
2025-06-11,ILI incidence,2025-06-08,1,IS,quantile,0.45,0.5798443771351138
2025-06-11,ILI incidence,2025-06-15,2,IS,quantile,0.45,0.4709594034131113
2025-06-11,ILI incidence,2025-06-22,3,IS,quantile,0.45,0.4036629745314014
2025-06-11,ILI incidence,2025-06-29,4,IS,quantile,0.45,0.360177547032788
2025-06-11,ILI incidence,2025-05-18,-1,IS,quantile,0.5,1.0903840312380404
2025-06-11,ILI incidence,2025-06-01,0,IS,quantile,0.5,0.8277618058044159
2025-06-11,ILI incidence,2025-06-08,1,IS,quantile,0.5,0.591911951520866
2025-06-11,ILI incidence,2025-06-15,2,IS,quantile,0.5,0.4948139013299897
2025-06-11,ILI incidence,2025-06-22,3,IS,quantile,0.5,0.4309795210426225
2025-06-11,ILI incidence,2025-06-29,4,IS,quantile,0.5,0.3934566505004477
2025-06-11,ILI incidence,2025-05-18,-1,IS,quantile,0.55,1.121288214973556
2025-06-11,ILI incidence,2025-06-01,0,IS,quantile,0.55,0.8354231584865638
2025-06-11,ILI incidence,2025-06-08,1,IS,quantile,0.55,0.6254563605090497
2025-06-11,ILI incidence,2025-06-15,2,IS,quantile,0.55,0.51066093917281
2025-06-11,ILI incidence,2025-06-22,3,IS,quantile,0.55,0.4526323427006322
2025-06-11,ILI incidence,2025-06-29,4,IS,quantile,0.55,0.4094047602530613
2025-06-11,ILI incidence,2025-05-18,-1,IS,quantile,0.6,1.162876466301739
2025-06-11,ILI incidence,2025-06-01,0,IS,quantile,0.6,0.8543998497805991
2025-06-11,ILI incidence,2025-06-08,1,IS,quantile,0.6,0.648451501526055
2025-06-11,ILI incidence,2025-06-15,2,IS,quantile,0.6,0.547507896563946
2025-06-11,ILI incidence,2025-06-22,3,IS,quantile,0.6,0.4684573384964688
2025-06-11,ILI incidence,2025-06-29,4,IS,quantile,0.6,0.4374393580045227
2025-06-11,ILI incidence,2025-05-18,-1,IS,quantile,0.65,1.197185185605061
2025-06-11,ILI incidence,2025-06-01,0,IS,quantile,0.65,0.8657660539062444
2025-06-11,ILI incidence,2025-06-08,1,IS,quantile,0.65,0.6679062553906371
2025-06-11,ILI incidence,2025-06-15,2,IS,quantile,0.65,0.573208227249078
2025-06-11,ILI incidence,2025-06-22,3,IS,quantile,0.65,0.4880504156672803
2025-06-11,ILI incidence,2025-06-29,4,IS,quantile,0.65,0.4631587079921378
2025-06-11,ILI incidence,2025-05-18,-1,IS,quantile,0.7,1.2195107610833833
2025-06-11,ILI incidence,2025-06-01,0,IS,quantile,0.7,0.8976272548938645
2025-06-11,ILI incidence,2025-06-08,1,IS,quantile,0.7,0.7110536977915612
2025-06-11,ILI incidence,2025-06-15,2,IS,quantile,0.7,0.6145202513372777
2025-06-11,ILI incidence,2025-06-22,3,IS,quantile,0.7,0.5194832743675163
2025-06-11,ILI incidence,2025-06-29,4,IS,quantile,0.7,0.4763300192885331
2025-06-11,ILI incidence,2025-05-18,-1,IS,quantile,0.75,1.2693302054433695
2025-06-11,ILI incidence,2025-06-01,0,IS,quantile,0.75,0.9194480034617242
2025-06-11,ILI incidence,2025-06-08,1,IS,quantile,0.75,0.7404267521808334
2025-06-11,ILI incidence,2025-06-15,2,IS,quantile,0.75,0.6698862138927535
2025-06-11,ILI incidence,2025-06-22,3,IS,quantile,0.75,0.5573875172991105
2025-06-11,ILI incidence,2025-06-29,4,IS,quantile,0.75,0.4945340521277425
2025-06-11,ILI incidence,2025-05-18,-1,IS,quantile,0.8,1.3277227708953607
2025-06-11,ILI incidence,2025-06-01,0,IS,quantile,0.8,0.9479596184523712
2025-06-11,ILI incidence,2025-06-08,1,IS,quantile,0.8,0.7894431368941146
2025-06-11,ILI incidence,2025-06-15,2,IS,quantile,0.8,0.719761754750754
2025-06-11,ILI incidence,2025-06-22,3,IS,quantile,0.8,0.6290899860164905
2025-06-11,ILI incidence,2025-06-29,4,IS,quantile,0.8,0.5440307180580131
2025-06-11,ILI incidence,2025-05-18,-1,IS,quantile,0.85,1.4272433586728612
2025-06-11,ILI incidence,2025-06-01,0,IS,quantile,0.85,0.9587137463853987
2025-06-11,ILI incidence,2025-06-08,1,IS,quantile,0.85,0.8684436772319977
2025-06-11,ILI incidence,2025-06-15,2,IS,quantile,0.85,0.848343483662249
2025-06-11,ILI incidence,2025-06-22,3,IS,quantile,0.85,0.7997829676663645
2025-06-11,ILI incidence,2025-06-29,4,IS,quantile,0.85,0.6712542375027131
2025-06-11,ILI incidence,2025-05-18,-1,IS,quantile,0.9,1.4871282615035992
2025-06-11,ILI incidence,2025-06-01,0,IS,quantile,0.9,0.9755045669643306
2025-06-11,ILI incidence,2025-06-08,1,IS,quantile,0.9,0.94701835447232
2025-06-11,ILI incidence,2025-06-15,2,IS,quantile,0.9,0.972014647398344
2025-06-11,ILI incidence,2025-06-22,3,IS,quantile,0.9,0.940991748229996
2025-06-11,ILI incidence,2025-06-29,4,IS,quantile,0.9,0.8801564379791147
2025-06-11,ILI incidence,2025-05-18,-1,IS,quantile,0.95,1.5779165256421397
2025-06-11,ILI incidence,2025-06-01,0,IS,quantile,0.95,0.9985161374707548
2025-06-11,ILI incidence,2025-06-08,1,IS,quantile,0.95,1.1156904074470158
2025-06-11,ILI incidence,2025-06-15,2,IS,quantile,0.95,1.090811602558773
2025-06-11,ILI incidence,2025-06-22,3,IS,quantile,0.95,1.1965143278952923
2025-06-11,ILI incidence,2025-06-29,4,IS,quantile,0.95,1.0185244317455389
2025-06-11,ILI incidence,2025-05-18,-1,IS,quantile,0.975,1.7005996385099584
2025-06-11,ILI incidence,2025-06-01,0,IS,quantile,0.975,1.0255517555347882
2025-06-11,ILI incidence,2025-06-08,1,IS,quantile,0.975,1.3742469465251483
2025-06-11,ILI incidence,2025-06-15,2,IS,quantile,0.975,1.337522737062111
2025-06-11,ILI incidence,2025-06-22,3,IS,quantile,0.975,1.3372768229025702
2025-06-11,ILI incidence,2025-06-29,4,IS,quantile,0.975,1.7238262794587471
2025-06-11,ILI incidence,2025-05-18,-1,IS,quantile,0.99,1.8782366678151423
2025-06-11,ILI incidence,2025-06-01,0,IS,quantile,0.99,1.0283155665975334
2025-06-11,ILI incidence,2025-06-08,1,IS,quantile,0.99,1.909668066774778
2025-06-11,ILI incidence,2025-06-15,2,IS,quantile,0.99,3.131428989597761
2025-06-11,ILI incidence,2025-06-22,3,IS,quantile,0.99,2.132839419373884
2025-06-11,ILI incidence,2025-06-29,4,IS,quantile,0.99,2.491340985050575
2025-06-11,ILI incidence,2025-05-25,-1,LT,quantile,0.01,6.949496709268544
2025-06-11,ILI incidence,2025-06-01,0,LT,quantile,0.01,4.1159977297236425
2025-06-11,ILI incidence,2025-06-08,1,LT,quantile,0.01,2.292412244015796
2025-06-11,ILI incidence,2025-06-15,2,LT,quantile,0.01,1.257962458211283
2025-06-11,ILI incidence,2025-06-22,3,LT,quantile,0.01,0.6426914448731864
2025-06-11,ILI incidence,2025-06-29,4,LT,quantile,0.01,0.3245126950219403
2025-06-11,ILI incidence,2025-05-25,-1,LT,quantile,0.025,7.058320355335503
2025-06-11,ILI incidence,2025-06-01,0,LT,quantile,0.025,4.287921182707108
2025-06-11,ILI incidence,2025-06-08,1,LT,quantile,0.025,2.4337518420361266
2025-06-11,ILI incidence,2025-06-15,2,LT,quantile,0.025,1.3569725989429116
2025-06-11,ILI incidence,2025-06-22,3,LT,quantile,0.025,0.7553513744449066
2025-06-11,ILI incidence,2025-06-29,4,LT,quantile,0.025,0.3784314270899446
2025-06-11,ILI incidence,2025-05-25,-1,LT,quantile,0.05,7.176376830170646
2025-06-11,ILI incidence,2025-06-01,0,LT,quantile,0.05,4.490048216781105
2025-06-11,ILI incidence,2025-06-08,1,LT,quantile,0.05,2.621860211816229
2025-06-11,ILI incidence,2025-06-15,2,LT,quantile,0.05,1.5140706386458216
2025-06-11,ILI incidence,2025-06-22,3,LT,quantile,0.05,0.8647495384613878
2025-06-11,ILI incidence,2025-06-29,4,LT,quantile,0.05,0.4681226396398055
2025-06-11,ILI incidence,2025-05-25,-1,LT,quantile,0.1,7.45552423377368
2025-06-11,ILI incidence,2025-06-01,0,LT,quantile,0.1,4.774204070398437
2025-06-11,ILI incidence,2025-06-08,1,LT,quantile,0.1,2.8717843813729265
2025-06-11,ILI incidence,2025-06-15,2,LT,quantile,0.1,1.700784259620876
2025-06-11,ILI incidence,2025-06-22,3,LT,quantile,0.1,0.992796238225948
2025-06-11,ILI incidence,2025-06-29,4,LT,quantile,0.1,0.5767315384352277
2025-06-11,ILI incidence,2025-05-25,-1,LT,quantile,0.15,7.8255874762404
2025-06-11,ILI incidence,2025-06-01,0,LT,quantile,0.15,4.997549350915399
2025-06-11,ILI incidence,2025-06-08,1,LT,quantile,0.15,3.1085329535449144
2025-06-11,ILI incidence,2025-06-15,2,LT,quantile,0.15,1.860694830118579
2025-06-11,ILI incidence,2025-06-22,3,LT,quantile,0.15,1.107533567110257
2025-06-11,ILI incidence,2025-06-29,4,LT,quantile,0.15,0.6440712278461654
2025-06-11,ILI incidence,2025-05-25,-1,LT,quantile,0.2,8.069032038670816
2025-06-11,ILI incidence,2025-06-01,0,LT,quantile,0.2,5.191851964921311
2025-06-11,ILI incidence,2025-06-08,1,LT,quantile,0.2,3.2620510316256235
2025-06-11,ILI incidence,2025-06-15,2,LT,quantile,0.2,1.976593067544166
2025-06-11,ILI incidence,2025-06-22,3,LT,quantile,0.2,1.1944200563625271
2025-06-11,ILI incidence,2025-06-29,4,LT,quantile,0.2,0.7165410436170693
2025-06-11,ILI incidence,2025-05-25,-1,LT,quantile,0.25,8.376347265100193
2025-06-11,ILI incidence,2025-06-01,0,LT,quantile,0.25,5.381517903477452
2025-06-11,ILI incidence,2025-06-08,1,LT,quantile,0.25,3.410776073081234
2025-06-11,ILI incidence,2025-06-15,2,LT,quantile,0.25,2.088435682748626
2025-06-11,ILI incidence,2025-06-22,3,LT,quantile,0.25,1.2723569646557171
2025-06-11,ILI incidence,2025-06-29,4,LT,quantile,0.25,0.7634440813033642
2025-06-11,ILI incidence,2025-05-25,-1,LT,quantile,0.3,8.658945047815314
2025-06-11,ILI incidence,2025-06-01,0,LT,quantile,0.3,5.617529193229492
2025-06-11,ILI incidence,2025-06-08,1,LT,quantile,0.3,3.549487960469931
2025-06-11,ILI incidence,2025-06-15,2,LT,quantile,0.3,2.195737866417944
2025-06-11,ILI incidence,2025-06-22,3,LT,quantile,0.3,1.3401668285960782
2025-06-11,ILI incidence,2025-06-29,4,LT,quantile,0.3,0.8187194963504928
2025-06-11,ILI incidence,2025-05-25,-1,LT,quantile,0.35,8.937005957773888
2025-06-11,ILI incidence,2025-06-01,0,LT,quantile,0.35,5.821349276429439
2025-06-11,ILI incidence,2025-06-08,1,LT,quantile,0.35,3.726661493294991
2025-06-11,ILI incidence,2025-06-15,2,LT,quantile,0.35,2.2969491797210164
2025-06-11,ILI incidence,2025-06-22,3,LT,quantile,0.35,1.4013338910369455
2025-06-11,ILI incidence,2025-06-29,4,LT,quantile,0.35,0.8718519221390822
2025-06-11,ILI incidence,2025-05-25,-1,LT,quantile,0.4,9.183695585723424
2025-06-11,ILI incidence,2025-06-01,0,LT,quantile,0.4,6.043502973228343
2025-06-11,ILI incidence,2025-06-08,1,LT,quantile,0.4,3.847497295646913
2025-06-11,ILI incidence,2025-06-15,2,LT,quantile,0.4,2.3958322249309147
2025-06-11,ILI incidence,2025-06-22,3,LT,quantile,0.4,1.462715263827581
2025-06-11,ILI incidence,2025-06-29,4,LT,quantile,0.4,0.925091767046029
2025-06-11,ILI incidence,2025-05-25,-1,LT,quantile,0.45,9.40919924109836
2025-06-11,ILI incidence,2025-06-01,0,LT,quantile,0.45,6.231824559608024
2025-06-11,ILI incidence,2025-06-08,1,LT,quantile,0.45,3.98223898436272
2025-06-11,ILI incidence,2025-06-15,2,LT,quantile,0.45,2.494416601124942
2025-06-11,ILI incidence,2025-06-22,3,LT,quantile,0.45,1.5200340403889696
2025-06-11,ILI incidence,2025-06-29,4,LT,quantile,0.45,0.9748259898235118
2025-06-11,ILI incidence,2025-05-25,-1,LT,quantile,0.5,9.76222835489955
2025-06-11,ILI incidence,2025-06-01,0,LT,quantile,0.5,6.43717604816403
2025-06-11,ILI incidence,2025-06-08,1,LT,quantile,0.5,4.104984132555428
2025-06-11,ILI incidence,2025-06-15,2,LT,quantile,0.5,2.5861751667138537
2025-06-11,ILI incidence,2025-06-22,3,LT,quantile,0.5,1.6063594565590893
2025-06-11,ILI incidence,2025-06-29,4,LT,quantile,0.5,1.0193122142791284
2025-06-11,ILI incidence,2025-05-25,-1,LT,quantile,0.55,10.029874596116237
2025-06-11,ILI incidence,2025-06-01,0,LT,quantile,0.55,6.61442462176158
2025-06-11,ILI incidence,2025-06-08,1,LT,quantile,0.55,4.255853911728424
2025-06-11,ILI incidence,2025-06-15,2,LT,quantile,0.55,2.6851952670201498
2025-06-11,ILI incidence,2025-06-22,3,LT,quantile,0.55,1.688497497307882
2025-06-11,ILI incidence,2025-06-29,4,LT,quantile,0.55,1.070213240235527
2025-06-11,ILI incidence,2025-05-25,-1,LT,quantile,0.6,10.409691354014672
2025-06-11,ILI incidence,2025-06-01,0,LT,quantile,0.6,6.770354082497706
2025-06-11,ILI incidence,2025-06-08,1,LT,quantile,0.6,4.395838803150148
2025-06-11,ILI incidence,2025-06-15,2,LT,quantile,0.6,2.7938374449500136
2025-06-11,ILI incidence,2025-06-22,3,LT,quantile,0.6,1.759076118642372
2025-06-11,ILI incidence,2025-06-29,4,LT,quantile,0.6,1.1286216412045544
2025-06-11,ILI incidence,2025-05-25,-1,LT,quantile,0.65,10.62755778914929
2025-06-11,ILI incidence,2025-06-01,0,LT,quantile,0.65,6.973722765364291
2025-06-11,ILI incidence,2025-06-08,1,LT,quantile,0.65,4.533745372065881
2025-06-11,ILI incidence,2025-06-15,2,LT,quantile,0.65,2.9079105362546844
2025-06-11,ILI incidence,2025-06-22,3,LT,quantile,0.65,1.851008083144721
2025-06-11,ILI incidence,2025-06-29,4,LT,quantile,0.65,1.1944501847602764
2025-06-11,ILI incidence,2025-05-25,-1,LT,quantile,0.7,10.872652750406008
2025-06-11,ILI incidence,2025-06-01,0,LT,quantile,0.7,7.174828026463887
2025-06-11,ILI incidence,2025-06-08,1,LT,quantile,0.7,4.652770750445185
2025-06-11,ILI incidence,2025-06-15,2,LT,quantile,0.7,2.998275299135237
2025-06-11,ILI incidence,2025-06-22,3,LT,quantile,0.7,1.936069396006772
2025-06-11,ILI incidence,2025-06-29,4,LT,quantile,0.7,1.2589460316342345
2025-06-11,ILI incidence,2025-05-25,-1,LT,quantile,0.75,11.151194148675764
2025-06-11,ILI incidence,2025-06-01,0,LT,quantile,0.75,7.455317907745517
2025-06-11,ILI incidence,2025-06-08,1,LT,quantile,0.75,4.807590656420894
2025-06-11,ILI incidence,2025-06-15,2,LT,quantile,0.75,3.141242293533276
2025-06-11,ILI incidence,2025-06-22,3,LT,quantile,0.75,2.023011170219039
2025-06-11,ILI incidence,2025-06-29,4,LT,quantile,0.75,1.3323369131752865
2025-06-11,ILI incidence,2025-05-25,-1,LT,quantile,0.8,11.48857476071232
2025-06-11,ILI incidence,2025-06-01,0,LT,quantile,0.8,7.676419349494243
2025-06-11,ILI incidence,2025-06-08,1,LT,quantile,0.8,5.005426044759475
2025-06-11,ILI incidence,2025-06-15,2,LT,quantile,0.8,3.2747263738489867
2025-06-11,ILI incidence,2025-06-22,3,LT,quantile,0.8,2.111534787734604
2025-06-11,ILI incidence,2025-06-29,4,LT,quantile,0.8,1.415128054942564
2025-06-11,ILI incidence,2025-05-25,-1,LT,quantile,0.85,11.7614283443461
2025-06-11,ILI incidence,2025-06-01,0,LT,quantile,0.85,7.916344833701086
2025-06-11,ILI incidence,2025-06-08,1,LT,quantile,0.85,5.303996940557274
2025-06-11,ILI incidence,2025-06-15,2,LT,quantile,0.85,3.46244186048636
2025-06-11,ILI incidence,2025-06-22,3,LT,quantile,0.85,2.2743130049566225
2025-06-11,ILI incidence,2025-06-29,4,LT,quantile,0.85,1.4975884237773889
2025-06-11,ILI incidence,2025-05-25,-1,LT,quantile,0.9,12.110395132029224
2025-06-11,ILI incidence,2025-06-01,0,LT,quantile,0.9,8.232033269111641
2025-06-11,ILI incidence,2025-06-08,1,LT,quantile,0.9,5.597268597232441
2025-06-11,ILI incidence,2025-06-15,2,LT,quantile,0.9,3.7374087920925874
2025-06-11,ILI incidence,2025-06-22,3,LT,quantile,0.9,2.525457959984306
2025-06-11,ILI incidence,2025-06-29,4,LT,quantile,0.9,1.6586243700661365
2025-06-11,ILI incidence,2025-05-25,-1,LT,quantile,0.95,12.41693832262204
2025-06-11,ILI incidence,2025-06-01,0,LT,quantile,0.95,8.616634102773336
2025-06-11,ILI incidence,2025-06-08,1,LT,quantile,0.95,6.018213479460984
2025-06-11,ILI incidence,2025-06-15,2,LT,quantile,0.95,4.07091424368721
2025-06-11,ILI incidence,2025-06-22,3,LT,quantile,0.95,2.854719647816856
2025-06-11,ILI incidence,2025-06-29,4,LT,quantile,0.95,1.946582835367984
2025-06-11,ILI incidence,2025-05-25,-1,LT,quantile,0.975,12.620170594483358
2025-06-11,ILI incidence,2025-06-01,0,LT,quantile,0.975,8.89956062560637
2025-06-11,ILI incidence,2025-06-08,1,LT,quantile,0.975,6.32026718657019
2025-06-11,ILI incidence,2025-06-15,2,LT,quantile,0.975,4.452780292859895
2025-06-11,ILI incidence,2025-06-22,3,LT,quantile,0.975,3.2139710402625155
2025-06-11,ILI incidence,2025-06-29,4,LT,quantile,0.975,2.174916911175373
2025-06-11,ILI incidence,2025-05-25,-1,LT,quantile,0.99,12.691737266744177
2025-06-11,ILI incidence,2025-06-01,0,LT,quantile,0.99,9.17278864966298
2025-06-11,ILI incidence,2025-06-08,1,LT,quantile,0.99,6.707858232184211
2025-06-11,ILI incidence,2025-06-15,2,LT,quantile,0.99,4.814478448959949
2025-06-11,ILI incidence,2025-06-22,3,LT,quantile,0.99,3.4296620857853783
2025-06-11,ILI incidence,2025-06-29,4,LT,quantile,0.99,2.5003669526366545
2025-06-11,ILI incidence,2025-05-25,-1,NL,quantile,0.01,6.619334962147576
2025-06-11,ILI incidence,2025-06-01,0,NL,quantile,0.01,5.057825517644695
2025-06-11,ILI incidence,2025-06-08,1,NL,quantile,0.01,3.520089713979662
2025-06-11,ILI incidence,2025-06-15,2,NL,quantile,0.01,2.3081202458196497
2025-06-11,ILI incidence,2025-06-22,3,NL,quantile,0.01,1.482860742093942
2025-06-11,ILI incidence,2025-06-29,4,NL,quantile,0.01,0.8668150926349412
2025-06-11,ILI incidence,2025-05-25,-1,NL,quantile,0.025,6.705155841409603
2025-06-11,ILI incidence,2025-06-01,0,NL,quantile,0.025,5.106070684548273
2025-06-11,ILI incidence,2025-06-08,1,NL,quantile,0.025,3.644866088310025
2025-06-11,ILI incidence,2025-06-15,2,NL,quantile,0.025,2.4215578955497663
2025-06-11,ILI incidence,2025-06-22,3,NL,quantile,0.025,1.5685243018352937
2025-06-11,ILI incidence,2025-06-29,4,NL,quantile,0.025,1.0024832214771928
2025-06-11,ILI incidence,2025-05-25,-1,NL,quantile,0.05,6.8597561627944135
2025-06-11,ILI incidence,2025-06-01,0,NL,quantile,0.05,5.166852046859426
2025-06-11,ILI incidence,2025-06-08,1,NL,quantile,0.05,3.754325019311815
2025-06-11,ILI incidence,2025-06-15,2,NL,quantile,0.05,2.5876386666034747
2025-06-11,ILI incidence,2025-06-22,3,NL,quantile,0.05,1.7141657530203973
2025-06-11,ILI incidence,2025-06-29,4,NL,quantile,0.05,1.127581873086673
2025-06-11,ILI incidence,2025-05-25,-1,NL,quantile,0.1,7.099424566154903
2025-06-11,ILI incidence,2025-06-01,0,NL,quantile,0.1,5.357453674417796
2025-06-11,ILI incidence,2025-06-08,1,NL,quantile,0.1,3.902088181438047
2025-06-11,ILI incidence,2025-06-15,2,NL,quantile,0.1,2.771695705813253
2025-06-11,ILI incidence,2025-06-22,3,NL,quantile,0.1,1.865607362976944
2025-06-11,ILI incidence,2025-06-29,4,NL,quantile,0.1,1.2453261050019877
2025-06-11,ILI incidence,2025-05-25,-1,NL,quantile,0.15,7.287912344076516
2025-06-11,ILI incidence,2025-06-01,0,NL,quantile,0.15,5.526464813788938
2025-06-11,ILI incidence,2025-06-08,1,NL,quantile,0.15,4.0796290368503465
2025-06-11,ILI incidence,2025-06-15,2,NL,quantile,0.15,2.876933628060823
2025-06-11,ILI incidence,2025-06-22,3,NL,quantile,0.15,1.988996856522948
2025-06-11,ILI incidence,2025-06-29,4,NL,quantile,0.15,1.3352133042405592
2025-06-11,ILI incidence,2025-05-25,-1,NL,quantile,0.2,7.511307896330581
2025-06-11,ILI incidence,2025-06-01,0,NL,quantile,0.2,5.721066999742065
2025-06-11,ILI incidence,2025-06-08,1,NL,quantile,0.2,4.194543513121507
2025-06-11,ILI incidence,2025-06-15,2,NL,quantile,0.2,3.0113850911149176
2025-06-11,ILI incidence,2025-06-22,3,NL,quantile,0.2,2.0675106404703216
2025-06-11,ILI incidence,2025-06-29,4,NL,quantile,0.2,1.404444710510977
2025-06-11,ILI incidence,2025-05-25,-1,NL,quantile,0.25,7.715759093878116
2025-06-11,ILI incidence,2025-06-01,0,NL,quantile,0.25,5.887399827799109
2025-06-11,ILI incidence,2025-06-08,1,NL,quantile,0.25,4.35625837384299
2025-06-11,ILI incidence,2025-06-15,2,NL,quantile,0.25,3.1111125571437928
2025-06-11,ILI incidence,2025-06-22,3,NL,quantile,0.25,2.1710303333767538
2025-06-11,ILI incidence,2025-06-29,4,NL,quantile,0.25,1.46969369449943
2025-06-11,ILI incidence,2025-05-25,-1,NL,quantile,0.3,7.897273633100265
2025-06-11,ILI incidence,2025-06-01,0,NL,quantile,0.3,6.050300621641044
2025-06-11,ILI incidence,2025-06-08,1,NL,quantile,0.3,4.513631341899397
2025-06-11,ILI incidence,2025-06-15,2,NL,quantile,0.3,3.2362554162364114
2025-06-11,ILI incidence,2025-06-22,3,NL,quantile,0.3,2.264463586502014
2025-06-11,ILI incidence,2025-06-29,4,NL,quantile,0.3,1.5682761959316516
2025-06-11,ILI incidence,2025-05-25,-1,NL,quantile,0.35,8.11752670973636
2025-06-11,ILI incidence,2025-06-01,0,NL,quantile,0.35,6.19749534153953
2025-06-11,ILI incidence,2025-06-08,1,NL,quantile,0.35,4.652891703983226
2025-06-11,ILI incidence,2025-06-15,2,NL,quantile,0.35,3.349632110726095
2025-06-11,ILI incidence,2025-06-22,3,NL,quantile,0.35,2.383644830775504
2025-06-11,ILI incidence,2025-06-29,4,NL,quantile,0.35,1.655439397009669
2025-06-11,ILI incidence,2025-05-25,-1,NL,quantile,0.4,8.289419739687403
2025-06-11,ILI incidence,2025-06-01,0,NL,quantile,0.4,6.327126366356617
2025-06-11,ILI incidence,2025-06-08,1,NL,quantile,0.4,4.780510051656295
2025-06-11,ILI incidence,2025-06-15,2,NL,quantile,0.4,3.472160493353936
2025-06-11,ILI incidence,2025-06-22,3,NL,quantile,0.4,2.497702851189857
2025-06-11,ILI incidence,2025-06-29,4,NL,quantile,0.4,1.745622263043877
2025-06-11,ILI incidence,2025-05-25,-1,NL,quantile,0.45,8.52848289618847
2025-06-11,ILI incidence,2025-06-01,0,NL,quantile,0.45,6.54420584181549
2025-06-11,ILI incidence,2025-06-08,1,NL,quantile,0.45,4.895917027749326
2025-06-11,ILI incidence,2025-06-15,2,NL,quantile,0.45,3.624795028596097
2025-06-11,ILI incidence,2025-06-22,3,NL,quantile,0.45,2.618776408369313
2025-06-11,ILI incidence,2025-06-29,4,NL,quantile,0.45,1.79748456792887
2025-06-11,ILI incidence,2025-05-25,-1,NL,quantile,0.5,8.834870216927097
2025-06-11,ILI incidence,2025-06-01,0,NL,quantile,0.5,6.779337432249697
2025-06-11,ILI incidence,2025-06-08,1,NL,quantile,0.5,5.063508003003765
2025-06-11,ILI incidence,2025-06-15,2,NL,quantile,0.5,3.79558360575684
2025-06-11,ILI incidence,2025-06-22,3,NL,quantile,0.5,2.720093594720732
2025-06-11,ILI incidence,2025-06-29,4,NL,quantile,0.5,1.927703758616564
2025-06-11,ILI incidence,2025-05-25,-1,NL,quantile,0.55,9.16263368201388
2025-06-11,ILI incidence,2025-06-01,0,NL,quantile,0.55,7.021618631916892
2025-06-11,ILI incidence,2025-06-08,1,NL,quantile,0.55,5.181130287751926
2025-06-11,ILI incidence,2025-06-15,2,NL,quantile,0.55,3.922101018885008
2025-06-11,ILI incidence,2025-06-22,3,NL,quantile,0.55,2.83331153859583
2025-06-11,ILI incidence,2025-06-29,4,NL,quantile,0.55,2.0193178310959623
2025-06-11,ILI incidence,2025-05-25,-1,NL,quantile,0.6,9.4545089268461
2025-06-11,ILI incidence,2025-06-01,0,NL,quantile,0.6,7.215822842721151
2025-06-11,ILI incidence,2025-06-08,1,NL,quantile,0.6,5.489364116172549
2025-06-11,ILI incidence,2025-06-15,2,NL,quantile,0.6,4.021728010634594
2025-06-11,ILI incidence,2025-06-22,3,NL,quantile,0.6,2.939138757797769
2025-06-11,ILI incidence,2025-06-29,4,NL,quantile,0.6,2.113474141724969
2025-06-11,ILI incidence,2025-05-25,-1,NL,quantile,0.65,9.752737714430936
2025-06-11,ILI incidence,2025-06-01,0,NL,quantile,0.65,7.4265265234938145
2025-06-11,ILI incidence,2025-06-08,1,NL,quantile,0.65,5.679804122723451
2025-06-11,ILI incidence,2025-06-15,2,NL,quantile,0.65,4.184207984206799
2025-06-11,ILI incidence,2025-06-22,3,NL,quantile,0.65,3.05786060873328
2025-06-11,ILI incidence,2025-06-29,4,NL,quantile,0.65,2.2365065244539
2025-06-11,ILI incidence,2025-05-25,-1,NL,quantile,0.7,9.904480662392022
2025-06-11,ILI incidence,2025-06-01,0,NL,quantile,0.7,7.732633591798755
2025-06-11,ILI incidence,2025-06-08,1,NL,quantile,0.7,5.8377638336119855
2025-06-11,ILI incidence,2025-06-15,2,NL,quantile,0.7,4.352079534942532
2025-06-11,ILI incidence,2025-06-22,3,NL,quantile,0.7,3.21099544895146
2025-06-11,ILI incidence,2025-06-29,4,NL,quantile,0.7,2.3302398583364026
2025-06-11,ILI incidence,2025-05-25,-1,NL,quantile,0.75,10.230974559713705
2025-06-11,ILI incidence,2025-06-01,0,NL,quantile,0.75,7.968047841566677
2025-06-11,ILI incidence,2025-06-08,1,NL,quantile,0.75,6.045760806134575
2025-06-11,ILI incidence,2025-06-15,2,NL,quantile,0.75,4.508402751075323
2025-06-11,ILI incidence,2025-06-22,3,NL,quantile,0.75,3.3605718164615617
2025-06-11,ILI incidence,2025-06-29,4,NL,quantile,0.75,2.491053600806347
2025-06-11,ILI incidence,2025-05-25,-1,NL,quantile,0.8,10.54547078193054
2025-06-11,ILI incidence,2025-06-01,0,NL,quantile,0.8,8.282848588010236
2025-06-11,ILI incidence,2025-06-08,1,NL,quantile,0.8,6.3205329735888505
2025-06-11,ILI incidence,2025-06-15,2,NL,quantile,0.8,4.728862924036009
2025-06-11,ILI incidence,2025-06-22,3,NL,quantile,0.8,3.490873125082804
2025-06-11,ILI incidence,2025-06-29,4,NL,quantile,0.8,2.597083835673028
2025-06-11,ILI incidence,2025-05-25,-1,NL,quantile,0.85,10.822466701461131
2025-06-11,ILI incidence,2025-06-01,0,NL,quantile,0.85,8.534523759115496
2025-06-11,ILI incidence,2025-06-08,1,NL,quantile,0.85,6.545413400523896
2025-06-11,ILI incidence,2025-06-15,2,NL,quantile,0.85,4.931600995053089
2025-06-11,ILI incidence,2025-06-22,3,NL,quantile,0.85,3.686686131830888
2025-06-11,ILI incidence,2025-06-29,4,NL,quantile,0.85,2.708624507734825
2025-06-11,ILI incidence,2025-05-25,-1,NL,quantile,0.9,11.19934339651296
2025-06-11,ILI incidence,2025-06-01,0,NL,quantile,0.9,8.791154013388832
2025-06-11,ILI incidence,2025-06-08,1,NL,quantile,0.9,6.8409446768741535
2025-06-11,ILI incidence,2025-06-15,2,NL,quantile,0.9,5.273162420327655
2025-06-11,ILI incidence,2025-06-22,3,NL,quantile,0.9,4.0166839204191245
2025-06-11,ILI incidence,2025-06-29,4,NL,quantile,0.9,3.0326502198698027
2025-06-11,ILI incidence,2025-05-25,-1,NL,quantile,0.95,11.54090929651833
2025-06-11,ILI incidence,2025-06-01,0,NL,quantile,0.95,9.075132608518004
2025-06-11,ILI incidence,2025-06-08,1,NL,quantile,0.95,7.145151800090285
2025-06-11,ILI incidence,2025-06-15,2,NL,quantile,0.95,5.678202995869116
2025-06-11,ILI incidence,2025-06-22,3,NL,quantile,0.95,4.449079025108387
2025-06-11,ILI incidence,2025-06-29,4,NL,quantile,0.95,3.446904268935675
2025-06-11,ILI incidence,2025-05-25,-1,NL,quantile,0.975,11.882562140682648
2025-06-11,ILI incidence,2025-06-01,0,NL,quantile,0.975,9.23726252753362
2025-06-11,ILI incidence,2025-06-08,1,NL,quantile,0.975,7.457405084699028
2025-06-11,ILI incidence,2025-06-15,2,NL,quantile,0.975,6.088781052236362
2025-06-11,ILI incidence,2025-06-22,3,NL,quantile,0.975,4.877629004720473
2025-06-11,ILI incidence,2025-06-29,4,NL,quantile,0.975,3.7946904324000217
2025-06-11,ILI incidence,2025-05-25,-1,NL,quantile,0.99,12.077100176632593
2025-06-11,ILI incidence,2025-06-01,0,NL,quantile,0.99,9.29957266488778
2025-06-11,ILI incidence,2025-06-08,1,NL,quantile,0.99,7.739394099765667
2025-06-11,ILI incidence,2025-06-15,2,NL,quantile,0.99,6.345654128051658
2025-06-11,ILI incidence,2025-06-22,3,NL,quantile,0.99,5.108444977750092
2025-06-11,ILI incidence,2025-06-29,4,NL,quantile,0.99,4.1850485998113145
2025-06-11,ILI incidence,2025-05-25,-1,NO,quantile,0.01,11.36194487128268
2025-06-11,ILI incidence,2025-06-01,0,NO,quantile,0.01,8.434848683269488
2025-06-11,ILI incidence,2025-06-08,1,NO,quantile,0.01,5.404702773530732
2025-06-11,ILI incidence,2025-06-15,2,NO,quantile,0.01,3.1858415883864857
2025-06-11,ILI incidence,2025-06-22,3,NO,quantile,0.01,1.8074208524571616
2025-06-11,ILI incidence,2025-06-29,4,NO,quantile,0.01,0.9625134604902014
2025-06-11,ILI incidence,2025-05-25,-1,NO,quantile,0.025,11.636539694194298
2025-06-11,ILI incidence,2025-06-01,0,NO,quantile,0.025,8.527425291926715
2025-06-11,ILI incidence,2025-06-08,1,NO,quantile,0.025,5.587893751383596
2025-06-11,ILI incidence,2025-06-15,2,NO,quantile,0.025,3.3555423066229
2025-06-11,ILI incidence,2025-06-22,3,NO,quantile,0.025,1.955353777839395
2025-06-11,ILI incidence,2025-06-29,4,NO,quantile,0.025,1.0751838928593953
2025-06-11,ILI incidence,2025-05-25,-1,NO,quantile,0.05,11.928276498579372
2025-06-11,ILI incidence,2025-06-01,0,NO,quantile,0.05,8.688995826210162
2025-06-11,ILI incidence,2025-06-08,1,NO,quantile,0.05,5.8010160932391575
2025-06-11,ILI incidence,2025-06-15,2,NO,quantile,0.05,3.6021133908636216
2025-06-11,ILI incidence,2025-06-22,3,NO,quantile,0.05,2.138698042142606
2025-06-11,ILI incidence,2025-06-29,4,NO,quantile,0.05,1.2507557467475023
2025-06-11,ILI incidence,2025-05-25,-1,NO,quantile,0.1,12.403215898664984
2025-06-11,ILI incidence,2025-06-01,0,NO,quantile,0.1,8.931595724268043
2025-06-11,ILI incidence,2025-06-08,1,NO,quantile,0.1,6.056299521958475
2025-06-11,ILI incidence,2025-06-15,2,NO,quantile,0.1,3.885354955131144
2025-06-11,ILI incidence,2025-06-22,3,NO,quantile,0.1,2.3678296271248858
2025-06-11,ILI incidence,2025-06-29,4,NO,quantile,0.1,1.383456549307615
2025-06-11,ILI incidence,2025-05-25,-1,NO,quantile,0.15,12.734919225166388
2025-06-11,ILI incidence,2025-06-01,0,NO,quantile,0.15,9.128845572526515
2025-06-11,ILI incidence,2025-06-08,1,NO,quantile,0.15,6.289332757348775
2025-06-11,ILI incidence,2025-06-15,2,NO,quantile,0.15,4.12563955172356
2025-06-11,ILI incidence,2025-06-22,3,NO,quantile,0.15,2.529105790209093
2025-06-11,ILI incidence,2025-06-29,4,NO,quantile,0.15,1.5089345766113311
2025-06-11,ILI incidence,2025-05-25,-1,NO,quantile,0.2,13.11675814066022
2025-06-11,ILI incidence,2025-06-01,0,NO,quantile,0.2,9.354764971576712
2025-06-11,ILI incidence,2025-06-08,1,NO,quantile,0.2,6.457008407600653
2025-06-11,ILI incidence,2025-06-15,2,NO,quantile,0.2,4.303609054083737
2025-06-11,ILI incidence,2025-06-22,3,NO,quantile,0.2,2.711014217570073
2025-06-11,ILI incidence,2025-06-29,4,NO,quantile,0.2,1.629628837753817
2025-06-11,ILI incidence,2025-05-25,-1,NO,quantile,0.25,13.441903290624172
2025-06-11,ILI incidence,2025-06-01,0,NO,quantile,0.25,9.674881226553222
2025-06-11,ILI incidence,2025-06-08,1,NO,quantile,0.25,6.715034482725892
2025-06-11,ILI incidence,2025-06-15,2,NO,quantile,0.25,4.488358439783098
2025-06-11,ILI incidence,2025-06-22,3,NO,quantile,0.25,2.914367389793592
2025-06-11,ILI incidence,2025-06-29,4,NO,quantile,0.25,1.7722115462859476
2025-06-11,ILI incidence,2025-05-25,-1,NO,quantile,0.3,13.79011913908038
2025-06-11,ILI incidence,2025-06-01,0,NO,quantile,0.3,9.90811526992865
2025-06-11,ILI incidence,2025-06-08,1,NO,quantile,0.3,6.937404734129749
2025-06-11,ILI incidence,2025-06-15,2,NO,quantile,0.3,4.644384628233054
2025-06-11,ILI incidence,2025-06-22,3,NO,quantile,0.3,3.0073451984668744
2025-06-11,ILI incidence,2025-06-29,4,NO,quantile,0.3,1.898405500064716
2025-06-11,ILI incidence,2025-05-25,-1,NO,quantile,0.35,14.148736462962091
2025-06-11,ILI incidence,2025-06-01,0,NO,quantile,0.35,10.17987966775775
2025-06-11,ILI incidence,2025-06-08,1,NO,quantile,0.35,7.151790134378624
2025-06-11,ILI incidence,2025-06-15,2,NO,quantile,0.35,4.857198048867083
2025-06-11,ILI incidence,2025-06-22,3,NO,quantile,0.35,3.172711238140738
2025-06-11,ILI incidence,2025-06-29,4,NO,quantile,0.35,1.9983624557980275
2025-06-11,ILI incidence,2025-05-25,-1,NO,quantile,0.4,14.527086146133426
2025-06-11,ILI incidence,2025-06-01,0,NO,quantile,0.4,10.523836772050766
2025-06-11,ILI incidence,2025-06-08,1,NO,quantile,0.4,7.380683346477492
2025-06-11,ILI incidence,2025-06-15,2,NO,quantile,0.4,5.057555856420581
2025-06-11,ILI incidence,2025-06-22,3,NO,quantile,0.4,3.301960686797169
2025-06-11,ILI incidence,2025-06-29,4,NO,quantile,0.4,2.117703005583739
2025-06-11,ILI incidence,2025-05-25,-1,NO,quantile,0.45,15.010629498139307
2025-06-11,ILI incidence,2025-06-01,0,NO,quantile,0.45,10.86177328267853
2025-06-11,ILI incidence,2025-06-08,1,NO,quantile,0.45,7.657670427404946
2025-06-11,ILI incidence,2025-06-15,2,NO,quantile,0.45,5.226717747049378
2025-06-11,ILI incidence,2025-06-22,3,NO,quantile,0.45,3.475682609774955
2025-06-11,ILI incidence,2025-06-29,4,NO,quantile,0.45,2.212885302942269
2025-06-11,ILI incidence,2025-05-25,-1,NO,quantile,0.5,15.333119188550512
2025-06-11,ILI incidence,2025-06-01,0,NO,quantile,0.5,11.214328314551857
2025-06-11,ILI incidence,2025-06-08,1,NO,quantile,0.5,7.883251188511029
2025-06-11,ILI incidence,2025-06-15,2,NO,quantile,0.5,5.474340079994186
2025-06-11,ILI incidence,2025-06-22,3,NO,quantile,0.5,3.653524098904432
2025-06-11,ILI incidence,2025-06-29,4,NO,quantile,0.5,2.3614113551083555
2025-06-11,ILI incidence,2025-05-25,-1,NO,quantile,0.55,15.726869913223489
2025-06-11,ILI incidence,2025-06-01,0,NO,quantile,0.55,11.494167434143352
2025-06-11,ILI incidence,2025-06-08,1,NO,quantile,0.55,8.133652163593624
2025-06-11,ILI incidence,2025-06-15,2,NO,quantile,0.55,5.670432571246396
2025-06-11,ILI incidence,2025-06-22,3,NO,quantile,0.55,3.7936013806175386
2025-06-11,ILI incidence,2025-06-29,4,NO,quantile,0.55,2.492429794542254
2025-06-11,ILI incidence,2025-05-25,-1,NO,quantile,0.6,16.091357800205415
2025-06-11,ILI incidence,2025-06-01,0,NO,quantile,0.6,11.85060269655532
2025-06-11,ILI incidence,2025-06-08,1,NO,quantile,0.6,8.412821722155327
2025-06-11,ILI incidence,2025-06-15,2,NO,quantile,0.6,5.898130596824757
2025-06-11,ILI incidence,2025-06-22,3,NO,quantile,0.6,3.9833626634034935
2025-06-11,ILI incidence,2025-06-29,4,NO,quantile,0.6,2.614127568949633
2025-06-11,ILI incidence,2025-05-25,-1,NO,quantile,0.65,16.626088329132013
2025-06-11,ILI incidence,2025-06-01,0,NO,quantile,0.65,12.208835937424684
2025-06-11,ILI incidence,2025-06-08,1,NO,quantile,0.65,8.738715368993953
2025-06-11,ILI incidence,2025-06-15,2,NO,quantile,0.65,6.129754240169748
2025-06-11,ILI incidence,2025-06-22,3,NO,quantile,0.65,4.183438165206463
2025-06-11,ILI incidence,2025-06-29,4,NO,quantile,0.65,2.757046259854176
2025-06-11,ILI incidence,2025-05-25,-1,NO,quantile,0.7,17.01078479468572
2025-06-11,ILI incidence,2025-06-01,0,NO,quantile,0.7,12.55225468844144
2025-06-11,ILI incidence,2025-06-08,1,NO,quantile,0.7,9.078999910663295
2025-06-11,ILI incidence,2025-06-15,2,NO,quantile,0.7,6.417687530685559
2025-06-11,ILI incidence,2025-06-22,3,NO,quantile,0.7,4.379261966479916
2025-06-11,ILI incidence,2025-06-29,4,NO,quantile,0.7,2.9088976892781395
2025-06-11,ILI incidence,2025-05-25,-1,NO,quantile,0.75,17.464474225346063
2025-06-11,ILI incidence,2025-06-01,0,NO,quantile,0.75,13.005354956586034
2025-06-11,ILI incidence,2025-06-08,1,NO,quantile,0.75,9.451675422370588
2025-06-11,ILI incidence,2025-06-15,2,NO,quantile,0.75,6.666737204356886
2025-06-11,ILI incidence,2025-06-22,3,NO,quantile,0.75,4.628082607851534
2025-06-11,ILI incidence,2025-06-29,4,NO,quantile,0.75,3.0940552013759213
2025-06-11,ILI incidence,2025-05-25,-1,NO,quantile,0.8,17.978701830926674
2025-06-11,ILI incidence,2025-06-01,0,NO,quantile,0.8,13.475033912037892
2025-06-11,ILI incidence,2025-06-08,1,NO,quantile,0.8,9.86358234886562
2025-06-11,ILI incidence,2025-06-15,2,NO,quantile,0.8,7.080366631494448
2025-06-11,ILI incidence,2025-06-22,3,NO,quantile,0.8,4.846675290065113
2025-06-11,ILI incidence,2025-06-29,4,NO,quantile,0.8,3.295067880197529
2025-06-11,ILI incidence,2025-05-25,-1,NO,quantile,0.85,18.608753952003543
2025-06-11,ILI incidence,2025-06-01,0,NO,quantile,0.85,13.975900488977596
2025-06-11,ILI incidence,2025-06-08,1,NO,quantile,0.85,10.256891667462314
2025-06-11,ILI incidence,2025-06-15,2,NO,quantile,0.85,7.338471872382393
2025-06-11,ILI incidence,2025-06-22,3,NO,quantile,0.85,5.186900528682616
2025-06-11,ILI incidence,2025-06-29,4,NO,quantile,0.85,3.6328700082249847
2025-06-11,ILI incidence,2025-05-25,-1,NO,quantile,0.9,19.23099820083172
2025-06-11,ILI incidence,2025-06-01,0,NO,quantile,0.9,14.43409229984928
2025-06-11,ILI incidence,2025-06-08,1,NO,quantile,0.9,10.665957936209775
2025-06-11,ILI incidence,2025-06-15,2,NO,quantile,0.9,7.753210368652621
2025-06-11,ILI incidence,2025-06-22,3,NO,quantile,0.9,5.6347115067380695
2025-06-11,ILI incidence,2025-06-29,4,NO,quantile,0.9,3.984225899264436
2025-06-11,ILI incidence,2025-05-25,-1,NO,quantile,0.95,20.12655123144588
2025-06-11,ILI incidence,2025-06-01,0,NO,quantile,0.95,15.055445667771147
2025-06-11,ILI incidence,2025-06-08,1,NO,quantile,0.95,11.235041914002052
2025-06-11,ILI incidence,2025-06-15,2,NO,quantile,0.95,8.382029252364939
2025-06-11,ILI incidence,2025-06-22,3,NO,quantile,0.95,6.258447777475386
2025-06-11,ILI incidence,2025-06-29,4,NO,quantile,0.95,4.67466877489871
2025-06-11,ILI incidence,2025-05-25,-1,NO,quantile,0.975,20.74758258361688
2025-06-11,ILI incidence,2025-06-01,0,NO,quantile,0.975,15.314983144635368
2025-06-11,ILI incidence,2025-06-08,1,NO,quantile,0.975,11.664490580420548
2025-06-11,ILI incidence,2025-06-15,2,NO,quantile,0.975,9.138108414397076
2025-06-11,ILI incidence,2025-06-22,3,NO,quantile,0.975,7.007905515264497
2025-06-11,ILI incidence,2025-06-29,4,NO,quantile,0.975,5.199686001580447
2025-06-11,ILI incidence,2025-05-25,-1,NO,quantile,0.99,21.657338670350207
2025-06-11,ILI incidence,2025-06-01,0,NO,quantile,0.99,15.484424104679023
2025-06-11,ILI incidence,2025-06-08,1,NO,quantile,0.99,12.16932090108911
2025-06-11,ILI incidence,2025-06-15,2,NO,quantile,0.99,9.534125938079663
2025-06-11,ILI incidence,2025-06-22,3,NO,quantile,0.99,7.4601850420012354
2025-06-11,ILI incidence,2025-06-29,4,NO,quantile,0.99,5.700033618858202
2025-06-11,ARI incidence,2025-05-25,-1,BG,quantile,0.01,386.0931441400529
2025-06-11,ARI incidence,2025-06-01,0,BG,quantile,0.01,371.3832396501631
2025-06-11,ARI incidence,2025-06-08,1,BG,quantile,0.01,358.7502845629553
2025-06-11,ARI incidence,2025-06-15,2,BG,quantile,0.01,349.4702677926662
2025-06-11,ARI incidence,2025-06-22,3,BG,quantile,0.01,340.1484934711754
2025-06-11,ARI incidence,2025-06-29,4,BG,quantile,0.01,333.8565741068674
2025-06-11,ARI incidence,2025-05-25,-1,BG,quantile,0.025,387.2126794186135
2025-06-11,ARI incidence,2025-06-01,0,BG,quantile,0.025,371.75800296554905
2025-06-11,ARI incidence,2025-06-08,1,BG,quantile,0.025,359.8312397106664
2025-06-11,ARI incidence,2025-06-15,2,BG,quantile,0.025,350.31131985033426
2025-06-11,ARI incidence,2025-06-22,3,BG,quantile,0.025,343.167658235465
2025-06-11,ARI incidence,2025-06-29,4,BG,quantile,0.025,337.43948250652534
2025-06-11,ARI incidence,2025-05-25,-1,BG,quantile,0.05,387.878287871709
2025-06-11,ARI incidence,2025-06-01,0,BG,quantile,0.05,373.9170528400903
2025-06-11,ARI incidence,2025-06-08,1,BG,quantile,0.05,362.42318588466816
2025-06-11,ARI incidence,2025-06-15,2,BG,quantile,0.05,352.8080344905256
2025-06-11,ARI incidence,2025-06-22,3,BG,quantile,0.05,345.4178233833034
2025-06-11,ARI incidence,2025-06-29,4,BG,quantile,0.05,339.7582382476916
2025-06-11,ARI incidence,2025-05-25,-1,BG,quantile,0.1,390.2602797924232
2025-06-11,ARI incidence,2025-06-01,0,BG,quantile,0.1,375.2628824714081
2025-06-11,ARI incidence,2025-06-08,1,BG,quantile,0.1,363.86950667235993
2025-06-11,ARI incidence,2025-06-15,2,BG,quantile,0.1,354.76089123729105
2025-06-11,ARI incidence,2025-06-22,3,BG,quantile,0.1,347.1901234918942
2025-06-11,ARI incidence,2025-06-29,4,BG,quantile,0.1,341.68819871766306
2025-06-11,ARI incidence,2025-05-25,-1,BG,quantile,0.15,391.3804249753117
2025-06-11,ARI incidence,2025-06-01,0,BG,quantile,0.15,376.5354886398416
2025-06-11,ARI incidence,2025-06-08,1,BG,quantile,0.15,365.2307815504121
2025-06-11,ARI incidence,2025-06-15,2,BG,quantile,0.15,355.2789515239536
2025-06-11,ARI incidence,2025-06-22,3,BG,quantile,0.15,349.1721218037525
2025-06-11,ARI incidence,2025-06-29,4,BG,quantile,0.15,344.1500045397114
2025-06-11,ARI incidence,2025-05-25,-1,BG,quantile,0.2,392.03294236785
2025-06-11,ARI incidence,2025-06-01,0,BG,quantile,0.2,378.01097344711457
2025-06-11,ARI incidence,2025-06-08,1,BG,quantile,0.2,365.9866319589302
2025-06-11,ARI incidence,2025-06-15,2,BG,quantile,0.2,357.2565179028096
2025-06-11,ARI incidence,2025-06-22,3,BG,quantile,0.2,350.2342862999768
2025-06-11,ARI incidence,2025-06-29,4,BG,quantile,0.2,345.1852105980892
2025-06-11,ARI incidence,2025-05-25,-1,BG,quantile,0.25,393.4926538487151
2025-06-11,ARI incidence,2025-06-01,0,BG,quantile,0.25,378.8400010307612
2025-06-11,ARI incidence,2025-06-08,1,BG,quantile,0.25,366.4694944370592
2025-06-11,ARI incidence,2025-06-15,2,BG,quantile,0.25,358.03827058203075
2025-06-11,ARI incidence,2025-06-22,3,BG,quantile,0.25,350.89930456529294
2025-06-11,ARI incidence,2025-06-29,4,BG,quantile,0.25,345.95243701507854
2025-06-11,ARI incidence,2025-05-25,-1,BG,quantile,0.3,394.98355824672205
2025-06-11,ARI incidence,2025-06-01,0,BG,quantile,0.3,379.449052749449
2025-06-11,ARI incidence,2025-06-08,1,BG,quantile,0.3,367.30152960397095
2025-06-11,ARI incidence,2025-06-15,2,BG,quantile,0.3,358.7963866105301
2025-06-11,ARI incidence,2025-06-22,3,BG,quantile,0.3,351.8010917326593
2025-06-11,ARI incidence,2025-06-29,4,BG,quantile,0.3,346.72665313509526
2025-06-11,ARI incidence,2025-05-25,-1,BG,quantile,0.35,396.2297813108071
2025-06-11,ARI incidence,2025-06-01,0,BG,quantile,0.35,380.7161421647101
2025-06-11,ARI incidence,2025-06-08,1,BG,quantile,0.35,368.00239913485694
2025-06-11,ARI incidence,2025-06-15,2,BG,quantile,0.35,359.2835093558194
2025-06-11,ARI incidence,2025-06-22,3,BG,quantile,0.35,352.41929633715745
2025-06-11,ARI incidence,2025-06-29,4,BG,quantile,0.35,347.3616339257035
2025-06-11,ARI incidence,2025-05-25,-1,BG,quantile,0.4,396.6537016160213
2025-06-11,ARI incidence,2025-06-01,0,BG,quantile,0.4,381.4647763306877
2025-06-11,ARI incidence,2025-06-08,1,BG,quantile,0.4,368.3497066566246
2025-06-11,ARI incidence,2025-06-15,2,BG,quantile,0.4,359.95192857735134
2025-06-11,ARI incidence,2025-06-22,3,BG,quantile,0.4,352.9495273543818
2025-06-11,ARI incidence,2025-06-29,4,BG,quantile,0.4,348.3733560612643
2025-06-11,ARI incidence,2025-05-25,-1,BG,quantile,0.45,397.20858169992334
2025-06-11,ARI incidence,2025-06-01,0,BG,quantile,0.45,381.7071456667375
2025-06-11,ARI incidence,2025-06-08,1,BG,quantile,0.45,369.0187467771528
2025-06-11,ARI incidence,2025-06-15,2,BG,quantile,0.45,360.3006352775994
2025-06-11,ARI incidence,2025-06-22,3,BG,quantile,0.45,353.9029527437433
2025-06-11,ARI incidence,2025-06-29,4,BG,quantile,0.45,349.575177771737
2025-06-11,ARI incidence,2025-05-25,-1,BG,quantile,0.5,397.7250981319303
2025-06-11,ARI incidence,2025-06-01,0,BG,quantile,0.5,381.99385554372856
2025-06-11,ARI incidence,2025-06-08,1,BG,quantile,0.5,369.70928068107474
2025-06-11,ARI incidence,2025-06-15,2,BG,quantile,0.5,360.7552270415415
2025-06-11,ARI incidence,2025-06-22,3,BG,quantile,0.5,355.0805600480525
2025-06-11,ARI incidence,2025-06-29,4,BG,quantile,0.5,350.30294032769086
2025-06-11,ARI incidence,2025-05-25,-1,BG,quantile,0.55,398.5424365866005
2025-06-11,ARI incidence,2025-06-01,0,BG,quantile,0.55,382.3083829624365
2025-06-11,ARI incidence,2025-06-08,1,BG,quantile,0.55,370.3322682741514
2025-06-11,ARI incidence,2025-06-15,2,BG,quantile,0.55,361.74000552421575
2025-06-11,ARI incidence,2025-06-22,3,BG,quantile,0.55,355.600773730357
2025-06-11,ARI incidence,2025-06-29,4,BG,quantile,0.55,351.2520653486164
2025-06-11,ARI incidence,2025-05-25,-1,BG,quantile,0.6,399.1262175895335
2025-06-11,ARI incidence,2025-06-01,0,BG,quantile,0.6,383.1173400635486
2025-06-11,ARI incidence,2025-06-08,1,BG,quantile,0.6,371.1756436299176
2025-06-11,ARI incidence,2025-06-15,2,BG,quantile,0.6,362.5870385657867
2025-06-11,ARI incidence,2025-06-22,3,BG,quantile,0.6,356.5282670176424
2025-06-11,ARI incidence,2025-06-29,4,BG,quantile,0.6,352.4469520701503
2025-06-11,ARI incidence,2025-05-25,-1,BG,quantile,0.65,399.6634798181863
2025-06-11,ARI incidence,2025-06-01,0,BG,quantile,0.65,383.497742508725
2025-06-11,ARI incidence,2025-06-08,1,BG,quantile,0.65,372.1143691498615
2025-06-11,ARI incidence,2025-06-15,2,BG,quantile,0.65,363.0729895264567
2025-06-11,ARI incidence,2025-06-22,3,BG,quantile,0.65,357.03755908552444
2025-06-11,ARI incidence,2025-06-29,4,BG,quantile,0.65,353.076955617595
2025-06-11,ARI incidence,2025-05-25,-1,BG,quantile,0.7,400.27851321455006
2025-06-11,ARI incidence,2025-06-01,0,BG,quantile,0.7,384.38801075274864
2025-06-11,ARI incidence,2025-06-08,1,BG,quantile,0.7,373.77552317037487
2025-06-11,ARI incidence,2025-06-15,2,BG,quantile,0.7,363.9281146952787
2025-06-11,ARI incidence,2025-06-22,3,BG,quantile,0.7,357.87715535019674
2025-06-11,ARI incidence,2025-06-29,4,BG,quantile,0.7,353.9493516327008
2025-06-11,ARI incidence,2025-05-25,-1,BG,quantile,0.75,401.4238169841198
2025-06-11,ARI incidence,2025-06-01,0,BG,quantile,0.75,385.3321727396036
2025-06-11,ARI incidence,2025-06-08,1,BG,quantile,0.75,374.0634189500645
2025-06-11,ARI incidence,2025-06-15,2,BG,quantile,0.75,365.1540003000397
2025-06-11,ARI incidence,2025-06-22,3,BG,quantile,0.75,358.7894682967568
2025-06-11,ARI incidence,2025-06-29,4,BG,quantile,0.75,354.5248167980866
2025-06-11,ARI incidence,2025-05-25,-1,BG,quantile,0.8,402.4658801488012
2025-06-11,ARI incidence,2025-06-01,0,BG,quantile,0.8,387.67880516343183
2025-06-11,ARI incidence,2025-06-08,1,BG,quantile,0.8,374.6194950755623
2025-06-11,ARI incidence,2025-06-15,2,BG,quantile,0.8,365.9209571871451
2025-06-11,ARI incidence,2025-06-22,3,BG,quantile,0.8,359.64738025782947
2025-06-11,ARI incidence,2025-06-29,4,BG,quantile,0.8,355.40570047849747
2025-06-11,ARI incidence,2025-05-25,-1,BG,quantile,0.85,403.73139072737496
2025-06-11,ARI incidence,2025-06-01,0,BG,quantile,0.85,388.9249800597056
2025-06-11,ARI incidence,2025-06-08,1,BG,quantile,0.85,376.5311731080996
2025-06-11,ARI incidence,2025-06-15,2,BG,quantile,0.85,366.5731364490407
2025-06-11,ARI incidence,2025-06-22,3,BG,quantile,0.85,360.5607496733651
2025-06-11,ARI incidence,2025-06-29,4,BG,quantile,0.85,356.1835337586876
2025-06-11,ARI incidence,2025-05-25,-1,BG,quantile,0.9,405.63701226220354
2025-06-11,ARI incidence,2025-06-01,0,BG,quantile,0.9,390.6657842876038
2025-06-11,ARI incidence,2025-06-08,1,BG,quantile,0.9,377.6349983354546
2025-06-11,ARI incidence,2025-06-15,2,BG,quantile,0.9,368.150913886325
2025-06-11,ARI incidence,2025-06-22,3,BG,quantile,0.9,361.68130845797833
2025-06-11,ARI incidence,2025-06-29,4,BG,quantile,0.9,356.69124567407914
2025-06-11,ARI incidence,2025-05-25,-1,BG,quantile,0.95,407.8455446587495
2025-06-11,ARI incidence,2025-06-01,0,BG,quantile,0.95,392.24251255484506
2025-06-11,ARI incidence,2025-06-08,1,BG,quantile,0.95,380.4736426499649
2025-06-11,ARI incidence,2025-06-15,2,BG,quantile,0.95,370.4534082578672
2025-06-11,ARI incidence,2025-06-22,3,BG,quantile,0.95,364.1010205563479
2025-06-11,ARI incidence,2025-06-29,4,BG,quantile,0.95,358.6160382892222
2025-06-11,ARI incidence,2025-05-25,-1,BG,quantile,0.975,410.0081557707173
2025-06-11,ARI incidence,2025-06-01,0,BG,quantile,0.975,392.7775521902463
2025-06-11,ARI incidence,2025-06-08,1,BG,quantile,0.975,381.58496297934335
2025-06-11,ARI incidence,2025-06-15,2,BG,quantile,0.975,371.6786197107237
2025-06-11,ARI incidence,2025-06-22,3,BG,quantile,0.975,365.1823817110514
2025-06-11,ARI incidence,2025-06-29,4,BG,quantile,0.975,359.921693909218
2025-06-11,ARI incidence,2025-05-25,-1,BG,quantile,0.99,410.936784227022
2025-06-11,ARI incidence,2025-06-01,0,BG,quantile,0.99,393.6039165063058
2025-06-11,ARI incidence,2025-06-08,1,BG,quantile,0.99,382.8891277199216
2025-06-11,ARI incidence,2025-06-15,2,BG,quantile,0.99,373.0880404486372
2025-06-11,ARI incidence,2025-06-22,3,BG,quantile,0.99,365.9982674037671
2025-06-11,ARI incidence,2025-06-29,4,BG,quantile,0.99,360.8808496472953
2025-06-11,ARI incidence,2025-05-25,-1,DE,quantile,0.01,614.349142936221
2025-06-11,ARI incidence,2025-06-01,0,DE,quantile,0.01,575.3413485885127
2025-06-11,ARI incidence,2025-06-08,1,DE,quantile,0.01,539.5364348084398
2025-06-11,ARI incidence,2025-06-15,2,DE,quantile,0.01,506.2112951205581
2025-06-11,ARI incidence,2025-06-22,3,DE,quantile,0.01,475.2085601707676
2025-06-11,ARI incidence,2025-06-29,4,DE,quantile,0.01,453.0805497621957
2025-06-11,ARI incidence,2025-05-25,-1,DE,quantile,0.025,626.7574165894636
2025-06-11,ARI incidence,2025-06-01,0,DE,quantile,0.025,583.1071053656291
2025-06-11,ARI incidence,2025-06-08,1,DE,quantile,0.025,541.5971115880785
2025-06-11,ARI incidence,2025-06-15,2,DE,quantile,0.025,506.9937242999116
2025-06-11,ARI incidence,2025-06-22,3,DE,quantile,0.025,477.2167160131797
2025-06-11,ARI incidence,2025-06-29,4,DE,quantile,0.025,453.443993591538
2025-06-11,ARI incidence,2025-05-25,-1,DE,quantile,0.05,632.1490866797802
2025-06-11,ARI incidence,2025-06-01,0,DE,quantile,0.05,586.2782506159238
2025-06-11,ARI incidence,2025-06-08,1,DE,quantile,0.05,544.4810843725725
2025-06-11,ARI incidence,2025-06-15,2,DE,quantile,0.05,507.83395100573387
2025-06-11,ARI incidence,2025-06-22,3,DE,quantile,0.05,479.794584161405
2025-06-11,ARI incidence,2025-06-29,4,DE,quantile,0.05,457.59494237679496
2025-06-11,ARI incidence,2025-05-25,-1,DE,quantile,0.1,634.1372250422563
2025-06-11,ARI incidence,2025-06-01,0,DE,quantile,0.1,589.8649391457868
2025-06-11,ARI incidence,2025-06-08,1,DE,quantile,0.1,547.4600366863394
2025-06-11,ARI incidence,2025-06-15,2,DE,quantile,0.1,511.9548376437791
2025-06-11,ARI incidence,2025-06-22,3,DE,quantile,0.1,483.5113953177304
2025-06-11,ARI incidence,2025-06-29,4,DE,quantile,0.1,460.4969510032576
2025-06-11,ARI incidence,2025-05-25,-1,DE,quantile,0.15,635.2297520516425
2025-06-11,ARI incidence,2025-06-01,0,DE,quantile,0.15,591.669134070761
2025-06-11,ARI incidence,2025-06-08,1,DE,quantile,0.15,549.2460045071313
2025-06-11,ARI incidence,2025-06-15,2,DE,quantile,0.15,514.0720253324746
2025-06-11,ARI incidence,2025-06-22,3,DE,quantile,0.15,486.839233796973
2025-06-11,ARI incidence,2025-06-29,4,DE,quantile,0.15,465.7268246915474
2025-06-11,ARI incidence,2025-05-25,-1,DE,quantile,0.2,640.0187122862174
2025-06-11,ARI incidence,2025-06-01,0,DE,quantile,0.2,592.7086258733838
2025-06-11,ARI incidence,2025-06-08,1,DE,quantile,0.2,550.0310887922345
2025-06-11,ARI incidence,2025-06-15,2,DE,quantile,0.2,515.9327510578593
2025-06-11,ARI incidence,2025-06-22,3,DE,quantile,0.2,488.07702094407335
2025-06-11,ARI incidence,2025-06-29,4,DE,quantile,0.2,466.8202371523717
2025-06-11,ARI incidence,2025-05-25,-1,DE,quantile,0.25,643.1747577760029
2025-06-11,ARI incidence,2025-06-01,0,DE,quantile,0.25,593.9028383837544
2025-06-11,ARI incidence,2025-06-08,1,DE,quantile,0.25,551.4310862489972
2025-06-11,ARI incidence,2025-06-15,2,DE,quantile,0.25,516.7610318021564
2025-06-11,ARI incidence,2025-06-22,3,DE,quantile,0.25,490.6667559949984
2025-06-11,ARI incidence,2025-06-29,4,DE,quantile,0.25,469.0605184840669
2025-06-11,ARI incidence,2025-05-25,-1,DE,quantile,0.3,646.286325043415
2025-06-11,ARI incidence,2025-06-01,0,DE,quantile,0.3,594.6936358754302
2025-06-11,ARI incidence,2025-06-08,1,DE,quantile,0.3,552.1118360209607
2025-06-11,ARI incidence,2025-06-15,2,DE,quantile,0.3,518.283439794683
2025-06-11,ARI incidence,2025-06-22,3,DE,quantile,0.3,492.10101406374775
2025-06-11,ARI incidence,2025-06-29,4,DE,quantile,0.3,471.0815140725933
2025-06-11,ARI incidence,2025-05-25,-1,DE,quantile,0.35,647.6577054075314
2025-06-11,ARI incidence,2025-06-01,0,DE,quantile,0.35,595.7276610304167
2025-06-11,ARI incidence,2025-06-08,1,DE,quantile,0.35,553.1616451539611
2025-06-11,ARI incidence,2025-06-15,2,DE,quantile,0.35,520.6758882460418
2025-06-11,ARI incidence,2025-06-22,3,DE,quantile,0.35,493.659707666049
2025-06-11,ARI incidence,2025-06-29,4,DE,quantile,0.35,473.5264786135367
2025-06-11,ARI incidence,2025-05-25,-1,DE,quantile,0.4,648.6833339629
2025-06-11,ARI incidence,2025-06-01,0,DE,quantile,0.4,596.7286354186782
2025-06-11,ARI incidence,2025-06-08,1,DE,quantile,0.4,555.6595952253366
2025-06-11,ARI incidence,2025-06-15,2,DE,quantile,0.4,522.0643405964111
2025-06-11,ARI incidence,2025-06-22,3,DE,quantile,0.4,494.30514359134753
2025-06-11,ARI incidence,2025-06-29,4,DE,quantile,0.4,474.98623421331234
2025-06-11,ARI incidence,2025-05-25,-1,DE,quantile,0.45,649.8991302485141
2025-06-11,ARI incidence,2025-06-01,0,DE,quantile,0.45,597.9644104405679
2025-06-11,ARI incidence,2025-06-08,1,DE,quantile,0.45,556.6310536053261
2025-06-11,ARI incidence,2025-06-15,2,DE,quantile,0.45,522.9371188246208
2025-06-11,ARI incidence,2025-06-22,3,DE,quantile,0.45,496.9620417889347
2025-06-11,ARI incidence,2025-06-29,4,DE,quantile,0.45,476.6486584769447
2025-06-11,ARI incidence,2025-05-25,-1,DE,quantile,0.5,650.9041121510174
2025-06-11,ARI incidence,2025-06-01,0,DE,quantile,0.5,598.5309454733795
2025-06-11,ARI incidence,2025-06-08,1,DE,quantile,0.5,557.4125074053857
2025-06-11,ARI incidence,2025-06-15,2,DE,quantile,0.5,523.7969349643282
2025-06-11,ARI incidence,2025-06-22,3,DE,quantile,0.5,498.282307808572
2025-06-11,ARI incidence,2025-06-29,4,DE,quantile,0.5,478.5215666656276
2025-06-11,ARI incidence,2025-05-25,-1,DE,quantile,0.55,653.015495017875
2025-06-11,ARI incidence,2025-06-01,0,DE,quantile,0.55,599.9865109755829
2025-06-11,ARI incidence,2025-06-08,1,DE,quantile,0.55,558.2256740478043
2025-06-11,ARI incidence,2025-06-15,2,DE,quantile,0.55,525.0998118709092
2025-06-11,ARI incidence,2025-06-22,3,DE,quantile,0.55,499.8742853265722
2025-06-11,ARI incidence,2025-06-29,4,DE,quantile,0.55,480.45865112117946
2025-06-11,ARI incidence,2025-05-25,-1,DE,quantile,0.6,654.0450875294397
2025-06-11,ARI incidence,2025-06-01,0,DE,quantile,0.6,601.3331373481777
2025-06-11,ARI incidence,2025-06-08,1,DE,quantile,0.6,559.3721084094875
2025-06-11,ARI incidence,2025-06-15,2,DE,quantile,0.6,525.9207668783829
2025-06-11,ARI incidence,2025-06-22,3,DE,quantile,0.6,500.5923899511984
2025-06-11,ARI incidence,2025-06-29,4,DE,quantile,0.6,481.22993914300207
2025-06-11,ARI incidence,2025-05-25,-1,DE,quantile,0.65,656.2363344531877
2025-06-11,ARI incidence,2025-06-01,0,DE,quantile,0.65,603.0014317507046
2025-06-11,ARI incidence,2025-06-08,1,DE,quantile,0.65,560.395414037113
2025-06-11,ARI incidence,2025-06-15,2,DE,quantile,0.65,526.6144358182245
2025-06-11,ARI incidence,2025-06-22,3,DE,quantile,0.65,501.0808825838429
2025-06-11,ARI incidence,2025-06-29,4,DE,quantile,0.65,482.6448748695454
2025-06-11,ARI incidence,2025-05-25,-1,DE,quantile,0.7,657.218512624731
2025-06-11,ARI incidence,2025-06-01,0,DE,quantile,0.7,603.7007444587833
2025-06-11,ARI incidence,2025-06-08,1,DE,quantile,0.7,561.1791649368236
2025-06-11,ARI incidence,2025-06-15,2,DE,quantile,0.7,528.2309822892416
2025-06-11,ARI incidence,2025-06-22,3,DE,quantile,0.7,502.68607566479096
2025-06-11,ARI incidence,2025-06-29,4,DE,quantile,0.7,483.60801045498647
2025-06-11,ARI incidence,2025-05-25,-1,DE,quantile,0.75,658.5943004184801
2025-06-11,ARI incidence,2025-06-01,0,DE,quantile,0.75,604.8657493480132
2025-06-11,ARI incidence,2025-06-08,1,DE,quantile,0.75,562.5592981104259
2025-06-11,ARI incidence,2025-06-15,2,DE,quantile,0.75,530.0651912600922
2025-06-11,ARI incidence,2025-06-22,3,DE,quantile,0.75,503.8540315099648
2025-06-11,ARI incidence,2025-06-29,4,DE,quantile,0.75,484.9329183807332
2025-06-11,ARI incidence,2025-05-25,-1,DE,quantile,0.8,660.0128931636472
2025-06-11,ARI incidence,2025-06-01,0,DE,quantile,0.8,608.241043468175
2025-06-11,ARI incidence,2025-06-08,1,DE,quantile,0.8,564.1670528255863
2025-06-11,ARI incidence,2025-06-15,2,DE,quantile,0.8,531.1871403440279
2025-06-11,ARI incidence,2025-06-22,3,DE,quantile,0.8,506.9803130937242
2025-06-11,ARI incidence,2025-06-29,4,DE,quantile,0.8,488.0094685420704
2025-06-11,ARI incidence,2025-05-25,-1,DE,quantile,0.85,663.2252544327665
2025-06-11,ARI incidence,2025-06-01,0,DE,quantile,0.85,610.6463504263506
2025-06-11,ARI incidence,2025-06-08,1,DE,quantile,0.85,568.0513674481066
2025-06-11,ARI incidence,2025-06-15,2,DE,quantile,0.85,535.5518527827248
2025-06-11,ARI incidence,2025-06-22,3,DE,quantile,0.85,509.3819568614389
2025-06-11,ARI incidence,2025-06-29,4,DE,quantile,0.85,490.64898396025615
2025-06-11,ARI incidence,2025-05-25,-1,DE,quantile,0.9,665.2858717269099
2025-06-11,ARI incidence,2025-06-01,0,DE,quantile,0.9,612.7174626450525
2025-06-11,ARI incidence,2025-06-08,1,DE,quantile,0.9,572.0360025044105
2025-06-11,ARI incidence,2025-06-15,2,DE,quantile,0.9,538.3834502108515
2025-06-11,ARI incidence,2025-06-22,3,DE,quantile,0.9,513.2635673496193
2025-06-11,ARI incidence,2025-06-29,4,DE,quantile,0.9,491.6357099889247
2025-06-11,ARI incidence,2025-05-25,-1,DE,quantile,0.95,666.5497117767297
2025-06-11,ARI incidence,2025-06-01,0,DE,quantile,0.95,616.3620275583004
2025-06-11,ARI incidence,2025-06-08,1,DE,quantile,0.95,575.7299692481333
2025-06-11,ARI incidence,2025-06-15,2,DE,quantile,0.95,543.234297776718
2025-06-11,ARI incidence,2025-06-22,3,DE,quantile,0.95,518.4586313168403
2025-06-11,ARI incidence,2025-06-29,4,DE,quantile,0.95,498.0185229581151
2025-06-11,ARI incidence,2025-05-25,-1,DE,quantile,0.975,672.2614059795018
2025-06-11,ARI incidence,2025-06-01,0,DE,quantile,0.975,622.1100572278581
2025-06-11,ARI incidence,2025-06-08,1,DE,quantile,0.975,580.2346692845131
2025-06-11,ARI incidence,2025-06-15,2,DE,quantile,0.975,549.1055764837934
2025-06-11,ARI incidence,2025-06-22,3,DE,quantile,0.975,521.4155874464423
2025-06-11,ARI incidence,2025-06-29,4,DE,quantile,0.975,500.440888069564
2025-06-11,ARI incidence,2025-05-25,-1,DE,quantile,0.99,674.7529485625511
2025-06-11,ARI incidence,2025-06-01,0,DE,quantile,0.99,628.5611153337296
2025-06-11,ARI incidence,2025-06-08,1,DE,quantile,0.99,586.1671796610325
2025-06-11,ARI incidence,2025-06-15,2,DE,quantile,0.99,551.6658459331424
2025-06-11,ARI incidence,2025-06-22,3,DE,quantile,0.99,524.5693853724384
2025-06-11,ARI incidence,2025-06-29,4,DE,quantile,0.99,502.43146082338666
2025-06-11,ARI incidence,2025-05-25,-1,EE,quantile,0.01,159.51138613044068
2025-06-11,ARI incidence,2025-06-01,0,EE,quantile,0.01,156.16014796676828
2025-06-11,ARI incidence,2025-06-08,1,EE,quantile,0.01,150.3452824619885
2025-06-11,ARI incidence,2025-06-15,2,EE,quantile,0.01,144.5225915158574
2025-06-11,ARI incidence,2025-06-22,3,EE,quantile,0.01,138.10891070682533
2025-06-11,ARI incidence,2025-06-29,4,EE,quantile,0.01,134.04454027874297
2025-06-11,ARI incidence,2025-05-25,-1,EE,quantile,0.025,159.8300328363958
2025-06-11,ARI incidence,2025-06-01,0,EE,quantile,0.025,156.49642173774535
2025-06-11,ARI incidence,2025-06-08,1,EE,quantile,0.025,151.00172739454007
2025-06-11,ARI incidence,2025-06-15,2,EE,quantile,0.025,145.28973072062658
2025-06-11,ARI incidence,2025-06-22,3,EE,quantile,0.025,140.2581692458757
2025-06-11,ARI incidence,2025-06-29,4,EE,quantile,0.025,135.61982379558142
2025-06-11,ARI incidence,2025-05-25,-1,EE,quantile,0.05,160.53132619977458
2025-06-11,ARI incidence,2025-06-01,0,EE,quantile,0.05,156.87161152343162
2025-06-11,ARI incidence,2025-06-08,1,EE,quantile,0.05,152.72783147699732
2025-06-11,ARI incidence,2025-06-15,2,EE,quantile,0.05,146.7396527515525
2025-06-11,ARI incidence,2025-06-22,3,EE,quantile,0.05,142.63638836469687
2025-06-11,ARI incidence,2025-06-29,4,EE,quantile,0.05,137.33316499761412
2025-06-11,ARI incidence,2025-05-25,-1,EE,quantile,0.1,162.58567168765182
2025-06-11,ARI incidence,2025-06-01,0,EE,quantile,0.1,157.85202965225216
2025-06-11,ARI incidence,2025-06-08,1,EE,quantile,0.1,154.01765770822294
2025-06-11,ARI incidence,2025-06-15,2,EE,quantile,0.1,149.89918977063004
2025-06-11,ARI incidence,2025-06-22,3,EE,quantile,0.1,146.50310805636852
2025-06-11,ARI incidence,2025-06-29,4,EE,quantile,0.1,140.99968448964472
2025-06-11,ARI incidence,2025-05-25,-1,EE,quantile,0.15,163.04484587836012
2025-06-11,ARI incidence,2025-06-01,0,EE,quantile,0.15,158.85064870128488
2025-06-11,ARI incidence,2025-06-08,1,EE,quantile,0.15,154.8276190499548
2025-06-11,ARI incidence,2025-06-15,2,EE,quantile,0.15,151.41290217811738
2025-06-11,ARI incidence,2025-06-22,3,EE,quantile,0.15,148.37389896687492
2025-06-11,ARI incidence,2025-06-29,4,EE,quantile,0.15,144.98469129445263
2025-06-11,ARI incidence,2025-05-25,-1,EE,quantile,0.2,163.61524631445153
2025-06-11,ARI incidence,2025-06-01,0,EE,quantile,0.2,159.21389863624435
2025-06-11,ARI incidence,2025-06-08,1,EE,quantile,0.2,155.67417567883476
2025-06-11,ARI incidence,2025-06-15,2,EE,quantile,0.2,152.3605447289056
2025-06-11,ARI incidence,2025-06-22,3,EE,quantile,0.2,149.286763516726
2025-06-11,ARI incidence,2025-06-29,4,EE,quantile,0.2,146.52462472592518
2025-06-11,ARI incidence,2025-05-25,-1,EE,quantile,0.25,164.3508580833184
2025-06-11,ARI incidence,2025-06-01,0,EE,quantile,0.25,160.02384258464576
2025-06-11,ARI incidence,2025-06-08,1,EE,quantile,0.25,156.31312310054687
2025-06-11,ARI incidence,2025-06-15,2,EE,quantile,0.25,152.92395772591942
2025-06-11,ARI incidence,2025-06-22,3,EE,quantile,0.25,150.08257953932298
2025-06-11,ARI incidence,2025-06-29,4,EE,quantile,0.25,147.16047404004868
2025-06-11,ARI incidence,2025-05-25,-1,EE,quantile,0.3,164.96700194898077
2025-06-11,ARI incidence,2025-06-01,0,EE,quantile,0.3,160.81951875764264
2025-06-11,ARI incidence,2025-06-08,1,EE,quantile,0.3,157.1431102703514
2025-06-11,ARI incidence,2025-06-15,2,EE,quantile,0.3,153.7931902247082
2025-06-11,ARI incidence,2025-06-22,3,EE,quantile,0.3,150.70778677833889
2025-06-11,ARI incidence,2025-06-29,4,EE,quantile,0.3,147.81939558738017
2025-06-11,ARI incidence,2025-05-25,-1,EE,quantile,0.35,165.6105526714694
2025-06-11,ARI incidence,2025-06-01,0,EE,quantile,0.35,161.76694599328917
2025-06-11,ARI incidence,2025-06-08,1,EE,quantile,0.35,157.66122297809346
2025-06-11,ARI incidence,2025-06-15,2,EE,quantile,0.35,154.4264175549974
2025-06-11,ARI incidence,2025-06-22,3,EE,quantile,0.35,150.93224141928283
2025-06-11,ARI incidence,2025-06-29,4,EE,quantile,0.35,148.24399366313983
2025-06-11,ARI incidence,2025-05-25,-1,EE,quantile,0.4,166.24588669596147
2025-06-11,ARI incidence,2025-06-01,0,EE,quantile,0.4,162.33723808715044
2025-06-11,ARI incidence,2025-06-08,1,EE,quantile,0.4,158.30235918920235
2025-06-11,ARI incidence,2025-06-15,2,EE,quantile,0.4,154.71891412759985
2025-06-11,ARI incidence,2025-06-22,3,EE,quantile,0.4,151.63286300160522
2025-06-11,ARI incidence,2025-06-29,4,EE,quantile,0.4,148.86128715347692
2025-06-11,ARI incidence,2025-05-25,-1,EE,quantile,0.45,166.6499153552496
2025-06-11,ARI incidence,2025-06-01,0,EE,quantile,0.45,162.822855648285
2025-06-11,ARI incidence,2025-06-08,1,EE,quantile,0.45,159.21534972573502
2025-06-11,ARI incidence,2025-06-15,2,EE,quantile,0.45,155.29921713973656
2025-06-11,ARI incidence,2025-06-22,3,EE,quantile,0.45,152.09359403386168
2025-06-11,ARI incidence,2025-06-29,4,EE,quantile,0.45,149.53299352309816
2025-06-11,ARI incidence,2025-05-25,-1,EE,quantile,0.5,167.90869977166784
2025-06-11,ARI incidence,2025-06-01,0,EE,quantile,0.5,163.30567368215185
2025-06-11,ARI incidence,2025-06-08,1,EE,quantile,0.5,159.88106757136313
2025-06-11,ARI incidence,2025-06-15,2,EE,quantile,0.5,155.86110378777713
2025-06-11,ARI incidence,2025-06-22,3,EE,quantile,0.5,152.85398355244217
2025-06-11,ARI incidence,2025-06-29,4,EE,quantile,0.5,150.4485920557658
2025-06-11,ARI incidence,2025-05-25,-1,EE,quantile,0.55,168.6288684292436
2025-06-11,ARI incidence,2025-06-01,0,EE,quantile,0.55,164.19454479738425
2025-06-11,ARI incidence,2025-06-08,1,EE,quantile,0.55,160.31003341804887
2025-06-11,ARI incidence,2025-06-15,2,EE,quantile,0.55,156.46240011087423
2025-06-11,ARI incidence,2025-06-22,3,EE,quantile,0.55,153.4090434418653
2025-06-11,ARI incidence,2025-06-29,4,EE,quantile,0.55,151.2489293092239
2025-06-11,ARI incidence,2025-05-25,-1,EE,quantile,0.6,169.37254342536352
2025-06-11,ARI incidence,2025-06-01,0,EE,quantile,0.6,165.29366270704753
2025-06-11,ARI incidence,2025-06-08,1,EE,quantile,0.6,160.77713323115782
2025-06-11,ARI incidence,2025-06-15,2,EE,quantile,0.6,157.2682808659502
2025-06-11,ARI incidence,2025-06-22,3,EE,quantile,0.6,153.6987142000251
2025-06-11,ARI incidence,2025-06-29,4,EE,quantile,0.6,151.4736795924888
2025-06-11,ARI incidence,2025-05-25,-1,EE,quantile,0.65,170.08942485543812
2025-06-11,ARI incidence,2025-06-01,0,EE,quantile,0.65,165.73460167361438
2025-06-11,ARI incidence,2025-06-08,1,EE,quantile,0.65,161.3875549293126
2025-06-11,ARI incidence,2025-06-15,2,EE,quantile,0.65,157.81806939986208
2025-06-11,ARI incidence,2025-06-22,3,EE,quantile,0.65,154.6619954499022
2025-06-11,ARI incidence,2025-06-29,4,EE,quantile,0.65,152.15541908574014
2025-06-11,ARI incidence,2025-05-25,-1,EE,quantile,0.7,170.74343089819715
2025-06-11,ARI incidence,2025-06-01,0,EE,quantile,0.7,166.1793752352886
2025-06-11,ARI incidence,2025-06-08,1,EE,quantile,0.7,162.00878449016744
2025-06-11,ARI incidence,2025-06-15,2,EE,quantile,0.7,158.4261816231355
2025-06-11,ARI incidence,2025-06-22,3,EE,quantile,0.7,155.3121908683179
2025-06-11,ARI incidence,2025-06-29,4,EE,quantile,0.7,153.33942727210075
2025-06-11,ARI incidence,2025-05-25,-1,EE,quantile,0.75,171.2283748586796
2025-06-11,ARI incidence,2025-06-01,0,EE,quantile,0.75,166.8248271418461
2025-06-11,ARI incidence,2025-06-08,1,EE,quantile,0.75,162.58126553414164
2025-06-11,ARI incidence,2025-06-15,2,EE,quantile,0.75,159.35419134460835
2025-06-11,ARI incidence,2025-06-22,3,EE,quantile,0.75,157.0050915161817
2025-06-11,ARI incidence,2025-06-29,4,EE,quantile,0.75,154.14369208463063
2025-06-11,ARI incidence,2025-05-25,-1,EE,quantile,0.8,171.96558023574025
2025-06-11,ARI incidence,2025-06-01,0,EE,quantile,0.8,167.2955514208177
2025-06-11,ARI incidence,2025-06-08,1,EE,quantile,0.8,163.49336248918954
2025-06-11,ARI incidence,2025-06-15,2,EE,quantile,0.8,160.27242689913055
2025-06-11,ARI incidence,2025-06-22,3,EE,quantile,0.8,157.4757743295917
2025-06-11,ARI incidence,2025-06-29,4,EE,quantile,0.8,154.83842221303527
2025-06-11,ARI incidence,2025-05-25,-1,EE,quantile,0.85,173.004855428332
2025-06-11,ARI incidence,2025-06-01,0,EE,quantile,0.85,168.29898265045358
2025-06-11,ARI incidence,2025-06-08,1,EE,quantile,0.85,164.65176056429806
2025-06-11,ARI incidence,2025-06-15,2,EE,quantile,0.85,161.14257546526326
2025-06-11,ARI incidence,2025-06-22,3,EE,quantile,0.85,157.95348269365692
2025-06-11,ARI incidence,2025-06-29,4,EE,quantile,0.85,155.7520253070632
2025-06-11,ARI incidence,2025-05-25,-1,EE,quantile,0.9,174.23965262822628
2025-06-11,ARI incidence,2025-06-01,0,EE,quantile,0.9,169.21055719739795
2025-06-11,ARI incidence,2025-06-08,1,EE,quantile,0.9,166.2452260648905
2025-06-11,ARI incidence,2025-06-15,2,EE,quantile,0.9,162.67170982962247
2025-06-11,ARI incidence,2025-06-22,3,EE,quantile,0.9,159.40635482939553
2025-06-11,ARI incidence,2025-06-29,4,EE,quantile,0.9,156.76082444230127
2025-06-11,ARI incidence,2025-05-25,-1,EE,quantile,0.95,175.0851724873485
2025-06-11,ARI incidence,2025-06-01,0,EE,quantile,0.95,170.25803565137136
2025-06-11,ARI incidence,2025-06-08,1,EE,quantile,0.95,167.59684809305188
2025-06-11,ARI incidence,2025-06-15,2,EE,quantile,0.95,164.13861462771254
2025-06-11,ARI incidence,2025-06-22,3,EE,quantile,0.95,160.49816556416474
2025-06-11,ARI incidence,2025-06-29,4,EE,quantile,0.95,158.4853579007562
2025-06-11,ARI incidence,2025-05-25,-1,EE,quantile,0.975,176.16910019889897
2025-06-11,ARI incidence,2025-06-01,0,EE,quantile,0.975,171.3619445623313
2025-06-11,ARI incidence,2025-06-08,1,EE,quantile,0.975,168.61062256060143
2025-06-11,ARI incidence,2025-06-15,2,EE,quantile,0.975,166.5453414603277
2025-06-11,ARI incidence,2025-06-22,3,EE,quantile,0.975,162.67035745320112
2025-06-11,ARI incidence,2025-06-29,4,EE,quantile,0.975,159.43496898305708
2025-06-11,ARI incidence,2025-05-25,-1,EE,quantile,0.99,176.30363875307614
2025-06-11,ARI incidence,2025-06-01,0,EE,quantile,0.99,172.33597591466753
2025-06-11,ARI incidence,2025-06-08,1,EE,quantile,0.99,170.46718167834274
2025-06-11,ARI incidence,2025-06-15,2,EE,quantile,0.99,167.54332621329215
2025-06-11,ARI incidence,2025-06-22,3,EE,quantile,0.99,163.08640378989344
2025-06-11,ARI incidence,2025-06-29,4,EE,quantile,0.99,160.79923252320717
2025-06-11,ARI incidence,2025-05-25,-1,ES,quantile,0.01,296.9765970270973
2025-06-11,ARI incidence,2025-06-01,0,ES,quantile,0.01,285.19493764492734
2025-06-11,ARI incidence,2025-06-08,1,ES,quantile,0.01,273.8695025089697
2025-06-11,ARI incidence,2025-06-15,2,ES,quantile,0.01,263.8897537350568
2025-06-11,ARI incidence,2025-06-22,3,ES,quantile,0.01,253.59747321606167
2025-06-11,ARI incidence,2025-06-29,4,ES,quantile,0.01,244.6738837123087
2025-06-11,ARI incidence,2025-05-25,-1,ES,quantile,0.025,298.8726911070108
2025-06-11,ARI incidence,2025-06-01,0,ES,quantile,0.025,286.00626383246595
2025-06-11,ARI incidence,2025-06-08,1,ES,quantile,0.025,274.0866656228822
2025-06-11,ARI incidence,2025-06-15,2,ES,quantile,0.025,264.1565539888537
2025-06-11,ARI incidence,2025-06-22,3,ES,quantile,0.025,255.31740950182964
2025-06-11,ARI incidence,2025-06-29,4,ES,quantile,0.025,245.4192044243161
2025-06-11,ARI incidence,2025-05-25,-1,ES,quantile,0.05,299.24092183069024
2025-06-11,ARI incidence,2025-06-01,0,ES,quantile,0.05,286.4527924103075
2025-06-11,ARI incidence,2025-06-08,1,ES,quantile,0.05,275.20590454281074
2025-06-11,ARI incidence,2025-06-15,2,ES,quantile,0.05,265.6521770806041
2025-06-11,ARI incidence,2025-06-22,3,ES,quantile,0.05,256.314410325221
2025-06-11,ARI incidence,2025-06-29,4,ES,quantile,0.05,248.59344850888155
2025-06-11,ARI incidence,2025-05-25,-1,ES,quantile,0.1,301.6112426793068
2025-06-11,ARI incidence,2025-06-01,0,ES,quantile,0.1,289.3395677965213
2025-06-11,ARI incidence,2025-06-08,1,ES,quantile,0.1,277.70762333246483
2025-06-11,ARI incidence,2025-06-15,2,ES,quantile,0.1,267.2767762532215
2025-06-11,ARI incidence,2025-06-22,3,ES,quantile,0.1,258.3125483150433
2025-06-11,ARI incidence,2025-06-29,4,ES,quantile,0.1,250.81953408693124
2025-06-11,ARI incidence,2025-05-25,-1,ES,quantile,0.15,302.21465113511414
2025-06-11,ARI incidence,2025-06-01,0,ES,quantile,0.15,289.91223725091044
2025-06-11,ARI incidence,2025-06-08,1,ES,quantile,0.15,278.59939695634426
2025-06-11,ARI incidence,2025-06-15,2,ES,quantile,0.15,268.8056170301172
2025-06-11,ARI incidence,2025-06-22,3,ES,quantile,0.15,260.17068275264324
2025-06-11,ARI incidence,2025-06-29,4,ES,quantile,0.15,252.98843508920413
2025-06-11,ARI incidence,2025-05-25,-1,ES,quantile,0.2,304.0691224175049
2025-06-11,ARI incidence,2025-06-01,0,ES,quantile,0.2,290.7548150226156
2025-06-11,ARI incidence,2025-06-08,1,ES,quantile,0.2,279.9567984598268
2025-06-11,ARI incidence,2025-06-15,2,ES,quantile,0.2,269.9630159949874
2025-06-11,ARI incidence,2025-06-22,3,ES,quantile,0.2,260.89955325817544
2025-06-11,ARI incidence,2025-06-29,4,ES,quantile,0.2,253.7319433013232
2025-06-11,ARI incidence,2025-05-25,-1,ES,quantile,0.25,306.7923823478083
2025-06-11,ARI incidence,2025-06-01,0,ES,quantile,0.25,293.55265181825155
2025-06-11,ARI incidence,2025-06-08,1,ES,quantile,0.25,281.21595538378574
2025-06-11,ARI incidence,2025-06-15,2,ES,quantile,0.25,270.63411232307266
2025-06-11,ARI incidence,2025-06-22,3,ES,quantile,0.25,262.10693448283
2025-06-11,ARI incidence,2025-06-29,4,ES,quantile,0.25,254.2902527828818
2025-06-11,ARI incidence,2025-05-25,-1,ES,quantile,0.3,308.5424401460955
2025-06-11,ARI incidence,2025-06-01,0,ES,quantile,0.3,294.17137396885784
2025-06-11,ARI incidence,2025-06-08,1,ES,quantile,0.3,282.78435158680225
2025-06-11,ARI incidence,2025-06-15,2,ES,quantile,0.3,271.60917370578693
2025-06-11,ARI incidence,2025-06-22,3,ES,quantile,0.3,262.9896830752017
2025-06-11,ARI incidence,2025-06-29,4,ES,quantile,0.3,255.1802392378531
2025-06-11,ARI incidence,2025-05-25,-1,ES,quantile,0.35,309.4762745215748
2025-06-11,ARI incidence,2025-06-01,0,ES,quantile,0.35,295.6817724092674
2025-06-11,ARI incidence,2025-06-08,1,ES,quantile,0.35,283.67105263299175
2025-06-11,ARI incidence,2025-06-15,2,ES,quantile,0.35,273.0266028499175
2025-06-11,ARI incidence,2025-06-22,3,ES,quantile,0.35,264.092740859968
2025-06-11,ARI incidence,2025-06-29,4,ES,quantile,0.35,256.3823480093392
2025-06-11,ARI incidence,2025-05-25,-1,ES,quantile,0.4,310.89182651466166
2025-06-11,ARI incidence,2025-06-01,0,ES,quantile,0.4,297.09720114107444
2025-06-11,ARI incidence,2025-06-08,1,ES,quantile,0.4,284.3699804473516
2025-06-11,ARI incidence,2025-06-15,2,ES,quantile,0.4,273.5482299542508
2025-06-11,ARI incidence,2025-06-22,3,ES,quantile,0.4,264.56970279513246
2025-06-11,ARI incidence,2025-06-29,4,ES,quantile,0.4,257.29881780589176
2025-06-11,ARI incidence,2025-05-25,-1,ES,quantile,0.45,312.0759591339571
2025-06-11,ARI incidence,2025-06-01,0,ES,quantile,0.45,298.40812770788784
2025-06-11,ARI incidence,2025-06-08,1,ES,quantile,0.45,285.5272932702459
2025-06-11,ARI incidence,2025-06-15,2,ES,quantile,0.45,274.4828584033165
2025-06-11,ARI incidence,2025-06-22,3,ES,quantile,0.45,265.2739731434606
2025-06-11,ARI incidence,2025-06-29,4,ES,quantile,0.45,258.782925691337
2025-06-11,ARI incidence,2025-05-25,-1,ES,quantile,0.5,313.24879872676803
2025-06-11,ARI incidence,2025-06-01,0,ES,quantile,0.5,299.0039874604827
2025-06-11,ARI incidence,2025-06-08,1,ES,quantile,0.5,286.7693832221506
2025-06-11,ARI incidence,2025-06-15,2,ES,quantile,0.5,275.3861034926288
2025-06-11,ARI incidence,2025-06-22,3,ES,quantile,0.5,266.46196158944963
2025-06-11,ARI incidence,2025-06-29,4,ES,quantile,0.5,259.7250053637033
2025-06-11,ARI incidence,2025-05-25,-1,ES,quantile,0.55,313.7611680604972
2025-06-11,ARI incidence,2025-06-01,0,ES,quantile,0.55,299.99669830323336
2025-06-11,ARI incidence,2025-06-08,1,ES,quantile,0.55,287.25091310259785
2025-06-11,ARI incidence,2025-06-15,2,ES,quantile,0.55,276.17072714628483
2025-06-11,ARI incidence,2025-06-22,3,ES,quantile,0.55,267.1117556446906
2025-06-11,ARI incidence,2025-06-29,4,ES,quantile,0.55,260.02692295718936
2025-06-11,ARI incidence,2025-05-25,-1,ES,quantile,0.6,314.1198982944129
2025-06-11,ARI incidence,2025-06-01,0,ES,quantile,0.6,301.2828003924223
2025-06-11,ARI incidence,2025-06-08,1,ES,quantile,0.6,288.0061499994173
2025-06-11,ARI incidence,2025-06-15,2,ES,quantile,0.6,277.34937198471863
2025-06-11,ARI incidence,2025-06-22,3,ES,quantile,0.6,267.80976990008463
2025-06-11,ARI incidence,2025-06-29,4,ES,quantile,0.6,260.90364257724696
2025-06-11,ARI incidence,2025-05-25,-1,ES,quantile,0.65,314.60851185420967
2025-06-11,ARI incidence,2025-06-01,0,ES,quantile,0.65,301.6314108112109
2025-06-11,ARI incidence,2025-06-08,1,ES,quantile,0.65,288.6655788656411
2025-06-11,ARI incidence,2025-06-15,2,ES,quantile,0.65,277.68940837773283
2025-06-11,ARI incidence,2025-06-22,3,ES,quantile,0.65,268.6430443053269
2025-06-11,ARI incidence,2025-06-29,4,ES,quantile,0.65,261.5239529048125
2025-06-11,ARI incidence,2025-05-25,-1,ES,quantile,0.7,316.58046317971935
2025-06-11,ARI incidence,2025-06-01,0,ES,quantile,0.7,302.3692956606023
2025-06-11,ARI incidence,2025-06-08,1,ES,quantile,0.7,289.23010826287486
2025-06-11,ARI incidence,2025-06-15,2,ES,quantile,0.7,278.70860260473364
2025-06-11,ARI incidence,2025-06-22,3,ES,quantile,0.7,269.89993445070894
2025-06-11,ARI incidence,2025-06-29,4,ES,quantile,0.7,262.2582332991648
2025-06-11,ARI incidence,2025-05-25,-1,ES,quantile,0.75,317.2363837342841
2025-06-11,ARI incidence,2025-06-01,0,ES,quantile,0.75,302.8955842312224
2025-06-11,ARI incidence,2025-06-08,1,ES,quantile,0.75,290.84174390583894
2025-06-11,ARI incidence,2025-06-15,2,ES,quantile,0.75,279.4741753237959
2025-06-11,ARI incidence,2025-06-22,3,ES,quantile,0.75,271.3230372234249
2025-06-11,ARI incidence,2025-06-29,4,ES,quantile,0.75,264.2486445057954
2025-06-11,ARI incidence,2025-05-25,-1,ES,quantile,0.8,318.68557931461595
2025-06-11,ARI incidence,2025-06-01,0,ES,quantile,0.8,303.32048215529136
2025-06-11,ARI incidence,2025-06-08,1,ES,quantile,0.8,291.52258891490527
2025-06-11,ARI incidence,2025-06-15,2,ES,quantile,0.8,281.30836000368345
2025-06-11,ARI incidence,2025-06-22,3,ES,quantile,0.8,272.728928214819
2025-06-11,ARI incidence,2025-06-29,4,ES,quantile,0.8,265.63192753302815
2025-06-11,ARI incidence,2025-05-25,-1,ES,quantile,0.85,319.7520831755269
2025-06-11,ARI incidence,2025-06-01,0,ES,quantile,0.85,303.9480959948052
2025-06-11,ARI incidence,2025-06-08,1,ES,quantile,0.85,292.36057999036296
2025-06-11,ARI incidence,2025-06-15,2,ES,quantile,0.85,282.1603803823992
2025-06-11,ARI incidence,2025-06-22,3,ES,quantile,0.85,274.14009824146825
2025-06-11,ARI incidence,2025-06-29,4,ES,quantile,0.85,266.84350053739075
2025-06-11,ARI incidence,2025-05-25,-1,ES,quantile,0.9,320.97237522219854
2025-06-11,ARI incidence,2025-06-01,0,ES,quantile,0.9,305.46608690593195
2025-06-11,ARI incidence,2025-06-08,1,ES,quantile,0.9,293.4475096654897
2025-06-11,ARI incidence,2025-06-15,2,ES,quantile,0.9,283.49787015954183
2025-06-11,ARI incidence,2025-06-22,3,ES,quantile,0.9,275.5299640806569
2025-06-11,ARI incidence,2025-06-29,4,ES,quantile,0.9,268.73069407808634
2025-06-11,ARI incidence,2025-05-25,-1,ES,quantile,0.95,322.4601430719296
2025-06-11,ARI incidence,2025-06-01,0,ES,quantile,0.95,307.76342871738063
2025-06-11,ARI incidence,2025-06-08,1,ES,quantile,0.95,295.86019009539626
2025-06-11,ARI incidence,2025-06-15,2,ES,quantile,0.95,285.42345259800925
2025-06-11,ARI incidence,2025-06-22,3,ES,quantile,0.95,276.904169470664
2025-06-11,ARI incidence,2025-06-29,4,ES,quantile,0.95,270.18270721235893
2025-06-11,ARI incidence,2025-05-25,-1,ES,quantile,0.975,323.9104297885908
2025-06-11,ARI incidence,2025-06-01,0,ES,quantile,0.975,310.4616691162522
2025-06-11,ARI incidence,2025-06-08,1,ES,quantile,0.975,297.5806133992913
2025-06-11,ARI incidence,2025-06-15,2,ES,quantile,0.975,287.1821515605043
2025-06-11,ARI incidence,2025-06-22,3,ES,quantile,0.975,278.89105336588244
2025-06-11,ARI incidence,2025-06-29,4,ES,quantile,0.975,270.8056217641502
2025-06-11,ARI incidence,2025-05-25,-1,ES,quantile,0.99,324.139315966267
2025-06-11,ARI incidence,2025-06-01,0,ES,quantile,0.99,311.7910365847501
2025-06-11,ARI incidence,2025-06-08,1,ES,quantile,0.99,299.7378077640791
2025-06-11,ARI incidence,2025-06-15,2,ES,quantile,0.99,288.59844748151505
2025-06-11,ARI incidence,2025-06-22,3,ES,quantile,0.99,279.0329172534265
2025-06-11,ARI incidence,2025-06-29,4,ES,quantile,0.99,272.81763990985985
2025-06-11,ARI incidence,2025-05-25,-1,IE,quantile,0.01,27.813764514447683
2025-06-11,ARI incidence,2025-06-01,0,IE,quantile,0.01,25.564965517750853
2025-06-11,ARI incidence,2025-06-08,1,IE,quantile,0.01,23.274821788416755
2025-06-11,ARI incidence,2025-06-15,2,IE,quantile,0.01,21.43674914743132
2025-06-11,ARI incidence,2025-06-22,3,IE,quantile,0.01,19.58544950733104
2025-06-11,ARI incidence,2025-06-29,4,IE,quantile,0.01,17.66681294099306
2025-06-11,ARI incidence,2025-05-25,-1,IE,quantile,0.025,27.960744356314954
2025-06-11,ARI incidence,2025-06-01,0,IE,quantile,0.025,26.22000478189668
2025-06-11,ARI incidence,2025-06-08,1,IE,quantile,0.025,23.99976066752159
2025-06-11,ARI incidence,2025-06-15,2,IE,quantile,0.025,21.708606664078296
2025-06-11,ARI incidence,2025-06-22,3,IE,quantile,0.025,19.91069223172997
2025-06-11,ARI incidence,2025-06-29,4,IE,quantile,0.025,18.66556300013137
2025-06-11,ARI incidence,2025-05-25,-1,IE,quantile,0.05,28.259191155179128
2025-06-11,ARI incidence,2025-06-01,0,IE,quantile,0.05,26.67820463732204
2025-06-11,ARI incidence,2025-06-08,1,IE,quantile,0.05,24.623046144645368
2025-06-11,ARI incidence,2025-06-15,2,IE,quantile,0.05,23.165248734960947
2025-06-11,ARI incidence,2025-06-22,3,IE,quantile,0.05,21.14174671524588
2025-06-11,ARI incidence,2025-06-29,4,IE,quantile,0.05,19.935682263555805
2025-06-11,ARI incidence,2025-05-25,-1,IE,quantile,0.1,28.931437563038173
2025-06-11,ARI incidence,2025-06-01,0,IE,quantile,0.1,27.030720999182225
2025-06-11,ARI incidence,2025-06-08,1,IE,quantile,0.1,25.953863068793225
2025-06-11,ARI incidence,2025-06-15,2,IE,quantile,0.1,24.602472068971668
2025-06-11,ARI incidence,2025-06-22,3,IE,quantile,0.1,22.93295334048772
2025-06-11,ARI incidence,2025-06-29,4,IE,quantile,0.1,21.73755039664293
2025-06-11,ARI incidence,2025-05-25,-1,IE,quantile,0.15,29.446939917941123
2025-06-11,ARI incidence,2025-06-01,0,IE,quantile,0.15,28.1163261787726
2025-06-11,ARI incidence,2025-06-08,1,IE,quantile,0.15,26.70151800613282
2025-06-11,ARI incidence,2025-06-15,2,IE,quantile,0.15,25.438422734654303
2025-06-11,ARI incidence,2025-06-22,3,IE,quantile,0.15,24.197731481735065
2025-06-11,ARI incidence,2025-06-29,4,IE,quantile,0.15,23.42616245451157
2025-06-11,ARI incidence,2025-05-25,-1,IE,quantile,0.2,30.00405612502258
2025-06-11,ARI incidence,2025-06-01,0,IE,quantile,0.2,29.01163768330964
2025-06-11,ARI incidence,2025-06-08,1,IE,quantile,0.2,27.48755131145024
2025-06-11,ARI incidence,2025-06-15,2,IE,quantile,0.2,25.909011163065944
2025-06-11,ARI incidence,2025-06-22,3,IE,quantile,0.2,24.9590429578102
2025-06-11,ARI incidence,2025-06-29,4,IE,quantile,0.2,24.23645384051989
2025-06-11,ARI incidence,2025-05-25,-1,IE,quantile,0.25,30.3703748034776
2025-06-11,ARI incidence,2025-06-01,0,IE,quantile,0.25,29.289380702623816
2025-06-11,ARI incidence,2025-06-08,1,IE,quantile,0.25,28.014813595849805
2025-06-11,ARI incidence,2025-06-15,2,IE,quantile,0.25,27.0730526529812
2025-06-11,ARI incidence,2025-06-22,3,IE,quantile,0.25,25.849851244995914
2025-06-11,ARI incidence,2025-06-29,4,IE,quantile,0.25,25.39654770867178
2025-06-11,ARI incidence,2025-05-25,-1,IE,quantile,0.3,30.5734822726848
2025-06-11,ARI incidence,2025-06-01,0,IE,quantile,0.3,29.532800927120515
2025-06-11,ARI incidence,2025-06-08,1,IE,quantile,0.3,28.22078956088179
2025-06-11,ARI incidence,2025-06-15,2,IE,quantile,0.3,27.354426850293528
2025-06-11,ARI incidence,2025-06-22,3,IE,quantile,0.3,26.517100048433537
2025-06-11,ARI incidence,2025-06-29,4,IE,quantile,0.3,25.804177263533
2025-06-11,ARI incidence,2025-05-25,-1,IE,quantile,0.35,30.90525215452289
2025-06-11,ARI incidence,2025-06-01,0,IE,quantile,0.35,29.704892610806805
2025-06-11,ARI incidence,2025-06-08,1,IE,quantile,0.35,28.70227908030344
2025-06-11,ARI incidence,2025-06-15,2,IE,quantile,0.35,27.768011880797538
2025-06-11,ARI incidence,2025-06-22,3,IE,quantile,0.35,27.047439145964724
2025-06-11,ARI incidence,2025-06-29,4,IE,quantile,0.35,26.701686581955645
2025-06-11,ARI incidence,2025-05-25,-1,IE,quantile,0.4,31.08614634242696
2025-06-11,ARI incidence,2025-06-01,0,IE,quantile,0.4,29.93574926150305
2025-06-11,ARI incidence,2025-06-08,1,IE,quantile,0.4,28.95860843786974
2025-06-11,ARI incidence,2025-06-15,2,IE,quantile,0.4,28.01181924886548
2025-06-11,ARI incidence,2025-06-22,3,IE,quantile,0.4,27.652495847506504
2025-06-11,ARI incidence,2025-06-29,4,IE,quantile,0.4,27.484540228886324
2025-06-11,ARI incidence,2025-05-25,-1,IE,quantile,0.45,31.272936019090825
2025-06-11,ARI incidence,2025-06-01,0,IE,quantile,0.45,30.08054506998231
2025-06-11,ARI incidence,2025-06-08,1,IE,quantile,0.45,29.361981103522183
2025-06-11,ARI incidence,2025-06-15,2,IE,quantile,0.45,28.64588388335584
2025-06-11,ARI incidence,2025-06-22,3,IE,quantile,0.45,28.31303498458874
2025-06-11,ARI incidence,2025-06-29,4,IE,quantile,0.45,28.0696756266592
2025-06-11,ARI incidence,2025-05-25,-1,IE,quantile,0.5,31.507898878374384
2025-06-11,ARI incidence,2025-06-01,0,IE,quantile,0.5,30.553978937777664
2025-06-11,ARI incidence,2025-06-08,1,IE,quantile,0.5,29.720293337839006
2025-06-11,ARI incidence,2025-06-15,2,IE,quantile,0.5,29.330230717813937
2025-06-11,ARI incidence,2025-06-22,3,IE,quantile,0.5,28.864795157278344
2025-06-11,ARI incidence,2025-06-29,4,IE,quantile,0.5,28.47934337130396
2025-06-11,ARI incidence,2025-05-25,-1,IE,quantile,0.55,31.712223466850062
2025-06-11,ARI incidence,2025-06-01,0,IE,quantile,0.55,30.71206968882399
2025-06-11,ARI incidence,2025-06-08,1,IE,quantile,0.55,29.95760322350876
2025-06-11,ARI incidence,2025-06-15,2,IE,quantile,0.55,29.692958534831188
2025-06-11,ARI incidence,2025-06-22,3,IE,quantile,0.55,29.49072674271528
2025-06-11,ARI incidence,2025-06-29,4,IE,quantile,0.55,29.221122400884244
2025-06-11,ARI incidence,2025-05-25,-1,IE,quantile,0.6,31.868902510208443
2025-06-11,ARI incidence,2025-06-01,0,IE,quantile,0.6,30.936340705229703
2025-06-11,ARI incidence,2025-06-08,1,IE,quantile,0.6,30.36011545056422
2025-06-11,ARI incidence,2025-06-15,2,IE,quantile,0.6,29.981160211397267
2025-06-11,ARI incidence,2025-06-22,3,IE,quantile,0.6,29.71860811439064
2025-06-11,ARI incidence,2025-06-29,4,IE,quantile,0.6,29.523401609988497
2025-06-11,ARI incidence,2025-05-25,-1,IE,quantile,0.65,31.945676039704143
2025-06-11,ARI incidence,2025-06-01,0,IE,quantile,0.65,31.22555598370105
2025-06-11,ARI incidence,2025-06-08,1,IE,quantile,0.65,30.6705708403072
2025-06-11,ARI incidence,2025-06-15,2,IE,quantile,0.65,30.220792342633608
2025-06-11,ARI incidence,2025-06-22,3,IE,quantile,0.65,29.99804814590727
2025-06-11,ARI incidence,2025-06-29,4,IE,quantile,0.65,29.901517330650616
2025-06-11,ARI incidence,2025-05-25,-1,IE,quantile,0.7,32.086992909492224
2025-06-11,ARI incidence,2025-06-01,0,IE,quantile,0.7,31.463462605837016
2025-06-11,ARI incidence,2025-06-08,1,IE,quantile,0.7,30.91007969390308
2025-06-11,ARI incidence,2025-06-15,2,IE,quantile,0.7,30.627467374956662
2025-06-11,ARI incidence,2025-06-22,3,IE,quantile,0.7,30.436082406241145
2025-06-11,ARI incidence,2025-06-29,4,IE,quantile,0.7,30.24110631326002
2025-06-11,ARI incidence,2025-05-25,-1,IE,quantile,0.75,32.33411862080707
2025-06-11,ARI incidence,2025-06-01,0,IE,quantile,0.75,31.666394692358715
2025-06-11,ARI incidence,2025-06-08,1,IE,quantile,0.75,31.12697675686719
2025-06-11,ARI incidence,2025-06-15,2,IE,quantile,0.75,30.77133347147705
2025-06-11,ARI incidence,2025-06-22,3,IE,quantile,0.75,30.53586105283449
2025-06-11,ARI incidence,2025-06-29,4,IE,quantile,0.75,30.42259723935808
2025-06-11,ARI incidence,2025-05-25,-1,IE,quantile,0.8,32.574994678471406
2025-06-11,ARI incidence,2025-06-01,0,IE,quantile,0.8,31.800411541167048
2025-06-11,ARI incidence,2025-06-08,1,IE,quantile,0.8,31.32911272130792
2025-06-11,ARI incidence,2025-06-15,2,IE,quantile,0.8,30.91398228434173
2025-06-11,ARI incidence,2025-06-22,3,IE,quantile,0.8,30.73795167641915
2025-06-11,ARI incidence,2025-06-29,4,IE,quantile,0.8,30.66113752372595
2025-06-11,ARI incidence,2025-05-25,-1,IE,quantile,0.85,32.90385850339897
2025-06-11,ARI incidence,2025-06-01,0,IE,quantile,0.85,31.977305556481014
2025-06-11,ARI incidence,2025-06-08,1,IE,quantile,0.85,31.616606640436785
2025-06-11,ARI incidence,2025-06-15,2,IE,quantile,0.85,31.31973880693763
2025-06-11,ARI incidence,2025-06-22,3,IE,quantile,0.85,31.0443386501264
2025-06-11,ARI incidence,2025-06-29,4,IE,quantile,0.85,30.976472147697848
2025-06-11,ARI incidence,2025-05-25,-1,IE,quantile,0.9,33.30539118706323
2025-06-11,ARI incidence,2025-06-01,0,IE,quantile,0.9,32.47894566570588
2025-06-11,ARI incidence,2025-06-08,1,IE,quantile,0.9,31.954346944094176
2025-06-11,ARI incidence,2025-06-15,2,IE,quantile,0.9,31.67673055516021
2025-06-11,ARI incidence,2025-06-22,3,IE,quantile,0.9,31.487987957309624
2025-06-11,ARI incidence,2025-06-29,4,IE,quantile,0.9,31.35988786059784
2025-06-11,ARI incidence,2025-05-25,-1,IE,quantile,0.95,33.72693259488186
2025-06-11,ARI incidence,2025-06-01,0,IE,quantile,0.95,32.82449109033295
2025-06-11,ARI incidence,2025-06-08,1,IE,quantile,0.95,32.46731509633091
2025-06-11,ARI incidence,2025-06-15,2,IE,quantile,0.95,32.30697198889407
2025-06-11,ARI incidence,2025-06-22,3,IE,quantile,0.95,32.133092020366576
2025-06-11,ARI incidence,2025-06-29,4,IE,quantile,0.95,31.973761774235243
2025-06-11,ARI incidence,2025-05-25,-1,IE,quantile,0.975,34.005378813049475
2025-06-11,ARI incidence,2025-06-01,0,IE,quantile,0.975,33.02853361306327
2025-06-11,ARI incidence,2025-06-08,1,IE,quantile,0.975,32.60747178839136
2025-06-11,ARI incidence,2025-06-15,2,IE,quantile,0.975,32.38474199534644
2025-06-11,ARI incidence,2025-06-22,3,IE,quantile,0.975,32.19635262690901
2025-06-11,ARI incidence,2025-06-29,4,IE,quantile,0.975,32.10474031020038
2025-06-11,ARI incidence,2025-05-25,-1,IE,quantile,0.99,34.078483732177865
2025-06-11,ARI incidence,2025-06-01,0,IE,quantile,0.99,33.18349243569271
2025-06-11,ARI incidence,2025-06-08,1,IE,quantile,0.99,32.71214564223266
2025-06-11,ARI incidence,2025-06-15,2,IE,quantile,0.99,32.42961229360314
2025-06-11,ARI incidence,2025-06-22,3,IE,quantile,0.99,32.24900396179658
2025-06-11,ARI incidence,2025-06-29,4,IE,quantile,0.99,32.19716586610201
